-4.302984999999999727e-01
-4.302984999999999727e-01
-4.302984999999999727e-01
-4.302984999999999727e-01
-4.302984999999999727e-01
-4.165464999999999862e-01
-4.165464999999999862e-01
-4.165464999999999862e-01
-4.165464999999999862e-01
-4.165464999999999862e-01
-4.084495000000000209e-01
-3.859600000000000253e-01
-3.635404999999999887e-01
-3.623885000000000023e-01
-3.529280000000000195e-01
-3.395354999999999901e-01
-3.320000000000000173e-01
-3.293030000000000124e-01
-3.178909999999999791e-01
-3.159609999999999919e-01
-3.068135000000000168e-01
-3.068135000000000168e-01
-2.940530000000000088e-01
-2.918250000000000011e-01
-2.779860000000000109e-01
-2.779860000000000109e-01
-2.751709999999999989e-01
-2.677680000000000060e-01
-2.661164999999999781e-01
-2.592389999999999972e-01
-2.527320000000000122e-01
-2.527320000000000122e-01
-2.501559999999999895e-01
-2.492195000000000105e-01
-2.442860000000000031e-01
-2.442860000000000031e-01
-2.438325000000000076e-01
-2.423039999999999916e-01
-2.409284999999999899e-01
-2.406824999999999937e-01
-2.386109999999999898e-01
-2.352484999999999993e-01
-2.325929999999999942e-01
-2.323945000000000038e-01
-2.310325000000000017e-01
-2.295254999999999934e-01
-2.242879999999999874e-01
-2.242879999999999874e-01
-2.242879999999999874e-01
-2.217814999999999925e-01
-2.217814999999999925e-01
-2.213054999999999883e-01
-2.198064999999999880e-01
-2.162939999999999863e-01
-2.162939999999999863e-01
-2.155400000000000094e-01
-2.155400000000000094e-01
-2.142540000000000000e-01
-2.120319999999999983e-01
-2.101435000000000108e-01
-2.098869999999999902e-01
-2.088355000000000072e-01
-2.074930000000000108e-01
-2.049775000000000069e-01
-2.037889999999999979e-01
-2.037889999999999979e-01
-2.026084999999999969e-01
-2.015530000000000099e-01
-2.012934999999999863e-01
-1.996489999999999931e-01
-1.993199999999999972e-01
-1.984140000000000070e-01
-1.974315000000000098e-01
-1.965345000000000009e-01
-1.953985000000000027e-01
-1.945709999999999940e-01
-1.939915000000000112e-01
-1.939869999999999928e-01
-1.913549999999999973e-01
-1.910999999999999921e-01
-1.907639999999999891e-01
-1.907639999999999891e-01
-1.904919999999999947e-01
-1.892040000000000111e-01
-1.889649999999999941e-01
-1.878535000000000066e-01
-1.875044999999999906e-01
-1.849570000000000103e-01
-1.849570000000000103e-01
-1.849570000000000103e-01
-1.820865000000000122e-01
-1.804280000000000050e-01
-1.804280000000000050e-01
-1.804280000000000050e-01
-1.801850000000000118e-01
-1.797219999999999929e-01
-1.797219999999999929e-01
-1.797219999999999929e-01
-1.790245000000000031e-01
-1.785750000000000115e-01
-1.775289999999999924e-01
-1.769030000000000047e-01
-1.765025000000000066e-01
-1.761350000000000138e-01
-1.752360000000000029e-01
-1.752360000000000029e-01
-1.722289999999999932e-01
-1.722289999999999932e-01
-1.722289999999999932e-01
-1.722289999999999932e-01
-1.722120000000000040e-01
-1.714199999999999890e-01
-1.713310000000000111e-01
-1.698560000000000070e-01
-1.697359999999999980e-01
-1.695675000000000099e-01
-1.684174999999999978e-01
-1.684174999999999978e-01
-1.675820000000000087e-01
-1.675820000000000087e-01
-1.674194999999999989e-01
-1.670740000000000003e-01
-1.670740000000000003e-01
-1.661880000000000024e-01
-1.661880000000000024e-01
-1.653850000000000042e-01
-1.649015000000000064e-01
-1.649015000000000064e-01
-1.646090000000000053e-01
-1.645385000000000042e-01
-1.635689999999999922e-01
-1.635689999999999922e-01
-1.634819999999999884e-01
-1.633364999999999956e-01
-1.628175000000000039e-01
-1.622730000000000006e-01
-1.613880000000000037e-01
-1.613880000000000037e-01
-1.613880000000000037e-01
-1.612474999999999881e-01
-1.608054999999999901e-01
-1.604009999999999880e-01
-1.601855000000000084e-01
-1.601025000000000087e-01
-1.595979999999999899e-01
-1.589524999999999966e-01
-1.589524999999999966e-01
-1.586110000000000020e-01
-1.579909999999999926e-01
-1.560880000000000045e-01
-1.560880000000000045e-01
-1.560880000000000045e-01
-1.545600000000000029e-01
-1.545525000000000093e-01
-1.545525000000000093e-01
-1.545525000000000093e-01
-1.545525000000000093e-01
-1.545195000000000041e-01
-1.530660000000000076e-01
-1.530660000000000076e-01
-1.530660000000000076e-01
-1.529610000000000136e-01
-1.523654999999999871e-01
-1.521379999999999955e-01
-1.519165000000000099e-01
-1.517969999999999875e-01
-1.514925000000000022e-01
-1.504689999999999916e-01
-1.504689999999999916e-01
-1.496929999999999927e-01
-1.496929999999999927e-01
-1.496574999999999989e-01
-1.496574999999999989e-01
-1.492505000000000082e-01
-1.486300000000000121e-01
-1.484094999999999998e-01
-1.478184999999999916e-01
-1.478184999999999916e-01
-1.478184999999999916e-01
-1.466149999999999953e-01
-1.466149999999999953e-01
-1.460869999999999946e-01
-1.459985000000000033e-01
-1.459270000000000012e-01
-1.454550000000000010e-01
-1.454550000000000010e-01
-1.449344999999999939e-01
-1.445285000000000042e-01
-1.439964999999999995e-01
-1.439964999999999995e-01
-1.438530000000000086e-01
-1.426985000000000059e-01
-1.424165000000000014e-01
-1.424165000000000014e-01
-1.423860000000000126e-01
-1.420325000000000060e-01
-1.420325000000000060e-01
-1.418220000000000036e-01
-1.416419999999999901e-01
-1.414854999999999863e-01
-1.413810000000000067e-01
-1.409880000000000022e-01
-1.407664999999999889e-01
-1.401175000000000059e-01
-1.397009999999999919e-01
-1.397009999999999919e-01
-1.390990000000000004e-01
-1.388264999999999916e-01
-1.386024999999999896e-01
-1.386024999999999896e-01
-1.380609999999999893e-01
-1.376094999999999957e-01
-1.376094999999999957e-01
-1.376094999999999957e-01
-1.374744999999999995e-01
-1.358379999999999865e-01
-1.358379999999999865e-01
-1.358379999999999865e-01
-1.358379999999999865e-01
-1.355429999999999968e-01
-1.350465000000000138e-01
-1.350465000000000138e-01
-1.350465000000000138e-01
-1.350465000000000138e-01
-1.350465000000000138e-01
-1.343695000000000028e-01
-1.343695000000000028e-01
-1.340925000000000034e-01
-1.340925000000000034e-01
-1.340925000000000034e-01
-1.338670000000000138e-01
-1.338670000000000138e-01
-1.334124999999999894e-01
-1.327075000000000060e-01
-1.327075000000000060e-01
-1.327075000000000060e-01
-1.327075000000000060e-01
-1.322679999999999967e-01
-1.321424999999999961e-01
-1.320429999999999937e-01
-1.319865000000000066e-01
-1.319865000000000066e-01
-1.318390000000000117e-01
-1.313090000000000090e-01
-1.313090000000000090e-01
-1.313090000000000090e-01
-1.313090000000000090e-01
-1.305584999999999940e-01
-1.305584999999999940e-01
-1.305584999999999940e-01
-1.305584999999999940e-01
-1.303670000000000107e-01
-1.300534999999999886e-01
-1.299315000000000053e-01
-1.295554999999999901e-01
-1.294865000000000044e-01
-1.294865000000000044e-01
-1.293710000000000138e-01
-1.291495000000000004e-01
-1.290475000000000094e-01
-1.289045000000000052e-01
-1.286970000000000058e-01
-1.283640000000000059e-01
-1.283640000000000059e-01
-1.283189999999999886e-01
-1.280260000000000009e-01
-1.276889999999999969e-01
-1.276889999999999969e-01
-1.276889999999999969e-01
-1.276889999999999969e-01
-1.276889999999999969e-01
-1.275024999999999908e-01
-1.273529999999999940e-01
-1.272814999999999919e-01
-1.271950000000000025e-01
-1.269969999999999988e-01
-1.269180000000000030e-01
-1.266315000000000079e-01
-1.266194999999999959e-01
-1.261120000000000019e-01
-1.257385000000000030e-01
-1.256514999999999993e-01
-1.256514999999999993e-01
-1.255664999999999976e-01
-1.253670000000000062e-01
-1.253404999999999936e-01
-1.251204999999999956e-01
-1.251204999999999956e-01
-1.250435000000000019e-01
-1.250195000000000056e-01
-1.247110000000000024e-01
-1.247110000000000024e-01
-1.247110000000000024e-01
-1.246730000000000060e-01
-1.242785000000000001e-01
-1.242785000000000001e-01
-1.241450000000000053e-01
-1.241450000000000053e-01
-1.239864999999999995e-01
-1.239864999999999995e-01
-1.239569999999999977e-01
-1.239455000000000001e-01
-1.238390000000000046e-01
-1.232744999999999952e-01
-1.232744999999999952e-01
-1.232744999999999952e-01
-1.231664999999999982e-01
-1.228380000000000027e-01
-1.227415000000000034e-01
-1.225114999999999954e-01
-1.225114999999999954e-01
-1.223525000000000029e-01
-1.223525000000000029e-01
-1.218869999999999953e-01
-1.217614999999999947e-01
-1.217614999999999947e-01
-1.216160000000000019e-01
-1.213530000000000025e-01
-1.213530000000000025e-01
-1.213530000000000025e-01
-1.211964999999999987e-01
-1.211079999999999934e-01
-1.209454999999999975e-01
-1.207825000000000010e-01
-1.207825000000000010e-01
-1.202539999999999998e-01
-1.202539999999999998e-01
-1.202539999999999998e-01
-1.202539999999999998e-01
-1.199135000000000062e-01
-1.199135000000000062e-01
-1.199135000000000062e-01
-1.199135000000000062e-01
-1.197804999999999981e-01
-1.197804999999999981e-01
-1.197484999999999938e-01
-1.197484999999999938e-01
-1.193474999999999953e-01
-1.193474999999999953e-01
-1.191684999999999967e-01
-1.191684999999999967e-01
-1.191574999999999995e-01
-1.189899999999999985e-01
-1.189285000000000064e-01
-1.189074999999999993e-01
-1.187954999999999983e-01
-1.186050000000000021e-01
-1.185260000000000064e-01
-1.184965000000000046e-01
-1.183135000000000020e-01
-1.182205000000000061e-01
-1.182205000000000061e-01
-1.180609999999999993e-01
-1.180609999999999993e-01
-1.179774999999999990e-01
-1.177460000000000034e-01
-1.177460000000000034e-01
-1.177460000000000034e-01
-1.176954999999999946e-01
-1.176195000000000018e-01
-1.175100000000000033e-01
-1.174499999999999988e-01
-1.173359999999999959e-01
-1.173359999999999959e-01
-1.173359999999999959e-01
-1.173000000000000015e-01
-1.172224999999999934e-01
-1.170795000000000030e-01
-1.170795000000000030e-01
-1.170434999999999948e-01
-1.167234999999999939e-01
-1.167234999999999939e-01
-1.167234999999999939e-01
-1.167234999999999939e-01
-1.166480000000000017e-01
-1.166480000000000017e-01
-1.166480000000000017e-01
-1.165785000000000016e-01
-1.162770000000000054e-01
-1.162770000000000054e-01
-1.162770000000000054e-01
-1.160754999999999981e-01
-1.159990000000000049e-01
-1.159990000000000049e-01
-1.159805000000000003e-01
-1.158310000000000034e-01
-1.154764999999999958e-01
-1.154764999999999958e-01
-1.154695000000000027e-01
-1.154695000000000027e-01
-1.154455000000000064e-01
-1.151945000000000052e-01
-1.151945000000000052e-01
-1.150914999999999994e-01
-1.150914999999999994e-01
-1.150370000000000004e-01
-1.149150000000000033e-01
-1.149150000000000033e-01
-1.147600000000000009e-01
-1.147600000000000009e-01
-1.144939999999999986e-01
-1.144939999999999986e-01
-1.144185000000000063e-01
-1.139985000000000026e-01
-1.139985000000000026e-01
-1.139985000000000026e-01
-1.138355000000000061e-01
-1.138355000000000061e-01
-1.135194999999999954e-01
-1.135194999999999954e-01
-1.134374999999999967e-01
-1.133244999999999947e-01
-1.126339999999999980e-01
-1.126339999999999980e-01
-1.126339999999999980e-01
-1.126339999999999980e-01
-1.124239999999999962e-01
-1.124239999999999962e-01
-1.124239999999999962e-01
-1.120529999999999998e-01
-1.120529999999999998e-01
-1.120529999999999998e-01
-1.120529999999999998e-01
-1.120529999999999998e-01
-1.120369999999999977e-01
-1.119015000000000010e-01
-1.119015000000000010e-01
-1.118795000000000067e-01
-1.117960000000000065e-01
-1.117960000000000065e-01
-1.117760000000000004e-01
-1.117485000000000006e-01
-1.116710000000000064e-01
-1.115985000000000033e-01
-1.115000000000000019e-01
-1.115000000000000019e-01
-1.115000000000000019e-01
-1.114020000000000010e-01
-1.113195000000000018e-01
-1.108640000000000042e-01
-1.104269999999999974e-01
-1.104269999999999974e-01
-1.103569999999999968e-01
-1.103159999999999974e-01
-1.103159999999999974e-01
-1.102775000000000005e-01
-1.101150000000000045e-01
-1.101150000000000045e-01
-1.100995000000000029e-01
-1.098210000000000020e-01
-1.098210000000000020e-01
-1.095404999999999990e-01
-1.095404999999999990e-01
-1.095404999999999990e-01
-1.093495000000000023e-01
-1.093495000000000023e-01
-1.093495000000000023e-01
-1.093459999999999988e-01
-1.091850000000000043e-01
-1.091850000000000043e-01
-1.091850000000000043e-01
-1.090150000000000008e-01
-1.089834999999999970e-01
-1.089164999999999994e-01
-1.089060000000000028e-01
-1.088969999999999938e-01
-1.088739999999999986e-01
-1.087840000000000057e-01
-1.086614999999999942e-01
-1.086614999999999942e-01
-1.086614999999999942e-01
-1.086614999999999942e-01
-1.085725000000000023e-01
-1.081425000000000025e-01
-1.081425000000000025e-01
-1.081425000000000025e-01
-1.081425000000000025e-01
-1.081425000000000025e-01
-1.079370000000000052e-01
-1.079370000000000052e-01
-1.079299999999999982e-01
-1.078525000000000039e-01
-1.076759999999999939e-01
-1.076084999999999958e-01
-1.075929999999999942e-01
-1.075929999999999942e-01
-1.075885000000000036e-01
-1.074304999999999982e-01
-1.073075000000000001e-01
-1.072894999999999960e-01
-1.071259999999999990e-01
-1.069255000000000067e-01
-1.066170000000000034e-01
-1.066170000000000034e-01
-1.066170000000000034e-01
-1.066170000000000034e-01
-1.064849999999999963e-01
-1.064849999999999963e-01
-1.064640000000000031e-01
-1.063250000000000028e-01
-1.062705000000000038e-01
-1.058690000000000048e-01
-1.058690000000000048e-01
-1.058690000000000048e-01
-1.058690000000000048e-01
-1.058690000000000048e-01
-1.058690000000000048e-01
-1.057334999999999942e-01
-1.057334999999999942e-01
-1.056254999999999972e-01
-1.055320000000000008e-01
-1.055320000000000008e-01
-1.053150000000000058e-01
-1.053150000000000058e-01
-1.052369999999999972e-01
-1.051654999999999951e-01
-1.051654999999999951e-01
-1.049754999999999994e-01
-1.049299999999999955e-01
-1.048199999999999965e-01
-1.048199999999999965e-01
-1.047889999999999933e-01
-1.047889999999999933e-01
-1.046704999999999997e-01
-1.046704999999999997e-01
-1.044495000000000007e-01
-1.044495000000000007e-01
-1.044495000000000007e-01
-1.044495000000000007e-01
-1.043380000000000002e-01
-1.043380000000000002e-01
-1.042804999999999982e-01
-1.042404999999999998e-01
-1.041365000000000068e-01
-1.041365000000000068e-01
-1.041365000000000068e-01
-1.041234999999999938e-01
-1.040665000000000062e-01
-1.040589999999999987e-01
-1.040589999999999987e-01
-1.040589999999999987e-01
-1.039910000000000001e-01
-1.039910000000000001e-01
-1.038039999999999935e-01
-1.038039999999999935e-01
-1.038039999999999935e-01
-1.038039999999999935e-01
-1.037944999999999979e-01
-1.036220000000000058e-01
-1.035989999999999966e-01
-1.034820000000000045e-01
-1.034820000000000045e-01
-1.034820000000000045e-01
-1.034820000000000045e-01
-1.033300000000000052e-01
-1.032985000000000014e-01
-1.029344999999999982e-01
-1.028955000000000009e-01
-1.026824999999999960e-01
-1.026824999999999960e-01
-1.026824999999999960e-01
-1.026559999999999973e-01
-1.023695000000000022e-01
-1.023695000000000022e-01
-1.022570000000000007e-01
-1.021105000000000068e-01
-1.020309999999999967e-01
-1.020309999999999967e-01
-1.020309999999999967e-01
-1.020294999999999952e-01
-1.019385000000000013e-01
-1.018524999999999986e-01
-1.018305000000000043e-01
-1.018305000000000043e-01
-1.017279999999999990e-01
-1.017239999999999950e-01
-1.016350000000000031e-01
-1.014869999999999939e-01
-1.013975000000000015e-01
-1.013975000000000015e-01
-1.013975000000000015e-01
-1.013975000000000015e-01
-1.013664999999999983e-01
-1.013664999999999983e-01
-1.012419999999999987e-01
-1.010764999999999997e-01
-1.010764999999999997e-01
-1.010260000000000047e-01
-1.010260000000000047e-01
-1.010044999999999971e-01
-1.009594999999999937e-01
-1.009594999999999937e-01
-1.006554999999999950e-01
-1.006554999999999950e-01
-1.006485000000000019e-01
-1.006340000000000012e-01
-1.006340000000000012e-01
-1.005314999999999959e-01
-1.005115000000000036e-01
-1.001584999999999975e-01
-1.001584999999999975e-01
-1.001584999999999975e-01
-1.001584999999999975e-01
-1.001019999999999965e-01
-1.001019999999999965e-01
-9.992199999999999693e-02
-9.992199999999999693e-02
-9.948200000000000098e-02
-9.948200000000000098e-02
-9.948200000000000098e-02
-9.948200000000000098e-02
-9.948200000000000098e-02
-9.948200000000000098e-02
-9.948200000000000098e-02
-9.943699999999999761e-02
-9.943699999999999761e-02
-9.940899999999999737e-02
-9.934949999999999337e-02
-9.893949999999999967e-02
-9.889649999999999830e-02
-9.889649999999999830e-02
-9.878499999999999781e-02
-9.878499999999999781e-02
-9.878499999999999781e-02
-9.863199999999999745e-02
-9.863199999999999745e-02
-9.863199999999999745e-02
-9.863199999999999745e-02
-9.861999999999999933e-02
-9.859550000000000258e-02
-9.851849999999999496e-02
-9.849249999999999672e-02
-9.847100000000000297e-02
-9.844799999999999385e-02
-9.832000000000000461e-02
-9.832000000000000461e-02
-9.832000000000000461e-02
-9.832000000000000461e-02
-9.829450000000000687e-02
-9.814549999999999663e-02
-9.814549999999999663e-02
-9.798450000000000215e-02
-9.798450000000000215e-02
-9.796900000000000053e-02
-9.786699999999999566e-02
-9.786699999999999566e-02
-9.786699999999999566e-02
-9.786699999999999566e-02
-9.774349999999999705e-02
-9.770900000000000418e-02
-9.748650000000000371e-02
-9.748650000000000371e-02
-9.748650000000000371e-02
-9.744500000000000384e-02
-9.742599999999999871e-02
-9.739849999999999897e-02
-9.732949999999999935e-02
-9.728699999999999848e-02
-9.723900000000000599e-02
-9.723900000000000599e-02
-9.716700000000000337e-02
-9.693699999999999539e-02
-9.693699999999999539e-02
-9.660950000000000093e-02
-9.649299999999999544e-02
-9.649299999999999544e-02
-9.640350000000000308e-02
-9.637400000000000133e-02
-9.637400000000000133e-02
-9.614599999999999536e-02
-9.614599999999999536e-02
-9.614599999999999536e-02
-9.614599999999999536e-02
-9.614599999999999536e-02
-9.614599999999999536e-02
-9.603949999999999987e-02
-9.602399999999999824e-02
-9.595049999999999413e-02
-9.590949999999999476e-02
-9.588299999999999601e-02
-9.582549999999999402e-02
-9.580850000000000477e-02
-9.566500000000000004e-02
-9.555950000000000555e-02
-9.555950000000000555e-02
-9.551300000000000068e-02
-9.538599999999999857e-02
-9.538599999999999857e-02
-9.538599999999999857e-02
-9.538000000000000644e-02
-9.520349999999999646e-02
-9.498650000000000149e-02
-9.498650000000000149e-02
-9.497350000000000236e-02
-9.489849999999999675e-02
-9.489849999999999675e-02
-9.482549999999999313e-02
-9.478599999999999526e-02
-9.478599999999999526e-02
-9.478599999999999526e-02
-9.478599999999999526e-02
-9.474200000000000677e-02
-9.463100000000000678e-02
-9.463100000000000678e-02
-9.459700000000000053e-02
-9.459700000000000053e-02
-9.456249999999999378e-02
-9.449200000000000654e-02
-9.449200000000000654e-02
-9.441700000000000093e-02
-9.441700000000000093e-02
-9.427599999999999869e-02
-9.427599999999999869e-02
-9.427599999999999869e-02
-9.427599999999999869e-02
-9.427599999999999869e-02
-9.402000000000000635e-02
-9.402000000000000635e-02
-9.402000000000000635e-02
-9.402000000000000635e-02
-9.402000000000000635e-02
-9.400799999999999434e-02
-9.393200000000000160e-02
-9.377199999999999425e-02
-9.377199999999999425e-02
-9.377199999999999425e-02
-9.373850000000000238e-02
-9.366299999999999626e-02
-9.366299999999999626e-02
-9.366299999999999626e-02
-9.362850000000000339e-02
-9.355700000000000127e-02
-9.355700000000000127e-02
-9.355700000000000127e-02
-9.355700000000000127e-02
-9.349000000000000365e-02
-9.334800000000000042e-02
-9.334800000000000042e-02
-9.332600000000000617e-02
-9.332600000000000617e-02
-9.320249999999999369e-02
-9.320249999999999369e-02
-9.320249999999999369e-02
-9.318949999999999456e-02
-9.316800000000000082e-02
-9.316800000000000082e-02
-9.312399999999999844e-02
-9.309449999999999670e-02
-9.303999999999999770e-02
-9.279400000000000148e-02
-9.279400000000000148e-02
-9.279400000000000148e-02
-9.279400000000000148e-02
-9.277699999999999836e-02
-9.277699999999999836e-02
-9.273950000000000249e-02
-9.258500000000000063e-02
-9.258500000000000063e-02
-9.258500000000000063e-02
-9.256599999999999551e-02
-9.256599999999999551e-02
-9.254800000000000526e-02
-9.250250000000000139e-02
-9.242949999999999777e-02
-9.237299999999999678e-02
-9.229300000000000004e-02
-9.229300000000000004e-02
-9.229300000000000004e-02
-9.219249999999999667e-02
-9.217450000000000643e-02
-9.214350000000000318e-02
-9.214350000000000318e-02
-9.210000000000000131e-02
-9.210000000000000131e-02
-9.198649999999999882e-02
-9.198649999999999882e-02
-9.198649999999999882e-02
-9.198649999999999882e-02
-9.185100000000000209e-02
-9.185100000000000209e-02
-9.183449999999999946e-02
-9.180249999999999522e-02
-9.180249999999999522e-02
-9.180249999999999522e-02
-9.179550000000000209e-02
-9.171600000000000585e-02
-9.171150000000000135e-02
-9.170999999999999985e-02
-9.168550000000000311e-02
-9.161400000000000099e-02
-9.161400000000000099e-02
-9.161400000000000099e-02
-9.154600000000000237e-02
-9.150300000000000100e-02
-9.135100000000000164e-02
-9.135100000000000164e-02
-9.123599999999999766e-02
-9.123599999999999766e-02
-9.111199999999999855e-02
-9.111199999999999855e-02
-9.106499999999999317e-02
-9.106499999999999317e-02
-9.095250000000000556e-02
-9.095250000000000556e-02
-9.094499999999999806e-02
-9.089200000000000057e-02
-9.088849999999999707e-02
-9.088499999999999357e-02
-9.083349999999999758e-02
-9.079800000000000371e-02
-9.078500000000000458e-02
-9.078500000000000458e-02
-9.078450000000000408e-02
-9.073399999999999521e-02
-9.070749999999999647e-02
-9.067100000000000160e-02
-9.067100000000000160e-02
-9.067100000000000160e-02
-9.067100000000000160e-02
-9.065199999999999647e-02
-9.063899999999999735e-02
-9.060949999999999560e-02
-9.056649999999999423e-02
-9.056649999999999423e-02
-9.047099999999999587e-02
-9.047099999999999587e-02
-9.047099999999999587e-02
-9.047099999999999587e-02
-9.029500000000000026e-02
-9.029500000000000026e-02
-9.029500000000000026e-02
-9.029500000000000026e-02
-9.029249999999999776e-02
-9.002100000000000379e-02
-8.991250000000000631e-02
-8.991250000000000631e-02
-8.979499999999999982e-02
-8.956200000000000272e-02
-8.956200000000000272e-02
-8.956200000000000272e-02
-8.956200000000000272e-02
-8.956200000000000272e-02
-8.953849999999999310e-02
-8.949300000000000310e-02
-8.949300000000000310e-02
-8.945949999999999736e-02
-8.945949999999999736e-02
-8.939800000000000524e-02
-8.937599999999999711e-02
-8.934849999999999737e-02
-8.928450000000000275e-02
-8.928300000000000125e-02
-8.910700000000000565e-02
-8.910700000000000565e-02
-8.910700000000000565e-02
-8.909899999999999765e-02
-8.900600000000000178e-02
-8.900600000000000178e-02
-8.900600000000000178e-02
-8.900600000000000178e-02
-8.900600000000000178e-02
-8.895400000000000529e-02
-8.895400000000000529e-02
-8.895200000000000329e-02
-8.893850000000000366e-02
-8.893850000000000366e-02
-8.892550000000000454e-02
-8.870250000000000357e-02
-8.870250000000000357e-02
-8.870000000000000107e-02
-8.870000000000000107e-02
-8.870000000000000107e-02
-8.870000000000000107e-02
-8.867200000000000082e-02
-8.863649999999999307e-02
-8.860899999999999332e-02
-8.860899999999999332e-02
-8.858599999999999808e-02
-8.854549999999999921e-02
-8.848999999999999921e-02
-8.844599999999999684e-02
-8.841250000000000497e-02
-8.841250000000000497e-02
-8.835800000000000598e-02
-8.835800000000000598e-02
-8.835800000000000598e-02
-8.835800000000000598e-02
-8.830999999999999961e-02
-8.830999999999999961e-02
-8.826549999999999674e-02
-8.826549999999999674e-02
-8.817999999999999450e-02
-8.816100000000000325e-02
-8.806500000000000439e-02
-8.797399999999999665e-02
-8.797399999999999665e-02
-8.797000000000000652e-02
-8.797000000000000652e-02
-8.793850000000000278e-02
-8.784999999999999754e-02
-8.783849999999999991e-02
-8.782600000000000129e-02
-8.760300000000000031e-02
-8.760300000000000031e-02
-8.760300000000000031e-02
-8.760300000000000031e-02
-8.760300000000000031e-02
-8.760300000000000031e-02
-8.749049999999999883e-02
-8.749049999999999883e-02
-8.749049999999999883e-02
-8.749049999999999883e-02
-8.745400000000000396e-02
-8.745400000000000396e-02
-8.745400000000000396e-02
-8.745400000000000396e-02
-8.743149999999999533e-02
-8.739750000000000296e-02
-8.738700000000000634e-02
-8.733249999999999347e-02
-8.723699999999999510e-02
-8.723699999999999510e-02
-8.723699999999999510e-02
-8.720600000000000573e-02
-8.711599999999999899e-02
-8.711599999999999899e-02
-8.711599999999999899e-02
-8.707650000000000112e-02
-8.706450000000000300e-02
-8.691300000000000414e-02
-8.691300000000000414e-02
-8.689850000000000352e-02
-8.688250000000000139e-02
-8.686850000000000127e-02
-8.685650000000000315e-02
-8.683150000000000590e-02
-8.682349999999999790e-02
-8.677849999999999453e-02
-8.677849999999999453e-02
-8.674300000000000066e-02
-8.671950000000000491e-02
-8.671950000000000491e-02
-8.664349999999999830e-02
-8.664349999999999830e-02
-8.664349999999999830e-02
-8.664349999999999830e-02
-8.664349999999999830e-02
-8.660550000000000193e-02
-8.658949999999999980e-02
-8.640299999999999370e-02
-8.637100000000000333e-02
-8.635600000000000220e-02
-8.635600000000000220e-02
-8.634100000000000108e-02
-8.633749999999999758e-02
-8.632599999999999996e-02
-8.631250000000000033e-02
-8.631250000000000033e-02
-8.628950000000000509e-02
-8.628950000000000509e-02
-8.621600000000000097e-02
-8.617199999999999860e-02
-8.617199999999999860e-02
-8.617199999999999860e-02
-8.614600000000000035e-02
-8.613999999999999435e-02
-8.610900000000000498e-02
-8.610900000000000498e-02
-8.608599999999999586e-02
-8.608599999999999586e-02
-8.606800000000000561e-02
-8.602100000000000024e-02
-8.600750000000000062e-02
-8.599800000000000499e-02
-8.599800000000000499e-02
-8.598600000000000687e-02
-8.595849999999999325e-02
-8.591600000000000625e-02
-8.590299999999999325e-02
-8.587200000000000388e-02
-8.577049999999999952e-02
-8.572749999999999815e-02
-8.572749999999999815e-02
-8.572749999999999815e-02
-8.563999999999999391e-02
-8.563999999999999391e-02
-8.553800000000000292e-02
-8.553800000000000292e-02
-8.553800000000000292e-02
-8.553800000000000292e-02
-8.553800000000000292e-02
-8.546249999999999680e-02
-8.526400000000000645e-02
-8.526400000000000645e-02
-8.526250000000000495e-02
-8.524750000000000383e-02
-8.524750000000000383e-02
-8.520500000000000296e-02
-8.519949999999999746e-02
-8.517249999999999821e-02
-8.512999999999999734e-02
-8.512999999999999734e-02
-8.512749999999999484e-02
-8.510650000000000159e-02
-8.497749999999999748e-02
-8.497749999999999748e-02
-8.493100000000000649e-02
-8.493100000000000649e-02
-8.486749999999999849e-02
-8.467900000000000427e-02
-8.467900000000000427e-02
-8.467900000000000427e-02
-8.467900000000000427e-02
-8.461749999999999827e-02
-8.461749999999999827e-02
-8.461749999999999827e-02
-8.457349999999999590e-02
-8.457349999999999590e-02
-8.457349999999999590e-02
-8.455200000000000216e-02
-8.453549999999999953e-02
-8.453499999999999903e-02
-8.450100000000000666e-02
-8.445400000000000129e-02
-8.445400000000000129e-02
-8.445149999999999879e-02
-8.444899999999999629e-02
-8.442800000000000304e-02
-8.442800000000000304e-02
-8.439000000000000667e-02
-8.402300000000000046e-02
-8.402300000000000046e-02
-8.402300000000000046e-02
-8.402300000000000046e-02
-8.401999999999999746e-02
-8.399600000000000122e-02
-8.399600000000000122e-02
-8.399600000000000122e-02
-8.397949999999999859e-02
-8.397899999999999809e-02
-8.389149999999999385e-02
-8.388249999999999873e-02
-8.388249999999999873e-02
-8.379499999999999449e-02
-8.379499999999999449e-02
-8.379499999999999449e-02
-8.379499999999999449e-02
-8.379499999999999449e-02
-8.371299999999999575e-02
-8.371299999999999575e-02
-8.371099999999999375e-02
-8.366250000000000075e-02
-8.366250000000000075e-02
-8.366200000000000025e-02
-8.366200000000000025e-02
-8.359350000000000114e-02
-8.359350000000000114e-02
-8.356399999999999939e-02
-8.356399999999999939e-02
-8.354749999999999677e-02
-8.354749999999999677e-02
-8.354749999999999677e-02
-8.354749999999999677e-02
-8.354749999999999677e-02
-8.353599999999999914e-02
-8.351300000000000390e-02
-8.345500000000000140e-02
-8.345149999999999790e-02
-8.342499999999999916e-02
-8.342449999999999866e-02
-8.340450000000000641e-02
-8.335950000000000304e-02
-8.335950000000000304e-02
-8.330300000000000205e-02
-8.330300000000000205e-02
-8.328000000000000680e-02
-8.326300000000000368e-02
-8.324900000000000355e-02
-8.324900000000000355e-02
-8.324700000000000155e-02
-8.321950000000000180e-02
-8.321649999999999880e-02
-8.317399999999999793e-02
-8.312300000000000244e-02
-8.312300000000000244e-02
-8.311350000000000682e-02
-8.311350000000000682e-02
-8.309999999999999332e-02
-8.303649999999999920e-02
-8.302350000000000008e-02
-8.302350000000000008e-02
-8.302350000000000008e-02
-8.302350000000000008e-02
-8.302049999999999708e-02
-8.299850000000000283e-02
-8.298250000000000071e-02
-8.278699999999999948e-02
-8.245149999999999701e-02
-8.245149999999999701e-02
-8.245149999999999701e-02
-8.244450000000000389e-02
-8.244450000000000389e-02
-8.240899999999999614e-02
-8.240899999999999614e-02
-8.240200000000000302e-02
-8.223149999999999904e-02
-8.219500000000000417e-02
-8.206149999999999556e-02
-8.206149999999999556e-02
-8.205850000000000644e-02
-8.205850000000000644e-02
-8.205850000000000644e-02
-8.190749999999999420e-02
-8.190749999999999420e-02
-8.190749999999999420e-02
-8.190749999999999420e-02
-8.187400000000000233e-02
-8.182849999999999846e-02
-8.182849999999999846e-02
-8.182849999999999846e-02
-8.182000000000000384e-02
-8.182000000000000384e-02
-8.176999999999999547e-02
-8.176999999999999547e-02
-8.171649999999999747e-02
-8.170399999999999885e-02
-8.170399999999999885e-02
-8.167149999999999410e-02
-8.167149999999999410e-02
-8.166500000000000148e-02
-8.154550000000000687e-02
-8.154500000000000637e-02
-8.154500000000000637e-02
-8.154450000000000587e-02
-8.152700000000000224e-02
-8.152700000000000224e-02
-8.152700000000000224e-02
-8.152700000000000224e-02
-8.152700000000000224e-02
-8.148049999999999737e-02
-8.148049999999999737e-02
-8.148049999999999737e-02
-8.139549999999999563e-02
-8.139549999999999563e-02
-8.139549999999999563e-02
-8.139549999999999563e-02
-8.138600000000000001e-02
-8.116049999999999653e-02
-8.116049999999999653e-02
-8.116049999999999653e-02
-8.116049999999999653e-02
-8.108250000000000179e-02
-8.108250000000000179e-02
-8.108250000000000179e-02
-8.082350000000000645e-02
-8.082350000000000645e-02
-8.082350000000000645e-02
-8.078000000000000458e-02
-8.078000000000000458e-02
-8.078000000000000458e-02
-8.078000000000000458e-02
-8.076550000000000396e-02
-8.057899999999999785e-02
-8.057899999999999785e-02
-8.057899999999999785e-02
-8.057899999999999785e-02
-8.052600000000000036e-02
-8.042649999999999799e-02
-8.040849999999999387e-02
-8.040849999999999387e-02
-8.040849999999999387e-02
-8.031950000000000200e-02
-8.031950000000000200e-02
-8.031950000000000200e-02
-8.031950000000000200e-02
-8.027399999999999813e-02
-8.021300000000000652e-02
-8.021300000000000652e-02
-8.021300000000000652e-02
-8.017799999999999927e-02
-8.017549999999999677e-02
-8.017100000000000615e-02
-8.012249999999999928e-02
-8.010499999999999565e-02
-8.010499999999999565e-02
-8.010499999999999565e-02
-8.010499999999999565e-02
-8.007200000000000428e-02
-8.007200000000000428e-02
-8.007200000000000428e-02
-8.004250000000000254e-02
-8.004250000000000254e-02
-8.004250000000000254e-02
-8.003799999999999804e-02
-8.002800000000000191e-02
-8.002750000000000141e-02
-8.002750000000000141e-02
-7.991900000000000392e-02
-7.991900000000000392e-02
-7.991900000000000392e-02
-7.991800000000000292e-02
-7.991800000000000292e-02
-7.990350000000000230e-02
-7.989699999999999580e-02
-7.987700000000000355e-02
-7.981100000000000694e-02
-7.980700000000000294e-02
-7.966499999999999970e-02
-7.966499999999999970e-02
-7.966499999999999970e-02
-7.966499999999999970e-02
-7.943899999999999573e-02
-7.943899999999999573e-02
-7.943899999999999573e-02
-7.943899999999999573e-02
-7.943899999999999573e-02
-7.943899999999999573e-02
-7.943899999999999573e-02
-7.943899999999999573e-02
-7.943899999999999573e-02
-7.943899999999999573e-02
-7.943200000000000260e-02
-7.941349999999999798e-02
-7.940200000000000036e-02
-7.938699999999999923e-02
-7.938699999999999923e-02
-7.938699999999999923e-02
-7.935849999999999849e-02
-7.928300000000000625e-02
-7.928000000000000325e-02
-7.927549999999999875e-02
-7.927549999999999875e-02
-7.925599999999999312e-02
-7.918600000000000638e-02
-7.918600000000000638e-02
-7.918600000000000638e-02
-7.918600000000000638e-02
-7.918600000000000638e-02
-7.916850000000000276e-02
-7.907350000000000489e-02
-7.905850000000000377e-02
-7.905850000000000377e-02
-7.901099999999999790e-02
-7.898700000000000165e-02
-7.898700000000000165e-02
-7.898700000000000165e-02
-7.892599999999999616e-02
-7.891650000000000054e-02
-7.887149999999999717e-02
-7.886849999999999417e-02
-7.885399999999999354e-02
-7.884099999999999442e-02
-7.881150000000000655e-02
-7.874349999999999405e-02
-7.870199999999999418e-02
-7.870199999999999418e-02
-7.869349999999999956e-02
-7.859049999999999370e-02
-7.859049999999999370e-02
-7.859049999999999370e-02
-7.858350000000000057e-02
-7.857450000000000545e-02
-7.853799999999999670e-02
-7.853799999999999670e-02
-7.853799999999999670e-02
-7.849549999999999583e-02
-7.848700000000000121e-02
-7.847099999999999909e-02
-7.845199999999999396e-02
-7.845199999999999396e-02
-7.845199999999999396e-02
-7.842300000000000659e-02
-7.841199999999999559e-02
-7.840800000000000547e-02
-7.839100000000000235e-02
-7.835849999999999760e-02
-7.835849999999999760e-02
-7.835499999999999410e-02
-7.826900000000000523e-02
-7.826800000000000423e-02
-7.826800000000000423e-02
-7.820850000000000024e-02
-7.820850000000000024e-02
-7.820850000000000024e-02
-7.817000000000000337e-02
-7.816049999999999387e-02
-7.811700000000000588e-02
-7.808800000000000463e-02
-7.808500000000000163e-02
-7.808199999999999863e-02
-7.806549999999999601e-02
-7.806449999999999501e-02
-7.804700000000000526e-02
-7.801349999999999951e-02
-7.799649999999999639e-02
-7.799649999999999639e-02
-7.799150000000000527e-02
-7.776700000000000279e-02
-7.776700000000000279e-02
-7.776700000000000279e-02
-7.761200000000000043e-02
-7.761200000000000043e-02
-7.761200000000000043e-02
-7.761200000000000043e-02
-7.753000000000000169e-02
-7.752950000000000119e-02
-7.752950000000000119e-02
-7.751399999999999957e-02
-7.751399999999999957e-02
-7.749250000000000582e-02
-7.749250000000000582e-02
-7.748599999999999932e-02
-7.748599999999999932e-02
-7.748599999999999932e-02
-7.747850000000000570e-02
-7.741699999999999970e-02
-7.741699999999999970e-02
-7.739500000000000546e-02
-7.739500000000000546e-02
-7.739500000000000546e-02
-7.738299999999999346e-02
-7.735300000000000509e-02
-7.731499999999999484e-02
-7.730950000000000322e-02
-7.730950000000000322e-02
-7.730950000000000322e-02
-7.729099999999999859e-02
-7.729099999999999859e-02
-7.729099999999999859e-02
-7.726800000000000335e-02
-7.726800000000000335e-02
-7.726800000000000335e-02
-7.725650000000000572e-02
-7.725550000000000472e-02
-7.723850000000000160e-02
-7.723850000000000160e-02
-7.722249999999999948e-02
-7.695699999999999763e-02
-7.695699999999999763e-02
-7.695699999999999763e-02
-7.693550000000000388e-02
-7.693550000000000388e-02
-7.692549999999999388e-02
-7.692549999999999388e-02
-7.690750000000000364e-02
-7.690750000000000364e-02
-7.686099999999999877e-02
-7.684199999999999364e-02
-7.682700000000000640e-02
-7.680649999999999977e-02
-7.680649999999999977e-02
-7.680649999999999977e-02
-7.671650000000000691e-02
-7.668149999999999966e-02
-7.668149999999999966e-02
-7.668149999999999966e-02
-7.665049999999999641e-02
-7.660100000000000242e-02
-7.660100000000000242e-02
-7.658099999999999630e-02
-7.658099999999999630e-02
-7.658099999999999630e-02
-7.648549999999999793e-02
-7.644049999999999456e-02
-7.644049999999999456e-02
-7.643999999999999406e-02
-7.643999999999999406e-02
-7.641799999999999982e-02
-7.632700000000000595e-02
-7.625750000000000584e-02
-7.624150000000000371e-02
-7.624150000000000371e-02
-7.615399999999999947e-02
-7.615399999999999947e-02
-7.610849999999999560e-02
-7.609549999999999648e-02
-7.606599999999999473e-02
-7.606599999999999473e-02
-7.602200000000000624e-02
-7.602200000000000624e-02
-7.601650000000000074e-02
-7.601650000000000074e-02
-7.596799999999999387e-02
-7.596799999999999387e-02
-7.596799999999999387e-02
-7.596749999999999337e-02
-7.596749999999999337e-02
-7.588999999999999913e-02
-7.588999999999999913e-02
-7.588999999999999913e-02
-7.588999999999999913e-02
-7.588999999999999913e-02
-7.588549999999999462e-02
-7.588300000000000600e-02
-7.588250000000000550e-02
-7.584249999999999325e-02
-7.584249999999999325e-02
-7.584249999999999325e-02
-7.584249999999999325e-02
-7.578400000000000414e-02
-7.577749999999999764e-02
-7.576249999999999651e-02
-7.575350000000000139e-02
-7.575350000000000139e-02
-7.564300000000000190e-02
-7.563499999999999390e-02
-7.563449999999999340e-02
-7.563449999999999340e-02
-7.563449999999999340e-02
-7.563449999999999340e-02
-7.563449999999999340e-02
-7.563449999999999340e-02
-7.563150000000000428e-02
-7.556799999999999629e-02
-7.553150000000000142e-02
-7.550650000000000417e-02
-7.550199999999999967e-02
-7.548649999999999805e-02
-7.548499999999999654e-02
-7.543950000000000655e-02
-7.543950000000000655e-02
-7.542999999999999705e-02
-7.541299999999999393e-02
-7.538400000000000656e-02
-7.538400000000000656e-02
-7.538400000000000656e-02
-7.538400000000000656e-02
-7.533600000000000019e-02
-7.533600000000000019e-02
-7.530349999999999544e-02
-7.530349999999999544e-02
-7.528500000000000469e-02
-7.527999999999999969e-02
-7.527999999999999969e-02
-7.521450000000000358e-02
-7.521450000000000358e-02
-7.521450000000000358e-02
-7.521450000000000358e-02
-7.521450000000000358e-02
-7.520999999999999908e-02
-7.520999999999999908e-02
-7.517849999999999533e-02
-7.517849999999999533e-02
-7.517849999999999533e-02
-7.517849999999999533e-02
-7.517000000000000071e-02
-7.516649999999999721e-02
-7.516000000000000458e-02
-7.516000000000000458e-02
-7.511149999999999771e-02
-7.510300000000000309e-02
-7.508399999999999797e-02
-7.508399999999999797e-02
-7.508399999999999797e-02
-7.508349999999999747e-02
-7.508199999999999597e-02
-7.497499999999999998e-02
-7.497499999999999998e-02
-7.497499999999999998e-02
-7.497499999999999998e-02
-7.497199999999999698e-02
-7.497199999999999698e-02
-7.496600000000000485e-02
-7.493600000000000261e-02
-7.492999999999999661e-02
-7.492999999999999661e-02
-7.491549999999999598e-02
-7.491549999999999598e-02
-7.485799999999999399e-02
-7.484799999999999787e-02
-7.481300000000000450e-02
-7.481300000000000450e-02
-7.481300000000000450e-02
-7.481300000000000450e-02
-7.480749999999999900e-02
-7.480749999999999900e-02
-7.455749999999999877e-02
-7.455749999999999877e-02
-7.452300000000000590e-02
-7.452300000000000590e-02
-7.452300000000000590e-02
-7.447449999999999903e-02
-7.447449999999999903e-02
-7.447449999999999903e-02
-7.447449999999999903e-02
-7.443900000000000516e-02
-7.443900000000000516e-02
-7.439550000000000329e-02
-7.439550000000000329e-02
-7.439550000000000329e-02
-7.439500000000000279e-02
-7.439500000000000279e-02
-7.436099999999999655e-02
-7.434449999999999392e-02
-7.434449999999999392e-02
-7.434449999999999392e-02
-7.434000000000000330e-02
-7.431050000000000155e-02
-7.431050000000000155e-02
-7.427350000000000618e-02
-7.427350000000000618e-02
-7.427350000000000618e-02
-7.424949999999999606e-02
-7.424849999999999506e-02
-7.424849999999999506e-02
-7.423799999999999844e-02
-7.423799999999999844e-02
-7.422800000000000231e-02
-7.422149999999999581e-02
-7.419499999999999706e-02
-7.415850000000000219e-02
-7.415850000000000219e-02
-7.415850000000000219e-02
-7.415850000000000219e-02
-7.411950000000000482e-02
-7.411950000000000482e-02
-7.411950000000000482e-02
-7.411950000000000482e-02
-7.411550000000000082e-02
-7.411550000000000082e-02
-7.410799999999999332e-02
-7.409449999999999370e-02
-7.408199999999999508e-02
-7.408199999999999508e-02
-7.406849999999999545e-02
-7.406749999999999445e-02
-7.406150000000000233e-02
-7.404499999999999971e-02
-7.404499999999999971e-02
-7.404499999999999971e-02
-7.404499999999999971e-02
-7.404399999999999871e-02
-7.404199999999999671e-02
-7.400700000000000334e-02
-7.397249999999999659e-02
-7.397249999999999659e-02
-7.369649999999999812e-02
-7.369649999999999812e-02
-7.369649999999999812e-02
-7.369649999999999812e-02
-7.369649999999999812e-02
-7.365399999999999725e-02
-7.365399999999999725e-02
-7.348000000000000365e-02
-7.348000000000000365e-02
-7.348000000000000365e-02
-7.310949999999999394e-02
-7.287899999999999934e-02
-7.287899999999999934e-02
-7.282500000000000084e-02
-7.279950000000000310e-02
-7.276699999999999835e-02
-7.276699999999999835e-02
-7.276699999999999835e-02
-7.276699999999999835e-02
-7.276699999999999835e-02
-7.275249999999999773e-02
-7.274350000000000260e-02
-7.274350000000000260e-02
-7.273949999999999860e-02
-7.273949999999999860e-02
-7.269899999999999973e-02
-7.268950000000000411e-02
-7.268950000000000411e-02
-7.268950000000000411e-02
-7.264099999999999724e-02
-7.262050000000000449e-02
-7.262050000000000449e-02
-7.255100000000000438e-02
-7.252699999999999425e-02
-7.252699999999999425e-02
-7.235850000000000615e-02
-7.235850000000000615e-02
-7.229950000000000265e-02
-7.217049999999999854e-02
-7.217049999999999854e-02
-7.217049999999999854e-02
-7.217049999999999854e-02
-7.215449999999999642e-02
-7.215449999999999642e-02
-7.215449999999999642e-02
-7.215100000000000680e-02
-7.215100000000000680e-02
-7.214850000000000430e-02
-7.212999999999999967e-02
-7.212999999999999967e-02
-7.211599999999999955e-02
-7.211599999999999955e-02
-7.211299999999999655e-02
-7.211299999999999655e-02
-7.201899999999999968e-02
-7.201899999999999968e-02
-7.197099999999999331e-02
-7.195200000000000207e-02
-7.192550000000000332e-02
-7.191350000000000520e-02
-7.191350000000000520e-02
-7.191350000000000520e-02
-7.188049999999999995e-02
-7.185950000000000670e-02
-7.179149999999999421e-02
-7.179149999999999421e-02
-7.177949999999999608e-02
-7.177849999999999508e-02
-7.176899999999999946e-02
-7.176299999999999346e-02
-7.176299999999999346e-02
-7.174700000000000522e-02
-7.171750000000000347e-02
-7.171500000000000097e-02
-7.171500000000000097e-02
-7.171500000000000097e-02
-7.169899999999999884e-02
-7.166799999999999560e-02
-7.166799999999999560e-02
-7.166799999999999560e-02
-7.163999999999999535e-02
-7.163999999999999535e-02
-7.156899999999999373e-02
-7.156099999999999961e-02
-7.155599999999999461e-02
-7.154549999999999799e-02
-7.154299999999999549e-02
-7.153149999999999786e-02
-7.151549999999999574e-02
-7.151549999999999574e-02
-7.149949999999999362e-02
-7.149949999999999362e-02
-7.147449999999999637e-02
-7.147399999999999587e-02
-7.147399999999999587e-02
-7.147149999999999337e-02
-7.146550000000000125e-02
-7.146349999999999925e-02
-7.145849999999999425e-02
-7.140349999999999475e-02
-7.132600000000000051e-02
-7.130699999999999539e-02
-7.128900000000000514e-02
-7.127500000000000502e-02
-7.127500000000000502e-02
-7.127500000000000502e-02
-7.125099999999999489e-02
-7.124550000000000327e-02
-7.120799999999999352e-02
-7.113400000000000278e-02
-7.113400000000000278e-02
-7.113400000000000278e-02
-7.113400000000000278e-02
-7.113150000000000028e-02
-7.109100000000000141e-02
-7.109100000000000141e-02
-7.109100000000000141e-02
-7.107850000000000279e-02
-7.104950000000000154e-02
-7.104950000000000154e-02
-7.104599999999999804e-02
-7.104599999999999804e-02
-7.104599999999999804e-02
-7.103900000000000492e-02
-7.101699999999999680e-02
-7.101699999999999680e-02
-7.101599999999999580e-02
-7.101349999999999330e-02
-7.099600000000000355e-02
-7.099600000000000355e-02
-7.098649999999999405e-02
-7.096399999999999930e-02
-7.094699999999999618e-02
-7.094200000000000506e-02
-7.094200000000000506e-02
-7.093000000000000693e-02
-7.093000000000000693e-02
-7.092900000000000593e-02
-7.092900000000000593e-02
-7.092700000000000393e-02
-7.091949999999999643e-02
-7.091350000000000431e-02
-7.091250000000000331e-02
-7.091250000000000331e-02
-7.063999999999999446e-02
-7.063999999999999446e-02
-7.063999999999999446e-02
-7.063999999999999446e-02
-7.063999999999999446e-02
-7.063850000000000684e-02
-7.063850000000000684e-02
-7.063850000000000684e-02
-7.063850000000000684e-02
-7.061599999999999822e-02
-7.061599999999999822e-02
-7.059550000000000547e-02
-7.050349999999999673e-02
-7.048949999999999660e-02
-7.048949999999999660e-02
-7.045800000000000674e-02
-7.045800000000000674e-02
-7.031700000000000450e-02
-7.031700000000000450e-02
-7.030999999999999750e-02
-7.030749999999999500e-02
-7.029299999999999438e-02
-7.027799999999999325e-02
-7.027600000000000513e-02
-7.026599999999999513e-02
-7.026599999999999513e-02
-7.026499999999999413e-02
-7.024550000000000238e-02
-7.024550000000000238e-02
-7.024550000000000238e-02
-7.024550000000000238e-02
-7.023450000000000526e-02
-7.023400000000000476e-02
-7.022950000000000026e-02
-7.016600000000000614e-02
-7.016600000000000614e-02
-7.016600000000000614e-02
-7.016600000000000614e-02
-7.016600000000000614e-02
-7.016600000000000614e-02
-7.016600000000000614e-02
-7.016200000000000214e-02
-7.013450000000000240e-02
-7.009849999999999415e-02
-7.009849999999999415e-02
-7.009849999999999415e-02
-7.009849999999999415e-02
-7.008999999999999952e-02
-7.008999999999999952e-02
-7.002450000000000341e-02
-7.002450000000000341e-02
-7.002450000000000341e-02
-7.002450000000000341e-02
-7.002450000000000341e-02
-7.002450000000000341e-02
-7.002450000000000341e-02
-7.001150000000000428e-02
-6.999199999999999866e-02
-6.999199999999999866e-02
-6.999199999999999866e-02
-6.999199999999999866e-02
-6.998899999999999566e-02
-6.997250000000000691e-02
-6.997250000000000691e-02
-6.997250000000000691e-02
-6.996499999999999941e-02
-6.996499999999999941e-02
-6.995750000000000579e-02
-6.995750000000000579e-02
-6.988400000000000167e-02
-6.988400000000000167e-02
-6.988400000000000167e-02
-6.988400000000000167e-02
-6.988400000000000167e-02
-6.988400000000000167e-02
-6.986100000000000643e-02
-6.986100000000000643e-02
-6.981999999999999318e-02
-6.981999999999999318e-02
-6.981999999999999318e-02
-6.981999999999999318e-02
-6.979499999999999593e-02
-6.979499999999999593e-02
-6.979499999999999593e-02
-6.979499999999999593e-02
-6.979449999999999543e-02
-6.979449999999999543e-02
-6.977899999999999381e-02
-6.977049999999999919e-02
-6.976899999999999769e-02
-6.975950000000000206e-02
-6.975800000000000056e-02
-6.975000000000000644e-02
-6.974700000000000344e-02
-6.974600000000000244e-02
-6.974550000000000194e-02
-6.972599999999999631e-02
-6.968699999999999894e-02
-6.888850000000000529e-02
-6.888850000000000529e-02
-6.888850000000000529e-02
-6.888850000000000529e-02
-6.888850000000000529e-02
-6.888850000000000529e-02
-6.888850000000000529e-02
-6.888850000000000529e-02
-6.888850000000000529e-02
-6.888850000000000529e-02
-6.888850000000000529e-02
-6.888850000000000529e-02
-6.888850000000000529e-02
-6.888850000000000529e-02
-6.888850000000000529e-02
-6.888850000000000529e-02
-6.888850000000000529e-02
-6.888850000000000529e-02
-6.888850000000000529e-02
-6.888850000000000529e-02
-6.888850000000000529e-02
-6.888850000000000529e-02
-6.888850000000000529e-02
-6.888850000000000529e-02
-6.888850000000000529e-02
-6.888850000000000529e-02
-6.888850000000000529e-02
-6.888850000000000529e-02
-6.888850000000000529e-02
-6.888850000000000529e-02
-6.888850000000000529e-02
-6.888850000000000529e-02
-6.888850000000000529e-02
-6.888850000000000529e-02
-6.888850000000000529e-02
-6.888850000000000529e-02
-6.888850000000000529e-02
-6.888850000000000529e-02
-6.888850000000000529e-02
-6.888850000000000529e-02
-6.888850000000000529e-02
-6.888850000000000529e-02
-6.888850000000000529e-02
-6.888850000000000529e-02
-6.888850000000000529e-02
-6.888850000000000529e-02
-6.888850000000000529e-02
-6.888850000000000529e-02
-6.888850000000000529e-02
-6.888850000000000529e-02
-6.888850000000000529e-02
-6.888850000000000529e-02
-6.888850000000000529e-02
-6.888850000000000529e-02
-6.888850000000000529e-02
-6.888850000000000529e-02
-6.888850000000000529e-02
-6.888850000000000529e-02
-6.888850000000000529e-02
-6.888850000000000529e-02
-6.888850000000000529e-02
-6.888850000000000529e-02
-6.888850000000000529e-02
-6.884650000000000492e-02
-6.878700000000000092e-02
-6.877300000000000080e-02
-6.873100000000000043e-02
-6.872100000000000430e-02
-6.870600000000000318e-02
-6.870600000000000318e-02
-6.867199999999999693e-02
-6.856149999999999745e-02
-6.853950000000000320e-02
-6.853950000000000320e-02
-6.853249999999999620e-02
-6.853249999999999620e-02
-6.851450000000000595e-02
-6.851450000000000595e-02
-6.851450000000000595e-02
-6.851450000000000595e-02
-6.851450000000000595e-02
-6.850499999999999645e-02
-6.849399999999999933e-02
-6.846850000000000158e-02
-6.846850000000000158e-02
-6.846850000000000158e-02
-6.845900000000000596e-02
-6.837100000000000122e-02
-6.837100000000000122e-02
-6.837100000000000122e-02
-6.837100000000000122e-02
-6.835449999999999859e-02
-6.835449999999999859e-02
-6.835449999999999859e-02
-6.835399999999999809e-02
-6.834800000000000597e-02
-6.834800000000000597e-02
-6.834450000000000247e-02
-6.834450000000000247e-02
-6.829399999999999360e-02
-6.829399999999999360e-02
-6.824249999999999761e-02
-6.824249999999999761e-02
-6.821599999999999886e-02
-6.821599999999999886e-02
-6.821599999999999886e-02
-6.817650000000000099e-02
-6.817650000000000099e-02
-6.816550000000000387e-02
-6.816550000000000387e-02
-6.816550000000000387e-02
-6.815799999999999637e-02
-6.814299999999999524e-02
-6.814299999999999524e-02
-6.814299999999999524e-02
-6.814299999999999524e-02
-6.813950000000000562e-02
-6.812699999999999312e-02
-6.812699999999999312e-02
-6.812699999999999312e-02
-6.810099999999999487e-02
-6.810099999999999487e-02
-6.808350000000000513e-02
-6.797499999999999376e-02
-6.797499999999999376e-02
-6.797499999999999376e-02
-6.797499999999999376e-02
-6.790649999999999464e-02
-6.790649999999999464e-02
-6.790649999999999464e-02
-6.790649999999999464e-02
-6.790649999999999464e-02
-6.790649999999999464e-02
-6.790649999999999464e-02
-6.790649999999999464e-02
-6.790649999999999464e-02
-6.790649999999999464e-02
-6.788800000000000390e-02
-6.781500000000000028e-02
-6.779499999999999416e-02
-6.779499999999999416e-02
-6.779499999999999416e-02
-6.779499999999999416e-02
-6.775950000000000029e-02
-6.775950000000000029e-02
-6.775950000000000029e-02
-6.769699999999999329e-02
-6.768200000000000605e-02
-6.768200000000000605e-02
-6.767199999999999604e-02
-6.766999999999999404e-02
-6.766250000000000042e-02
-6.766250000000000042e-02
-6.763199999999999767e-02
-6.759800000000000531e-02
-6.759800000000000531e-02
-6.759800000000000531e-02
-6.758849999999999580e-02
-6.758150000000000268e-02
-6.758150000000000268e-02
-6.758150000000000268e-02
-6.758150000000000268e-02
-6.757749999999999868e-02
-6.755350000000000243e-02
-6.746599999999999819e-02
-6.746599999999999819e-02
-6.746599999999999819e-02
-6.746599999999999819e-02
-6.746599999999999819e-02
-6.744450000000000445e-02
-6.744450000000000445e-02
-6.744450000000000445e-02
-6.744450000000000445e-02
-6.738199999999999745e-02
-6.736699999999999633e-02
-6.736699999999999633e-02
-6.736699999999999633e-02
-6.736699999999999633e-02
-6.735049999999999371e-02
-6.733649999999999358e-02
-6.733649999999999358e-02
-6.732449999999999546e-02
-6.732449999999999546e-02
-6.732449999999999546e-02
-6.732100000000000584e-02
-6.732100000000000584e-02
-6.732100000000000584e-02
-6.731750000000000234e-02
-6.731299999999999784e-02
-6.731299999999999784e-02
-6.728499999999999759e-02
-6.727400000000000047e-02
-6.727349999999999997e-02
-6.727049999999999697e-02
-6.724199999999999622e-02
-6.718449999999999422e-02
-6.685549999999999826e-02
-6.685549999999999826e-02
-6.685299999999999576e-02
-6.685299999999999576e-02
-6.685299999999999576e-02
-6.681349999999999789e-02
-6.681349999999999789e-02
-6.681349999999999789e-02
-6.681349999999999789e-02
-6.681349999999999789e-02
-6.681249999999999689e-02
-6.679549999999999377e-02
-6.679100000000000315e-02
-6.677400000000000002e-02
-6.677400000000000002e-02
-6.677400000000000002e-02
-6.675649999999999640e-02
-6.673500000000000265e-02
-6.673500000000000265e-02
-6.673500000000000265e-02
-6.673500000000000265e-02
-6.673500000000000265e-02
-6.673500000000000265e-02
-6.673500000000000265e-02
-6.673500000000000265e-02
-6.672400000000000553e-02
