4.163357585858838972e-01
4.996121331868729198e-01
4.701720498218195932e-01
9.829776680366136832e-01
7.316895507990730518e-01
4.689436399730829153e-01
9.734814637274179505e-01
7.560668159610528516e-01
6.041754300783224174e-01
9.820330108417709702e-01
7.423709802323974483e-01
4.990669483088830960e-01
9.744785829632043317e-01
7.561380442142899838e-01
5.294707203438275833e-01
9.932502393608527713e-01
7.282057424728849426e-01
6.072576057455882914e-01
9.883037065904732854e-01
7.785698387657251640e-01
6.348203811426545995e-01
9.718910740445864116e-01
7.202173101995763549e-01
7.349971419092714564e-01
9.883228959473676634e-01
8.390863298034609841e-01
5.517801945448285172e-01
9.854130811702304094e-01
8.745407779991912767e-01
6.131887086632783479e-01
9.811086561797810468e-01
8.225568087373558157e-01
6.095624629606261058e-01
9.867386739293150244e-01
7.975471540240409718e-01
6.311674315346471609e-01
9.836981385828894586e-01
8.175841899958466996e-01
6.146882040061536490e-01
9.851233424948504513e-01
7.088682528159189200e-01
5.480723862843774885e-01
9.876532819034762323e-01
7.822073758206697924e-01
5.023645732755539495e-01
9.834008540976317825e-01
7.826605934833791300e-01
5.181429142512328223e-01
9.872637615032398006e-01
7.785214443195276335e-01
5.408128028959623412e-01
9.841379850079663427e-01
7.356833869353451849e-01
6.584596958085884300e-01
9.887866690984130624e-01
7.404251766883072072e-01
5.644800761757483576e-01
9.842147364905008411e-01
7.756225908471515718e-01
7.813914085632278628e-01
9.926245228916323882e-01
7.040987873007020781e-01
1.181867839841308360e-01
9.859750469879056123e-01
7.565049238912012752e-01
6.717691060557331451e-01
9.776607399125556430e-01
7.741381525347147408e-01
7.085924530085465634e-01
9.844121041394705562e-01
7.424219437302072011e-01
8.137917046133110732e-01
9.837345368887320252e-01
7.237913625758316538e-01
8.042854242658210584e-01
9.813242656146559106e-01
6.961616778686379181e-01
8.513511061825252968e-01
9.937275214622450781e-01
7.085277910606003759e-01
2.291889346258954852e-01
9.964506680198847999e-01
6.989109215554355492e-01
9.154714561347423452e-01
9.903370366799992830e-01
6.611195359833069718e-01
2.657561212239046844e-01
9.911068700524876540e-01
6.493735482657518876e-01
3.189413904180424808e-01
9.851533771015666963e-01
6.661341775215388061e-01
3.300950338260340011e-01
9.857216741672976124e-01
6.797577496886912929e-01
3.849494619607619073e-01
9.983633142891225054e-01
6.259943305345843090e-01
4.677223667024232867e-01
9.911138213336142533e-01
7.261243869626696767e-01
3.995457306491679850e-01
9.928950314682176703e-01
6.169876241251279758e-01
5.565633582115343536e-01
9.827548993636885388e-01
6.723766360741538772e-01
4.988344816585513763e-01
9.941163209264276546e-01
6.028842495843140803e-01
6.444556812064117235e-01
9.869813589294955669e-01
5.885202725383933409e-01
6.975688489720128782e-01
9.908960117734912920e-01
6.946819799885406432e-01
5.193564072639980100e-01
9.877482719000078015e-01
5.923064314730809299e-01
3.868786739260555718e-01
9.934854799563175298e-01
5.834895085381149871e-01
4.006043912591704670e-01
9.961209280266414279e-01
5.969083418990560608e-01
4.600656978588314461e-01
9.913127331393920549e-01
5.828759962465769329e-01
4.446902542038202455e-01
9.968357277290461615e-01
5.764847348159336526e-01
4.632841073727670400e-01
9.899181133287990875e-01
5.741336046149650985e-01
4.749172276645450275e-01
9.931792070351519452e-01
5.605656573410577881e-01
4.890543948647231298e-01
9.986447455937252915e-01
5.637608892423493501e-01
4.937442149912399936e-01
9.957048323312913674e-01
5.590757830258974437e-01
5.145141244606190600e-01
9.975424933093671731e-01
5.441187504627009730e-01
5.244591622700619515e-01
