6.533500000000000418e-02
2.122040000000000037e-01
4.366499999999999826e-01
4.366499999999999826e-01
5.526539999999999786e-01
7.630609999999999893e-01
7.630609999999999893e-01
7.872230000000000061e-01
9.014299999999999535e-01
9.014299999999999535e-01
9.602840000000000265e-01
9.602840000000000265e-01
9.937230000000000230e-01
1.013697000000000070e+00
1.069763000000000019e+00
1.074227000000000043e+00
1.151958999999999955e+00
1.151958999999999955e+00
1.151958999999999955e+00
1.205111999999999961e+00
1.213967000000000018e+00
1.225246999999999975e+00
1.225246999999999975e+00
1.239697000000000049e+00
1.239697000000000049e+00
1.239697000000000049e+00
1.239697000000000049e+00
1.251800000000000024e+00
1.268148000000000053e+00
1.317458999999999936e+00
1.317458999999999936e+00
1.317458999999999936e+00
1.317458999999999936e+00
1.317458999999999936e+00
1.317458999999999936e+00
1.317458999999999936e+00
1.317760000000000042e+00
1.317760000000000042e+00
1.318853999999999971e+00
1.318853999999999971e+00
1.324151999999999996e+00
1.328265000000000029e+00
1.328265000000000029e+00
1.328265000000000029e+00
1.328265000000000029e+00
1.328265000000000029e+00
1.328448000000000073e+00
1.328670000000000018e+00
1.330419000000000018e+00
1.330419000000000018e+00
1.330807999999999991e+00
1.330807999999999991e+00
1.330807999999999991e+00
1.349666999999999950e+00
1.349666999999999950e+00
1.349666999999999950e+00
1.349666999999999950e+00
1.349666999999999950e+00
1.349666999999999950e+00
1.351202999999999932e+00
1.351202999999999932e+00
1.351202999999999932e+00
1.351202999999999932e+00
1.351202999999999932e+00
1.351245000000000029e+00
1.352586000000000066e+00
1.352586000000000066e+00
1.352586000000000066e+00
1.353096999999999994e+00
1.354402000000000106e+00
1.354402000000000106e+00
1.354402000000000106e+00
1.354402000000000106e+00
1.354405000000000081e+00
1.354405000000000081e+00
1.354589000000000043e+00
1.354897999999999936e+00
1.354897999999999936e+00
1.358854000000000006e+00
1.358854000000000006e+00
1.358854000000000006e+00
1.358854000000000006e+00
1.359407000000000032e+00
1.359407000000000032e+00
1.359407000000000032e+00
1.359904999999999919e+00
1.359904999999999919e+00
1.359904999999999919e+00
1.359904999999999919e+00
1.360192999999999985e+00
1.360333999999999932e+00
1.360333999999999932e+00
1.360376999999999947e+00
1.360824000000000034e+00
1.360970999999999931e+00
1.360970999999999931e+00
1.360970999999999931e+00
1.360970999999999931e+00
1.360970999999999931e+00
1.360970999999999931e+00
1.361024000000000012e+00
1.361610999999999905e+00
1.361941000000000068e+00
1.362004999999999910e+00
1.362096999999999891e+00
1.362096999999999891e+00
1.362225000000000019e+00
1.362225000000000019e+00
1.362225000000000019e+00
1.362225000000000019e+00
1.362225000000000019e+00
1.362367000000000106e+00
1.362419999999999964e+00
1.362419999999999964e+00
1.362419999999999964e+00
1.362419999999999964e+00
1.362502000000000102e+00
1.362511999999999945e+00
1.362511999999999945e+00
1.362521000000000093e+00
1.362651999999999974e+00
1.362691000000000097e+00
1.362692999999999932e+00
1.362713999999999981e+00
1.362713999999999981e+00
1.367048000000000041e+00
1.367048000000000041e+00
1.367048000000000041e+00
1.367048000000000041e+00
1.367048000000000041e+00
1.367048000000000041e+00
1.367048000000000041e+00
1.367048000000000041e+00
1.367048000000000041e+00
1.367048000000000041e+00
1.367058000000000106e+00
1.367210000000000036e+00
1.367210000000000036e+00
1.367844999999999978e+00
1.367844999999999978e+00
1.367844999999999978e+00
1.367879999999999985e+00
1.367879999999999985e+00
1.367879999999999985e+00
1.367888999999999911e+00
1.369053000000000075e+00
1.369053000000000075e+00
1.369053000000000075e+00
1.369086999999999943e+00
1.369086999999999943e+00
1.369086999999999943e+00
1.369166000000000105e+00
1.369226999999999972e+00
1.369526000000000021e+00
1.369526000000000021e+00
1.369596999999999953e+00
1.369653000000000009e+00
1.369653000000000009e+00
1.369853999999999905e+00
1.370071000000000039e+00
1.370139999999999914e+00
1.370139999999999914e+00
1.370270000000000099e+00
1.370276000000000050e+00
1.370276000000000050e+00
1.370276000000000050e+00
1.370276000000000050e+00
1.377785000000000037e+00
1.377785000000000037e+00
1.377785000000000037e+00
1.377785000000000037e+00
1.377785000000000037e+00
1.377785000000000037e+00
1.377785000000000037e+00
1.377785000000000037e+00
1.377785000000000037e+00
1.377796000000000021e+00
1.377834999999999921e+00
1.377893000000000034e+00
1.377893000000000034e+00
1.377893000000000034e+00
1.377893000000000034e+00
1.377896999999999927e+00
1.377904000000000018e+00
1.378001000000000031e+00
1.378033000000000063e+00
1.378033000000000063e+00
1.378033000000000063e+00
1.378033000000000063e+00
1.378033000000000063e+00
1.378039999999999932e+00
1.378046000000000104e+00
1.400279999999999969e+00
1.400279999999999969e+00
1.400279999999999969e+00
1.400279999999999969e+00
1.404612999999999889e+00
1.404612999999999889e+00
1.404612999999999889e+00
1.404612999999999889e+00
1.404612999999999889e+00
1.404612999999999889e+00
1.404612999999999889e+00
1.404612999999999889e+00
1.413583999999999952e+00
1.413915999999999951e+00
1.413915999999999951e+00
1.413933000000000106e+00
1.413933000000000106e+00
1.414247000000000032e+00
1.415716999999999892e+00
1.417173000000000016e+00
1.419184000000000001e+00
1.419739000000000084e+00
1.419739000000000084e+00
1.425089000000000050e+00
1.425089000000000050e+00
1.425089000000000050e+00
1.425462000000000007e+00
1.425497999999999932e+00
1.425497999999999932e+00
1.425510999999999973e+00
1.425510999999999973e+00
1.425510999999999973e+00
1.425589999999999913e+00
1.425589999999999913e+00
1.425607000000000069e+00
1.425607000000000069e+00
1.425612000000000101e+00
1.425618000000000052e+00
1.425618000000000052e+00
1.425618000000000052e+00
1.425618999999999970e+00
1.425627999999999895e+00
1.425629999999999953e+00
1.425642000000000076e+00
1.425642000000000076e+00
1.425651000000000002e+00
1.425654999999999895e+00
1.425686999999999927e+00
1.425688999999999984e+00
1.425688999999999984e+00
1.425688999999999984e+00
1.425869999999999971e+00
1.425869999999999971e+00
1.425869999999999971e+00
1.425869999999999971e+00
1.425869999999999971e+00
1.425869999999999971e+00
1.425869999999999971e+00
1.425869999999999971e+00
1.426115999999999939e+00
1.426115999999999939e+00
1.426115999999999939e+00
1.426115999999999939e+00
1.426115999999999939e+00
1.426115999999999939e+00
1.426115999999999939e+00
1.426115999999999939e+00
1.426220999999999961e+00
1.426220999999999961e+00
1.426244999999999985e+00
1.426333000000000073e+00
1.426353999999999900e+00
1.426353999999999900e+00
1.426390999999999964e+00
1.426390999999999964e+00
1.426469999999999905e+00
1.426503999999999994e+00
1.426503999999999994e+00
1.426503999999999994e+00
1.426503999999999994e+00
1.426508000000000109e+00
1.426508000000000109e+00
1.426512999999999920e+00
1.426512999999999920e+00
1.426512999999999920e+00
1.426512999999999920e+00
1.426512999999999920e+00
1.426517999999999953e+00
1.426522000000000068e+00
1.426522000000000068e+00
1.426522000000000068e+00
1.426522000000000068e+00
1.426557999999999993e+00
1.426560999999999968e+00
1.426569999999999894e+00
1.426569999999999894e+00
1.426569999999999894e+00
1.426569999999999894e+00
1.426569999999999894e+00
1.426571999999999951e+00
1.426571999999999951e+00
1.426571999999999951e+00
1.426571999999999951e+00
1.426571999999999951e+00
1.426571999999999951e+00
1.426881999999999984e+00
1.426881999999999984e+00
1.426881999999999984e+00
1.426881999999999984e+00
1.426881999999999984e+00
1.426881999999999984e+00
1.426881999999999984e+00
1.426881999999999984e+00
1.426881999999999984e+00
1.426881999999999984e+00
1.426881999999999984e+00
1.426881999999999984e+00
1.426881999999999984e+00
1.426882999999999901e+00
1.426882999999999901e+00
1.426884000000000041e+00
1.426895000000000024e+00
1.426897000000000082e+00
1.426913000000000098e+00
1.426913000000000098e+00
1.426913000000000098e+00
1.426913000000000098e+00
1.426913000000000098e+00
1.426913000000000098e+00
1.426913000000000098e+00
1.426913000000000098e+00
1.426913000000000098e+00
1.426913000000000098e+00
1.426913000000000098e+00
1.426913000000000098e+00
1.426913000000000098e+00
1.426913000000000098e+00
1.426913000000000098e+00
1.426913000000000098e+00
1.426913000000000098e+00
1.426913000000000098e+00
1.426913000000000098e+00
1.426913000000000098e+00
1.426914000000000016e+00
1.426914000000000016e+00
1.426914000000000016e+00
1.426914000000000016e+00
1.426914000000000016e+00
1.426914000000000016e+00
1.426914000000000016e+00
1.426914000000000016e+00
1.426914000000000016e+00
1.426914000000000016e+00
1.426914000000000016e+00
1.426914000000000016e+00
1.426914000000000016e+00
1.426914000000000016e+00
1.426914000000000016e+00
1.426914000000000016e+00
1.426914000000000016e+00
1.426914000000000016e+00
1.426914000000000016e+00
1.426917999999999909e+00
1.426917999999999909e+00
1.426917999999999909e+00
1.426917999999999909e+00
1.426919000000000048e+00
1.426919000000000048e+00
1.426919000000000048e+00
1.426919000000000048e+00
1.426919000000000048e+00
1.426919000000000048e+00
1.426919000000000048e+00
1.426919000000000048e+00
1.426919000000000048e+00
1.426919000000000048e+00
1.426919000000000048e+00
1.426919000000000048e+00
1.426919000000000048e+00
1.426919000000000048e+00
1.426919000000000048e+00
1.426919000000000048e+00
1.426919000000000048e+00
1.426919000000000048e+00
1.426919000000000048e+00
1.426919000000000048e+00
1.426919000000000048e+00
1.426919000000000048e+00
1.426919000000000048e+00
1.426919000000000048e+00
1.426919000000000048e+00
1.426919000000000048e+00
1.426919000000000048e+00
1.428846999999999978e+00
1.428846999999999978e+00
1.428846999999999978e+00
1.428846999999999978e+00
1.428846999999999978e+00
1.428846999999999978e+00
1.428846999999999978e+00
1.428846999999999978e+00
1.428846999999999978e+00
1.428846999999999978e+00
1.428846999999999978e+00
1.428846999999999978e+00
1.428846999999999978e+00
1.428846999999999978e+00
1.428846999999999978e+00
1.428846999999999978e+00
1.428846999999999978e+00
1.428846999999999978e+00
1.428846999999999978e+00
1.428846999999999978e+00
1.428846999999999978e+00
1.428846999999999978e+00
1.428846999999999978e+00
1.428846999999999978e+00
1.428846999999999978e+00
1.428846999999999978e+00
1.428846999999999978e+00
1.428846999999999978e+00
1.428846999999999978e+00
1.428846999999999978e+00
1.428846999999999978e+00
1.428846999999999978e+00
1.428846999999999978e+00
1.428847999999999896e+00
1.428847999999999896e+00
1.428847999999999896e+00
1.428847999999999896e+00
1.428847999999999896e+00
1.428906999999999927e+00
1.428906999999999927e+00
1.428911000000000042e+00
1.428911000000000042e+00
1.428914999999999935e+00
1.428914999999999935e+00
1.428925999999999918e+00
1.428925999999999918e+00
1.428925999999999918e+00
1.428925999999999918e+00
1.428927000000000058e+00
1.428927000000000058e+00
1.428927000000000058e+00
1.428927999999999976e+00
1.428927999999999976e+00
1.428927999999999976e+00
1.428927999999999976e+00
1.428927999999999976e+00
1.428927999999999976e+00
1.428927999999999976e+00
1.428927999999999976e+00
1.428927999999999976e+00
1.428938999999999959e+00
1.428938999999999959e+00
1.428938999999999959e+00
1.428941000000000017e+00
1.428946999999999967e+00
1.428951000000000082e+00
1.428959000000000090e+00
1.428959000000000090e+00
1.428959000000000090e+00
1.428960000000000008e+00
1.428960999999999926e+00
1.428960999999999926e+00
1.428960999999999926e+00
1.428962000000000065e+00
1.428962000000000065e+00
1.428962000000000065e+00
1.428962000000000065e+00
1.428962000000000065e+00
1.428962000000000065e+00
1.428962000000000065e+00
1.428962000000000065e+00
1.428962000000000065e+00
1.428962000000000065e+00
1.428962000000000065e+00
1.428962000000000065e+00
1.428962000000000065e+00
1.428962000000000065e+00
1.428962000000000065e+00
1.428962000000000065e+00
1.428962000000000065e+00
1.428962000000000065e+00
1.428962000000000065e+00
1.428962000000000065e+00
1.428962000000000065e+00
1.428962000000000065e+00
1.428962000000000065e+00
1.428962000000000065e+00
1.428962000000000065e+00
1.428962000000000065e+00
1.428962000000000065e+00
1.428962000000000065e+00
1.428962000000000065e+00
1.428962000000000065e+00
1.428962000000000065e+00
1.428962000000000065e+00
1.428962000000000065e+00
1.428962000000000065e+00
1.428962000000000065e+00
1.428962000000000065e+00
1.428962000000000065e+00
1.428962000000000065e+00
1.428962000000000065e+00
1.428962000000000065e+00
1.428962000000000065e+00
1.428962000000000065e+00
1.428962000000000065e+00
1.428970999999999991e+00
1.428970999999999991e+00
1.428970999999999991e+00
1.428970999999999991e+00
1.428970999999999991e+00
1.428970999999999991e+00
1.428970999999999991e+00
1.428970999999999991e+00
1.428970999999999991e+00
1.428970999999999991e+00
1.428970999999999991e+00
1.428970999999999991e+00
1.428971999999999909e+00
1.428971999999999909e+00
1.428971999999999909e+00
1.428971999999999909e+00
1.428971999999999909e+00
1.428971999999999909e+00
1.428971999999999909e+00
1.428971999999999909e+00
1.428971999999999909e+00
1.428971999999999909e+00
1.428971999999999909e+00
1.428971999999999909e+00
1.428971999999999909e+00
1.428971999999999909e+00
1.428971999999999909e+00
1.428971999999999909e+00
1.428971999999999909e+00
1.428971999999999909e+00
1.428971999999999909e+00
1.428971999999999909e+00
1.428971999999999909e+00
1.428971999999999909e+00
1.428971999999999909e+00
1.428971999999999909e+00
1.428971999999999909e+00
1.428971999999999909e+00
1.428971999999999909e+00
1.428971999999999909e+00
1.428971999999999909e+00
1.428971999999999909e+00
1.428971999999999909e+00
1.428971999999999909e+00
1.428971999999999909e+00
1.428971999999999909e+00
1.428971999999999909e+00
1.428971999999999909e+00
1.428971999999999909e+00
1.428971999999999909e+00
1.428971999999999909e+00
1.428971999999999909e+00
1.428971999999999909e+00
1.428971999999999909e+00
1.428971999999999909e+00
1.428971999999999909e+00
1.428971999999999909e+00
1.428971999999999909e+00
1.428973000000000049e+00
1.428973000000000049e+00
1.428973000000000049e+00
1.428973000000000049e+00
1.428973000000000049e+00
1.428973000000000049e+00
1.428973000000000049e+00
1.428973000000000049e+00
1.428973000000000049e+00
1.428973000000000049e+00
1.428973000000000049e+00
1.428973000000000049e+00
1.428973000000000049e+00
1.428973000000000049e+00
1.428973000000000049e+00
1.428973000000000049e+00
1.428973000000000049e+00
1.428973000000000049e+00
1.428973000000000049e+00
1.428973000000000049e+00
1.428973000000000049e+00
1.428973000000000049e+00
1.428976999999999942e+00
1.428978999999999999e+00
1.428978999999999999e+00
1.428978999999999999e+00
1.428978999999999999e+00
1.428978999999999999e+00
1.430193000000000048e+00
1.430193000000000048e+00
1.430193000000000048e+00
1.430193000000000048e+00
1.430193000000000048e+00
1.430193000000000048e+00
1.430193000000000048e+00
1.430193000000000048e+00
1.430193000000000048e+00
1.430193000000000048e+00
1.430193000000000048e+00
1.430193000000000048e+00
1.430193000000000048e+00
1.430193000000000048e+00
1.430193000000000048e+00
1.430193000000000048e+00
1.430193000000000048e+00
1.430193000000000048e+00
1.430193000000000048e+00
1.430193000000000048e+00
1.430193000000000048e+00
1.430193000000000048e+00
1.430193000000000048e+00
1.430193000000000048e+00
1.430193000000000048e+00
1.430193999999999965e+00
1.430193999999999965e+00
1.430193999999999965e+00
1.430193999999999965e+00
1.430193999999999965e+00
1.430193999999999965e+00
1.430193999999999965e+00
1.430193999999999965e+00
1.430193999999999965e+00
1.430193999999999965e+00
1.430193999999999965e+00
1.430193999999999965e+00
1.430193999999999965e+00
1.430193999999999965e+00
1.430193999999999965e+00
1.430193999999999965e+00
1.430193999999999965e+00
1.430193999999999965e+00
1.430193999999999965e+00
1.430193999999999965e+00
1.430193999999999965e+00
1.430193999999999965e+00
1.430193999999999965e+00
1.430193999999999965e+00
1.430339000000000027e+00
1.430339000000000027e+00
1.430339000000000027e+00
1.430339000000000027e+00
1.430339000000000027e+00
1.430339000000000027e+00
1.430339000000000027e+00
1.430339000000000027e+00
1.430339000000000027e+00
1.430339000000000027e+00
1.430339000000000027e+00
1.430339000000000027e+00
1.430339000000000027e+00
1.430339000000000027e+00
1.430339000000000027e+00
1.430339000000000027e+00
1.430339000000000027e+00
1.430339000000000027e+00
1.430339000000000027e+00
1.430339000000000027e+00
1.430339000000000027e+00
1.430339000000000027e+00
1.430339000000000027e+00
1.430339000000000027e+00
1.430339000000000027e+00
1.430339000000000027e+00
1.430339000000000027e+00
1.430339000000000027e+00
1.430339000000000027e+00
1.430339000000000027e+00
1.430339000000000027e+00
1.430339000000000027e+00
1.430339000000000027e+00
1.430339000000000027e+00
1.430339000000000027e+00
1.430339000000000027e+00
1.430339000000000027e+00
1.430339000000000027e+00
1.430339000000000027e+00
1.430339000000000027e+00
1.430339000000000027e+00
1.430339000000000027e+00
1.430339000000000027e+00
1.430339000000000027e+00
1.430339000000000027e+00
1.430342000000000002e+00
1.430342000000000002e+00
1.430342999999999920e+00
1.430342999999999920e+00
1.430344000000000060e+00
1.430344000000000060e+00
1.430344000000000060e+00
1.430344000000000060e+00
1.430344000000000060e+00
1.430344000000000060e+00
1.430344000000000060e+00
1.430344000000000060e+00
1.430344000000000060e+00
1.430344000000000060e+00
1.430344000000000060e+00
1.430344000000000060e+00
1.430344000000000060e+00
1.430344000000000060e+00
1.430344000000000060e+00
1.430344000000000060e+00
1.430344000000000060e+00
1.430344000000000060e+00
1.430344000000000060e+00
1.430344000000000060e+00
1.430344000000000060e+00
1.430344000000000060e+00
1.430344000000000060e+00
1.430344000000000060e+00
1.430344000000000060e+00
1.430344000000000060e+00
1.430344000000000060e+00
1.430344000000000060e+00
1.430344000000000060e+00
1.430344000000000060e+00
1.430344000000000060e+00
1.430344000000000060e+00
1.430344000000000060e+00
1.430344000000000060e+00
1.430344000000000060e+00
1.430344000000000060e+00
1.430344000000000060e+00
1.430344000000000060e+00
1.430344000000000060e+00
1.430344000000000060e+00
1.430344000000000060e+00
1.430344000000000060e+00
1.430344000000000060e+00
1.430344000000000060e+00
1.430344000000000060e+00
1.430344000000000060e+00
1.430344000000000060e+00
1.430344999999999978e+00
1.430347000000000035e+00
1.430347000000000035e+00
1.430347000000000035e+00
1.430347000000000035e+00
1.430347000000000035e+00
1.430347000000000035e+00
1.430347000000000035e+00
1.430347000000000035e+00
1.430347000000000035e+00
1.430347000000000035e+00
1.430347999999999953e+00
1.430347999999999953e+00
1.430347999999999953e+00
1.430347999999999953e+00
1.430347999999999953e+00
1.430347999999999953e+00
1.430347999999999953e+00
1.430347999999999953e+00
1.430347999999999953e+00
1.430347999999999953e+00
1.430347999999999953e+00
1.430347999999999953e+00
1.430347999999999953e+00
1.430347999999999953e+00
1.430347999999999953e+00
1.430347999999999953e+00
1.430347999999999953e+00
1.430347999999999953e+00
1.430347999999999953e+00
1.430347999999999953e+00
1.430347999999999953e+00
1.430347999999999953e+00
1.430347999999999953e+00
1.430347999999999953e+00
1.430347999999999953e+00
1.430347999999999953e+00
1.430347999999999953e+00
1.430347999999999953e+00
1.430347999999999953e+00
1.430347999999999953e+00
1.430347999999999953e+00
1.430347999999999953e+00
1.430347999999999953e+00
1.430347999999999953e+00
1.430347999999999953e+00
1.430347999999999953e+00
1.430347999999999953e+00
1.430347999999999953e+00
1.430347999999999953e+00
1.430347999999999953e+00
1.430347999999999953e+00
1.430347999999999953e+00
1.430347999999999953e+00
1.430347999999999953e+00
1.430347999999999953e+00
1.430347999999999953e+00
1.430347999999999953e+00
1.430347999999999953e+00
1.430347999999999953e+00
1.430347999999999953e+00
1.430347999999999953e+00
1.430347999999999953e+00
1.430347999999999953e+00
1.430347999999999953e+00
1.430347999999999953e+00
1.430347999999999953e+00
1.430347999999999953e+00
1.430347999999999953e+00
1.430347999999999953e+00
1.430347999999999953e+00
1.430347999999999953e+00
1.430347999999999953e+00
1.430347999999999953e+00
1.430347999999999953e+00
1.430347999999999953e+00
1.430347999999999953e+00
1.430347999999999953e+00
1.430347999999999953e+00
1.430347999999999953e+00
1.430347999999999953e+00
1.430347999999999953e+00
1.430347999999999953e+00
1.430347999999999953e+00
1.430347999999999953e+00
1.430347999999999953e+00
1.430347999999999953e+00
1.430347999999999953e+00
1.430347999999999953e+00
1.430347999999999953e+00
1.430347999999999953e+00
1.430347999999999953e+00
1.430347999999999953e+00
1.430347999999999953e+00
1.430347999999999953e+00
1.430347999999999953e+00
1.430347999999999953e+00
1.430347999999999953e+00
1.430347999999999953e+00
1.430347999999999953e+00
1.430347999999999953e+00
1.430347999999999953e+00
1.430349000000000093e+00
1.430349000000000093e+00
1.430349000000000093e+00
1.430349000000000093e+00
1.430349000000000093e+00
1.430349000000000093e+00
1.430349000000000093e+00
1.430349000000000093e+00
1.430349000000000093e+00
1.430349000000000093e+00
1.430349000000000093e+00
1.430349000000000093e+00
1.430349000000000093e+00
1.430349000000000093e+00
1.430349000000000093e+00
1.430349000000000093e+00
1.430349000000000093e+00
1.430349000000000093e+00
1.430349000000000093e+00
1.430349000000000093e+00
1.430349000000000093e+00
1.430349000000000093e+00
1.430349000000000093e+00
1.430349000000000093e+00
1.430349000000000093e+00
1.430349000000000093e+00
1.430349000000000093e+00
1.430349000000000093e+00
1.430349000000000093e+00
1.430349000000000093e+00
1.430349000000000093e+00
1.430349000000000093e+00
1.430349000000000093e+00
1.430349000000000093e+00
1.430349000000000093e+00
1.430349000000000093e+00
1.430349000000000093e+00
1.430349000000000093e+00
1.430349000000000093e+00
1.430349000000000093e+00
1.430349000000000093e+00
1.430349000000000093e+00
1.430349000000000093e+00
1.430349000000000093e+00
1.430349000000000093e+00
1.430349000000000093e+00
1.430349000000000093e+00
1.430349000000000093e+00
1.430349000000000093e+00
1.430349000000000093e+00
1.430349000000000093e+00
1.430349000000000093e+00
1.430349000000000093e+00
1.430349000000000093e+00
1.430349000000000093e+00
1.430349000000000093e+00
1.430349000000000093e+00
1.430349000000000093e+00
1.430349000000000093e+00
1.430349000000000093e+00
1.430349000000000093e+00
1.430349000000000093e+00
1.430349000000000093e+00
1.430349000000000093e+00
1.430349000000000093e+00
1.430349000000000093e+00
1.430349000000000093e+00
1.430349000000000093e+00
1.430349000000000093e+00
1.430349000000000093e+00
1.430349000000000093e+00
1.430349000000000093e+00
1.430349000000000093e+00
1.430349000000000093e+00
1.430349000000000093e+00
1.430349000000000093e+00
1.430349000000000093e+00
1.430349000000000093e+00
1.430349000000000093e+00
1.430349000000000093e+00
1.430349000000000093e+00
1.430349000000000093e+00
1.430349000000000093e+00
1.430349000000000093e+00
1.430349000000000093e+00
1.430349000000000093e+00
1.430349000000000093e+00
1.430349000000000093e+00
1.430349000000000093e+00
1.430349000000000093e+00
1.430349000000000093e+00
1.430349000000000093e+00
1.430349000000000093e+00
1.430349000000000093e+00
1.430349000000000093e+00
1.430349000000000093e+00
1.430349000000000093e+00
1.430349000000000093e+00
1.430349000000000093e+00
1.430349000000000093e+00
1.430349000000000093e+00
1.430349000000000093e+00
1.430349000000000093e+00
1.430349000000000093e+00
1.430349000000000093e+00
1.430349000000000093e+00
1.430349000000000093e+00
1.430349000000000093e+00
1.430349000000000093e+00
1.430349000000000093e+00
1.430349000000000093e+00
1.430349000000000093e+00
1.430349000000000093e+00
1.430349000000000093e+00
1.430349000000000093e+00
1.430349000000000093e+00
1.430349000000000093e+00
1.430349000000000093e+00
1.430349000000000093e+00
1.430349000000000093e+00
1.430349000000000093e+00
1.430349000000000093e+00
1.430349000000000093e+00
1.430349000000000093e+00
1.430349000000000093e+00
1.430349000000000093e+00
1.430349000000000093e+00
1.430349000000000093e+00
1.430349000000000093e+00
1.430349000000000093e+00
1.430349000000000093e+00
1.430349000000000093e+00
1.430349000000000093e+00
1.430349000000000093e+00
1.430349000000000093e+00
1.430349000000000093e+00
1.430349000000000093e+00
1.430349000000000093e+00
1.430349000000000093e+00
1.430349000000000093e+00
1.430349000000000093e+00
1.430349000000000093e+00
1.430349000000000093e+00
1.430349000000000093e+00
1.430349000000000093e+00
1.430349000000000093e+00
1.430349000000000093e+00
1.430349000000000093e+00
1.430349000000000093e+00
1.430349000000000093e+00
1.430349000000000093e+00
1.430349000000000093e+00
1.430349000000000093e+00
1.430349000000000093e+00
1.430349000000000093e+00
1.430349000000000093e+00
1.430349000000000093e+00
1.430349000000000093e+00
1.430349000000000093e+00
1.430349000000000093e+00
1.430349000000000093e+00
1.430349000000000093e+00
1.430349000000000093e+00
1.430349000000000093e+00
1.430349000000000093e+00
1.430349000000000093e+00
1.430349000000000093e+00
1.430349000000000093e+00
1.430349000000000093e+00
1.430349000000000093e+00
1.430349000000000093e+00
1.430349000000000093e+00
1.430349000000000093e+00
1.430349000000000093e+00
1.430349000000000093e+00
1.430349000000000093e+00
1.430349000000000093e+00
1.430349000000000093e+00
1.430349000000000093e+00
1.430349000000000093e+00
1.430349000000000093e+00
1.430349000000000093e+00
1.430349000000000093e+00
1.430349000000000093e+00
1.430349000000000093e+00
1.430349000000000093e+00
1.430349000000000093e+00
1.430349000000000093e+00
1.430349000000000093e+00
1.430349000000000093e+00
1.430349000000000093e+00
1.430349000000000093e+00
1.430349000000000093e+00
1.430349000000000093e+00
1.430349000000000093e+00
1.430349000000000093e+00
1.430349000000000093e+00
1.430349000000000093e+00
1.430349000000000093e+00
1.430349000000000093e+00
1.430349000000000093e+00
1.430349000000000093e+00
1.430349000000000093e+00
1.430349000000000093e+00
1.430349000000000093e+00
1.430349000000000093e+00
1.430349000000000093e+00
1.430349000000000093e+00
1.430349000000000093e+00
1.430349000000000093e+00
1.430349000000000093e+00
1.430349000000000093e+00
1.430349000000000093e+00
1.430349000000000093e+00
1.430349000000000093e+00
1.430349000000000093e+00
1.430349000000000093e+00
1.430349000000000093e+00
1.430349000000000093e+00
1.430349000000000093e+00
1.430349000000000093e+00
1.430349000000000093e+00
1.430349000000000093e+00
1.430349000000000093e+00
1.430349000000000093e+00
1.430349000000000093e+00
1.430349000000000093e+00
1.430349000000000093e+00
1.430349000000000093e+00
1.430349000000000093e+00
1.430349000000000093e+00
1.430349000000000093e+00
1.430349000000000093e+00
1.430349000000000093e+00
1.430349000000000093e+00
1.430349000000000093e+00
1.430349000000000093e+00
1.430349000000000093e+00
1.430349000000000093e+00
1.430349000000000093e+00
1.430349000000000093e+00
1.430349000000000093e+00
1.430349000000000093e+00
1.430349000000000093e+00
1.430349000000000093e+00
1.430349000000000093e+00
1.430349000000000093e+00
1.430349000000000093e+00
1.430349000000000093e+00
1.430349000000000093e+00
1.430349000000000093e+00
1.430349000000000093e+00
1.430349000000000093e+00
1.430349000000000093e+00
1.430349000000000093e+00
1.430349000000000093e+00
1.430349000000000093e+00
1.430349000000000093e+00
1.430349000000000093e+00
1.430349000000000093e+00
1.430349000000000093e+00
1.430349000000000093e+00
1.430349000000000093e+00
1.430349000000000093e+00
1.430349000000000093e+00
1.430349000000000093e+00
1.430349000000000093e+00
1.430349000000000093e+00
1.430349000000000093e+00
1.430349000000000093e+00
1.430349000000000093e+00
1.430349000000000093e+00
1.430349000000000093e+00
1.430349000000000093e+00
1.430349000000000093e+00
1.430349000000000093e+00
1.430349000000000093e+00
1.430349000000000093e+00
1.430349000000000093e+00
1.430349000000000093e+00
1.430349000000000093e+00
1.430349000000000093e+00
1.430349000000000093e+00
1.430349000000000093e+00
1.430349000000000093e+00
1.430349000000000093e+00
1.430349000000000093e+00
1.430349000000000093e+00
1.430349000000000093e+00
1.430349000000000093e+00
1.430349000000000093e+00
1.430349000000000093e+00
1.430349000000000093e+00
1.430349000000000093e+00
1.430349000000000093e+00
1.430349000000000093e+00
1.430349000000000093e+00
1.430349000000000093e+00
1.430349000000000093e+00
1.430349000000000093e+00
1.430349000000000093e+00
1.430349000000000093e+00
1.430349000000000093e+00
1.430349000000000093e+00
1.430349000000000093e+00
1.430349000000000093e+00
1.430349000000000093e+00
1.430349000000000093e+00
1.430349000000000093e+00
1.430349000000000093e+00
1.430349000000000093e+00
1.430349000000000093e+00
1.430349000000000093e+00
1.430349000000000093e+00
1.430349000000000093e+00
1.430349000000000093e+00
1.430349000000000093e+00
1.430349000000000093e+00
1.430349000000000093e+00
1.430349000000000093e+00
1.430349000000000093e+00
1.430349000000000093e+00
1.430349000000000093e+00
1.430349000000000093e+00
1.430349000000000093e+00
1.430349000000000093e+00
1.430349000000000093e+00
1.430349000000000093e+00
1.430349000000000093e+00
1.430349000000000093e+00
1.430349000000000093e+00
1.430349000000000093e+00
1.430349000000000093e+00
1.430349000000000093e+00
1.430349000000000093e+00
1.430349000000000093e+00
1.430349000000000093e+00
1.430349000000000093e+00
1.430349000000000093e+00
1.430349000000000093e+00
1.430349000000000093e+00
1.430349000000000093e+00
1.430349000000000093e+00
1.430349000000000093e+00
1.430349000000000093e+00
1.430349000000000093e+00
1.430349000000000093e+00
1.430349000000000093e+00
1.430349000000000093e+00
1.430349000000000093e+00
1.430349000000000093e+00
1.430349000000000093e+00
1.430349000000000093e+00
1.430349000000000093e+00
1.430349000000000093e+00
1.430349000000000093e+00
1.430349000000000093e+00
1.430349000000000093e+00
1.430349000000000093e+00
1.430349000000000093e+00
1.430349000000000093e+00
1.430349000000000093e+00
1.430349000000000093e+00
1.430349000000000093e+00
1.430349000000000093e+00
1.430349000000000093e+00
1.430349000000000093e+00
1.430349000000000093e+00
1.430349000000000093e+00
1.430349000000000093e+00
1.430349000000000093e+00
1.430349000000000093e+00
1.430349000000000093e+00
1.430349000000000093e+00
1.430349000000000093e+00
1.430349000000000093e+00
1.430349000000000093e+00
1.430349000000000093e+00
1.430349000000000093e+00
1.430349000000000093e+00
1.430349000000000093e+00
1.430349000000000093e+00
1.430349000000000093e+00
1.430349000000000093e+00
1.430349000000000093e+00
1.430349000000000093e+00
1.430349000000000093e+00
1.430349000000000093e+00
1.430349000000000093e+00
1.430349000000000093e+00
1.430349000000000093e+00
1.430349000000000093e+00
1.430349000000000093e+00
1.430349000000000093e+00
1.430349000000000093e+00
1.430349000000000093e+00
1.430349000000000093e+00
1.430349000000000093e+00
1.430349000000000093e+00
1.430349000000000093e+00
1.430349000000000093e+00
1.430349000000000093e+00
1.430349000000000093e+00
1.430349000000000093e+00
1.430349000000000093e+00
1.430349000000000093e+00
1.430349000000000093e+00
1.430349000000000093e+00
1.430349000000000093e+00
1.430349000000000093e+00
1.430349000000000093e+00
1.430349000000000093e+00
1.430349000000000093e+00
1.430349000000000093e+00
1.430349000000000093e+00
1.430349000000000093e+00
1.430349000000000093e+00
1.430349000000000093e+00
1.430349000000000093e+00
1.430349000000000093e+00
1.430349000000000093e+00
1.430349000000000093e+00
1.430349000000000093e+00
1.430349000000000093e+00
1.430349000000000093e+00
1.430349000000000093e+00
1.430349000000000093e+00
1.430349000000000093e+00
1.430349000000000093e+00
1.430349000000000093e+00
1.430349000000000093e+00
1.430349000000000093e+00
1.430349000000000093e+00
1.430349000000000093e+00
1.430349000000000093e+00
1.430349000000000093e+00
1.430349000000000093e+00
1.430349000000000093e+00
1.430349000000000093e+00
1.430349000000000093e+00
1.430349000000000093e+00
1.430349000000000093e+00
1.430349000000000093e+00
1.430349000000000093e+00
1.430349000000000093e+00
1.430349000000000093e+00
1.430349000000000093e+00
1.430349000000000093e+00
1.430349000000000093e+00
1.430349000000000093e+00
1.430349000000000093e+00
1.430349000000000093e+00
1.430349000000000093e+00
1.430349000000000093e+00
1.430350000000000010e+00
1.430350000000000010e+00
1.430350000000000010e+00
1.430350000000000010e+00
1.430350000000000010e+00
1.430350000000000010e+00
1.430350000000000010e+00
1.430350000000000010e+00
1.430350000000000010e+00
1.430350000000000010e+00
1.430350000000000010e+00
1.430350000000000010e+00
1.430350000000000010e+00
1.430350000000000010e+00
1.430350000000000010e+00
1.430350000000000010e+00
1.430350000000000010e+00
1.430350000000000010e+00
1.430350000000000010e+00
1.430350000000000010e+00
1.430350000000000010e+00
1.430350000000000010e+00
1.430350000000000010e+00
1.430350000000000010e+00
1.430350000000000010e+00
1.430350000000000010e+00
1.430350000000000010e+00
1.430350000000000010e+00
1.430350000000000010e+00
1.430350000000000010e+00
1.430350000000000010e+00
1.430350000000000010e+00
1.430350000000000010e+00
1.430350000000000010e+00
1.430350000000000010e+00
1.430350000000000010e+00
1.430350000000000010e+00
1.430350000000000010e+00
1.430350000000000010e+00
1.430350000000000010e+00
1.430350000000000010e+00
1.430350000000000010e+00
1.430350000000000010e+00
1.430350000000000010e+00
1.430350000000000010e+00
1.430350000000000010e+00
1.430350000000000010e+00
1.430350000000000010e+00
1.430350000000000010e+00
1.430350000000000010e+00
1.430350000000000010e+00
1.430350000000000010e+00
1.430350000000000010e+00
1.430350000000000010e+00
1.430350000000000010e+00
1.430350000000000010e+00
1.430350000000000010e+00
1.430350000000000010e+00
1.430350000000000010e+00
1.430350000000000010e+00
1.430350000000000010e+00
1.430350000000000010e+00
1.430350000000000010e+00
1.430350000000000010e+00
1.430350000000000010e+00
1.430350000000000010e+00
1.430350000000000010e+00
1.430350000000000010e+00
1.430350000000000010e+00
1.430350000000000010e+00
1.430350000000000010e+00
1.430350000000000010e+00
1.430350000000000010e+00
1.430350000000000010e+00
1.430350000000000010e+00
1.430350000000000010e+00
1.430350000000000010e+00
1.430350000000000010e+00
1.430350000000000010e+00
1.430350000000000010e+00
1.430350000000000010e+00
1.430350000000000010e+00
1.430350000000000010e+00
1.430350000000000010e+00
1.430350000000000010e+00
1.430350000000000010e+00
1.430350000000000010e+00
1.430350000000000010e+00
1.430350000000000010e+00
1.430350000000000010e+00
1.430350000000000010e+00
1.430350000000000010e+00
1.430350000000000010e+00
1.430350000000000010e+00
1.430350000000000010e+00
1.430350000000000010e+00
1.430350000000000010e+00
1.430350000000000010e+00
1.430350000000000010e+00
1.430350000000000010e+00
1.430350000000000010e+00
1.430350000000000010e+00
1.430350000000000010e+00
1.430350000000000010e+00
1.430350000000000010e+00
1.430350000000000010e+00
1.430350000000000010e+00
1.430350000000000010e+00
1.430350000000000010e+00
1.430350000000000010e+00
1.430350000000000010e+00
1.430350000000000010e+00
1.430350000000000010e+00
1.430350000000000010e+00
1.430350000000000010e+00
1.430350000000000010e+00
1.430350000000000010e+00
1.430350000000000010e+00
1.430350000000000010e+00
1.430350000000000010e+00
1.430350000000000010e+00
1.430350000000000010e+00
1.430350000000000010e+00
1.430350000000000010e+00
1.430350000000000010e+00
1.430350000000000010e+00
1.430350000000000010e+00
1.430350000000000010e+00
1.430350000000000010e+00
1.430350000000000010e+00
1.430350000000000010e+00
1.430350000000000010e+00
1.430350000000000010e+00
1.430350000000000010e+00
1.430350000000000010e+00
1.430350000000000010e+00
1.430350000000000010e+00
1.430350000000000010e+00
1.430350000000000010e+00
1.430350000000000010e+00
1.430350000000000010e+00
1.430350000000000010e+00
1.430350000000000010e+00
1.430350000000000010e+00
1.430350000000000010e+00
1.430350000000000010e+00
1.430350000000000010e+00
1.430350000000000010e+00
1.430350000000000010e+00
1.430350000000000010e+00
1.430350000000000010e+00
1.430350000000000010e+00
1.430350000000000010e+00
1.430350000000000010e+00
1.430350000000000010e+00
1.430350000000000010e+00
1.430350000000000010e+00
1.430350000000000010e+00
1.430350000000000010e+00
1.430350000000000010e+00
1.430350000000000010e+00
1.430350000000000010e+00
1.430350000000000010e+00
1.430350000000000010e+00
1.430350000000000010e+00
1.430350000000000010e+00
1.430350000000000010e+00
1.430350000000000010e+00
1.430350000000000010e+00
1.430350000000000010e+00
1.430350000000000010e+00
1.430350000000000010e+00
1.430350000000000010e+00
1.430350000000000010e+00
1.430350000000000010e+00
1.430350000000000010e+00
1.430350000000000010e+00
1.430350000000000010e+00
1.430350000000000010e+00
1.430350000000000010e+00
1.430350000000000010e+00
1.430350000000000010e+00
1.430350000000000010e+00
1.430350000000000010e+00
1.430350000000000010e+00
1.430350000000000010e+00
1.430350000000000010e+00
1.430350000000000010e+00
1.430350000000000010e+00
1.430350000000000010e+00
1.430350000000000010e+00
1.430350000000000010e+00
1.430350000000000010e+00
1.430350000000000010e+00
1.430350000000000010e+00
1.430350000000000010e+00
1.430350000000000010e+00
1.430350000000000010e+00
1.430350000000000010e+00
1.430350000000000010e+00
1.430350000000000010e+00
1.430350000000000010e+00
1.430350000000000010e+00
1.430350000000000010e+00
1.430350000000000010e+00
1.430350000000000010e+00
1.430350000000000010e+00
1.430350000000000010e+00
1.430350000000000010e+00
1.430350000000000010e+00
1.430350000000000010e+00
1.430350000000000010e+00
1.430350000000000010e+00
1.430350000000000010e+00
1.430350000000000010e+00
1.430350000000000010e+00
1.430350000000000010e+00
1.430350000000000010e+00
1.430350000000000010e+00
1.430350000000000010e+00
1.430350000000000010e+00
1.430350000000000010e+00
1.430350000000000010e+00
1.430350000000000010e+00
1.430350000000000010e+00
1.430350000000000010e+00
1.430350000000000010e+00
1.430350000000000010e+00
1.430350000000000010e+00
1.430350000000000010e+00
1.430350000000000010e+00
1.430350000000000010e+00
1.430350000000000010e+00
1.430350000000000010e+00
1.430350000000000010e+00
1.430350000000000010e+00
1.430350000000000010e+00
1.430350000000000010e+00
1.430350000000000010e+00
1.430350000000000010e+00
1.430350000000000010e+00
1.430350000000000010e+00
1.430350000000000010e+00
1.430350000000000010e+00
1.430350000000000010e+00
1.430350000000000010e+00
1.430350000000000010e+00
1.430350000000000010e+00
1.430350000000000010e+00
1.430350000000000010e+00
1.430350000000000010e+00
1.430350000000000010e+00
1.430350000000000010e+00
1.430350000000000010e+00
1.430350000000000010e+00
1.430350000000000010e+00
1.430350000000000010e+00
1.430350000000000010e+00
1.430350000000000010e+00
1.430350000000000010e+00
1.430350000000000010e+00
1.430350000000000010e+00
1.430350000000000010e+00
1.430350000000000010e+00
1.430350000000000010e+00
1.430350000000000010e+00
1.430350000000000010e+00
1.430350000000000010e+00
1.430350000000000010e+00
1.430350000000000010e+00
1.430350000000000010e+00
1.430350000000000010e+00
1.430388999999999911e+00
1.430388999999999911e+00
1.430388999999999911e+00
1.430388999999999911e+00
1.430388999999999911e+00
1.430388999999999911e+00
1.430388999999999911e+00
1.430388999999999911e+00
1.430388999999999911e+00
1.430388999999999911e+00
1.430388999999999911e+00
1.430388999999999911e+00
1.430388999999999911e+00
1.430388999999999911e+00
1.430388999999999911e+00
1.430388999999999911e+00
1.430388999999999911e+00
1.430388999999999911e+00
1.430388999999999911e+00
1.430388999999999911e+00
1.430388999999999911e+00
1.430388999999999911e+00
1.430388999999999911e+00
1.430388999999999911e+00
1.430388999999999911e+00
1.430388999999999911e+00
1.430388999999999911e+00
1.430388999999999911e+00
1.430388999999999911e+00
1.430388999999999911e+00
1.430388999999999911e+00
1.430388999999999911e+00
1.430388999999999911e+00
1.430388999999999911e+00
1.430388999999999911e+00
1.430388999999999911e+00
1.430388999999999911e+00
1.430388999999999911e+00
1.430388999999999911e+00
1.430388999999999911e+00
1.430388999999999911e+00
1.430388999999999911e+00
1.430388999999999911e+00
1.430388999999999911e+00
1.430388999999999911e+00
1.430388999999999911e+00
1.430388999999999911e+00
1.430388999999999911e+00
1.430388999999999911e+00
1.430388999999999911e+00
1.430388999999999911e+00
1.430388999999999911e+00
1.430388999999999911e+00
1.430388999999999911e+00
1.430388999999999911e+00
1.430388999999999911e+00
1.430388999999999911e+00
1.430388999999999911e+00
1.430388999999999911e+00
1.430388999999999911e+00
1.430388999999999911e+00
1.430388999999999911e+00
1.430388999999999911e+00
1.430388999999999911e+00
1.430388999999999911e+00
1.430388999999999911e+00
1.430388999999999911e+00
1.430388999999999911e+00
1.430388999999999911e+00
1.430388999999999911e+00
1.430388999999999911e+00
1.430390000000000050e+00
1.430390000000000050e+00
1.430390000000000050e+00
1.430390000000000050e+00
1.430390000000000050e+00
1.430390000000000050e+00
1.430390000000000050e+00
1.430390000000000050e+00
1.430390000000000050e+00
1.430390000000000050e+00
1.430390000000000050e+00
1.430390000000000050e+00
1.430390000000000050e+00
1.430390000000000050e+00
1.430390000000000050e+00
1.430390000000000050e+00
1.430390000000000050e+00
1.430390000000000050e+00
1.430390000000000050e+00
1.430390000000000050e+00
1.430390000000000050e+00
1.430390000000000050e+00
1.430390000000000050e+00
1.430390000000000050e+00
1.430390000000000050e+00
1.430390000000000050e+00
1.430390000000000050e+00
1.430390000000000050e+00
1.430390000000000050e+00
1.430390000000000050e+00
1.430390000000000050e+00
1.430390000000000050e+00
1.430390000000000050e+00
1.430390000000000050e+00
1.430590000000000028e+00
1.430590000000000028e+00
1.430590000000000028e+00
1.430590000000000028e+00
1.430590000000000028e+00
1.430590000000000028e+00
1.430590000000000028e+00
1.430590000000000028e+00
1.430590000000000028e+00
1.430590000000000028e+00
1.430590000000000028e+00
1.430590000000000028e+00
1.430590000000000028e+00
1.430590999999999946e+00
1.430590999999999946e+00
1.430590999999999946e+00
1.430590999999999946e+00
1.430590999999999946e+00
1.430590999999999946e+00
1.430590999999999946e+00
1.430590999999999946e+00
1.430590999999999946e+00
1.430590999999999946e+00
1.430590999999999946e+00
1.430590999999999946e+00
1.430590999999999946e+00
1.430590999999999946e+00
1.430590999999999946e+00
1.430590999999999946e+00
1.430590999999999946e+00
1.430590999999999946e+00
1.430590999999999946e+00
1.430590999999999946e+00
1.430590999999999946e+00
1.430590999999999946e+00
1.430590999999999946e+00
1.430590999999999946e+00
1.430590999999999946e+00
1.430590999999999946e+00
1.430590999999999946e+00
1.430590999999999946e+00
1.430590999999999946e+00
1.430590999999999946e+00
1.430590999999999946e+00
1.430590999999999946e+00
1.430590999999999946e+00
1.430590999999999946e+00
1.430590999999999946e+00
1.430590999999999946e+00
1.430590999999999946e+00
1.430590999999999946e+00
1.430590999999999946e+00
1.430590999999999946e+00
1.430590999999999946e+00
1.430590999999999946e+00
1.430590999999999946e+00
1.430590999999999946e+00
1.430590999999999946e+00
1.430590999999999946e+00
1.430590999999999946e+00
1.430590999999999946e+00
1.430590999999999946e+00
1.430590999999999946e+00
1.430590999999999946e+00
1.430590999999999946e+00
1.430590999999999946e+00
1.430590999999999946e+00
1.430590999999999946e+00
1.430590999999999946e+00
1.430590999999999946e+00
1.430590999999999946e+00
1.430590999999999946e+00
1.430590999999999946e+00
1.430590999999999946e+00
1.430590999999999946e+00
1.430590999999999946e+00
1.430590999999999946e+00
1.430590999999999946e+00
1.430590999999999946e+00
1.430590999999999946e+00
1.430590999999999946e+00
1.430590999999999946e+00
1.430590999999999946e+00
1.430590999999999946e+00
1.430590999999999946e+00
1.430590999999999946e+00
1.430590999999999946e+00
1.430590999999999946e+00
1.430590999999999946e+00
1.430590999999999946e+00
1.430590999999999946e+00
1.430590999999999946e+00
1.430590999999999946e+00
1.430590999999999946e+00
1.430590999999999946e+00
1.430590999999999946e+00
1.430590999999999946e+00
1.430590999999999946e+00
1.430590999999999946e+00
1.430590999999999946e+00
1.430590999999999946e+00
1.430590999999999946e+00
1.430590999999999946e+00
1.430590999999999946e+00
1.430590999999999946e+00
1.430590999999999946e+00
1.430590999999999946e+00
1.430590999999999946e+00
1.430590999999999946e+00
1.430590999999999946e+00
1.430590999999999946e+00
1.430590999999999946e+00
1.430590999999999946e+00
1.430590999999999946e+00
1.430590999999999946e+00
1.430590999999999946e+00
1.430590999999999946e+00
1.430590999999999946e+00
1.430590999999999946e+00
1.430590999999999946e+00
1.430590999999999946e+00
1.430590999999999946e+00
1.430590999999999946e+00
1.430590999999999946e+00
1.430590999999999946e+00
1.430590999999999946e+00
1.430590999999999946e+00
1.430590999999999946e+00
1.430590999999999946e+00
1.430590999999999946e+00
1.430590999999999946e+00
1.430590999999999946e+00
1.430590999999999946e+00
1.430590999999999946e+00
1.430590999999999946e+00
1.430590999999999946e+00
1.430590999999999946e+00
1.430590999999999946e+00
1.430590999999999946e+00
1.430590999999999946e+00
1.430590999999999946e+00
1.430590999999999946e+00
1.430590999999999946e+00
1.430590999999999946e+00
1.430590999999999946e+00
1.430590999999999946e+00
1.430590999999999946e+00
1.430590999999999946e+00
1.430590999999999946e+00
1.430590999999999946e+00
1.430590999999999946e+00
1.430590999999999946e+00
1.430590999999999946e+00
1.430590999999999946e+00
1.430590999999999946e+00
1.430590999999999946e+00
1.430590999999999946e+00
1.430590999999999946e+00
1.430590999999999946e+00
1.430590999999999946e+00
1.430590999999999946e+00
1.430590999999999946e+00
1.430590999999999946e+00
1.430590999999999946e+00
1.430590999999999946e+00
1.430590999999999946e+00
1.430590999999999946e+00
1.430590999999999946e+00
1.430590999999999946e+00
1.430590999999999946e+00
1.430590999999999946e+00
1.430590999999999946e+00
1.430590999999999946e+00
1.430590999999999946e+00
1.430590999999999946e+00
1.430590999999999946e+00
1.430590999999999946e+00
1.430590999999999946e+00
1.430590999999999946e+00
1.430590999999999946e+00
1.430590999999999946e+00
1.430590999999999946e+00
1.430590999999999946e+00
1.430590999999999946e+00
1.430590999999999946e+00
1.430590999999999946e+00
1.430590999999999946e+00
1.430590999999999946e+00
1.430590999999999946e+00
1.430590999999999946e+00
1.430590999999999946e+00
1.430590999999999946e+00
1.430590999999999946e+00
1.430590999999999946e+00
1.430590999999999946e+00
1.430590999999999946e+00
1.430590999999999946e+00
1.430590999999999946e+00
1.430590999999999946e+00
1.430590999999999946e+00
1.430590999999999946e+00
1.430590999999999946e+00
1.430590999999999946e+00
1.430590999999999946e+00
1.430590999999999946e+00
1.430590999999999946e+00
1.430590999999999946e+00
1.430590999999999946e+00
1.430590999999999946e+00
1.430590999999999946e+00
1.430590999999999946e+00
1.430590999999999946e+00
1.430590999999999946e+00
1.430590999999999946e+00
1.430590999999999946e+00
1.430590999999999946e+00
1.430590999999999946e+00
1.430590999999999946e+00
1.430590999999999946e+00
1.430590999999999946e+00
1.430590999999999946e+00
1.430590999999999946e+00
1.430590999999999946e+00
1.430590999999999946e+00
1.430590999999999946e+00
1.430590999999999946e+00
1.430590999999999946e+00
1.430590999999999946e+00
1.430590999999999946e+00
1.430590999999999946e+00
1.430590999999999946e+00
1.430590999999999946e+00
1.430590999999999946e+00
1.430590999999999946e+00
1.430590999999999946e+00
1.430590999999999946e+00
1.430590999999999946e+00
1.430590999999999946e+00
1.430590999999999946e+00
1.430590999999999946e+00
1.430590999999999946e+00
1.430590999999999946e+00
1.430590999999999946e+00
1.430590999999999946e+00
1.430590999999999946e+00
1.430590999999999946e+00
1.430590999999999946e+00
1.430590999999999946e+00
1.430590999999999946e+00
1.430590999999999946e+00
1.430590999999999946e+00
1.430590999999999946e+00
1.430590999999999946e+00
1.430590999999999946e+00
1.430590999999999946e+00
1.430590999999999946e+00
1.430590999999999946e+00
1.430590999999999946e+00
1.430590999999999946e+00
1.430590999999999946e+00
1.430590999999999946e+00
1.430590999999999946e+00
1.430590999999999946e+00
1.430590999999999946e+00
1.430590999999999946e+00
1.430590999999999946e+00
1.430590999999999946e+00
1.430590999999999946e+00
1.430590999999999946e+00
1.430590999999999946e+00
1.430590999999999946e+00
1.430590999999999946e+00
1.430590999999999946e+00
1.430590999999999946e+00
1.430590999999999946e+00
1.430590999999999946e+00
1.430590999999999946e+00
1.430590999999999946e+00
1.430706000000000033e+00
1.430706000000000033e+00
1.430706000000000033e+00
1.430706000000000033e+00
1.430706000000000033e+00
1.430706000000000033e+00
1.430706000000000033e+00
1.430706000000000033e+00
1.430706000000000033e+00
1.430706000000000033e+00
1.430706000000000033e+00
1.430706000000000033e+00
1.430706000000000033e+00
1.430706000000000033e+00
1.430706000000000033e+00
1.430706000000000033e+00
1.430706000000000033e+00
1.430706000000000033e+00
1.430706000000000033e+00
1.430706000000000033e+00
1.430706000000000033e+00
1.430706000000000033e+00
1.430706000000000033e+00
1.430706000000000033e+00
1.430706000000000033e+00
1.430706000000000033e+00
1.430706000000000033e+00
1.430706000000000033e+00
1.430706000000000033e+00
1.430706999999999951e+00
1.430706999999999951e+00
1.430706999999999951e+00
1.430706999999999951e+00
1.430706999999999951e+00
1.430706999999999951e+00
1.430706999999999951e+00
1.430706999999999951e+00
1.430706999999999951e+00
1.430706999999999951e+00
1.430706999999999951e+00
1.430706999999999951e+00
1.430706999999999951e+00
1.430706999999999951e+00
1.430706999999999951e+00
1.430706999999999951e+00
1.430706999999999951e+00
1.430706999999999951e+00
1.430706999999999951e+00
1.430706999999999951e+00
1.430706999999999951e+00
1.430706999999999951e+00
1.430706999999999951e+00
1.430706999999999951e+00
1.430706999999999951e+00
1.430706999999999951e+00
1.430706999999999951e+00
1.430706999999999951e+00
1.430706999999999951e+00
1.430706999999999951e+00
1.430706999999999951e+00
1.430706999999999951e+00
1.430706999999999951e+00
1.430706999999999951e+00
1.430706999999999951e+00
1.430706999999999951e+00
1.430706999999999951e+00
1.430706999999999951e+00
1.430706999999999951e+00
1.430706999999999951e+00
1.430706999999999951e+00
1.430706999999999951e+00
1.430706999999999951e+00
1.430706999999999951e+00
1.430706999999999951e+00
1.430706999999999951e+00
1.430706999999999951e+00
1.430706999999999951e+00
1.430706999999999951e+00
1.430706999999999951e+00
1.430706999999999951e+00
1.430706999999999951e+00
1.430706999999999951e+00
1.430706999999999951e+00
1.430706999999999951e+00
1.430706999999999951e+00
1.430706999999999951e+00
1.430706999999999951e+00
1.430706999999999951e+00
1.430706999999999951e+00
1.430706999999999951e+00
1.430706999999999951e+00
1.430706999999999951e+00
1.430706999999999951e+00
1.430706999999999951e+00
1.430706999999999951e+00
1.430706999999999951e+00
1.430706999999999951e+00
1.430706999999999951e+00
1.430706999999999951e+00
1.430706999999999951e+00
1.430706999999999951e+00
1.430706999999999951e+00
1.430706999999999951e+00
1.430706999999999951e+00
1.430706999999999951e+00
1.430706999999999951e+00
1.430706999999999951e+00
1.430706999999999951e+00
1.430706999999999951e+00
1.430706999999999951e+00
1.430706999999999951e+00
1.430706999999999951e+00
1.430706999999999951e+00
1.430706999999999951e+00
1.430706999999999951e+00
1.430706999999999951e+00
1.430706999999999951e+00
1.430706999999999951e+00
1.430706999999999951e+00
1.430706999999999951e+00
1.430706999999999951e+00
1.430706999999999951e+00
1.430706999999999951e+00
1.430706999999999951e+00
1.430706999999999951e+00
1.430706999999999951e+00
1.430706999999999951e+00
1.430706999999999951e+00
1.430706999999999951e+00
1.430706999999999951e+00
1.430706999999999951e+00
1.430706999999999951e+00
1.430706999999999951e+00
1.430706999999999951e+00
1.430706999999999951e+00
1.430706999999999951e+00
1.430706999999999951e+00
1.430706999999999951e+00
1.430706999999999951e+00
1.430706999999999951e+00
1.430706999999999951e+00
1.430706999999999951e+00
1.430706999999999951e+00
1.430706999999999951e+00
1.430706999999999951e+00
1.430706999999999951e+00
1.430706999999999951e+00
1.430706999999999951e+00
1.430706999999999951e+00
1.430706999999999951e+00
1.430706999999999951e+00
1.430706999999999951e+00
1.430706999999999951e+00
1.430706999999999951e+00
1.430706999999999951e+00
1.430706999999999951e+00
1.430706999999999951e+00
1.430706999999999951e+00
1.430706999999999951e+00
1.430706999999999951e+00
1.430706999999999951e+00
1.430706999999999951e+00
1.430706999999999951e+00
1.430706999999999951e+00
1.430706999999999951e+00
1.430706999999999951e+00
1.430706999999999951e+00
1.430706999999999951e+00
1.430706999999999951e+00
1.430706999999999951e+00
1.430706999999999951e+00
1.430706999999999951e+00
1.430706999999999951e+00
1.430706999999999951e+00
1.430706999999999951e+00
1.430706999999999951e+00
1.430706999999999951e+00
1.430706999999999951e+00
1.430706999999999951e+00
1.430706999999999951e+00
1.430706999999999951e+00
1.430706999999999951e+00
1.430706999999999951e+00
1.430706999999999951e+00
1.430706999999999951e+00
1.430706999999999951e+00
1.430706999999999951e+00
1.430706999999999951e+00
1.430706999999999951e+00
1.430706999999999951e+00
1.430706999999999951e+00
1.430706999999999951e+00
1.430706999999999951e+00
1.430706999999999951e+00
1.430706999999999951e+00
1.430706999999999951e+00
1.430706999999999951e+00
1.430706999999999951e+00
1.430706999999999951e+00
1.430706999999999951e+00
1.430706999999999951e+00
1.430706999999999951e+00
1.430706999999999951e+00
1.430706999999999951e+00
1.430706999999999951e+00
1.430706999999999951e+00
1.430706999999999951e+00
1.430706999999999951e+00
1.430706999999999951e+00
1.430706999999999951e+00
1.430706999999999951e+00
1.430706999999999951e+00
1.430706999999999951e+00
1.430706999999999951e+00
1.430706999999999951e+00
1.430706999999999951e+00
1.430706999999999951e+00
1.430706999999999951e+00
1.430706999999999951e+00
1.430706999999999951e+00
1.430706999999999951e+00
1.430706999999999951e+00
1.430706999999999951e+00
1.430706999999999951e+00
1.430706999999999951e+00
1.430706999999999951e+00
1.430706999999999951e+00
1.430706999999999951e+00
1.430706999999999951e+00
1.430706999999999951e+00
1.430706999999999951e+00
1.430706999999999951e+00
1.430706999999999951e+00
1.430706999999999951e+00
1.430706999999999951e+00
1.430706999999999951e+00
1.430706999999999951e+00
1.430706999999999951e+00
1.430706999999999951e+00
1.430706999999999951e+00
1.430706999999999951e+00
1.430706999999999951e+00
1.430706999999999951e+00
1.430706999999999951e+00
1.430706999999999951e+00
1.430706999999999951e+00
1.430706999999999951e+00
1.430706999999999951e+00
1.430706999999999951e+00
1.430706999999999951e+00
1.430706999999999951e+00
1.430706999999999951e+00
1.430706999999999951e+00
1.430706999999999951e+00
1.430706999999999951e+00
1.430706999999999951e+00
1.430706999999999951e+00
1.430706999999999951e+00
1.430706999999999951e+00
1.430706999999999951e+00
1.430706999999999951e+00
1.430706999999999951e+00
1.430706999999999951e+00
1.430706999999999951e+00
1.430706999999999951e+00
1.430706999999999951e+00
1.430706999999999951e+00
1.430706999999999951e+00
1.430706999999999951e+00
1.430706999999999951e+00
1.430706999999999951e+00
1.430706999999999951e+00
1.430706999999999951e+00
1.430706999999999951e+00
1.430706999999999951e+00
1.430706999999999951e+00
1.430706999999999951e+00
1.430706999999999951e+00
1.430706999999999951e+00
1.430706999999999951e+00
1.430706999999999951e+00
1.430706999999999951e+00
1.430706999999999951e+00
1.430706999999999951e+00
1.430706999999999951e+00
1.430706999999999951e+00
1.430706999999999951e+00
1.430706999999999951e+00
1.430706999999999951e+00
1.430706999999999951e+00
1.430706999999999951e+00
1.430706999999999951e+00
1.430706999999999951e+00
1.430706999999999951e+00
1.430706999999999951e+00
1.430706999999999951e+00
1.430706999999999951e+00
1.430706999999999951e+00
1.430706999999999951e+00
1.430706999999999951e+00
1.430706999999999951e+00
1.430706999999999951e+00
1.430706999999999951e+00
1.430706999999999951e+00
1.430706999999999951e+00
1.430706999999999951e+00
1.430706999999999951e+00
1.430706999999999951e+00
1.430706999999999951e+00
1.430706999999999951e+00
1.430706999999999951e+00
1.430706999999999951e+00
1.430706999999999951e+00
1.430706999999999951e+00
1.430706999999999951e+00
1.430706999999999951e+00
1.430706999999999951e+00
1.430706999999999951e+00
1.430706999999999951e+00
1.430706999999999951e+00
1.430706999999999951e+00
1.430706999999999951e+00
1.430706999999999951e+00
1.430706999999999951e+00
1.430706999999999951e+00
1.430706999999999951e+00
1.430706999999999951e+00
1.430706999999999951e+00
1.430706999999999951e+00
1.430706999999999951e+00
1.430706999999999951e+00
1.430706999999999951e+00
1.430706999999999951e+00
1.430706999999999951e+00
1.430706999999999951e+00
1.430706999999999951e+00
1.430706999999999951e+00
1.430706999999999951e+00
1.430706999999999951e+00
1.430706999999999951e+00
1.430706999999999951e+00
1.430706999999999951e+00
1.430706999999999951e+00
1.430706999999999951e+00
1.430706999999999951e+00
1.430706999999999951e+00
1.430706999999999951e+00
1.430706999999999951e+00
1.430706999999999951e+00
1.430706999999999951e+00
1.430706999999999951e+00
1.430706999999999951e+00
1.430706999999999951e+00
1.430706999999999951e+00
1.430706999999999951e+00
1.430706999999999951e+00
1.430706999999999951e+00
1.430706999999999951e+00
1.430706999999999951e+00
1.430706999999999951e+00
1.430706999999999951e+00
1.430706999999999951e+00
1.430706999999999951e+00
1.430706999999999951e+00
1.430706999999999951e+00
1.430706999999999951e+00
1.430706999999999951e+00
1.430706999999999951e+00
1.430706999999999951e+00
1.430706999999999951e+00
1.430706999999999951e+00
1.430706999999999951e+00
1.430706999999999951e+00
1.430706999999999951e+00
1.430706999999999951e+00
1.430706999999999951e+00
1.430706999999999951e+00
1.430706999999999951e+00
1.430706999999999951e+00
1.430706999999999951e+00
1.430706999999999951e+00
1.430706999999999951e+00
1.430706999999999951e+00
1.430706999999999951e+00
1.430706999999999951e+00
1.430706999999999951e+00
1.430706999999999951e+00
1.430706999999999951e+00
1.430706999999999951e+00
1.430706999999999951e+00
1.430706999999999951e+00
1.430706999999999951e+00
1.430706999999999951e+00
1.430706999999999951e+00
1.430706999999999951e+00
1.430706999999999951e+00
1.430706999999999951e+00
1.430706999999999951e+00
1.430706999999999951e+00
1.430706999999999951e+00
1.430706999999999951e+00
1.430706999999999951e+00
1.430706999999999951e+00
1.430706999999999951e+00
1.430706999999999951e+00
1.430706999999999951e+00
1.430706999999999951e+00
1.430706999999999951e+00
1.430706999999999951e+00
1.430706999999999951e+00
1.430706999999999951e+00
1.430706999999999951e+00
1.430706999999999951e+00
1.430706999999999951e+00
1.430706999999999951e+00
1.430706999999999951e+00
1.430706999999999951e+00
1.430706999999999951e+00
1.430706999999999951e+00
1.430706999999999951e+00
1.430706999999999951e+00
1.430706999999999951e+00
1.430706999999999951e+00
1.430706999999999951e+00
1.430706999999999951e+00
1.430706999999999951e+00
1.430706999999999951e+00
1.430706999999999951e+00
1.430706999999999951e+00
1.430706999999999951e+00
1.430706999999999951e+00
1.430706999999999951e+00
1.430706999999999951e+00
1.430706999999999951e+00
1.430706999999999951e+00
1.430706999999999951e+00
1.430706999999999951e+00
1.430706999999999951e+00
1.430706999999999951e+00
1.430706999999999951e+00
1.430706999999999951e+00
1.430706999999999951e+00
1.430706999999999951e+00
1.430706999999999951e+00
1.430706999999999951e+00
1.430706999999999951e+00
1.430706999999999951e+00
1.430706999999999951e+00
1.430706999999999951e+00
1.430706999999999951e+00
1.430706999999999951e+00
1.430706999999999951e+00
1.430706999999999951e+00
1.430706999999999951e+00
1.430706999999999951e+00
1.430706999999999951e+00
1.430706999999999951e+00
1.430706999999999951e+00
1.430706999999999951e+00
1.430706999999999951e+00
1.430706999999999951e+00
1.430706999999999951e+00
1.430706999999999951e+00
1.430706999999999951e+00
1.430706999999999951e+00
1.430706999999999951e+00
1.430706999999999951e+00
1.430706999999999951e+00
1.430706999999999951e+00
1.430706999999999951e+00
1.430706999999999951e+00
1.430706999999999951e+00
1.430706999999999951e+00
1.430706999999999951e+00
1.430706999999999951e+00
1.430706999999999951e+00
1.430706999999999951e+00
1.430706999999999951e+00
1.430706999999999951e+00
1.430706999999999951e+00
1.430706999999999951e+00
1.430706999999999951e+00
1.430706999999999951e+00
1.430706999999999951e+00
1.430706999999999951e+00
1.430706999999999951e+00
1.430706999999999951e+00
1.430706999999999951e+00
1.430706999999999951e+00
1.430706999999999951e+00
1.430706999999999951e+00
1.430706999999999951e+00
1.430706999999999951e+00
1.430706999999999951e+00
1.430706999999999951e+00
1.430706999999999951e+00
1.430706999999999951e+00
1.430706999999999951e+00
1.430706999999999951e+00
1.430706999999999951e+00
1.430706999999999951e+00
1.430706999999999951e+00
1.430706999999999951e+00
1.430706999999999951e+00
1.430706999999999951e+00
1.430706999999999951e+00
1.430706999999999951e+00
1.430706999999999951e+00
1.430706999999999951e+00
1.430706999999999951e+00
1.430706999999999951e+00
1.430706999999999951e+00
1.430706999999999951e+00
1.430706999999999951e+00
1.430706999999999951e+00
1.430706999999999951e+00
1.430706999999999951e+00
1.430706999999999951e+00
1.430706999999999951e+00
1.430706999999999951e+00
1.430706999999999951e+00
1.430706999999999951e+00
1.430706999999999951e+00
1.430706999999999951e+00
1.430706999999999951e+00
1.430706999999999951e+00
1.430706999999999951e+00
1.430706999999999951e+00
1.430706999999999951e+00
1.430706999999999951e+00
1.430706999999999951e+00
1.430706999999999951e+00
1.430706999999999951e+00
1.430706999999999951e+00
1.430706999999999951e+00
1.430706999999999951e+00
1.430706999999999951e+00
1.430706999999999951e+00
1.430706999999999951e+00
1.430706999999999951e+00
1.430706999999999951e+00
1.430706999999999951e+00
1.430706999999999951e+00
1.430706999999999951e+00
1.430706999999999951e+00
1.430706999999999951e+00
1.430706999999999951e+00
1.430706999999999951e+00
1.430706999999999951e+00
1.430706999999999951e+00
1.430706999999999951e+00
1.430706999999999951e+00
1.430722999999999967e+00
1.430722999999999967e+00
1.430722999999999967e+00
1.430722999999999967e+00
1.430722999999999967e+00
