-1.236300000000000072e-02
-1.073849999999999978e-02
-9.776500000000000468e-03
-9.776500000000000468e-03
-9.776500000000000468e-03
-9.776500000000000468e-03
-9.776500000000000468e-03
-9.776500000000000468e-03
-9.776500000000000468e-03
-9.776500000000000468e-03
-9.776500000000000468e-03
-9.665999999999999245e-03
-9.665999999999999245e-03
-9.641999999999999529e-03
-9.641999999999999529e-03
-9.641999999999999529e-03
-9.641999999999999529e-03
-9.641999999999999529e-03
-9.641999999999999529e-03
-9.641999999999999529e-03
-9.641999999999999529e-03
-9.641999999999999529e-03
-9.635499999999999968e-03
-9.635499999999999968e-03
-9.445500000000000770e-03
-9.445500000000000770e-03
-9.445500000000000770e-03
-9.065999999999999406e-03
-9.065999999999999406e-03
-9.065999999999999406e-03
-9.065999999999999406e-03
-9.065999999999999406e-03
-9.065999999999999406e-03
-9.065999999999999406e-03
-9.065999999999999406e-03
-9.065999999999999406e-03
-9.065999999999999406e-03
-9.065999999999999406e-03
-9.065999999999999406e-03
-9.065999999999999406e-03
-9.065999999999999406e-03
-9.065999999999999406e-03
-9.065999999999999406e-03
-9.065999999999999406e-03
-9.065999999999999406e-03
-9.065999999999999406e-03
-9.065999999999999406e-03
-9.065999999999999406e-03
-9.065999999999999406e-03
-9.065999999999999406e-03
-9.065999999999999406e-03
-9.065999999999999406e-03
-9.065999999999999406e-03
-9.065999999999999406e-03
-9.065999999999999406e-03
-9.065999999999999406e-03
-9.065999999999999406e-03
-9.065999999999999406e-03
-9.065999999999999406e-03
-9.065999999999999406e-03
-9.065999999999999406e-03
-9.065999999999999406e-03
-9.065999999999999406e-03
-9.065999999999999406e-03
-9.065999999999999406e-03
-9.044999999999999221e-03
-9.044999999999999221e-03
-8.605500000000000302e-03
-8.605500000000000302e-03
-8.605500000000000302e-03
-8.605500000000000302e-03
-8.605500000000000302e-03
-8.605500000000000302e-03
-8.605500000000000302e-03
-8.605500000000000302e-03
-8.605500000000000302e-03
-8.585000000000000617e-03
-8.583000000000000351e-03
-8.583000000000000351e-03
-8.583000000000000351e-03
-8.583000000000000351e-03
-8.583000000000000351e-03
-8.583000000000000351e-03
-8.569500000000000728e-03
-8.569500000000000728e-03
-8.566999999999999962e-03
-8.564000000000000432e-03
-8.564000000000000432e-03
-8.564000000000000432e-03
-8.564000000000000432e-03
-8.564000000000000432e-03
-8.564000000000000432e-03
-8.562999999999999431e-03
-8.562999999999999431e-03
-8.562999999999999431e-03
-8.562999999999999431e-03
-8.562999999999999431e-03
-8.562999999999999431e-03
-8.562999999999999431e-03
-8.562999999999999431e-03
-8.562999999999999431e-03
-8.562999999999999431e-03
-8.562999999999999431e-03
-8.562999999999999431e-03
-8.562999999999999431e-03
-8.562999999999999431e-03
-8.562999999999999431e-03
-8.562999999999999431e-03
-8.562999999999999431e-03
-8.562999999999999431e-03
-8.562999999999999431e-03
-8.562999999999999431e-03
-8.562999999999999431e-03
-8.562999999999999431e-03
-8.562999999999999431e-03
-8.562999999999999431e-03
-8.562999999999999431e-03
-8.562999999999999431e-03
-8.562999999999999431e-03
-8.562999999999999431e-03
-8.562999999999999431e-03
-8.562999999999999431e-03
-8.477000000000000160e-03
-8.477000000000000160e-03
-8.477000000000000160e-03
-8.477000000000000160e-03
-8.477000000000000160e-03
-8.477000000000000160e-03
-8.477000000000000160e-03
-8.477000000000000160e-03
-8.477000000000000160e-03
-8.477000000000000160e-03
-8.477000000000000160e-03
-8.477000000000000160e-03
-8.477000000000000160e-03
-8.477000000000000160e-03
-8.477000000000000160e-03
-8.477000000000000160e-03
-8.477000000000000160e-03
-8.477000000000000160e-03
-8.477000000000000160e-03
-8.477000000000000160e-03
-8.477000000000000160e-03
-8.477000000000000160e-03
-8.477000000000000160e-03
-8.477000000000000160e-03
-8.477000000000000160e-03
-8.477000000000000160e-03
-8.477000000000000160e-03
-8.477000000000000160e-03
-8.477000000000000160e-03
-8.477000000000000160e-03
-8.477000000000000160e-03
-8.477000000000000160e-03
-8.477000000000000160e-03
-8.477000000000000160e-03
-8.477000000000000160e-03
-8.477000000000000160e-03
-8.477000000000000160e-03
-8.477000000000000160e-03
-8.432999999999999524e-03
-8.432999999999999524e-03
-8.432999999999999524e-03
-8.406500000000000777e-03
-8.406500000000000777e-03
-8.406500000000000777e-03
-8.406500000000000777e-03
-8.406500000000000777e-03
-8.406500000000000777e-03
-8.406500000000000777e-03
-8.406500000000000777e-03
-8.406500000000000777e-03
-8.406500000000000777e-03
-8.399000000000000216e-03
-8.399000000000000216e-03
-8.396499999999999450e-03
-8.395500000000000185e-03
-8.395500000000000185e-03
-8.395500000000000185e-03
-8.395500000000000185e-03
-8.395500000000000185e-03
-8.395500000000000185e-03
-8.395500000000000185e-03
-8.395500000000000185e-03
-8.395500000000000185e-03
-8.395500000000000185e-03
-8.395500000000000185e-03
-8.395500000000000185e-03
-8.395500000000000185e-03
-8.395500000000000185e-03
-8.395500000000000185e-03
-8.395500000000000185e-03
-8.395500000000000185e-03
-8.395500000000000185e-03
-8.395500000000000185e-03
-8.395500000000000185e-03
-8.395500000000000185e-03
-8.395500000000000185e-03
-8.395500000000000185e-03
-8.395500000000000185e-03
-8.395500000000000185e-03
-8.395500000000000185e-03
-8.395500000000000185e-03
-8.395500000000000185e-03
-8.395500000000000185e-03
-8.395500000000000185e-03
-8.395500000000000185e-03
-8.395500000000000185e-03
-8.395500000000000185e-03
-8.395500000000000185e-03
-8.395500000000000185e-03
-8.395500000000000185e-03
-8.316000000000000475e-03
-8.316000000000000475e-03
-8.316000000000000475e-03
-8.316000000000000475e-03
-8.316000000000000475e-03
-8.316000000000000475e-03
-8.077499999999999611e-03
-8.077499999999999611e-03
-8.077499999999999611e-03
-8.077499999999999611e-03
-8.077499999999999611e-03
-8.066999999999999518e-03
-7.144499999999999809e-03
-7.144499999999999809e-03
-7.144499999999999809e-03
-7.144499999999999809e-03
-7.144499999999999809e-03
-7.144499999999999809e-03
-7.053000000000000241e-03
-7.053000000000000241e-03
-7.053000000000000241e-03
-7.053000000000000241e-03
-7.053000000000000241e-03
-7.053000000000000241e-03
-7.053000000000000241e-03
-7.053000000000000241e-03
-7.053000000000000241e-03
-7.053000000000000241e-03
-7.053000000000000241e-03
-7.053000000000000241e-03
-7.053000000000000241e-03
-7.053000000000000241e-03
-7.053000000000000241e-03
-7.053000000000000241e-03
-7.053000000000000241e-03
-7.053000000000000241e-03
-7.053000000000000241e-03
-7.053000000000000241e-03
-7.053000000000000241e-03
-7.053000000000000241e-03
-6.998500000000000380e-03
-6.998500000000000380e-03
-6.998500000000000380e-03
-6.998500000000000380e-03
-6.998500000000000380e-03
-6.986000000000000022e-03
-6.984999999999999890e-03
-6.969500000000000001e-03
-6.963500000000000072e-03
-6.963500000000000072e-03
-6.963500000000000072e-03
-6.963500000000000072e-03
-6.963500000000000072e-03
-6.963500000000000072e-03
-6.959500000000000408e-03
-6.959500000000000408e-03
-6.959500000000000408e-03
-6.951500000000000214e-03
-6.951500000000000214e-03
-6.951500000000000214e-03
-6.951500000000000214e-03
-6.951500000000000214e-03
-6.951500000000000214e-03
-6.951500000000000214e-03
-6.951500000000000214e-03
-6.951500000000000214e-03
-6.951500000000000214e-03
-6.951500000000000214e-03
-6.951500000000000214e-03
-6.951500000000000214e-03
-6.951500000000000214e-03
-6.951500000000000214e-03
-6.951500000000000214e-03
-6.951500000000000214e-03
-6.944999999999999785e-03
-6.944999999999999785e-03
-6.944999999999999785e-03
-6.944999999999999785e-03
-6.944999999999999785e-03
-6.944999999999999785e-03
-6.944999999999999785e-03
-6.944999999999999785e-03
-6.944999999999999785e-03
-6.944999999999999785e-03
-6.944999999999999785e-03
-6.944999999999999785e-03
-6.944999999999999785e-03
-6.944999999999999785e-03
-6.944999999999999785e-03
-6.944999999999999785e-03
-6.944999999999999785e-03
-6.944999999999999785e-03
-6.944999999999999785e-03
-6.944999999999999785e-03
-6.944999999999999785e-03
-6.944999999999999785e-03
-6.944999999999999785e-03
-6.944999999999999785e-03
-6.944999999999999785e-03
-6.944999999999999785e-03
-6.944999999999999785e-03
-6.944999999999999785e-03
-6.944999999999999785e-03
-6.944999999999999785e-03
-6.944999999999999785e-03
-6.944999999999999785e-03
-6.944999999999999785e-03
-6.944999999999999785e-03
-6.944999999999999785e-03
-6.944999999999999785e-03
-6.944999999999999785e-03
-6.944999999999999785e-03
-6.943999999999999652e-03
-6.943999999999999652e-03
-6.943999999999999652e-03
-6.943999999999999652e-03
-6.943999999999999652e-03
-6.943999999999999652e-03
-6.943999999999999652e-03
-6.943999999999999652e-03
-6.943999999999999652e-03
-6.943999999999999652e-03
-6.943999999999999652e-03
-6.943999999999999652e-03
-6.943999999999999652e-03
-6.943999999999999652e-03
-6.943999999999999652e-03
-6.943999999999999652e-03
-6.943999999999999652e-03
-6.943999999999999652e-03
-6.943500000000000019e-03
-6.943500000000000019e-03
-6.943500000000000019e-03
-6.943500000000000019e-03
-6.943500000000000019e-03
-6.943500000000000019e-03
-6.943500000000000019e-03
-6.943500000000000019e-03
-6.943500000000000019e-03
-6.943500000000000019e-03
-6.943500000000000019e-03
-6.943500000000000019e-03
-6.943500000000000019e-03
-6.943500000000000019e-03
-6.943500000000000019e-03
-6.943500000000000019e-03
-6.943500000000000019e-03
-6.943500000000000019e-03
-6.943500000000000019e-03
-6.943500000000000019e-03
-6.943500000000000019e-03
-6.943500000000000019e-03
-6.943500000000000019e-03
-6.943500000000000019e-03
-6.943500000000000019e-03
-6.943500000000000019e-03
-6.943500000000000019e-03
-6.943500000000000019e-03
-6.943500000000000019e-03
-6.943500000000000019e-03
-6.943500000000000019e-03
-6.943500000000000019e-03
-6.943500000000000019e-03
-6.943500000000000019e-03
-6.943500000000000019e-03
-6.943500000000000019e-03
-6.943500000000000019e-03
-6.943500000000000019e-03
-6.943500000000000019e-03
-6.943500000000000019e-03
-6.943500000000000019e-03
-6.943500000000000019e-03
-6.943500000000000019e-03
-6.943500000000000019e-03
-6.943500000000000019e-03
-6.943500000000000019e-03
-6.943500000000000019e-03
-6.943500000000000019e-03
-6.943500000000000019e-03
-6.943500000000000019e-03
-6.943500000000000019e-03
-6.943500000000000019e-03
-6.943500000000000019e-03
-6.943500000000000019e-03
-6.943500000000000019e-03
-6.943500000000000019e-03
-6.943500000000000019e-03
-6.943500000000000019e-03
-6.943500000000000019e-03
-6.943500000000000019e-03
-6.943500000000000019e-03
-6.943500000000000019e-03
-6.943500000000000019e-03
-6.943500000000000019e-03
-6.943500000000000019e-03
-6.943500000000000019e-03
-6.943500000000000019e-03
-6.943500000000000019e-03
-6.943500000000000019e-03
-6.943500000000000019e-03
-6.943500000000000019e-03
-6.943500000000000019e-03
-6.943500000000000019e-03
-6.943500000000000019e-03
-6.943500000000000019e-03
-6.943500000000000019e-03
-6.943500000000000019e-03
-6.943500000000000019e-03
-6.943500000000000019e-03
-6.943500000000000019e-03
-6.943500000000000019e-03
-6.943500000000000019e-03
-6.943500000000000019e-03
-6.943500000000000019e-03
-6.943500000000000019e-03
-6.943500000000000019e-03
-6.943500000000000019e-03
-6.943500000000000019e-03
-6.943500000000000019e-03
-6.943500000000000019e-03
-6.943500000000000019e-03
-6.943500000000000019e-03
-6.943500000000000019e-03
-6.943500000000000019e-03
-6.943500000000000019e-03
-6.943500000000000019e-03
-6.943500000000000019e-03
-6.943500000000000019e-03
-6.943500000000000019e-03
-6.943500000000000019e-03
-6.943500000000000019e-03
-6.943500000000000019e-03
-6.943500000000000019e-03
-6.943500000000000019e-03
-6.943500000000000019e-03
-6.943500000000000019e-03
-6.943500000000000019e-03
-6.943500000000000019e-03
-6.943500000000000019e-03
-6.943500000000000019e-03
-6.943500000000000019e-03
-6.943500000000000019e-03
-6.943500000000000019e-03
-6.943500000000000019e-03
-6.943500000000000019e-03
-6.943500000000000019e-03
-6.943500000000000019e-03
-6.943500000000000019e-03
-6.943500000000000019e-03
-6.943500000000000019e-03
-6.943500000000000019e-03
-6.943500000000000019e-03
-6.943500000000000019e-03
-6.943500000000000019e-03
-6.943500000000000019e-03
-6.943500000000000019e-03
-6.943500000000000019e-03
-6.943500000000000019e-03
-6.943500000000000019e-03
-6.943500000000000019e-03
-6.943500000000000019e-03
-6.943500000000000019e-03
-6.943500000000000019e-03
-6.943500000000000019e-03
-6.943500000000000019e-03
-6.943500000000000019e-03
-6.943500000000000019e-03
-6.943500000000000019e-03
-6.943500000000000019e-03
-6.943500000000000019e-03
-6.943500000000000019e-03
-6.943500000000000019e-03
-6.943500000000000019e-03
-6.943500000000000019e-03
-6.943500000000000019e-03
-6.943500000000000019e-03
-6.943500000000000019e-03
-6.943500000000000019e-03
-6.943500000000000019e-03
-6.943500000000000019e-03
-6.943500000000000019e-03
-6.943500000000000019e-03
-6.943500000000000019e-03
-6.943500000000000019e-03
-6.943500000000000019e-03
-6.943500000000000019e-03
-6.943500000000000019e-03
-6.943500000000000019e-03
-6.943500000000000019e-03
-6.943500000000000019e-03
-6.943500000000000019e-03
-6.943500000000000019e-03
-6.943500000000000019e-03
-6.943500000000000019e-03
-6.943500000000000019e-03
-6.943500000000000019e-03
-6.943500000000000019e-03
-6.943500000000000019e-03
-6.943500000000000019e-03
-6.943500000000000019e-03
-6.943500000000000019e-03
-6.943500000000000019e-03
-6.943500000000000019e-03
-6.943500000000000019e-03
-6.943500000000000019e-03
-6.943500000000000019e-03
-6.943500000000000019e-03
-6.943500000000000019e-03
-6.943500000000000019e-03
-6.943500000000000019e-03
-6.943500000000000019e-03
-6.943500000000000019e-03
-6.943500000000000019e-03
-6.943500000000000019e-03
-6.943500000000000019e-03
-6.943500000000000019e-03
-6.943500000000000019e-03
-6.943500000000000019e-03
-6.943500000000000019e-03
-6.943500000000000019e-03
-6.943500000000000019e-03
-6.943500000000000019e-03
-6.943500000000000019e-03
-6.943500000000000019e-03
-6.943500000000000019e-03
-6.943500000000000019e-03
-6.943500000000000019e-03
-6.943500000000000019e-03
-6.943500000000000019e-03
-6.943500000000000019e-03
-6.943500000000000019e-03
-6.943500000000000019e-03
-6.943500000000000019e-03
-6.943500000000000019e-03
-6.943500000000000019e-03
-6.943500000000000019e-03
-6.943500000000000019e-03
-6.943500000000000019e-03
-6.943500000000000019e-03
-6.943500000000000019e-03
-6.943500000000000019e-03
-6.943500000000000019e-03
-6.943500000000000019e-03
-6.943500000000000019e-03
-6.943500000000000019e-03
-6.943500000000000019e-03
-6.943500000000000019e-03
-6.943500000000000019e-03
-6.938999999999999856e-03
-6.938999999999999856e-03
-6.938999999999999856e-03
-6.938999999999999856e-03
-6.938999999999999856e-03
-6.938999999999999856e-03
-6.928499999999999763e-03
-6.886999999999999893e-03
-6.862499999999999677e-03
-6.862499999999999677e-03
-6.854999999999999982e-03
-6.837000000000000195e-03
-6.837000000000000195e-03
-6.836499999999999695e-03
-6.836000000000000063e-03
-6.830499999999999766e-03
-6.830499999999999766e-03
-6.816000000000000010e-03
-6.658500000000000356e-03
-6.658500000000000356e-03
-6.658500000000000356e-03
-6.658500000000000356e-03
-6.658500000000000356e-03
-6.657500000000000223e-03
-6.657500000000000223e-03
-6.657500000000000223e-03
-6.657500000000000223e-03
-6.657500000000000223e-03
-6.657500000000000223e-03
-6.657500000000000223e-03
-6.656999999999999723e-03
-6.656999999999999723e-03
-6.656999999999999723e-03
-6.656999999999999723e-03
-6.656999999999999723e-03
-6.656999999999999723e-03
-6.656999999999999723e-03
-6.656999999999999723e-03
-6.656999999999999723e-03
-6.651500000000000294e-03
-6.644999999999999865e-03
-6.644999999999999865e-03
-6.644500000000000232e-03
-6.642499999999999967e-03
-6.642499999999999967e-03
-6.639499999999999569e-03
-6.639499999999999569e-03
-6.636999999999999671e-03
-6.636999999999999671e-03
-6.636999999999999671e-03
-6.636999999999999671e-03
-6.636999999999999671e-03
-6.636999999999999671e-03
-6.636999999999999671e-03
-6.636999999999999671e-03
-6.636999999999999671e-03
-6.636999999999999671e-03
-6.636999999999999671e-03
-6.636999999999999671e-03
-6.636999999999999671e-03
-6.636999999999999671e-03
-6.636999999999999671e-03
-6.636999999999999671e-03
-6.636999999999999671e-03
-6.636999999999999671e-03
-6.636999999999999671e-03
-6.528499999999999581e-03
-6.528499999999999581e-03
-6.528499999999999581e-03
-6.528499999999999581e-03
-6.528499999999999581e-03
-6.528499999999999581e-03
-6.528499999999999581e-03
-6.528499999999999581e-03
-6.528499999999999581e-03
-6.528499999999999581e-03
-6.509499999999999661e-03
-6.509499999999999661e-03
-6.509499999999999661e-03
-6.509499999999999661e-03
-6.509499999999999661e-03
-6.509000000000000029e-03
-6.487500000000000211e-03
-6.481999999999999915e-03
-6.481999999999999915e-03
-6.481999999999999915e-03
-6.481999999999999915e-03
-6.477499999999999751e-03
-6.477499999999999751e-03
-6.477499999999999751e-03
-6.477499999999999751e-03
-6.477499999999999751e-03
-6.477499999999999751e-03
-6.477499999999999751e-03
-6.473999999999999720e-03
-6.473999999999999720e-03
-6.473999999999999720e-03
-6.473999999999999720e-03
-6.473999999999999720e-03
-6.473999999999999720e-03
-6.473999999999999720e-03
-6.473999999999999720e-03
-6.473999999999999720e-03
-6.473999999999999720e-03
-6.473999999999999720e-03
-6.473999999999999720e-03
-6.473999999999999720e-03
-6.473999999999999720e-03
-6.473999999999999720e-03
-6.473999999999999720e-03
-6.473999999999999720e-03
-6.473999999999999720e-03
-6.473999999999999720e-03
-6.473999999999999720e-03
-6.473999999999999720e-03
-6.473999999999999720e-03
-6.473999999999999720e-03
-6.473999999999999720e-03
-6.473999999999999720e-03
-6.473999999999999720e-03
-6.473999999999999720e-03
-6.473999999999999720e-03
-6.473999999999999720e-03
-6.473999999999999720e-03
-6.473999999999999720e-03
-6.473999999999999720e-03
-6.473999999999999720e-03
-6.473999999999999720e-03
-6.473999999999999720e-03
-6.473999999999999720e-03
-6.473999999999999720e-03
-6.473999999999999720e-03
-6.473999999999999720e-03
-6.473999999999999720e-03
-6.473999999999999720e-03
-6.473999999999999720e-03
-6.473999999999999720e-03
-6.473999999999999720e-03
-6.473999999999999720e-03
-6.473999999999999720e-03
-6.473999999999999720e-03
-6.473999999999999720e-03
-6.473999999999999720e-03
-6.473999999999999720e-03
-6.473999999999999720e-03
-6.473999999999999720e-03
-6.473999999999999720e-03
-6.473999999999999720e-03
-6.473999999999999720e-03
-6.473999999999999720e-03
-6.473999999999999720e-03
-6.473999999999999720e-03
-6.473999999999999720e-03
-6.473999999999999720e-03
-6.473999999999999720e-03
-6.473999999999999720e-03
-6.473999999999999720e-03
-6.473999999999999720e-03
-6.473999999999999720e-03
-6.473999999999999720e-03
-6.473999999999999720e-03
-6.473999999999999720e-03
-6.473999999999999720e-03
-6.473999999999999720e-03
-6.473999999999999720e-03
-6.473999999999999720e-03
-6.473999999999999720e-03
-6.473999999999999720e-03
-6.473999999999999720e-03
-6.473999999999999720e-03
-6.473999999999999720e-03
-6.473999999999999720e-03
-6.473999999999999720e-03
-6.473999999999999720e-03
-6.473999999999999720e-03
-6.473999999999999720e-03
-6.473999999999999720e-03
-6.473999999999999720e-03
-6.473999999999999720e-03
-6.473999999999999720e-03
-6.473999999999999720e-03
-6.473999999999999720e-03
-6.473999999999999720e-03
-6.473999999999999720e-03
-6.473999999999999720e-03
-6.473999999999999720e-03
-6.473999999999999720e-03
-6.473999999999999720e-03
-6.473999999999999720e-03
-6.473999999999999720e-03
-6.473999999999999720e-03
-6.473999999999999720e-03
-6.473999999999999720e-03
-6.473999999999999720e-03
-6.473999999999999720e-03
-6.473999999999999720e-03
-6.473999999999999720e-03
-6.473999999999999720e-03
-6.473999999999999720e-03
-6.473999999999999720e-03
-6.473999999999999720e-03
-6.473999999999999720e-03
-6.473999999999999720e-03
-6.473999999999999720e-03
-6.473999999999999720e-03
-6.473999999999999720e-03
-6.473999999999999720e-03
-6.473999999999999720e-03
-6.473999999999999720e-03
-6.473999999999999720e-03
-6.473999999999999720e-03
-6.473999999999999720e-03
-6.473999999999999720e-03
-6.473999999999999720e-03
-6.473999999999999720e-03
-6.473999999999999720e-03
-6.473999999999999720e-03
-6.473999999999999720e-03
-6.473999999999999720e-03
-6.473999999999999720e-03
-6.473999999999999720e-03
-6.473999999999999720e-03
-6.473999999999999720e-03
-6.473999999999999720e-03
-6.473999999999999720e-03
-6.473999999999999720e-03
-6.473999999999999720e-03
-6.473999999999999720e-03
-6.473999999999999720e-03
-6.473999999999999720e-03
-6.473999999999999720e-03
-6.473999999999999720e-03
-6.473999999999999720e-03
-6.473999999999999720e-03
-6.473999999999999720e-03
-6.473999999999999720e-03
-6.473999999999999720e-03
-6.473999999999999720e-03
-6.473999999999999720e-03
-6.473999999999999720e-03
-6.473999999999999720e-03
-6.473999999999999720e-03
-6.473999999999999720e-03
-6.473999999999999720e-03
-6.473999999999999720e-03
-6.473999999999999720e-03
-6.473999999999999720e-03
-6.473999999999999720e-03
-6.473999999999999720e-03
-6.473999999999999720e-03
-6.473999999999999720e-03
-6.473999999999999720e-03
-6.473999999999999720e-03
-6.473999999999999720e-03
-6.473999999999999720e-03
-6.473999999999999720e-03
-6.473999999999999720e-03
-6.473999999999999720e-03
-6.473999999999999720e-03
-6.473999999999999720e-03
-6.473999999999999720e-03
-6.473999999999999720e-03
-6.473999999999999720e-03
-6.473999999999999720e-03
-6.473999999999999720e-03
-6.473999999999999720e-03
-6.473999999999999720e-03
-6.473999999999999720e-03
-6.473999999999999720e-03
-6.473999999999999720e-03
-6.473999999999999720e-03
-6.473999999999999720e-03
-6.473999999999999720e-03
-6.473999999999999720e-03
-6.473999999999999720e-03
-6.473999999999999720e-03
-6.473999999999999720e-03
-6.473999999999999720e-03
-6.473999999999999720e-03
-6.473999999999999720e-03
-6.473999999999999720e-03
-6.473999999999999720e-03
-6.473999999999999720e-03
-6.473999999999999720e-03
-6.473999999999999720e-03
-6.473999999999999720e-03
-6.473999999999999720e-03
-6.473999999999999720e-03
-6.473999999999999720e-03
-6.473999999999999720e-03
-6.473999999999999720e-03
-6.473999999999999720e-03
-6.473999999999999720e-03
-6.473999999999999720e-03
-6.473999999999999720e-03
-6.473999999999999720e-03
-6.473999999999999720e-03
-6.473999999999999720e-03
-6.473999999999999720e-03
-6.473999999999999720e-03
-6.473999999999999720e-03
-6.473999999999999720e-03
-6.473999999999999720e-03
-6.473999999999999720e-03
-6.473999999999999720e-03
-6.473999999999999720e-03
-6.473999999999999720e-03
-6.473999999999999720e-03
-6.473999999999999720e-03
-6.473999999999999720e-03
-6.473999999999999720e-03
-6.473999999999999720e-03
-6.473999999999999720e-03
-6.375999999999999723e-03
-6.375999999999999723e-03
-6.375999999999999723e-03
-6.375999999999999723e-03
-6.375999999999999723e-03
-6.375999999999999723e-03
-6.375999999999999723e-03
-6.375999999999999723e-03
-6.375999999999999723e-03
-6.375999999999999723e-03
-6.375999999999999723e-03
-6.375999999999999723e-03
-6.375999999999999723e-03
-6.375999999999999723e-03
-6.375999999999999723e-03
-6.375999999999999723e-03
-6.375999999999999723e-03
-6.375999999999999723e-03
-6.375999999999999723e-03
-6.375999999999999723e-03
-6.375999999999999723e-03
-6.375999999999999723e-03
-6.375999999999999723e-03
-6.375999999999999723e-03
-6.375999999999999723e-03
-6.375999999999999723e-03
-6.375999999999999723e-03
-6.375999999999999723e-03
-6.375999999999999723e-03
-6.375999999999999723e-03
-6.375999999999999723e-03
-6.375999999999999723e-03
-6.375999999999999723e-03
-6.375999999999999723e-03
-6.375999999999999723e-03
-6.375999999999999723e-03
-6.375999999999999723e-03
-6.375999999999999723e-03
-6.375999999999999723e-03
-6.375999999999999723e-03
-6.375999999999999723e-03
-6.375999999999999723e-03
-6.375999999999999723e-03
-6.375999999999999723e-03
-6.375999999999999723e-03
-6.375999999999999723e-03
-6.375999999999999723e-03
-6.375999999999999723e-03
-6.375999999999999723e-03
-6.375999999999999723e-03
-6.375999999999999723e-03
-6.375999999999999723e-03
-6.375999999999999723e-03
-6.375999999999999723e-03
-6.375999999999999723e-03
-6.375999999999999723e-03
-6.375999999999999723e-03
-6.375999999999999723e-03
-6.375999999999999723e-03
-6.375999999999999723e-03
-6.375999999999999723e-03
-6.375999999999999723e-03
-6.375999999999999723e-03
-6.375999999999999723e-03
-6.375999999999999723e-03
-6.375999999999999723e-03
-6.375999999999999723e-03
-6.358499999999999569e-03
-6.349999999999999742e-03
-6.349999999999999742e-03
-6.347499999999999844e-03
-6.347499999999999844e-03
-6.347499999999999844e-03
-6.346000000000000078e-03
-6.346000000000000078e-03
-6.346000000000000078e-03
-6.346000000000000078e-03
-6.346000000000000078e-03
-6.346000000000000078e-03
-6.346000000000000078e-03
-6.346000000000000078e-03
-6.346000000000000078e-03
-6.346000000000000078e-03
-6.346000000000000078e-03
-6.346000000000000078e-03
-6.346000000000000078e-03
-6.346000000000000078e-03
-6.346000000000000078e-03
-6.346000000000000078e-03
-6.346000000000000078e-03
-6.346000000000000078e-03
-6.346000000000000078e-03
-6.346000000000000078e-03
-6.346000000000000078e-03
-6.346000000000000078e-03
-6.346000000000000078e-03
-6.346000000000000078e-03
-6.346000000000000078e-03
-6.346000000000000078e-03
-6.346000000000000078e-03
-6.346000000000000078e-03
-6.346000000000000078e-03
-6.346000000000000078e-03
-6.346000000000000078e-03
-6.346000000000000078e-03
-6.346000000000000078e-03
-6.346000000000000078e-03
-6.346000000000000078e-03
-6.346000000000000078e-03
-6.346000000000000078e-03
-6.346000000000000078e-03
-6.346000000000000078e-03
-6.346000000000000078e-03
-6.346000000000000078e-03
-6.346000000000000078e-03
-6.346000000000000078e-03
-6.346000000000000078e-03
-6.346000000000000078e-03
-6.346000000000000078e-03
-6.346000000000000078e-03
-6.346000000000000078e-03
-6.346000000000000078e-03
-6.346000000000000078e-03
-6.346000000000000078e-03
-6.346000000000000078e-03
-6.346000000000000078e-03
-6.346000000000000078e-03
