-2.156450000000000033e-02
-2.156450000000000033e-02
-1.672349999999999878e-02
-1.672349999999999878e-02
-1.672349999999999878e-02
-1.651249999999999940e-02
-1.524449999999999937e-02
-1.524449999999999937e-02
-1.524449999999999937e-02
-1.524449999999999937e-02
-1.509150000000000075e-02
-1.473849999999999986e-02
-1.473849999999999986e-02
-1.454899999999999943e-02
-1.405350000000000002e-02
-1.405350000000000002e-02
-1.404749999999999922e-02
-1.392949999999999917e-02
-1.356699999999999920e-02
-1.356699999999999920e-02
-1.346950000000000057e-02
-1.346299999999999927e-02
-1.346299999999999927e-02
-1.346299999999999927e-02
-1.343850000000000079e-02
-1.336050000000000085e-02
-1.336050000000000085e-02
-1.333200000000000010e-02
-1.330849999999999915e-02
-1.330849999999999915e-02
-1.330849999999999915e-02
-1.325100000000000063e-02
-1.325100000000000063e-02
-1.325100000000000063e-02
-1.325100000000000063e-02
-1.325100000000000063e-02
-1.325100000000000063e-02
-1.325100000000000063e-02
-1.325100000000000063e-02
-1.325100000000000063e-02
-1.323900000000000077e-02
-1.323900000000000077e-02
-1.323900000000000077e-02
-1.323900000000000077e-02
-1.323900000000000077e-02
-1.323900000000000077e-02
-1.323900000000000077e-02
-1.199199999999999919e-02
-1.199199999999999919e-02
-1.199199999999999919e-02
-1.199199999999999919e-02
-1.199199999999999919e-02
-1.199199999999999919e-02
-1.199199999999999919e-02
-1.199199999999999919e-02
-1.199199999999999919e-02
-1.199199999999999919e-02
-1.199199999999999919e-02
-1.199199999999999919e-02
-1.199199999999999919e-02
-1.199199999999999919e-02
-1.199199999999999919e-02
-1.199199999999999919e-02
-1.199199999999999919e-02
-1.199199999999999919e-02
-1.135199999999999924e-02
-1.135199999999999924e-02
-1.135199999999999924e-02
-1.135199999999999924e-02
-1.112349999999999971e-02
-1.112349999999999971e-02
-1.112349999999999971e-02
-1.112349999999999971e-02
-1.112349999999999971e-02
-1.112349999999999971e-02
-1.112349999999999971e-02
-1.070399999999999997e-02
-1.068750000000000082e-02
-1.068599999999999932e-02
-1.068599999999999932e-02
-1.068599999999999932e-02
-1.068599999999999932e-02
-1.067449999999999996e-02
-1.067449999999999996e-02
-1.053250000000000020e-02
-1.053250000000000020e-02
-1.053250000000000020e-02
-1.053250000000000020e-02
-1.053250000000000020e-02
-9.974500000000000727e-03
-9.974500000000000727e-03
-9.947499999999999745e-03
-9.934999999999999387e-03
-9.934999999999999387e-03
-9.919499999999999498e-03
-9.919499999999999498e-03
-9.794000000000000622e-03
-9.768499999999999406e-03
-9.768499999999999406e-03
-9.716499999999999443e-03
-9.716499999999999443e-03
-9.707999999999999616e-03
-9.707999999999999616e-03
-9.700000000000000289e-03
-9.700000000000000289e-03
-9.688000000000000431e-03
-9.678499999999999603e-03
-9.678499999999999603e-03
-9.678499999999999603e-03
-9.678499999999999603e-03
-9.678000000000000838e-03
-9.678000000000000838e-03
-9.678000000000000838e-03
-9.678000000000000838e-03
-9.677500000000000338e-03
-9.677500000000000338e-03
-9.677500000000000338e-03
-9.677500000000000338e-03
-9.677500000000000338e-03
-9.677500000000000338e-03
-9.677500000000000338e-03
-9.677500000000000338e-03
-9.677500000000000338e-03
-9.676999999999999838e-03
-9.676999999999999838e-03
-9.676999999999999838e-03
-9.676999999999999838e-03
-9.676999999999999838e-03
-9.676999999999999838e-03
-9.674000000000000307e-03
-9.674000000000000307e-03
-9.671499999999999542e-03
-9.671499999999999542e-03
-9.671499999999999542e-03
-9.671499999999999542e-03
-9.671499999999999542e-03
-9.671000000000000776e-03
-9.671000000000000776e-03
-9.668500000000000011e-03
-9.662499999999999215e-03
-9.631000000000000671e-03
-9.622999999999999610e-03
-9.622999999999999610e-03
-9.622000000000000344e-03
-9.620999999999999344e-03
-9.618500000000000313e-03
-9.618500000000000313e-03
-9.617999999999999813e-03
-9.617999999999999813e-03
-9.617999999999999813e-03
-9.617999999999999813e-03
-9.617999999999999813e-03
-9.617999999999999813e-03
-9.617999999999999813e-03
-9.617999999999999813e-03
-9.617000000000000548e-03
-9.617000000000000548e-03
-9.617000000000000548e-03
-9.617000000000000548e-03
-9.617000000000000548e-03
-9.617000000000000548e-03
-9.617000000000000548e-03
-9.617000000000000548e-03
-9.617000000000000548e-03
-9.617000000000000548e-03
-9.617000000000000548e-03
-9.617000000000000548e-03
-9.617000000000000548e-03
-9.617000000000000548e-03
-9.617000000000000548e-03
-9.617000000000000548e-03
-9.617000000000000548e-03
-9.617000000000000548e-03
-9.617000000000000548e-03
-9.617000000000000548e-03
-9.617000000000000548e-03
-9.617000000000000548e-03
-9.617000000000000548e-03
-9.617000000000000548e-03
-9.616500000000000048e-03
-9.616500000000000048e-03
-9.616500000000000048e-03
-9.616500000000000048e-03
-9.616500000000000048e-03
-9.616500000000000048e-03
-9.616500000000000048e-03
-9.616500000000000048e-03
-9.616500000000000048e-03
-9.616500000000000048e-03
-9.616500000000000048e-03
-9.616500000000000048e-03
-9.616500000000000048e-03
-9.616500000000000048e-03
-9.616500000000000048e-03
-9.616500000000000048e-03
-9.616500000000000048e-03
-9.616500000000000048e-03
-9.616500000000000048e-03
-9.616500000000000048e-03
-9.616500000000000048e-03
-9.613500000000000517e-03
-9.613500000000000517e-03
-9.613500000000000517e-03
-9.613500000000000517e-03
-9.613500000000000517e-03
-9.613500000000000517e-03
-9.613500000000000517e-03
-9.613500000000000517e-03
-9.613000000000000017e-03
-9.613000000000000017e-03
-9.612499999999999517e-03
-9.612499999999999517e-03
-9.612499999999999517e-03
-9.612499999999999517e-03
-9.612499999999999517e-03
-9.612499999999999517e-03
-9.612499999999999517e-03
-9.612499999999999517e-03
-9.612499999999999517e-03
-9.612499999999999517e-03
-9.612499999999999517e-03
-9.612499999999999517e-03
-9.612499999999999517e-03
-9.612499999999999517e-03
-9.612499999999999517e-03
-9.612499999999999517e-03
-9.612499999999999517e-03
-9.612499999999999517e-03
-9.612499999999999517e-03
-9.612499999999999517e-03
-9.612499999999999517e-03
-9.612499999999999517e-03
-9.612499999999999517e-03
-9.612499999999999517e-03
-9.612499999999999517e-03
-9.612499999999999517e-03
-9.612499999999999517e-03
-9.612499999999999517e-03
-9.612499999999999517e-03
-9.612499999999999517e-03
-9.612499999999999517e-03
-9.612499999999999517e-03
-9.612499999999999517e-03
-9.612499999999999517e-03
-9.612499999999999517e-03
-9.612499999999999517e-03
-9.612499999999999517e-03
-9.612499999999999517e-03
-9.612499999999999517e-03
-9.612499999999999517e-03
-9.612499999999999517e-03
-9.612499999999999517e-03
-9.612499999999999517e-03
-9.612499999999999517e-03
-9.612499999999999517e-03
-9.612499999999999517e-03
-9.612499999999999517e-03
-9.612499999999999517e-03
-9.612499999999999517e-03
-9.612499999999999517e-03
-9.612499999999999517e-03
-9.612499999999999517e-03
-9.612499999999999517e-03
-9.612499999999999517e-03
-9.612499999999999517e-03
-9.612499999999999517e-03
-9.612499999999999517e-03
-9.612499999999999517e-03
-9.612499999999999517e-03
-9.612499999999999517e-03
-9.612499999999999517e-03
-9.612499999999999517e-03
-9.612499999999999517e-03
-9.612499999999999517e-03
-9.612499999999999517e-03
-9.612499999999999517e-03
-9.612499999999999517e-03
-9.612499999999999517e-03
-9.612499999999999517e-03
-9.612499999999999517e-03
-9.612499999999999517e-03
-9.612499999999999517e-03
-9.612499999999999517e-03
-9.612499999999999517e-03
-9.612499999999999517e-03
-9.612499999999999517e-03
-9.612499999999999517e-03
-9.612499999999999517e-03
-9.612499999999999517e-03
-9.612499999999999517e-03
-9.612499999999999517e-03
-9.612499999999999517e-03
-9.612499999999999517e-03
-9.612499999999999517e-03
-9.612499999999999517e-03
-9.612499999999999517e-03
-9.612499999999999517e-03
-9.612499999999999517e-03
-9.612499999999999517e-03
-9.612499999999999517e-03
-9.612499999999999517e-03
-9.612499999999999517e-03
-9.612499999999999517e-03
-9.612499999999999517e-03
-9.612499999999999517e-03
-9.612499999999999517e-03
-9.612499999999999517e-03
-9.612499999999999517e-03
-9.612499999999999517e-03
-9.612499999999999517e-03
-9.612499999999999517e-03
-9.612499999999999517e-03
-9.612499999999999517e-03
-9.612499999999999517e-03
-9.612499999999999517e-03
-9.612499999999999517e-03
-9.612499999999999517e-03
-9.612499999999999517e-03
-9.612499999999999517e-03
-9.612499999999999517e-03
-9.612499999999999517e-03
-9.612499999999999517e-03
-9.612499999999999517e-03
-9.612499999999999517e-03
-9.612499999999999517e-03
-9.612499999999999517e-03
-9.612499999999999517e-03
-9.612499999999999517e-03
-9.612499999999999517e-03
-9.612499999999999517e-03
-9.612499999999999517e-03
-9.612499999999999517e-03
-9.612499999999999517e-03
-9.612499999999999517e-03
-9.612499999999999517e-03
-9.612499999999999517e-03
-9.612499999999999517e-03
-9.612499999999999517e-03
-9.612499999999999517e-03
-9.612499999999999517e-03
-9.612499999999999517e-03
-9.612499999999999517e-03
-9.612499999999999517e-03
-9.612499999999999517e-03
-9.612499999999999517e-03
-9.612499999999999517e-03
-9.612499999999999517e-03
-9.612499999999999517e-03
-9.612499999999999517e-03
-9.612499999999999517e-03
-9.612499999999999517e-03
-9.612499999999999517e-03
-9.612499999999999517e-03
-9.612499999999999517e-03
-9.612499999999999517e-03
-9.612499999999999517e-03
-9.612499999999999517e-03
-9.612499999999999517e-03
-9.612499999999999517e-03
-9.612499999999999517e-03
-9.612499999999999517e-03
-9.612499999999999517e-03
-9.612499999999999517e-03
-9.612499999999999517e-03
-9.612499999999999517e-03
-9.612499999999999517e-03
-9.612499999999999517e-03
-9.612499999999999517e-03
-9.612499999999999517e-03
-9.612499999999999517e-03
-9.612499999999999517e-03
-9.612499999999999517e-03
-9.612499999999999517e-03
-9.612499999999999517e-03
-9.612499999999999517e-03
-9.612499999999999517e-03
-9.612499999999999517e-03
-9.612499999999999517e-03
-9.612499999999999517e-03
-9.612499999999999517e-03
-9.612499999999999517e-03
-9.612499999999999517e-03
-9.612499999999999517e-03
-9.612499999999999517e-03
-9.612499999999999517e-03
-9.612499999999999517e-03
-9.612499999999999517e-03
-9.612499999999999517e-03
-9.612499999999999517e-03
-9.612499999999999517e-03
-9.612499999999999517e-03
-9.612499999999999517e-03
-9.612499999999999517e-03
-9.612499999999999517e-03
-9.612499999999999517e-03
-9.612499999999999517e-03
-9.612499999999999517e-03
-9.612499999999999517e-03
-9.612499999999999517e-03
-9.612499999999999517e-03
-9.612499999999999517e-03
-9.612499999999999517e-03
-9.612499999999999517e-03
-9.612499999999999517e-03
-9.612499999999999517e-03
-9.612499999999999517e-03
-9.612499999999999517e-03
-9.612499999999999517e-03
-9.612499999999999517e-03
-9.612499999999999517e-03
-9.612499999999999517e-03
-9.612499999999999517e-03
-9.612499999999999517e-03
-9.612499999999999517e-03
-9.612499999999999517e-03
-9.612499999999999517e-03
-9.612499999999999517e-03
-9.612499999999999517e-03
-9.612499999999999517e-03
-9.612499999999999517e-03
-9.612499999999999517e-03
-9.612499999999999517e-03
-9.612499999999999517e-03
-9.612499999999999517e-03
-9.612499999999999517e-03
-9.612499999999999517e-03
-9.612499999999999517e-03
-9.612499999999999517e-03
-9.612499999999999517e-03
-9.612499999999999517e-03
-9.612499999999999517e-03
-9.612499999999999517e-03
-9.612499999999999517e-03
-9.612499999999999517e-03
-9.612499999999999517e-03
-9.612499999999999517e-03
-9.612499999999999517e-03
-9.612499999999999517e-03
-9.612499999999999517e-03
-9.612499999999999517e-03
-9.612499999999999517e-03
-9.612499999999999517e-03
-9.612499999999999517e-03
-9.612499999999999517e-03
-9.612499999999999517e-03
-9.612499999999999517e-03
-9.612499999999999517e-03
-9.612499999999999517e-03
-9.612499999999999517e-03
-9.612499999999999517e-03
-9.612499999999999517e-03
-9.612499999999999517e-03
-9.612499999999999517e-03
-9.612499999999999517e-03
-9.612499999999999517e-03
-9.612499999999999517e-03
-9.612499999999999517e-03
-9.612499999999999517e-03
-9.612499999999999517e-03
-9.612499999999999517e-03
-9.612499999999999517e-03
-9.612499999999999517e-03
-9.612499999999999517e-03
-9.612499999999999517e-03
-9.612499999999999517e-03
-9.612499999999999517e-03
-9.612499999999999517e-03
-9.612499999999999517e-03
-9.612499999999999517e-03
-9.612499999999999517e-03
-9.612499999999999517e-03
-9.612499999999999517e-03
-9.612499999999999517e-03
-9.612499999999999517e-03
-9.612499999999999517e-03
-9.612499999999999517e-03
-9.612499999999999517e-03
-9.612499999999999517e-03
-9.612499999999999517e-03
-9.612499999999999517e-03
-9.612499999999999517e-03
-9.612499999999999517e-03
-9.612499999999999517e-03
-9.612499999999999517e-03
-9.612499999999999517e-03
-9.612499999999999517e-03
-9.612499999999999517e-03
-9.612499999999999517e-03
-9.612499999999999517e-03
-9.612499999999999517e-03
-9.612499999999999517e-03
-9.612499999999999517e-03
-9.612499999999999517e-03
-9.612499999999999517e-03
-9.612499999999999517e-03
-9.612499999999999517e-03
-9.612499999999999517e-03
-9.612499999999999517e-03
-9.612499999999999517e-03
-9.612499999999999517e-03
-9.612499999999999517e-03
-9.612499999999999517e-03
-9.612499999999999517e-03
-9.612499999999999517e-03
-9.612499999999999517e-03
-9.612499999999999517e-03
-9.612499999999999517e-03
-9.612499999999999517e-03
-9.612499999999999517e-03
-9.612499999999999517e-03
-9.612499999999999517e-03
-9.612499999999999517e-03
-9.612499999999999517e-03
-9.612499999999999517e-03
-9.612499999999999517e-03
-9.612499999999999517e-03
-9.612499999999999517e-03
-9.612499999999999517e-03
-9.612499999999999517e-03
-9.612499999999999517e-03
-9.612499999999999517e-03
-9.612499999999999517e-03
-9.612499999999999517e-03
-9.612499999999999517e-03
-9.612499999999999517e-03
-9.612499999999999517e-03
-9.612499999999999517e-03
-9.612499999999999517e-03
-9.612499999999999517e-03
-9.612499999999999517e-03
-9.612499999999999517e-03
-9.612499999999999517e-03
-9.612499999999999517e-03
-9.612499999999999517e-03
-9.612000000000000752e-03
-9.612000000000000752e-03
-9.612000000000000752e-03
-9.612000000000000752e-03
-9.612000000000000752e-03
-9.612000000000000752e-03
-9.612000000000000752e-03
-9.612000000000000752e-03
-9.612000000000000752e-03
-9.612000000000000752e-03
-9.612000000000000752e-03
-9.612000000000000752e-03
-9.612000000000000752e-03
-9.612000000000000752e-03
-9.612000000000000752e-03
-9.612000000000000752e-03
-9.612000000000000752e-03
-9.612000000000000752e-03
-9.612000000000000752e-03
-9.612000000000000752e-03
-9.612000000000000752e-03
-9.612000000000000752e-03
-9.612000000000000752e-03
-9.612000000000000752e-03
-9.612000000000000752e-03
-9.612000000000000752e-03
-9.612000000000000752e-03
-9.612000000000000752e-03
-9.612000000000000752e-03
-9.612000000000000752e-03
-9.612000000000000752e-03
-9.612000000000000752e-03
-9.612000000000000752e-03
-9.612000000000000752e-03
-9.612000000000000752e-03
-9.612000000000000752e-03
-9.612000000000000752e-03
-9.612000000000000752e-03
-9.612000000000000752e-03
-9.612000000000000752e-03
-9.612000000000000752e-03
-9.612000000000000752e-03
-9.612000000000000752e-03
-9.612000000000000752e-03
-9.612000000000000752e-03
-9.612000000000000752e-03
-9.612000000000000752e-03
-9.612000000000000752e-03
-9.612000000000000752e-03
-9.612000000000000752e-03
-9.612000000000000752e-03
-9.612000000000000752e-03
-9.612000000000000752e-03
-9.612000000000000752e-03
-9.612000000000000752e-03
-9.612000000000000752e-03
-9.612000000000000752e-03
-9.612000000000000752e-03
-9.612000000000000752e-03
-9.612000000000000752e-03
-9.612000000000000752e-03
-9.612000000000000752e-03
-9.612000000000000752e-03
-9.612000000000000752e-03
-9.612000000000000752e-03
-9.612000000000000752e-03
-9.612000000000000752e-03
-9.612000000000000752e-03
-9.612000000000000752e-03
-9.612000000000000752e-03
-9.612000000000000752e-03
-9.612000000000000752e-03
-9.612000000000000752e-03
-9.612000000000000752e-03
-9.612000000000000752e-03
-9.612000000000000752e-03
-9.612000000000000752e-03
-9.612000000000000752e-03
-9.612000000000000752e-03
-9.612000000000000752e-03
-9.612000000000000752e-03
-9.612000000000000752e-03
-9.612000000000000752e-03
-9.612000000000000752e-03
-9.612000000000000752e-03
-9.612000000000000752e-03
-9.612000000000000752e-03
-9.612000000000000752e-03
-9.612000000000000752e-03
-9.612000000000000752e-03
-9.612000000000000752e-03
-9.612000000000000752e-03
-9.612000000000000752e-03
-9.612000000000000752e-03
-9.612000000000000752e-03
-9.612000000000000752e-03
-9.612000000000000752e-03
-9.612000000000000752e-03
-9.612000000000000752e-03
-9.612000000000000752e-03
-9.612000000000000752e-03
-9.612000000000000752e-03
-9.612000000000000752e-03
-9.612000000000000752e-03
-9.612000000000000752e-03
-9.612000000000000752e-03
-9.612000000000000752e-03
-9.612000000000000752e-03
-9.612000000000000752e-03
-9.612000000000000752e-03
-9.612000000000000752e-03
-9.612000000000000752e-03
-9.612000000000000752e-03
-9.612000000000000752e-03
-9.612000000000000752e-03
-9.612000000000000752e-03
-9.612000000000000752e-03
-9.612000000000000752e-03
-9.612000000000000752e-03
-9.612000000000000752e-03
-9.612000000000000752e-03
-9.612000000000000752e-03
-9.612000000000000752e-03
-9.612000000000000752e-03
-9.612000000000000752e-03
-9.612000000000000752e-03
-9.612000000000000752e-03
-9.612000000000000752e-03
-9.612000000000000752e-03
-9.612000000000000752e-03
-9.612000000000000752e-03
-9.612000000000000752e-03
-9.612000000000000752e-03
-9.612000000000000752e-03
-9.612000000000000752e-03
-9.612000000000000752e-03
-9.612000000000000752e-03
-9.612000000000000752e-03
-9.612000000000000752e-03
-9.612000000000000752e-03
-9.612000000000000752e-03
-9.612000000000000752e-03
-9.612000000000000752e-03
-9.612000000000000752e-03
-9.612000000000000752e-03
-9.612000000000000752e-03
-9.612000000000000752e-03
-9.612000000000000752e-03
-9.612000000000000752e-03
-9.612000000000000752e-03
-9.612000000000000752e-03
-9.612000000000000752e-03
-9.612000000000000752e-03
-9.612000000000000752e-03
-9.612000000000000752e-03
-9.612000000000000752e-03
-9.612000000000000752e-03
-9.612000000000000752e-03
-9.612000000000000752e-03
-9.612000000000000752e-03
-9.612000000000000752e-03
-9.612000000000000752e-03
-9.612000000000000752e-03
-9.612000000000000752e-03
-9.612000000000000752e-03
-9.612000000000000752e-03
-9.612000000000000752e-03
-9.612000000000000752e-03
-9.612000000000000752e-03
-9.612000000000000752e-03
-9.612000000000000752e-03
-9.612000000000000752e-03
-9.612000000000000752e-03
-9.612000000000000752e-03
-9.612000000000000752e-03
-9.612000000000000752e-03
-9.612000000000000752e-03
-9.612000000000000752e-03
-9.612000000000000752e-03
-9.612000000000000752e-03
-9.612000000000000752e-03
-9.612000000000000752e-03
-9.612000000000000752e-03
-9.612000000000000752e-03
-9.612000000000000752e-03
-9.612000000000000752e-03
-9.612000000000000752e-03
-9.612000000000000752e-03
-9.612000000000000752e-03
-9.612000000000000752e-03
-9.612000000000000752e-03
-9.612000000000000752e-03
-9.612000000000000752e-03
-9.612000000000000752e-03
-9.612000000000000752e-03
-9.612000000000000752e-03
-9.612000000000000752e-03
-9.612000000000000752e-03
-9.612000000000000752e-03
-9.612000000000000752e-03
-9.612000000000000752e-03
-9.612000000000000752e-03
-9.612000000000000752e-03
-9.612000000000000752e-03
-9.612000000000000752e-03
-9.612000000000000752e-03
-9.612000000000000752e-03
-9.612000000000000752e-03
-9.612000000000000752e-03
-9.612000000000000752e-03
-9.612000000000000752e-03
-9.612000000000000752e-03
-9.612000000000000752e-03
-9.612000000000000752e-03
-9.612000000000000752e-03
-9.612000000000000752e-03
-9.612000000000000752e-03
-9.612000000000000752e-03
-9.612000000000000752e-03
-9.612000000000000752e-03
-9.612000000000000752e-03
-9.612000000000000752e-03
-9.612000000000000752e-03
-9.612000000000000752e-03
-9.612000000000000752e-03
-9.612000000000000752e-03
-9.612000000000000752e-03
-9.612000000000000752e-03
-9.612000000000000752e-03
-9.612000000000000752e-03
-9.612000000000000752e-03
-9.612000000000000752e-03
-9.612000000000000752e-03
-9.612000000000000752e-03
-9.612000000000000752e-03
-9.612000000000000752e-03
-9.612000000000000752e-03
-9.612000000000000752e-03
-9.612000000000000752e-03
-9.612000000000000752e-03
-9.612000000000000752e-03
-9.612000000000000752e-03
-9.612000000000000752e-03
-9.612000000000000752e-03
-9.612000000000000752e-03
-9.612000000000000752e-03
-9.612000000000000752e-03
-9.612000000000000752e-03
-9.612000000000000752e-03
-9.612000000000000752e-03
-9.612000000000000752e-03
-9.612000000000000752e-03
-9.612000000000000752e-03
-9.612000000000000752e-03
-9.612000000000000752e-03
-9.612000000000000752e-03
-9.612000000000000752e-03
-9.612000000000000752e-03
-9.612000000000000752e-03
-9.612000000000000752e-03
-9.612000000000000752e-03
-9.612000000000000752e-03
-9.612000000000000752e-03
-9.612000000000000752e-03
-9.612000000000000752e-03
-9.612000000000000752e-03
-9.612000000000000752e-03
-9.612000000000000752e-03
-9.612000000000000752e-03
-9.612000000000000752e-03
-9.612000000000000752e-03
-9.612000000000000752e-03
-9.612000000000000752e-03
-9.612000000000000752e-03
-9.612000000000000752e-03
-9.612000000000000752e-03
-9.612000000000000752e-03
-9.612000000000000752e-03
-9.612000000000000752e-03
-9.612000000000000752e-03
-9.612000000000000752e-03
-9.612000000000000752e-03
-9.612000000000000752e-03
-9.612000000000000752e-03
-9.612000000000000752e-03
-9.612000000000000752e-03
-9.612000000000000752e-03
-9.612000000000000752e-03
-9.612000000000000752e-03
-9.612000000000000752e-03
-9.612000000000000752e-03
-9.612000000000000752e-03
-9.612000000000000752e-03
-9.612000000000000752e-03
-9.612000000000000752e-03
-9.612000000000000752e-03
-9.612000000000000752e-03
-9.612000000000000752e-03
-9.612000000000000752e-03
-9.612000000000000752e-03
-9.612000000000000752e-03
-9.612000000000000752e-03
-9.612000000000000752e-03
-9.612000000000000752e-03
-9.612000000000000752e-03
-9.612000000000000752e-03
-9.612000000000000752e-03
-9.612000000000000752e-03
-9.612000000000000752e-03
-9.612000000000000752e-03
-9.612000000000000752e-03
-9.612000000000000752e-03
-9.612000000000000752e-03
-9.612000000000000752e-03
-9.612000000000000752e-03
-9.612000000000000752e-03
-9.612000000000000752e-03
-9.612000000000000752e-03
-9.612000000000000752e-03
-9.612000000000000752e-03
-9.612000000000000752e-03
-9.612000000000000752e-03
-9.612000000000000752e-03
-9.612000000000000752e-03
-9.612000000000000752e-03
-9.612000000000000752e-03
-9.612000000000000752e-03
-9.612000000000000752e-03
-9.612000000000000752e-03
-9.612000000000000752e-03
-9.612000000000000752e-03
-9.612000000000000752e-03
-9.612000000000000752e-03
-9.612000000000000752e-03
-9.612000000000000752e-03
-9.612000000000000752e-03
-9.612000000000000752e-03
-9.612000000000000752e-03
-9.612000000000000752e-03
-9.612000000000000752e-03
-9.612000000000000752e-03
-9.612000000000000752e-03
-9.612000000000000752e-03
-9.612000000000000752e-03
-9.612000000000000752e-03
-9.612000000000000752e-03
-9.612000000000000752e-03
-9.612000000000000752e-03
-9.612000000000000752e-03
-9.612000000000000752e-03
-9.612000000000000752e-03
-9.612000000000000752e-03
-9.612000000000000752e-03
-9.612000000000000752e-03
-9.612000000000000752e-03
-9.612000000000000752e-03
-9.612000000000000752e-03
-9.612000000000000752e-03
-9.612000000000000752e-03
-9.612000000000000752e-03
-9.612000000000000752e-03
-9.612000000000000752e-03
-9.612000000000000752e-03
-9.612000000000000752e-03
-9.612000000000000752e-03
-9.612000000000000752e-03
-9.612000000000000752e-03
-9.612000000000000752e-03
-9.612000000000000752e-03
-9.612000000000000752e-03
-9.612000000000000752e-03
-9.612000000000000752e-03
-9.612000000000000752e-03
-9.612000000000000752e-03
-9.612000000000000752e-03
-9.612000000000000752e-03
-9.612000000000000752e-03
-9.612000000000000752e-03
-9.612000000000000752e-03
-9.612000000000000752e-03
-9.612000000000000752e-03
-9.612000000000000752e-03
-9.612000000000000752e-03
-9.612000000000000752e-03
-9.612000000000000752e-03
-9.612000000000000752e-03
-9.612000000000000752e-03
-9.612000000000000752e-03
-9.612000000000000752e-03
-9.612000000000000752e-03
-9.612000000000000752e-03
-9.612000000000000752e-03
-9.612000000000000752e-03
-9.612000000000000752e-03
-9.612000000000000752e-03
-9.612000000000000752e-03
-9.612000000000000752e-03
-9.612000000000000752e-03
-9.612000000000000752e-03
-9.612000000000000752e-03
-9.612000000000000752e-03
-9.612000000000000752e-03
-9.612000000000000752e-03
-9.612000000000000752e-03
-9.612000000000000752e-03
-9.612000000000000752e-03
-9.612000000000000752e-03
-9.612000000000000752e-03
-9.612000000000000752e-03
-9.612000000000000752e-03
-9.612000000000000752e-03
-9.612000000000000752e-03
-9.612000000000000752e-03
-9.612000000000000752e-03
-9.612000000000000752e-03
-9.612000000000000752e-03
-9.612000000000000752e-03
-9.612000000000000752e-03
-9.612000000000000752e-03
-9.612000000000000752e-03
-9.612000000000000752e-03
-9.612000000000000752e-03
-9.612000000000000752e-03
-9.612000000000000752e-03
-9.612000000000000752e-03
-9.612000000000000752e-03
-9.612000000000000752e-03
-9.612000000000000752e-03
-9.612000000000000752e-03
-9.612000000000000752e-03
-9.612000000000000752e-03
-9.612000000000000752e-03
-9.612000000000000752e-03
-9.612000000000000752e-03
-9.612000000000000752e-03
-9.612000000000000752e-03
-9.612000000000000752e-03
-9.612000000000000752e-03
-9.612000000000000752e-03
-9.612000000000000752e-03
-9.612000000000000752e-03
-9.612000000000000752e-03
-9.612000000000000752e-03
-9.612000000000000752e-03
-9.612000000000000752e-03
-9.612000000000000752e-03
-9.612000000000000752e-03
-9.612000000000000752e-03
-9.612000000000000752e-03
-9.612000000000000752e-03
-9.612000000000000752e-03
-9.612000000000000752e-03
-9.612000000000000752e-03
-9.612000000000000752e-03
-9.612000000000000752e-03
-9.612000000000000752e-03
-9.612000000000000752e-03
-9.612000000000000752e-03
-9.612000000000000752e-03
-9.612000000000000752e-03
-9.612000000000000752e-03
-9.612000000000000752e-03
-9.612000000000000752e-03
-9.612000000000000752e-03
-9.612000000000000752e-03
-9.612000000000000752e-03
