4.211047870848252384e-01
4.871564784808110060e-01
2.600093536098525004e-01
2.261984711829249650e-01
3.188037749376185781e-01
5.154923940860991483e-01
3.395503793603016351e-01
5.729157376216105213e-01
7.159903497597048805e-01
6.582102548203777603e-01
6.492396983942025912e-01
2.303741402561515494e-01
5.535631228812241122e-01
7.913608368629707623e-01
6.463253790717533587e-01
3.055870377903772139e-01
7.691441452978957649e-01
4.831086455160057413e-01
3.033982429373418555e-01
7.243351557163857368e-01
2.508230045667991792e-01
6.695949307913744430e-01
8.664922850839831270e-01
8.804181388467069436e-01
4.147697560937423367e-01
7.684715943293995988e-01
4.114886719376229518e-01
4.270102919555874843e-01
7.495417151323731098e-01
4.456265208130874012e-01
