-2.057329999999999992e-01
-2.057329999999999992e-01
-2.032150000000000067e-01
-2.032150000000000067e-01
-1.989065000000000139e-01
-1.967055000000000053e-01
-1.953225000000000100e-01
-1.946334999999999871e-01
-1.946334999999999871e-01
-1.885165000000000035e-01
-1.885165000000000035e-01
-1.885165000000000035e-01
-1.878400000000000070e-01
-1.878400000000000070e-01
-1.878400000000000070e-01
-1.878400000000000070e-01
-1.878400000000000070e-01
-1.878400000000000070e-01
-1.878400000000000070e-01
-1.878400000000000070e-01
-1.878400000000000070e-01
-1.878090000000000037e-01
-1.878090000000000037e-01
-1.875374999999999959e-01
-1.873849999999999960e-01
-1.869429999999999981e-01
-1.869429999999999981e-01
-1.869429999999999981e-01
-1.869429999999999981e-01
-1.869429999999999981e-01
-1.867574999999999930e-01
-1.867574999999999930e-01
-1.867574999999999930e-01
-1.867574999999999930e-01
-1.867574999999999930e-01
-1.867574999999999930e-01
-1.867574999999999930e-01
-1.865789999999999949e-01
-1.865789999999999949e-01
-1.865789999999999949e-01
-1.865789999999999949e-01
-1.865789999999999949e-01
-1.865789999999999949e-01
-1.865789999999999949e-01
-1.865789999999999949e-01
-1.865789999999999949e-01
-1.865789999999999949e-01
-1.865789999999999949e-01
-1.865769999999999929e-01
-1.865769999999999929e-01
-1.864830000000000099e-01
-1.864830000000000099e-01
-1.864375000000000060e-01
-1.864375000000000060e-01
-1.864375000000000060e-01
-1.862685000000000035e-01
-1.862685000000000035e-01
-1.862685000000000035e-01
-1.862685000000000035e-01
-1.862685000000000035e-01
-1.862685000000000035e-01
-1.862685000000000035e-01
-1.862685000000000035e-01
-1.862685000000000035e-01
-1.862685000000000035e-01
-1.862685000000000035e-01
-1.862685000000000035e-01
-1.862685000000000035e-01
-1.862685000000000035e-01
-1.862685000000000035e-01
-1.862685000000000035e-01
-1.862685000000000035e-01
-1.862685000000000035e-01
-1.862685000000000035e-01
-1.861919999999999964e-01
-1.861919999999999964e-01
-1.861919999999999964e-01
-1.861919999999999964e-01
-1.861919999999999964e-01
-1.861919999999999964e-01
-1.861919999999999964e-01
-1.861919999999999964e-01
-1.861919999999999964e-01
-1.861919999999999964e-01
-1.860684999999999978e-01
-1.860684999999999978e-01
-1.860684999999999978e-01
-1.860684999999999978e-01
-1.860684999999999978e-01
-1.860684999999999978e-01
-1.860684999999999978e-01
-1.860684999999999978e-01
-1.860684999999999978e-01
-1.860684999999999978e-01
-1.860684999999999978e-01
-1.860684999999999978e-01
-1.860684999999999978e-01
-1.860684999999999978e-01
-1.860580000000000012e-01
-1.860580000000000012e-01
-1.860580000000000012e-01
-1.859750000000000014e-01
-1.859750000000000014e-01
-1.859750000000000014e-01
-1.859750000000000014e-01
-1.859750000000000014e-01
-1.859470000000000012e-01
-1.859470000000000012e-01
-1.859470000000000012e-01
-1.859470000000000012e-01
-1.859359999999999902e-01
-1.859359999999999902e-01
-1.859359999999999902e-01
-1.859359999999999902e-01
-1.859359999999999902e-01
-1.859359999999999902e-01
-1.859359999999999902e-01
-1.859359999999999902e-01
-1.859359999999999902e-01
-1.859359999999999902e-01
-1.859359999999999902e-01
-1.859359999999999902e-01
-1.859359999999999902e-01
-1.859359999999999902e-01
-1.859359999999999902e-01
-1.859359999999999902e-01
-1.859359999999999902e-01
-1.859359999999999902e-01
-1.859359999999999902e-01
-1.859359999999999902e-01
-1.859359999999999902e-01
-1.859359999999999902e-01
-1.859359999999999902e-01
-1.859359999999999902e-01
-1.859359999999999902e-01
-1.859359999999999902e-01
-1.859244999999999925e-01
-1.859244999999999925e-01
-1.859244999999999925e-01
-1.859244999999999925e-01
-1.859244999999999925e-01
-1.859244999999999925e-01
-1.859244999999999925e-01
-1.859244999999999925e-01
-1.859244999999999925e-01
-1.859244999999999925e-01
-1.859244999999999925e-01
-1.859244999999999925e-01
-1.859244999999999925e-01
-1.859244999999999925e-01
-1.859244999999999925e-01
-1.859244999999999925e-01
-1.859244999999999925e-01
-1.858964999999999923e-01
-1.858964999999999923e-01
-1.858964999999999923e-01
-1.858964999999999923e-01
-1.858964999999999923e-01
-1.858964999999999923e-01
-1.858964999999999923e-01
-1.858964999999999923e-01
-1.858964999999999923e-01
-1.858964999999999923e-01
-1.858964999999999923e-01
-1.858964999999999923e-01
-1.858964999999999923e-01
-1.858964999999999923e-01
-1.858964999999999923e-01
-1.858964999999999923e-01
-1.858964999999999923e-01
-1.858964999999999923e-01
-1.858964999999999923e-01
-1.858964999999999923e-01
-1.858964999999999923e-01
-1.858964999999999923e-01
-1.858964999999999923e-01
-1.858964999999999923e-01
-1.858964999999999923e-01
-1.858964999999999923e-01
-1.858964999999999923e-01
-1.858964999999999923e-01
-1.858964999999999923e-01
-1.858964999999999923e-01
-1.858625000000000138e-01
-1.858625000000000138e-01
-1.858625000000000138e-01
-1.858625000000000138e-01
-1.858625000000000138e-01
-1.858625000000000138e-01
-1.858625000000000138e-01
-1.858625000000000138e-01
-1.858625000000000138e-01
-1.858625000000000138e-01
-1.858625000000000138e-01
-1.858625000000000138e-01
-1.858625000000000138e-01
-1.857910000000000117e-01
-1.857910000000000117e-01
-1.857910000000000117e-01
-1.857910000000000117e-01
-1.857910000000000117e-01
-1.857910000000000117e-01
-1.857910000000000117e-01
-1.857910000000000117e-01
-1.857910000000000117e-01
-1.857910000000000117e-01
-1.857910000000000117e-01
-1.857910000000000117e-01
-1.857910000000000117e-01
-1.857910000000000117e-01
-1.857910000000000117e-01
-1.857910000000000117e-01
-1.857910000000000117e-01
-1.857910000000000117e-01
-1.857910000000000117e-01
-1.857910000000000117e-01
-1.857910000000000117e-01
-1.857910000000000117e-01
-1.857910000000000117e-01
-1.857910000000000117e-01
-1.857910000000000117e-01
-1.857910000000000117e-01
-1.857910000000000117e-01
-1.857765000000000111e-01
-1.857765000000000111e-01
-1.857765000000000111e-01
-1.857765000000000111e-01
-1.857765000000000111e-01
-1.857765000000000111e-01
-1.857765000000000111e-01
-1.857765000000000111e-01
-1.857765000000000111e-01
-1.857765000000000111e-01
-1.857765000000000111e-01
-1.857765000000000111e-01
-1.857765000000000111e-01
-1.857765000000000111e-01
-1.857765000000000111e-01
-1.857765000000000111e-01
-1.857560000000000044e-01
-1.857560000000000044e-01
-1.857560000000000044e-01
-1.857560000000000044e-01
-1.857560000000000044e-01
-1.857560000000000044e-01
-1.857560000000000044e-01
-1.857560000000000044e-01
-1.857560000000000044e-01
-1.857560000000000044e-01
-1.857560000000000044e-01
-1.857560000000000044e-01
-1.857560000000000044e-01
-1.857560000000000044e-01
-1.857560000000000044e-01
-1.857560000000000044e-01
-1.857560000000000044e-01
-1.857560000000000044e-01
-1.857560000000000044e-01
-1.857560000000000044e-01
-1.857560000000000044e-01
-1.857560000000000044e-01
-1.857560000000000044e-01
-1.857560000000000044e-01
-1.857560000000000044e-01
-1.857560000000000044e-01
-1.857560000000000044e-01
-1.857560000000000044e-01
-1.857560000000000044e-01
-1.857560000000000044e-01
-1.857560000000000044e-01
-1.857560000000000044e-01
-1.857560000000000044e-01
-1.857560000000000044e-01
-1.857560000000000044e-01
-1.857560000000000044e-01
-1.857560000000000044e-01
-1.857560000000000044e-01
-1.857560000000000044e-01
-1.857560000000000044e-01
-1.857560000000000044e-01
-1.857560000000000044e-01
-1.857560000000000044e-01
-1.857560000000000044e-01
-1.857560000000000044e-01
-1.857560000000000044e-01
-1.857560000000000044e-01
-1.857469999999999954e-01
-1.857469999999999954e-01
-1.857469999999999954e-01
-1.857469999999999954e-01
-1.857469999999999954e-01
-1.857469999999999954e-01
-1.857469999999999954e-01
-1.857469999999999954e-01
-1.857469999999999954e-01
-1.857469999999999954e-01
-1.857379999999999864e-01
-1.857379999999999864e-01
-1.857379999999999864e-01
-1.857379999999999864e-01
-1.857379999999999864e-01
-1.857379999999999864e-01
-1.857379999999999864e-01
-1.857379999999999864e-01
-1.857379999999999864e-01
-1.857379999999999864e-01
-1.857379999999999864e-01
-1.857379999999999864e-01
-1.857340000000000102e-01
-1.857340000000000102e-01
-1.857340000000000102e-01
-1.857340000000000102e-01
-1.857340000000000102e-01
-1.857340000000000102e-01
-1.857340000000000102e-01
-1.857340000000000102e-01
-1.857340000000000102e-01
-1.857340000000000102e-01
-1.857340000000000102e-01
-1.857340000000000102e-01
-1.857340000000000102e-01
-1.857340000000000102e-01
-1.857340000000000102e-01
-1.857340000000000102e-01
-1.857340000000000102e-01
-1.857340000000000102e-01
-1.857340000000000102e-01
-1.857340000000000102e-01
-1.857340000000000102e-01
-1.857340000000000102e-01
-1.857340000000000102e-01
-1.857340000000000102e-01
-1.857340000000000102e-01
-1.857340000000000102e-01
-1.857340000000000102e-01
-1.857340000000000102e-01
-1.857340000000000102e-01
-1.857340000000000102e-01
-1.857340000000000102e-01
-1.857340000000000102e-01
-1.857340000000000102e-01
-1.857340000000000102e-01
-1.857340000000000102e-01
-1.857340000000000102e-01
-1.857340000000000102e-01
-1.857340000000000102e-01
-1.857340000000000102e-01
-1.857340000000000102e-01
-1.857340000000000102e-01
-1.857340000000000102e-01
-1.857340000000000102e-01
-1.857340000000000102e-01
-1.857340000000000102e-01
-1.857340000000000102e-01
-1.857340000000000102e-01
-1.857340000000000102e-01
-1.857340000000000102e-01
-1.857340000000000102e-01
-1.857340000000000102e-01
-1.857340000000000102e-01
-1.857340000000000102e-01
-1.857340000000000102e-01
-1.857340000000000102e-01
-1.857340000000000102e-01
-1.857340000000000102e-01
-1.857340000000000102e-01
-1.857340000000000102e-01
-1.857340000000000102e-01
-1.857340000000000102e-01
-1.857340000000000102e-01
-1.857340000000000102e-01
-1.857340000000000102e-01
-1.857340000000000102e-01
-1.857340000000000102e-01
-1.857340000000000102e-01
-1.857340000000000102e-01
-1.857340000000000102e-01
-1.857340000000000102e-01
-1.857340000000000102e-01
-1.857340000000000102e-01
-1.857340000000000102e-01
-1.857340000000000102e-01
-1.857340000000000102e-01
-1.857340000000000102e-01
-1.857340000000000102e-01
-1.857340000000000102e-01
-1.857340000000000102e-01
-1.857340000000000102e-01
-1.857340000000000102e-01
-1.857340000000000102e-01
-1.857340000000000102e-01
-1.857340000000000102e-01
-1.857340000000000102e-01
-1.857340000000000102e-01
-1.857340000000000102e-01
-1.857340000000000102e-01
-1.857340000000000102e-01
-1.857340000000000102e-01
-1.857340000000000102e-01
-1.857340000000000102e-01
-1.857340000000000102e-01
-1.857340000000000102e-01
-1.857340000000000102e-01
-1.857340000000000102e-01
-1.857340000000000102e-01
-1.857340000000000102e-01
-1.857340000000000102e-01
-1.857340000000000102e-01
-1.857340000000000102e-01
-1.857340000000000102e-01
-1.857340000000000102e-01
-1.857340000000000102e-01
-1.857340000000000102e-01
-1.857340000000000102e-01
-1.857340000000000102e-01
-1.857340000000000102e-01
-1.857340000000000102e-01
-1.857340000000000102e-01
-1.857340000000000102e-01
-1.857340000000000102e-01
-1.857340000000000102e-01
-1.857340000000000102e-01
-1.857340000000000102e-01
-1.857340000000000102e-01
-1.857340000000000102e-01
-1.857340000000000102e-01
-1.857340000000000102e-01
-1.857340000000000102e-01
-1.857340000000000102e-01
-1.857340000000000102e-01
-1.857340000000000102e-01
-1.857340000000000102e-01
-1.857340000000000102e-01
-1.857340000000000102e-01
-1.857340000000000102e-01
-1.857340000000000102e-01
-1.857340000000000102e-01
-1.857340000000000102e-01
-1.857340000000000102e-01
-1.857340000000000102e-01
-1.857340000000000102e-01
-1.857340000000000102e-01
-1.857340000000000102e-01
-1.857340000000000102e-01
-1.857340000000000102e-01
-1.857340000000000102e-01
-1.857340000000000102e-01
-1.857340000000000102e-01
-1.857340000000000102e-01
-1.857340000000000102e-01
-1.857340000000000102e-01
-1.857340000000000102e-01
-1.857340000000000102e-01
-1.857340000000000102e-01
-1.857340000000000102e-01
-1.857340000000000102e-01
-1.857340000000000102e-01
-1.857340000000000102e-01
-1.857340000000000102e-01
-1.857340000000000102e-01
-1.857340000000000102e-01
-1.857340000000000102e-01
-1.857340000000000102e-01
-1.857340000000000102e-01
-1.857340000000000102e-01
-1.857340000000000102e-01
-1.857340000000000102e-01
-1.857340000000000102e-01
-1.857340000000000102e-01
-1.857340000000000102e-01
-1.857340000000000102e-01
-1.857340000000000102e-01
-1.857340000000000102e-01
-1.857340000000000102e-01
-1.857340000000000102e-01
-1.857340000000000102e-01
-1.857340000000000102e-01
-1.857340000000000102e-01
-1.857340000000000102e-01
-1.857340000000000102e-01
-1.857340000000000102e-01
-1.857340000000000102e-01
-1.857340000000000102e-01
-1.857340000000000102e-01
-1.857340000000000102e-01
-1.857340000000000102e-01
-1.857340000000000102e-01
-1.857340000000000102e-01
-1.857340000000000102e-01
-1.857340000000000102e-01
-1.857340000000000102e-01
-1.857340000000000102e-01
-1.857340000000000102e-01
-1.857340000000000102e-01
-1.857340000000000102e-01
-1.857340000000000102e-01
-1.857340000000000102e-01
-1.857340000000000102e-01
-1.857340000000000102e-01
-1.857340000000000102e-01
-1.857340000000000102e-01
-1.857340000000000102e-01
-1.857340000000000102e-01
-1.857340000000000102e-01
-1.857290000000000052e-01
-1.857290000000000052e-01
-1.857290000000000052e-01
-1.857290000000000052e-01
-1.857290000000000052e-01
-1.857290000000000052e-01
-1.857290000000000052e-01
-1.857290000000000052e-01
-1.857290000000000052e-01
-1.857290000000000052e-01
-1.857290000000000052e-01
-1.857290000000000052e-01
-1.857290000000000052e-01
-1.857290000000000052e-01
-1.857290000000000052e-01
-1.857290000000000052e-01
-1.857290000000000052e-01
-1.857290000000000052e-01
-1.857290000000000052e-01
-1.857264999999999888e-01
-1.857264999999999888e-01
-1.857264999999999888e-01
-1.857264999999999888e-01
-1.857264999999999888e-01
-1.857264999999999888e-01
-1.857264999999999888e-01
-1.857264999999999888e-01
-1.857264999999999888e-01
-1.857264999999999888e-01
-1.857264999999999888e-01
-1.857264999999999888e-01
-1.857264999999999888e-01
-1.857199999999999962e-01
-1.857199999999999962e-01
-1.857199999999999962e-01
-1.857199999999999962e-01
-1.857199999999999962e-01
-1.857199999999999962e-01
-1.857199999999999962e-01
-1.857199999999999962e-01
-1.857199999999999962e-01
-1.857199999999999962e-01
-1.857199999999999962e-01
-1.857199999999999962e-01
-1.857199999999999962e-01
-1.857199999999999962e-01
-1.857199999999999962e-01
-1.857199999999999962e-01
-1.857199999999999962e-01
-1.857199999999999962e-01
-1.857199999999999962e-01
-1.857199999999999962e-01
-1.857199999999999962e-01
-1.857199999999999962e-01
-1.857199999999999962e-01
-1.857199999999999962e-01
-1.857199999999999962e-01
-1.857199999999999962e-01
-1.857199999999999962e-01
-1.857199999999999962e-01
-1.857199999999999962e-01
-1.857199999999999962e-01
-1.857199999999999962e-01
-1.857199999999999962e-01
-1.857199999999999962e-01
-1.857199999999999962e-01
-1.857199999999999962e-01
-1.857199999999999962e-01
-1.857199999999999962e-01
-1.857199999999999962e-01
-1.857199999999999962e-01
-1.857199999999999962e-01
-1.857199999999999962e-01
-1.857199999999999962e-01
-1.857199999999999962e-01
-1.857199999999999962e-01
-1.857199999999999962e-01
-1.857199999999999962e-01
-1.857199999999999962e-01
-1.857199999999999962e-01
-1.857199999999999962e-01
-1.857199999999999962e-01
-1.857199999999999962e-01
-1.857199999999999962e-01
-1.857199999999999962e-01
-1.857199999999999962e-01
-1.857199999999999962e-01
-1.857199999999999962e-01
-1.857199999999999962e-01
-1.857199999999999962e-01
-1.857199999999999962e-01
-1.857199999999999962e-01
-1.857199999999999962e-01
-1.857199999999999962e-01
-1.857199999999999962e-01
-1.857199999999999962e-01
-1.857199999999999962e-01
-1.857199999999999962e-01
-1.857199999999999962e-01
-1.857199999999999962e-01
-1.857199999999999962e-01
-1.857199999999999962e-01
-1.857199999999999962e-01
-1.857199999999999962e-01
-1.857199999999999962e-01
-1.857199999999999962e-01
-1.857199999999999962e-01
-1.857199999999999962e-01
-1.857199999999999962e-01
-1.857199999999999962e-01
-1.857199999999999962e-01
-1.857199999999999962e-01
-1.857199999999999962e-01
-1.857199999999999962e-01
-1.857199999999999962e-01
-1.857199999999999962e-01
-1.857199999999999962e-01
-1.857199999999999962e-01
-1.857199999999999962e-01
-1.857199999999999962e-01
-1.857199999999999962e-01
-1.857199999999999962e-01
-1.857199999999999962e-01
-1.857199999999999962e-01
-1.857199999999999962e-01
-1.857199999999999962e-01
-1.857199999999999962e-01
-1.857199999999999962e-01
-1.857199999999999962e-01
-1.857199999999999962e-01
-1.857199999999999962e-01
-1.857199999999999962e-01
-1.857199999999999962e-01
-1.857199999999999962e-01
-1.857199999999999962e-01
-1.857199999999999962e-01
-1.857199999999999962e-01
-1.857199999999999962e-01
-1.857199999999999962e-01
-1.857199999999999962e-01
-1.857199999999999962e-01
-1.857199999999999962e-01
-1.857199999999999962e-01
-1.857199999999999962e-01
-1.857199999999999962e-01
-1.857199999999999962e-01
-1.857199999999999962e-01
-1.857199999999999962e-01
-1.857199999999999962e-01
-1.857199999999999962e-01
-1.857199999999999962e-01
-1.857199999999999962e-01
-1.857199999999999962e-01
-1.857199999999999962e-01
-1.857199999999999962e-01
-1.857199999999999962e-01
-1.857199999999999962e-01
-1.857199999999999962e-01
-1.857199999999999962e-01
-1.857199999999999962e-01
-1.857199999999999962e-01
-1.857199999999999962e-01
-1.857199999999999962e-01
-1.857199999999999962e-01
-1.857199999999999962e-01
-1.857199999999999962e-01
-1.857199999999999962e-01
-1.857199999999999962e-01
-1.857199999999999962e-01
-1.857199999999999962e-01
-1.857199999999999962e-01
-1.857199999999999962e-01
-1.857199999999999962e-01
-1.857199999999999962e-01
-1.857199999999999962e-01
-1.857199999999999962e-01
-1.857199999999999962e-01
-1.857199999999999962e-01
-1.857199999999999962e-01
-1.857199999999999962e-01
-1.857199999999999962e-01
-1.857199999999999962e-01
-1.857199999999999962e-01
-1.857199999999999962e-01
-1.857199999999999962e-01
-1.857199999999999962e-01
-1.857199999999999962e-01
-1.857199999999999962e-01
-1.857199999999999962e-01
-1.857199999999999962e-01
-1.857199999999999962e-01
-1.857199999999999962e-01
-1.857199999999999962e-01
-1.857199999999999962e-01
-1.857199999999999962e-01
-1.857199999999999962e-01
-1.857199999999999962e-01
-1.857199999999999962e-01
-1.857199999999999962e-01
-1.857199999999999962e-01
-1.857199999999999962e-01
-1.857199999999999962e-01
-1.857199999999999962e-01
-1.857199999999999962e-01
-1.857199999999999962e-01
-1.857199999999999962e-01
-1.857199999999999962e-01
-1.857199999999999962e-01
-1.857199999999999962e-01
-1.857199999999999962e-01
-1.857199999999999962e-01
-1.857199999999999962e-01
-1.857199999999999962e-01
-1.857199999999999962e-01
-1.857199999999999962e-01
-1.857199999999999962e-01
-1.857199999999999962e-01
-1.857199999999999962e-01
-1.857199999999999962e-01
-1.857199999999999962e-01
-1.857199999999999962e-01
-1.857199999999999962e-01
-1.857199999999999962e-01
-1.857199999999999962e-01
-1.857199999999999962e-01
-1.857199999999999962e-01
-1.857199999999999962e-01
-1.857199999999999962e-01
-1.857199999999999962e-01
-1.857199999999999962e-01
-1.857199999999999962e-01
-1.857199999999999962e-01
-1.857199999999999962e-01
-1.857199999999999962e-01
-1.857199999999999962e-01
-1.857199999999999962e-01
-1.857199999999999962e-01
-1.857199999999999962e-01
-1.857199999999999962e-01
-1.857199999999999962e-01
-1.857199999999999962e-01
-1.857199999999999962e-01
-1.857199999999999962e-01
-1.857199999999999962e-01
-1.857199999999999962e-01
-1.857199999999999962e-01
-1.857199999999999962e-01
-1.857199999999999962e-01
-1.857199999999999962e-01
-1.857199999999999962e-01
-1.857199999999999962e-01
-1.857199999999999962e-01
-1.857199999999999962e-01
-1.857199999999999962e-01
-1.857199999999999962e-01
-1.857199999999999962e-01
-1.857199999999999962e-01
-1.857199999999999962e-01
-1.857199999999999962e-01
-1.857199999999999962e-01
-1.857199999999999962e-01
-1.857199999999999962e-01
-1.857199999999999962e-01
-1.857199999999999962e-01
-1.857199999999999962e-01
-1.857199999999999962e-01
-1.857199999999999962e-01
-1.857199999999999962e-01
-1.857199999999999962e-01
-1.857199999999999962e-01
-1.857199999999999962e-01
-1.857199999999999962e-01
-1.857199999999999962e-01
-1.857199999999999962e-01
-1.857199999999999962e-01
-1.857199999999999962e-01
-1.857199999999999962e-01
-1.857199999999999962e-01
-1.857199999999999962e-01
-1.857199999999999962e-01
-1.857199999999999962e-01
-1.857199999999999962e-01
-1.857199999999999962e-01
-1.857199999999999962e-01
-1.857199999999999962e-01
-1.857199999999999962e-01
-1.857199999999999962e-01
-1.857199999999999962e-01
-1.857199999999999962e-01
-1.857199999999999962e-01
-1.857199999999999962e-01
-1.857199999999999962e-01
-1.857199999999999962e-01
-1.857199999999999962e-01
-1.857199999999999962e-01
-1.857199999999999962e-01
-1.857199999999999962e-01
-1.857199999999999962e-01
-1.857199999999999962e-01
-1.857199999999999962e-01
-1.857199999999999962e-01
-1.857199999999999962e-01
-1.857199999999999962e-01
-1.857199999999999962e-01
-1.857199999999999962e-01
-1.857199999999999962e-01
-1.857199999999999962e-01
-1.857199999999999962e-01
-1.857199999999999962e-01
-1.857199999999999962e-01
-1.857199999999999962e-01
-1.857199999999999962e-01
-1.857199999999999962e-01
-1.857199999999999962e-01
-1.857199999999999962e-01
-1.857199999999999962e-01
-1.857199999999999962e-01
-1.857199999999999962e-01
-1.857199999999999962e-01
-1.857199999999999962e-01
-1.857199999999999962e-01
-1.857199999999999962e-01
-1.857199999999999962e-01
-1.857199999999999962e-01
-1.857199999999999962e-01
-1.857199999999999962e-01
-1.857199999999999962e-01
-1.857199999999999962e-01
-1.857199999999999962e-01
-1.857199999999999962e-01
-1.857199999999999962e-01
-1.857199999999999962e-01
-1.857199999999999962e-01
-1.857159999999999922e-01
-1.857159999999999922e-01
-1.857159999999999922e-01
-1.857159999999999922e-01
-1.857159999999999922e-01
-1.857159999999999922e-01
-1.857159999999999922e-01
-1.857159999999999922e-01
-1.857159999999999922e-01
-1.857159999999999922e-01
-1.857159999999999922e-01
-1.857159999999999922e-01
-1.857159999999999922e-01
-1.857159999999999922e-01
-1.857159999999999922e-01
-1.857159999999999922e-01
-1.857159999999999922e-01
-1.857159999999999922e-01
-1.857159999999999922e-01
-1.857159999999999922e-01
-1.857159999999999922e-01
-1.857159999999999922e-01
-1.857159999999999922e-01
-1.857159999999999922e-01
-1.857159999999999922e-01
-1.857159999999999922e-01
-1.857159999999999922e-01
-1.857159999999999922e-01
-1.857159999999999922e-01
-1.857159999999999922e-01
-1.857159999999999922e-01
-1.857159999999999922e-01
-1.857159999999999922e-01
-1.857159999999999922e-01
-1.857159999999999922e-01
-1.857159999999999922e-01
-1.857159999999999922e-01
-1.857159999999999922e-01
-1.857159999999999922e-01
-1.857159999999999922e-01
-1.857159999999999922e-01
-1.857159999999999922e-01
-1.857159999999999922e-01
-1.857159999999999922e-01
-1.857159999999999922e-01
-1.857159999999999922e-01
-1.857159999999999922e-01
-1.857159999999999922e-01
-1.857159999999999922e-01
-1.857159999999999922e-01
-1.857159999999999922e-01
-1.857159999999999922e-01
-1.857159999999999922e-01
-1.857159999999999922e-01
-1.857159999999999922e-01
-1.857159999999999922e-01
-1.857159999999999922e-01
-1.857159999999999922e-01
-1.857159999999999922e-01
-1.857159999999999922e-01
-1.857159999999999922e-01
-1.857159999999999922e-01
-1.857159999999999922e-01
-1.857159999999999922e-01
-1.857159999999999922e-01
-1.857159999999999922e-01
-1.857159999999999922e-01
-1.857159999999999922e-01
-1.857159999999999922e-01
-1.857159999999999922e-01
-1.857159999999999922e-01
-1.857159999999999922e-01
-1.857159999999999922e-01
-1.857159999999999922e-01
-1.857159999999999922e-01
-1.857159999999999922e-01
-1.857159999999999922e-01
-1.857159999999999922e-01
-1.857159999999999922e-01
-1.857159999999999922e-01
-1.857159999999999922e-01
-1.857159999999999922e-01
-1.857159999999999922e-01
-1.857159999999999922e-01
-1.857159999999999922e-01
-1.857159999999999922e-01
-1.857159999999999922e-01
-1.857159999999999922e-01
-1.857159999999999922e-01
-1.857159999999999922e-01
-1.857159999999999922e-01
-1.857159999999999922e-01
-1.857159999999999922e-01
-1.857159999999999922e-01
-1.857159999999999922e-01
-1.857159999999999922e-01
-1.857159999999999922e-01
-1.857159999999999922e-01
-1.857159999999999922e-01
-1.857159999999999922e-01
-1.857159999999999922e-01
-1.857159999999999922e-01
-1.857159999999999922e-01
-1.857159999999999922e-01
-1.857159999999999922e-01
-1.857159999999999922e-01
-1.857159999999999922e-01
-1.857159999999999922e-01
-1.857159999999999922e-01
-1.857159999999999922e-01
-1.857159999999999922e-01
-1.857159999999999922e-01
-1.857159999999999922e-01
-1.857159999999999922e-01
-1.857159999999999922e-01
-1.857159999999999922e-01
-1.857159999999999922e-01
-1.857159999999999922e-01
-1.857159999999999922e-01
-1.857159999999999922e-01
-1.857159999999999922e-01
-1.857159999999999922e-01
-1.857159999999999922e-01
-1.857159999999999922e-01
-1.857159999999999922e-01
-1.857159999999999922e-01
-1.857159999999999922e-01
-1.857159999999999922e-01
-1.857159999999999922e-01
-1.857159999999999922e-01
-1.857159999999999922e-01
-1.857159999999999922e-01
-1.857159999999999922e-01
-1.857159999999999922e-01
-1.857159999999999922e-01
-1.857159999999999922e-01
-1.857159999999999922e-01
-1.857159999999999922e-01
-1.857159999999999922e-01
-1.857159999999999922e-01
-1.857159999999999922e-01
-1.857159999999999922e-01
-1.857159999999999922e-01
-1.857159999999999922e-01
-1.857159999999999922e-01
-1.857159999999999922e-01
-1.857159999999999922e-01
-1.857159999999999922e-01
-1.857159999999999922e-01
-1.857159999999999922e-01
-1.857159999999999922e-01
-1.857159999999999922e-01
-1.857159999999999922e-01
-1.857159999999999922e-01
-1.857159999999999922e-01
-1.857159999999999922e-01
-1.857159999999999922e-01
-1.857159999999999922e-01
-1.857159999999999922e-01
-1.857159999999999922e-01
-1.857159999999999922e-01
-1.857159999999999922e-01
-1.857159999999999922e-01
