-5.518465000000000176e-01
-5.517235000000000333e-01
-5.367834999999999690e-01
-5.339639999999999942e-01
-5.152109999999999745e-01
-4.837925000000000142e-01
-4.837925000000000142e-01
-4.510549999999999837e-01
-4.510549999999999837e-01
-4.441100000000000048e-01
-4.383659999999999779e-01
-4.223600000000000132e-01
-4.223600000000000132e-01
-4.197724999999999929e-01
-3.973059999999999925e-01
-3.973059999999999925e-01
-3.827590000000000159e-01
-3.799795000000000256e-01
-3.643474999999999908e-01
-3.643474999999999908e-01
-3.596644999999999981e-01
-3.531064999999999898e-01
-3.455115000000000269e-01
-3.325305000000000066e-01
-3.325305000000000066e-01
-3.134994999999999865e-01
-3.134994999999999865e-01
-3.065459999999999852e-01
-3.005154999999999910e-01
-2.979849999999999999e-01
-2.893760000000000221e-01
-2.779174999999999840e-01
-2.758320000000000216e-01
-2.758320000000000216e-01
-2.679365000000000219e-01
-2.659259999999999957e-01
-2.645945000000000102e-01
-2.610990000000000255e-01
-2.583909999999999818e-01
-2.515510000000000246e-01
-2.484725000000000128e-01
-2.475870000000000015e-01
-2.471790000000000098e-01
-2.445644999999999902e-01
-2.428079999999999961e-01
-2.390700000000000047e-01
-2.390700000000000047e-01
-2.334859999999999991e-01
-2.334859999999999991e-01
-2.301950000000000107e-01
-2.301950000000000107e-01
-2.296519999999999950e-01
-2.279754999999999976e-01
-2.258634999999999948e-01
-2.254615000000000091e-01
-2.244895000000000085e-01
-2.212155000000000094e-01
-2.200509999999999966e-01
-2.190340000000000065e-01
-2.181609999999999938e-01
-2.168704999999999938e-01
-2.151019999999999877e-01
-2.145749999999999880e-01
-2.125055000000000138e-01
-2.096099999999999908e-01
-2.096099999999999908e-01
-2.095464999999999967e-01
-2.080529999999999879e-01
-2.063450000000000006e-01
-2.047879999999999978e-01
-2.019019999999999981e-01
-2.019019999999999981e-01
-2.007035000000000069e-01
-2.007035000000000069e-01
-2.007035000000000069e-01
-2.003425000000000067e-01
-1.990800000000000070e-01
-1.973334999999999950e-01
-1.935344999999999982e-01
-1.935344999999999982e-01
-1.935344999999999982e-01
-1.935344999999999982e-01
-1.934784999999999977e-01
-1.934784999999999977e-01
-1.930665000000000020e-01
-1.916269999999999918e-01
-1.910274999999999890e-01
-1.896609999999999963e-01
-1.896609999999999963e-01
-1.896609999999999963e-01
-1.886365000000000125e-01
-1.879844999999999988e-01
-1.876764999999999961e-01
-1.861079999999999957e-01
-1.861079999999999957e-01
-1.860555000000000125e-01
-1.837830000000000019e-01
-1.837830000000000019e-01
-1.837830000000000019e-01
-1.828984999999999916e-01
-1.820110000000000061e-01
-1.820110000000000061e-01
-1.810900000000000010e-01
-1.810900000000000010e-01
-1.803575000000000039e-01
-1.800029999999999963e-01
-1.792169999999999874e-01
-1.782934999999999937e-01
-1.776800000000000046e-01
-1.768714999999999871e-01
-1.768714999999999871e-01
-1.765774999999999983e-01
-1.755305000000000060e-01
-1.753159999999999996e-01
-1.740395000000000136e-01
-1.740395000000000136e-01
-1.740395000000000136e-01
-1.725345000000000073e-01
-1.725345000000000073e-01
-1.725345000000000073e-01
-1.715049999999999908e-01
-1.712450000000000083e-01
-1.698570000000000080e-01
-1.698570000000000080e-01
-1.697154999999999914e-01
-1.696324999999999916e-01
-1.690220000000000056e-01
-1.685214999999999907e-01
-1.679130000000000067e-01
-1.677424999999999888e-01
-1.671914999999999929e-01
-1.671169999999999878e-01
-1.663530000000000009e-01
-1.662200000000000066e-01
-1.660794999999999910e-01
-1.656634999999999913e-01
-1.644650000000000001e-01
-1.644650000000000001e-01
-1.644650000000000001e-01
-1.637919999999999932e-01
-1.636624999999999885e-01
-1.632800000000000085e-01
-1.630719999999999947e-01
-1.627055000000000029e-01
-1.617010000000000114e-01
-1.617010000000000114e-01
-1.615244999999999875e-01
-1.610379999999999867e-01
-1.605109999999999870e-01
-1.605109999999999870e-01
-1.600354999999999972e-01
-1.599595000000000045e-01
-1.591420000000000057e-01
-1.591069999999999984e-01
-1.586650000000000005e-01
-1.586335000000000106e-01
-1.586245000000000016e-01
-1.576460000000000083e-01
-1.573189999999999866e-01
-1.573189999999999866e-01
-1.571545000000000025e-01
-1.566585000000000061e-01
-1.566585000000000061e-01
-1.562514999999999876e-01
-1.562304999999999944e-01
-1.558344999999999869e-01
-1.557840000000000058e-01
-1.551109999999999989e-01
-1.551109999999999989e-01
-1.549794999999999923e-01
-1.544310000000000127e-01
-1.544310000000000127e-01
-1.544089999999999907e-01
-1.542735000000000078e-01
-1.541285000000000016e-01
-1.509340000000000126e-01
-1.509340000000000126e-01
-1.509340000000000126e-01
-1.501850000000000129e-01
-1.493345000000000089e-01
-1.493345000000000089e-01
-1.490525000000000044e-01
-1.487165000000000015e-01
-1.487130000000000118e-01
-1.480235000000000023e-01
-1.476915000000000033e-01
-1.475039999999999962e-01
-1.475039999999999962e-01
-1.471760000000000013e-01
-1.470295000000000074e-01
-1.468915000000000082e-01
-1.465204999999999980e-01
-1.460859999999999936e-01
-1.460859999999999936e-01
-1.460859999999999936e-01
-1.455210000000000115e-01
-1.455210000000000115e-01
-1.452005000000000101e-01
-1.452005000000000101e-01
-1.452005000000000101e-01
-1.450895000000000101e-01
-1.450150000000000050e-01
-1.448750000000000038e-01
-1.442440000000000111e-01
-1.442440000000000111e-01
-1.439034999999999898e-01
-1.435295000000000043e-01
-1.435295000000000043e-01
-1.434255000000000113e-01
-1.429775000000000074e-01
-1.427374999999999894e-01
-1.426389999999999880e-01
-1.424255000000000104e-01
-1.421779999999999988e-01
-1.421779999999999988e-01
-1.421779999999999988e-01
-1.417065000000000130e-01
-1.417065000000000130e-01
-1.417065000000000130e-01
-1.410909999999999942e-01
-1.410909999999999942e-01
-1.409910000000000052e-01
-1.408850000000000102e-01
-1.406969999999999887e-01
-1.404370000000000063e-01
-1.404370000000000063e-01
-1.400830000000000131e-01
-1.398820000000000063e-01
-1.398820000000000063e-01
-1.396125000000000005e-01
-1.396125000000000005e-01
-1.393165000000000098e-01
-1.392990000000000061e-01
-1.391979999999999884e-01
-1.390965000000000118e-01
-1.387019999999999920e-01
-1.385095000000000076e-01
-1.382305000000000061e-01
-1.371910000000000074e-01
-1.371910000000000074e-01
-1.371910000000000074e-01
-1.371910000000000074e-01
-1.371910000000000074e-01
-1.371910000000000074e-01
-1.371910000000000074e-01
-1.371910000000000074e-01
-1.371485000000000065e-01
-1.371485000000000065e-01
-1.371485000000000065e-01
-1.369934999999999903e-01
-1.369694999999999940e-01
-1.368864999999999943e-01
-1.368864999999999943e-01
-1.365719999999999990e-01
-1.365719999999999990e-01
-1.363479999999999970e-01
-1.363479999999999970e-01
-1.361785000000000079e-01
-1.361584999999999879e-01
-1.358709999999999918e-01
-1.356044999999999889e-01
-1.354634999999999867e-01
-1.354634999999999867e-01
-1.354634999999999867e-01
-1.353634999999999977e-01
-1.351670000000000094e-01
-1.350524999999999920e-01
-1.348769999999999969e-01
-1.346614999999999895e-01
-1.346614999999999895e-01
-1.344545000000000046e-01
-1.344545000000000046e-01
-1.344545000000000046e-01
-1.344545000000000046e-01
-1.344029999999999947e-01
-1.340965000000000074e-01
-1.340864999999999974e-01
-1.339345000000000119e-01
-1.339140000000000053e-01
-1.339140000000000053e-01
-1.337750000000000050e-01
-1.336450000000000138e-01
-1.335469999999999990e-01
-1.331795000000000062e-01
-1.331795000000000062e-01
-1.330870000000000108e-01
-1.330870000000000108e-01
-1.327619999999999911e-01
-1.327619999999999911e-01
-1.326890000000000014e-01
-1.319895000000000096e-01
-1.318660000000000110e-01
-1.318660000000000110e-01
-1.318660000000000110e-01
-1.318660000000000110e-01
-1.318660000000000110e-01
-1.317464999999999886e-01
-1.317260000000000097e-01
-1.312750000000000028e-01
-1.312750000000000028e-01
-1.310604999999999964e-01
-1.310604999999999964e-01
-1.310459999999999958e-01
-1.308445000000000025e-01
-1.307619999999999894e-01
-1.307619999999999894e-01
-1.307619999999999894e-01
-1.307415000000000105e-01
-1.304794999999999983e-01
-1.304794999999999983e-01
-1.302520000000000067e-01
-1.300649999999999862e-01
-1.300649999999999862e-01
-1.300649999999999862e-01
-1.298175000000000023e-01
-1.298175000000000023e-01
-1.296225000000000016e-01
-1.296225000000000016e-01
-1.296225000000000016e-01
-1.295550000000000035e-01
-1.292814999999999936e-01
-1.292264999999999942e-01
-1.288565000000000127e-01
-1.288565000000000127e-01
-1.288565000000000127e-01
-1.288354999999999917e-01
-1.285515000000000130e-01
-1.285515000000000130e-01
-1.285060000000000091e-01
-1.282554999999999945e-01
-1.282554999999999945e-01
-1.282554999999999945e-01
-1.282234999999999903e-01
-1.280040000000000067e-01
-1.279075000000000073e-01
-1.277175000000000116e-01
-1.277004999999999946e-01
-1.277004999999999946e-01
-1.276815000000000033e-01
-1.264955000000000107e-01
-1.264955000000000107e-01
-1.264955000000000107e-01
-1.264955000000000107e-01
-1.264955000000000107e-01
-1.264955000000000107e-01
-1.262594999999999967e-01
-1.260699999999999876e-01
-1.260199999999999931e-01
-1.258074999999999888e-01
-1.258074999999999888e-01
-1.256174999999999931e-01
-1.256144999999999901e-01
-1.255715000000000026e-01
-1.253450000000000120e-01
-1.253450000000000120e-01
-1.253035000000000121e-01
-1.253035000000000121e-01
-1.253035000000000121e-01
-1.250249999999999972e-01
-1.250249999999999972e-01
-1.249920000000000059e-01
-1.249080000000000051e-01
-1.246595000000000064e-01
-1.246015000000000039e-01
-1.245224999999999943e-01
-1.245224999999999943e-01
-1.244335000000000024e-01
-1.243174999999999975e-01
-1.243174999999999975e-01
-1.242629999999999985e-01
-1.241379999999999983e-01
-1.241155000000000036e-01
-1.240350000000000064e-01
-1.240350000000000064e-01
-1.239679999999999949e-01
-1.236595000000000055e-01
-1.236595000000000055e-01
-1.236595000000000055e-01
-1.235964999999999980e-01
-1.234134999999999954e-01
-1.234134999999999954e-01
-1.233245000000000036e-01
-1.232820000000000027e-01
-1.230855000000000005e-01
-1.230485000000000051e-01
-1.230080000000000062e-01
-1.224319999999999992e-01
-1.224319999999999992e-01
-1.224319999999999992e-01
-1.224019999999999969e-01
-1.220725000000000005e-01
-1.220725000000000005e-01
-1.220725000000000005e-01
-1.220725000000000005e-01
-1.220725000000000005e-01
-1.220725000000000005e-01
-1.220640000000000058e-01
-1.220640000000000058e-01
-1.219255000000000061e-01
-1.215880000000000016e-01
-1.215880000000000016e-01
-1.215880000000000016e-01
-1.215880000000000016e-01
-1.215880000000000016e-01
-1.215880000000000016e-01
-1.215875000000000011e-01
-1.215714999999999990e-01
-1.215510000000000063e-01
-1.214569999999999955e-01
-1.212690000000000018e-01
-1.212690000000000018e-01
-1.212280000000000024e-01
-1.212280000000000024e-01
-1.211369999999999947e-01
-1.211369999999999947e-01
-1.209660000000000041e-01
-1.209579999999999961e-01
-1.207499999999999962e-01
-1.207364999999999966e-01
-1.206919999999999937e-01
-1.206919999999999937e-01
-1.205100000000000060e-01
-1.203985000000000055e-01
-1.203840000000000049e-01
-1.202170000000000044e-01
-1.202170000000000044e-01
-1.187369999999999953e-01
-1.187369999999999953e-01
-1.187369999999999953e-01
-1.187369999999999953e-01
-1.187369999999999953e-01
-1.187369999999999953e-01
-1.187369999999999953e-01
-1.187369999999999953e-01
-1.180640000000000023e-01
-1.180640000000000023e-01
-1.180640000000000023e-01
-1.180640000000000023e-01
-1.176485000000000031e-01
-1.176485000000000031e-01
-1.176485000000000031e-01
-1.176485000000000031e-01
-1.176485000000000031e-01
-1.176485000000000031e-01
-1.176485000000000031e-01
-1.174494999999999983e-01
-1.174494999999999983e-01
-1.174270000000000036e-01
-1.173809999999999992e-01
-1.172590000000000021e-01
-1.172590000000000021e-01
-1.172590000000000021e-01
-1.172229999999999939e-01
-1.171414999999999956e-01
-1.170314999999999966e-01
-1.170314999999999966e-01
-1.169874999999999943e-01
-1.169815000000000021e-01
-1.169474999999999959e-01
-1.168339999999999934e-01
-1.141650000000000026e-01
-1.141650000000000026e-01
-1.141650000000000026e-01
-1.141650000000000026e-01
-1.141650000000000026e-01
-1.141650000000000026e-01
-1.141650000000000026e-01
-1.141650000000000026e-01
-1.141650000000000026e-01
-1.141650000000000026e-01
-1.141650000000000026e-01
-1.141650000000000026e-01
-1.141650000000000026e-01
-1.141215000000000007e-01
-1.141215000000000007e-01
-1.141215000000000007e-01
-1.141215000000000007e-01
-1.139354999999999951e-01
-1.139005000000000017e-01
-1.138175000000000020e-01
-1.138175000000000020e-01
-1.138070000000000054e-01
-1.137984999999999969e-01
-1.136889999999999984e-01
-1.136889999999999984e-01
-1.135459999999999942e-01
-1.135354999999999975e-01
-1.133694999999999981e-01
-1.133694999999999981e-01
-1.130415000000000031e-01
-1.130415000000000031e-01
-1.129855000000000026e-01
-1.127164999999999973e-01
-1.127164999999999973e-01
-1.125960000000000016e-01
-1.125960000000000016e-01
-1.125939999999999996e-01
-1.122054999999999997e-01
-1.122014999999999957e-01
-1.120354999999999962e-01
-1.120354999999999962e-01
-1.116484999999999977e-01
-1.116484999999999977e-01
-1.116484999999999977e-01
-1.116469999999999962e-01
-1.116290000000000060e-01
-1.113605000000000012e-01
-1.113605000000000012e-01
-1.113605000000000012e-01
-1.113605000000000012e-01
-1.113605000000000012e-01
-1.112505000000000022e-01
-1.112505000000000022e-01
-1.110374999999999973e-01
-1.110374999999999973e-01
-1.109419999999999989e-01
-1.109419999999999989e-01
-1.109419999999999989e-01
-1.108895000000000020e-01
-1.108424999999999966e-01
-1.108055000000000012e-01
-1.106749999999999956e-01
-1.106749999999999956e-01
-1.105404999999999999e-01
-1.105404999999999999e-01
-1.104905000000000054e-01
-1.102844999999999936e-01
-1.102844999999999936e-01
-1.102844999999999936e-01
-1.102844999999999936e-01
-1.101924999999999988e-01
-1.099694999999999978e-01
-1.099694999999999978e-01
-1.099185000000000023e-01
-1.097670000000000035e-01
-1.097299999999999942e-01
-1.097044999999999965e-01
-1.095534999999999981e-01
-1.095534999999999981e-01
-1.095195000000000057e-01
-1.095195000000000057e-01
-1.093999999999999972e-01
-1.093999999999999972e-01
-1.093540000000000068e-01
-1.091369999999999979e-01
-1.091369999999999979e-01
-1.091369999999999979e-01
-1.091369999999999979e-01
-1.088355000000000017e-01
-1.086099999999999982e-01
-1.086099999999999982e-01
-1.084289999999999976e-01
-1.084289999999999976e-01
-1.084289999999999976e-01
-1.083284999999999942e-01
-1.083284999999999942e-01
-1.082145000000000051e-01
-1.080775000000000069e-01
-1.080775000000000069e-01
-1.079900000000000027e-01
-1.079775000000000040e-01
-1.079775000000000040e-01
-1.079470000000000013e-01
-1.079215000000000035e-01
-1.078265000000000057e-01
-1.076769999999999949e-01
-1.076769999999999949e-01
-1.075839999999999991e-01
-1.075360000000000066e-01
-1.075360000000000066e-01
-1.075300000000000006e-01
-1.075175000000000020e-01
-1.074969999999999953e-01
-1.074620000000000020e-01
-1.072935000000000000e-01
-1.072935000000000000e-01
-1.072935000000000000e-01
-1.072739999999999944e-01
-1.072739999999999944e-01
-1.071965000000000001e-01
-1.071544999999999997e-01
-1.071544999999999997e-01
-1.071544999999999997e-01
-1.071150000000000019e-01
-1.070750000000000035e-01
-1.068579999999999947e-01
-1.068579999999999947e-01
-1.068545000000000050e-01
-1.068545000000000050e-01
-1.068289999999999934e-01
-1.065549999999999969e-01
-1.065549999999999969e-01
-1.065549999999999969e-01
-1.064755000000000007e-01
-1.064755000000000007e-01
-1.064329999999999998e-01
-1.062874999999999931e-01
-1.062575000000000047e-01
-1.059955000000000064e-01
-1.059810000000000058e-01
-1.057324999999999932e-01
-1.057324999999999932e-01
-1.057324999999999932e-01
-1.056070000000000064e-01
-1.056070000000000064e-01
-1.056070000000000064e-01
-1.056070000000000064e-01
-1.055085000000000051e-01
-1.055004999999999971e-01
-1.053945000000000021e-01
-1.053945000000000021e-01
-1.053945000000000021e-01
-1.051839999999999997e-01
-1.051839999999999997e-01
-1.051185000000000036e-01
-1.049284999999999940e-01
-1.049284999999999940e-01
-1.049284999999999940e-01
-1.048509999999999998e-01
-1.048509999999999998e-01
-1.048509999999999998e-01
-1.048064999999999969e-01
-1.048039999999999944e-01
-1.047919999999999963e-01
-1.047550000000000009e-01
-1.047545000000000004e-01
-1.046905000000000058e-01
-1.046030000000000015e-01
-1.045434999999999975e-01
-1.045164999999999983e-01
-1.045164999999999983e-01
-1.042644999999999961e-01
-1.042644999999999961e-01
-1.042550000000000004e-01
-1.042550000000000004e-01
-1.042550000000000004e-01
-1.042550000000000004e-01
-1.042195000000000066e-01
-1.042195000000000066e-01
-1.042160000000000031e-01
-1.041610000000000036e-01
-1.040940000000000060e-01
-1.040940000000000060e-01
-1.040940000000000060e-01
-1.039415000000000061e-01
-1.039005000000000067e-01
-1.039005000000000067e-01
-1.039005000000000067e-01
-1.039005000000000067e-01
-1.039005000000000067e-01
-1.038884999999999947e-01
-1.038435000000000052e-01
-1.038300000000000056e-01
-1.037084999999999951e-01
-1.035240000000000049e-01
-1.035009999999999958e-01
-1.034530000000000033e-01
-1.034085000000000004e-01
-1.034085000000000004e-01
-1.033270000000000022e-01
-1.032875000000000043e-01
-1.032654999999999962e-01
-1.031439999999999996e-01
-1.031434999999999991e-01
-1.030314999999999981e-01
-1.030314999999999981e-01
-1.029899999999999982e-01
-1.029899999999999982e-01
-1.028224999999999972e-01
-1.028224999999999972e-01
-1.028224999999999972e-01
-1.027615000000000056e-01
-1.027615000000000056e-01
-1.027615000000000056e-01
-1.026880000000000015e-01
-1.026880000000000015e-01
-1.026574999999999988e-01
-1.026315000000000005e-01
-1.026070000000000038e-01
-1.024919999999999998e-01
-1.024919999999999998e-01
-1.024645000000000000e-01
-1.024285000000000057e-01
-1.024285000000000057e-01
-1.023524999999999990e-01
-1.023415000000000019e-01
-1.022939999999999960e-01
-1.022914999999999935e-01
-1.022529999999999967e-01
-1.020520000000000038e-01
-1.019719999999999932e-01
-1.019719999999999932e-01
-1.019719999999999932e-01
-1.019530000000000020e-01
-1.017939999999999956e-01
-1.017445000000000016e-01
-1.017325000000000035e-01
-1.014425000000000049e-01
-1.014425000000000049e-01
-1.014425000000000049e-01
-1.014425000000000049e-01
-1.014020000000000060e-01
-1.013985000000000025e-01
-1.013425000000000020e-01
-1.012725000000000014e-01
-1.012725000000000014e-01
-1.012060000000000043e-01
-1.012060000000000043e-01
-1.010680000000000051e-01
-1.010680000000000051e-01
-1.009314999999999934e-01
-1.009314999999999934e-01
-1.009074999999999972e-01
-1.008924999999999961e-01
-1.008924999999999961e-01
-1.008330000000000060e-01
-1.008290000000000020e-01
-1.008094999999999963e-01
-1.007934999999999942e-01
-1.007124999999999965e-01
-1.007124999999999965e-01
-1.007114999999999955e-01
-1.006829999999999947e-01
-1.006264999999999937e-01
-1.005854999999999944e-01
-1.005339999999999984e-01
-1.005339999999999984e-01
-1.004929999999999990e-01
-1.004919999999999980e-01
-1.004094999999999988e-01
-1.004094999999999988e-01
-1.004094999999999988e-01
-1.002539999999999959e-01
-1.002539999999999959e-01
-1.002539999999999959e-01
-1.002539999999999959e-01
-1.002510000000000068e-01
-1.001220000000000027e-01
-1.001220000000000027e-01
-1.000510000000000010e-01
-9.995049999999999768e-02
-9.995049999999999768e-02
-9.989950000000000219e-02
-9.989950000000000219e-02
-9.984149999999999969e-02
-9.984149999999999969e-02
-9.984149999999999969e-02
-9.981299999999999895e-02
-9.965849999999999709e-02
-9.965849999999999709e-02
-9.965849999999999709e-02
-9.965849999999999709e-02
-9.965849999999999709e-02
-9.961349999999999372e-02
-9.961349999999999372e-02
-9.961349999999999372e-02
-9.961349999999999372e-02
-9.958400000000000585e-02
-9.940749999999999587e-02
-9.940749999999999587e-02
-9.940749999999999587e-02
-9.933949999999999725e-02
-9.924349999999999838e-02
-9.924349999999999838e-02
-9.917900000000000327e-02
-9.917900000000000327e-02
-9.917900000000000327e-02
-9.917900000000000327e-02
-9.917900000000000327e-02
-9.914349999999999552e-02
-9.914349999999999552e-02
-9.910049999999999415e-02
-9.882900000000000018e-02
-9.882900000000000018e-02
-9.882900000000000018e-02
-9.882900000000000018e-02
-9.882900000000000018e-02
-9.882900000000000018e-02
-9.882900000000000018e-02
-9.882900000000000018e-02
-9.881650000000000156e-02
-9.881650000000000156e-02
-9.880200000000000093e-02
-9.874099999999999544e-02
-9.874099999999999544e-02
-9.849099999999999522e-02
-9.849099999999999522e-02
-9.849099999999999522e-02
-9.849099999999999522e-02
-9.849099999999999522e-02
-9.849099999999999522e-02
-9.849099999999999522e-02
-9.846199999999999397e-02
-9.846199999999999397e-02
-9.837100000000000011e-02
-9.837100000000000011e-02
-9.836799999999999711e-02
-9.834500000000000186e-02
-9.830450000000000299e-02
-9.829599999999999449e-02
-9.823300000000000087e-02
-9.822400000000000575e-02
-9.819400000000000350e-02
-9.818350000000000688e-02
-9.815350000000000463e-02
-9.815350000000000463e-02
-9.807299999999999351e-02
-9.803099999999999314e-02
-9.803099999999999314e-02
-9.800949999999999940e-02
-9.800949999999999940e-02
-9.799800000000000177e-02
-9.792249999999999566e-02
-9.792249999999999566e-02
-9.785349999999999604e-02
-9.783000000000000029e-02
-9.780550000000000355e-02
-9.776550000000000518e-02
-9.775899999999999868e-02
-9.758550000000000557e-02
-9.752750000000000308e-02
-9.752750000000000308e-02
-9.746900000000000008e-02
-9.746900000000000008e-02
-9.740649999999999309e-02
-9.735900000000000110e-02
-9.735900000000000110e-02
-9.735900000000000110e-02
-9.729400000000000548e-02
-9.723199999999999898e-02
-9.723199999999999898e-02
-9.705099999999999838e-02
-9.705099999999999838e-02
-9.705099999999999838e-02
-9.705099999999999838e-02
-9.704400000000000526e-02
-9.699850000000000139e-02
-9.691900000000000515e-02
-9.691900000000000515e-02
-9.677249999999999741e-02
-9.677249999999999741e-02
-9.677249999999999741e-02
-9.677249999999999741e-02
-9.675449999999999329e-02
-9.675449999999999329e-02
-9.674449999999999716e-02
-9.671150000000000579e-02
-9.671150000000000579e-02
-9.665050000000000030e-02
-9.643300000000000483e-02
-9.643300000000000483e-02
-9.643300000000000483e-02
-9.643050000000000233e-02
-9.643050000000000233e-02
-9.643050000000000233e-02
-9.642349999999999532e-02
-9.631599999999999884e-02
-9.631599999999999884e-02
-9.625999999999999834e-02
-9.623249999999999860e-02
-9.620199999999999585e-02
-9.615500000000000436e-02
-9.615500000000000436e-02
-9.615500000000000436e-02
-9.611899999999999611e-02
-9.611000000000000099e-02
-9.611000000000000099e-02
-9.611000000000000099e-02
-9.606299999999999562e-02
-9.606299999999999562e-02
-9.606299999999999562e-02
-9.606299999999999562e-02
-9.606299999999999562e-02
-9.600699999999999512e-02
-9.600699999999999512e-02
-9.600699999999999512e-02
-9.599449999999999650e-02
-9.588399999999999701e-02
-9.588399999999999701e-02
-9.588399999999999701e-02
-9.588399999999999701e-02
-9.587299999999999989e-02
-9.580400000000000027e-02
-9.578549999999999565e-02
-9.578549999999999565e-02
-9.578549999999999565e-02
-9.578549999999999565e-02
-9.560200000000000642e-02
-9.560200000000000642e-02
-9.560200000000000642e-02
-9.560200000000000642e-02
-9.560200000000000642e-02
-9.558250000000000079e-02
-9.558250000000000079e-02
-9.557549999999999379e-02
-9.548900000000000443e-02
-9.548900000000000443e-02
-9.548900000000000443e-02
-9.543649999999999356e-02
-9.543649999999999356e-02
-9.543300000000000394e-02
-9.540849999999999331e-02
-9.538750000000000007e-02
-9.536999999999999644e-02
-9.536400000000000432e-02
-9.535949999999999982e-02
-9.529150000000000120e-02
-9.529150000000000120e-02
-9.529050000000000020e-02
-9.529050000000000020e-02
-9.527349999999999708e-02
-9.523399999999999921e-02
-9.523399999999999921e-02
-9.523399999999999921e-02
-9.511350000000000360e-02
-9.511350000000000360e-02
-9.503499999999999448e-02
-9.495249999999999524e-02
-9.495249999999999524e-02
-9.493000000000000049e-02
-9.493000000000000049e-02
-9.493000000000000049e-02
-9.474599999999999689e-02
-9.474599999999999689e-02
-9.474599999999999689e-02
-9.474599999999999689e-02
-9.474599999999999689e-02
-9.474050000000000527e-02
-9.471699999999999564e-02
-9.468799999999999439e-02
-9.468050000000000077e-02
-9.466499999999999915e-02
-9.465049999999999852e-02
-9.465049999999999852e-02
-9.461500000000000465e-02
-9.458850000000000591e-02
-9.458600000000000341e-02
-9.458600000000000341e-02
-9.456199999999999328e-02
-9.452750000000000041e-02
-9.439649999999999430e-02
-9.439649999999999430e-02
-9.439649999999999430e-02
-9.439649999999999430e-02
-9.439649999999999430e-02
-9.434099999999999431e-02
-9.434099999999999431e-02
-9.434099999999999431e-02
-9.433149999999999868e-02
-9.431349999999999456e-02
-9.430449999999999944e-02
-9.429899999999999394e-02
-9.428499999999999381e-02
-9.428400000000000669e-02
-9.423149999999999582e-02
-9.421300000000000507e-02
-9.421300000000000507e-02
-9.420649999999999857e-02
-9.416950000000000320e-02
-9.416950000000000320e-02
-9.415900000000000658e-02
-9.415900000000000658e-02
-9.411849999999999383e-02
-9.403200000000000447e-02
-9.401299999999999935e-02
-9.401299999999999935e-02
-9.396899999999999697e-02
-9.390350000000000086e-02
-9.390350000000000086e-02
-9.371150000000000313e-02
-9.371150000000000313e-02
-9.371150000000000313e-02
-9.370699999999999863e-02
-9.370699999999999863e-02
-9.350949999999999540e-02
-9.350949999999999540e-02
-9.350949999999999540e-02
-9.350949999999999540e-02
-9.342399999999999316e-02
-9.342399999999999316e-02
-9.334599999999999842e-02
-9.334349999999999592e-02
-9.332150000000000167e-02
-9.326299999999999868e-02
-9.326299999999999868e-02
-9.318450000000000344e-02
-9.313649999999999707e-02
-9.313649999999999707e-02
-9.313649999999999707e-02
-9.313649999999999707e-02
-9.311500000000000332e-02
-9.310050000000000270e-02
-9.310050000000000270e-02
-9.302199999999999358e-02
-9.302199999999999358e-02
-9.302199999999999358e-02
-9.298249999999999571e-02
-9.291049999999999309e-02
-9.291049999999999309e-02
-9.291049999999999309e-02
-9.291049999999999309e-02
-9.291049999999999309e-02
-9.289300000000000335e-02
-9.289300000000000335e-02
-9.288749999999999785e-02
-9.287349999999999772e-02
-9.284050000000000635e-02
-9.284050000000000635e-02
-9.283049999999999635e-02
-9.281250000000000611e-02
-9.280049999999999411e-02
-9.280049999999999411e-02
-9.276500000000000024e-02
-9.276500000000000024e-02
-9.248800000000000077e-02
-9.248800000000000077e-02
-9.248800000000000077e-02
-9.248800000000000077e-02
-9.248349999999999627e-02
-9.248349999999999627e-02
-9.248349999999999627e-02
-9.244850000000000290e-02
-9.244850000000000290e-02
-9.242100000000000315e-02
-9.240650000000000253e-02
-9.240650000000000253e-02
-9.240650000000000253e-02
-9.240550000000000153e-02
-9.238899999999999890e-02
-9.238549999999999540e-02
-9.231449999999999378e-02
-9.231449999999999378e-02
-9.230099999999999416e-02
-9.226099999999999579e-02
-9.226099999999999579e-02
-9.225650000000000517e-02
-9.207100000000000006e-02
-9.201049999999999507e-02
-9.201049999999999507e-02
-9.199799999999999645e-02
-9.199400000000000632e-02
-9.199400000000000632e-02
-9.190550000000000108e-02
-9.190550000000000108e-02
-9.189350000000000296e-02
-9.189350000000000296e-02
-9.189350000000000296e-02
-9.189350000000000296e-02
-9.186800000000000521e-02
-9.186350000000000071e-02
-9.182800000000000684e-02
-9.182049999999999934e-02
-9.181999999999999884e-02
-9.181999999999999884e-02
-9.177200000000000635e-02
-9.177200000000000635e-02
-9.169950000000000323e-02
-9.169950000000000323e-02
-9.169950000000000323e-02
-9.167450000000000598e-02
-9.167450000000000598e-02
-9.166349999999999498e-02
-9.165149999999999686e-02
-9.160550000000000637e-02
-9.151399999999999813e-02
-9.151399999999999813e-02
-9.148299999999999488e-02
-9.147550000000000125e-02
-9.145549999999999513e-02
-9.145549999999999513e-02
-9.145549999999999513e-02
-9.138999999999999901e-02
-9.138999999999999901e-02
-9.137900000000000189e-02
-9.137900000000000189e-02
-9.134100000000000552e-02
-9.134100000000000552e-02
-9.134100000000000552e-02
-9.134100000000000552e-02
-9.134100000000000552e-02
-9.134100000000000552e-02
-9.133550000000000002e-02
-9.130599999999999827e-02
-9.119299999999999629e-02
-9.119299999999999629e-02
-9.119299999999999629e-02
-9.119299999999999629e-02
-9.119299999999999629e-02
-9.119299999999999629e-02
-9.119299999999999629e-02
-9.115249999999999742e-02
-9.115249999999999742e-02
-9.115249999999999742e-02
-9.115249999999999742e-02
-9.115249999999999742e-02
-9.115099999999999592e-02
-9.104249999999999843e-02
-9.104249999999999843e-02
-9.104249999999999843e-02
-9.104249999999999843e-02
-8.995899999999999730e-02
-8.995899999999999730e-02
-8.995899999999999730e-02
-8.995899999999999730e-02
-8.995899999999999730e-02
-8.995899999999999730e-02
-8.995899999999999730e-02
-8.995899999999999730e-02
-8.995899999999999730e-02
-8.995899999999999730e-02
-8.995899999999999730e-02
-8.995899999999999730e-02
-8.995899999999999730e-02
-8.995899999999999730e-02
-8.995899999999999730e-02
-8.995899999999999730e-02
-8.995899999999999730e-02
-8.995899999999999730e-02
-8.995899999999999730e-02
-8.995899999999999730e-02
-8.995899999999999730e-02
-8.995899999999999730e-02
-8.995899999999999730e-02
-8.995899999999999730e-02
-8.995899999999999730e-02
-8.995899999999999730e-02
-8.995899999999999730e-02
-8.995899999999999730e-02
-8.995899999999999730e-02
-8.995899999999999730e-02
-8.995899999999999730e-02
-8.995899999999999730e-02
-8.995899999999999730e-02
-8.995899999999999730e-02
-8.995899999999999730e-02
-8.995899999999999730e-02
-8.995899999999999730e-02
-8.995899999999999730e-02
-8.995899999999999730e-02
-8.995899999999999730e-02
-8.995899999999999730e-02
-8.972850000000000270e-02
-8.972850000000000270e-02
-8.972850000000000270e-02
-8.972850000000000270e-02
-8.972850000000000270e-02
-8.916999999999999926e-02
-8.916999999999999926e-02
-8.916999999999999926e-02
-8.903099999999999903e-02
-8.901549999999999740e-02
-8.901549999999999740e-02
-8.892999999999999516e-02
-8.892999999999999516e-02
-8.799300000000000177e-02
-8.799300000000000177e-02
-8.799300000000000177e-02
-8.759300000000000419e-02
-8.759300000000000419e-02
-8.759300000000000419e-02
-8.756350000000000244e-02
-8.750349999999999795e-02
-8.722399999999999598e-02
-8.716350000000000486e-02
-8.714149999999999674e-02
-8.713400000000000312e-02
-8.713400000000000312e-02
-8.713400000000000312e-02
-8.713400000000000312e-02
-8.713400000000000312e-02
-8.713400000000000312e-02
-8.682549999999999990e-02
-8.682549999999999990e-02
-8.679399999999999615e-02
-8.666999999999999704e-02
-8.666999999999999704e-02
-8.666999999999999704e-02
-8.666999999999999704e-02
-8.653149999999999731e-02
-8.647100000000000619e-02
-8.636950000000000183e-02
-8.636950000000000183e-02
-8.636950000000000183e-02
-8.636950000000000183e-02
-8.628049999999999609e-02
-8.622900000000000009e-02
-8.614700000000000135e-02
-8.614700000000000135e-02
-8.614700000000000135e-02
-8.598200000000000287e-02
-8.598200000000000287e-02
-8.598200000000000287e-02
-8.585249999999999826e-02
-8.565799999999999803e-02
-8.540150000000000519e-02
-8.540150000000000519e-02
-8.538850000000000606e-02
-8.530500000000000582e-02
-8.530500000000000582e-02
-8.530500000000000582e-02
-8.527049999999999907e-02
-8.513400000000000134e-02
-8.513400000000000134e-02
-8.513400000000000134e-02
-8.507900000000000185e-02
-8.501200000000000423e-02
-8.434300000000000130e-02
-8.434300000000000130e-02
-8.434300000000000130e-02
-8.434300000000000130e-02
-8.434300000000000130e-02
-8.434300000000000130e-02
-8.412100000000000133e-02
-8.407950000000000146e-02
-8.407950000000000146e-02
-8.407950000000000146e-02
-8.407950000000000146e-02
-8.386000000000000398e-02
-8.378649999999999987e-02
-8.376699999999999424e-02
-8.360599999999999976e-02
-8.360599999999999976e-02
-8.359600000000000364e-02
-8.357000000000000539e-02
-8.348400000000000265e-02
-8.341500000000000303e-02
-8.339199999999999391e-02
-8.337999999999999579e-02
-8.333550000000000679e-02
-8.333550000000000679e-02
-8.332100000000000617e-02
-8.332100000000000617e-02
-8.323300000000000143e-02
-8.323300000000000143e-02
-8.320950000000000568e-02
-8.317249999999999643e-02
-8.310449999999999782e-02
-8.310449999999999782e-02
-8.298350000000000171e-02
-8.298350000000000171e-02
-8.298350000000000171e-02
-8.297999999999999821e-02
-8.295149999999999746e-02
-8.285599999999999909e-02
-8.285599999999999909e-02
-8.285599999999999909e-02
-8.285599999999999909e-02
-8.285149999999999459e-02
-8.285149999999999459e-02
-8.275349999999999373e-02
-8.222300000000000442e-02
-8.222300000000000442e-02
-8.222300000000000442e-02
-8.219949999999999479e-02
-8.219949999999999479e-02
-8.201250000000000207e-02
-8.193599999999999495e-02
-8.193599999999999495e-02
-8.193599999999999495e-02
-8.193050000000000332e-02
-8.191900000000000570e-02
-8.185000000000000608e-02
-8.178749999999999909e-02
-8.174900000000000222e-02
-8.174900000000000222e-02
-8.171549999999999647e-02
-8.167649999999999910e-02
-8.167649999999999910e-02
-8.165200000000000236e-02
-8.134500000000000064e-02
-8.130800000000000527e-02
-8.123199999999999865e-02
-8.123199999999999865e-02
-8.120499999999999940e-02
-8.120499999999999940e-02
-8.120499999999999940e-02
-8.112450000000000216e-02
-8.111899999999999666e-02
-8.111899999999999666e-02
-8.111300000000000454e-02
-8.111300000000000454e-02
-8.107000000000000317e-02
-8.075549999999999395e-02
-8.075549999999999395e-02
-8.075549999999999395e-02
-8.075549999999999395e-02
-8.074249999999999483e-02
-8.074249999999999483e-02
-8.074249999999999483e-02
-8.074249999999999483e-02
-8.074249999999999483e-02
-8.071749999999999758e-02
-8.071749999999999758e-02
-8.066450000000000009e-02
-8.065949999999999509e-02
-8.064050000000000384e-02
-8.064050000000000384e-02
-8.061150000000000260e-02
-8.053299999999999348e-02
-8.053299999999999348e-02
-8.053299999999999348e-02
-8.053050000000000486e-02
-8.050050000000000261e-02
-8.050050000000000261e-02
-8.050050000000000261e-02
-8.040999999999999537e-02
-8.040999999999999537e-02
-8.040999999999999537e-02
-8.040999999999999537e-02
-8.039649999999999574e-02
-8.035299999999999387e-02
-8.035299999999999387e-02
-8.035050000000000525e-02
-8.035050000000000525e-02
-8.033250000000000113e-02
-8.021300000000000652e-02
-8.019900000000000639e-02
-8.019900000000000639e-02
-8.018749999999999489e-02
-8.014050000000000340e-02
-8.013900000000000190e-02
-8.013549999999999840e-02
-8.012099999999999778e-02
-7.997600000000000542e-02
-7.997600000000000542e-02
-7.978649999999999631e-02
-7.978649999999999631e-02
-7.978649999999999631e-02
-7.978050000000000419e-02
-7.975050000000000194e-02
-7.958850000000000646e-02
-7.958850000000000646e-02
-7.953699999999999659e-02
-7.953699999999999659e-02
-7.946350000000000635e-02
-7.946350000000000635e-02
-7.946350000000000635e-02
-7.946350000000000635e-02
-7.944299999999999973e-02
-7.944299999999999973e-02
-7.939350000000000573e-02
-7.937550000000000161e-02
-7.937550000000000161e-02
-7.914050000000000251e-02
-7.914050000000000251e-02
-7.914050000000000251e-02
-7.914050000000000251e-02
-7.914050000000000251e-02
-7.913950000000000151e-02
-7.913950000000000151e-02
-7.913950000000000151e-02
-7.910949999999999926e-02
-7.905700000000000227e-02
-7.905700000000000227e-02
-7.900350000000000428e-02
-7.900350000000000428e-02
-7.894700000000000328e-02
-7.883800000000000530e-02
-7.883600000000000330e-02
-7.882550000000000667e-02
-7.865550000000000319e-02
-7.865550000000000319e-02
-7.861100000000000032e-02
-7.861100000000000032e-02
-7.860699999999999632e-02
-7.856150000000000633e-02
-7.817200000000000537e-02
-7.806699999999999751e-02
-7.806699999999999751e-02
-7.803300000000000514e-02
-7.803300000000000514e-02
-7.803300000000000514e-02
-7.785200000000000453e-02
-7.784900000000000153e-02
-7.719700000000000173e-02
-7.719700000000000173e-02
-7.719700000000000173e-02
-7.719700000000000173e-02
-7.719700000000000173e-02
-7.697500000000000175e-02
-7.697500000000000175e-02
-7.697500000000000175e-02
-7.682300000000000240e-02
-7.665700000000000292e-02
-7.665700000000000292e-02
-7.652299999999999380e-02
-7.649000000000000243e-02
-7.649000000000000243e-02
-7.646150000000000169e-02
-7.637850000000000195e-02
-7.616050000000000597e-02
-7.616050000000000597e-02
-7.616050000000000597e-02
-7.601049999999999474e-02
-7.601049999999999474e-02
-7.601049999999999474e-02
-7.600550000000000361e-02
-7.600149999999999961e-02
-7.598449999999999649e-02
-7.596100000000000074e-02
-7.586450000000000138e-02
-7.586450000000000138e-02
-7.571150000000000102e-02
-7.561400000000000066e-02
-7.557350000000000179e-02
-7.557350000000000179e-02
-7.552000000000000379e-02
-7.545549999999999480e-02
-7.545549999999999480e-02
-7.540099999999999580e-02
-7.540099999999999580e-02
-7.527949999999999919e-02
-7.527949999999999919e-02
-7.527949999999999919e-02
-7.525750000000000495e-02
-7.523199999999999332e-02
-7.519149999999999445e-02
-7.514250000000000096e-02
-7.513400000000000634e-02
-7.512199999999999434e-02
-7.510450000000000459e-02
-7.509000000000000397e-02
-7.505050000000000610e-02
-7.505050000000000610e-02
-7.505050000000000610e-02
-7.491000000000000436e-02
-7.491000000000000436e-02
-7.483349999999999724e-02
-7.483349999999999724e-02
-7.483349999999999724e-02
-7.480199999999999350e-02
-7.480199999999999350e-02
-7.480199999999999350e-02
-7.464049999999999851e-02
-7.464049999999999851e-02
-7.464049999999999851e-02
-7.464049999999999851e-02
-7.460250000000000214e-02
-7.457600000000000340e-02
-7.457600000000000340e-02
-7.456550000000000678e-02
-7.456000000000000127e-02
-7.455249999999999377e-02
-7.455249999999999377e-02
-7.438000000000000167e-02
-7.438000000000000167e-02
-7.438000000000000167e-02
-7.431649999999999368e-02
-7.431649999999999368e-02
-7.431649999999999368e-02
-7.431649999999999368e-02
-7.431649999999999368e-02
-7.431649999999999368e-02
-7.430699999999999805e-02
-7.430699999999999805e-02
-7.425249999999999906e-02
-7.416699999999999682e-02
-7.416699999999999682e-02
-7.416699999999999682e-02
-7.416699999999999682e-02
-7.416300000000000670e-02
-7.414550000000000307e-02
-7.412849999999999995e-02
-7.412849999999999995e-02
-7.409250000000000558e-02
-7.408399999999999708e-02
-7.408399999999999708e-02
-7.407550000000000245e-02
-7.405050000000000521e-02
-7.404349999999999821e-02
-7.400249999999999884e-02
-7.400249999999999884e-02
-7.400249999999999884e-02
-7.400249999999999884e-02
-7.398250000000000659e-02
-7.398250000000000659e-02
-7.366250000000000575e-02
-7.364249999999999963e-02
-7.364249999999999963e-02
-7.364249999999999963e-02
-7.360150000000000026e-02
-7.359050000000000313e-02
-7.359050000000000313e-02
-7.357450000000000101e-02
-7.357450000000000101e-02
-7.352549999999999364e-02
-7.352450000000000652e-02
-7.350049999999999639e-02
-7.349700000000000677e-02
-7.344549999999999690e-02
-7.344549999999999690e-02
-7.339550000000000241e-02
-7.336099999999999566e-02
-7.336099999999999566e-02
-7.329149999999999554e-02
-7.329149999999999554e-02
-7.325199999999999767e-02
-7.325199999999999767e-02
-7.325199999999999767e-02
-7.324400000000000355e-02
-7.321999999999999342e-02
-7.320400000000000518e-02
-7.318700000000000205e-02
-7.318700000000000205e-02
-7.316050000000000331e-02
-7.313550000000000606e-02
-7.302200000000000357e-02
-7.292550000000000421e-02
-7.292550000000000421e-02
-7.292550000000000421e-02
-7.288250000000000284e-02
-7.288250000000000284e-02
-7.285300000000000109e-02
-7.285300000000000109e-02
-7.285300000000000109e-02
-7.283900000000000097e-02
-7.281150000000000122e-02
-7.276849999999999985e-02
-7.276849999999999985e-02
-7.275349999999999873e-02
-7.274700000000000610e-02
-7.272499999999999798e-02
-7.267899999999999361e-02
-7.267899999999999361e-02
-7.258149999999999324e-02
-7.258149999999999324e-02
-7.258100000000000662e-02
-7.256150000000000100e-02
-7.255150000000000488e-02
-7.252300000000000413e-02
-7.249849999999999350e-02
-7.249700000000000588e-02
-7.249700000000000588e-02
-7.245799999999999463e-02
-7.245799999999999463e-02
-7.243850000000000289e-02
-7.240199999999999414e-02
-7.240199999999999414e-02
-7.240199999999999414e-02
-7.238899999999999502e-02
-7.235450000000000215e-02
-7.235450000000000215e-02
-7.233349999999999502e-02
-7.231049999999999978e-02
-7.223050000000000304e-02
-7.223050000000000304e-02
-7.219699999999999729e-02
-7.219699999999999729e-02
-7.219699999999999729e-02
-7.219699999999999729e-02
-7.219699999999999729e-02
-7.218399999999999817e-02
-7.218399999999999817e-02
-7.214550000000000129e-02
-7.206200000000000105e-02
-7.206200000000000105e-02
-7.206200000000000105e-02
-7.206200000000000105e-02
-7.201749999999999818e-02
-7.196199999999999819e-02
-7.196199999999999819e-02
-7.196199999999999819e-02
-7.188949999999999507e-02
-7.188949999999999507e-02
-7.188949999999999507e-02
-7.188949999999999507e-02
-7.188949999999999507e-02
-7.187399999999999345e-02
-7.186900000000000233e-02
-7.185850000000000570e-02
-7.185300000000000020e-02
-7.182349999999999846e-02
-7.182349999999999846e-02
-7.182349999999999846e-02
-7.182349999999999846e-02
-7.179649999999999921e-02
-7.178299999999999959e-02
-7.176299999999999346e-02
-7.175800000000000234e-02
-7.174999999999999434e-02
-7.169649999999999634e-02
-7.169649999999999634e-02
-7.169649999999999634e-02
-7.169649999999999634e-02
-7.161700000000000010e-02
-7.161700000000000010e-02
-7.158799999999999886e-02
-7.156700000000000561e-02
-7.156700000000000561e-02
-7.156150000000000011e-02
-7.155300000000000549e-02
-7.154349999999999599e-02
-7.149450000000000249e-02
-7.145849999999999425e-02
-7.145849999999999425e-02
-7.145849999999999425e-02
-7.145300000000000262e-02
-7.141150000000000275e-02
-7.141150000000000275e-02
-7.130699999999999539e-02
-7.130699999999999539e-02
-7.130699999999999539e-02
-7.130699999999999539e-02
-7.130699999999999539e-02
-7.129349999999999576e-02
-7.123300000000000465e-02
-7.123300000000000465e-02
-7.120750000000000690e-02
-7.120750000000000690e-02
-7.120750000000000690e-02
-7.118649999999999978e-02
-7.118649999999999978e-02
-7.112250000000000516e-02
-7.112250000000000516e-02
-7.112250000000000516e-02
-7.112250000000000516e-02
-7.112250000000000516e-02
-7.112250000000000516e-02
-7.112250000000000516e-02
-7.112250000000000516e-02
-7.112250000000000516e-02
-7.110249999999999904e-02
-7.110249999999999904e-02
-7.109450000000000491e-02
-7.108799999999999841e-02
-7.106149999999999967e-02
-7.104100000000000692e-02
-7.103550000000000142e-02
-7.103550000000000142e-02
-7.101749999999999730e-02
-7.087949999999999806e-02
-7.087949999999999806e-02
-7.087949999999999806e-02
-7.085049999999999681e-02
-7.083599999999999619e-02
-7.083599999999999619e-02
-7.082549999999999957e-02
-7.082049999999999457e-02
-7.072749999999999870e-02
-7.071249999999999758e-02
-7.066849999999999521e-02
-7.066849999999999521e-02
-7.066849999999999521e-02
-7.066849999999999521e-02
-7.065749999999999809e-02
-7.065749999999999809e-02
-7.064900000000000346e-02
-7.063850000000000684e-02
-7.063350000000000184e-02
-7.045650000000000523e-02
-7.043800000000000061e-02
-7.043800000000000061e-02
-7.043800000000000061e-02
-7.043800000000000061e-02
-7.043800000000000061e-02
-7.043449999999999711e-02
-7.039650000000000074e-02
-7.035450000000000037e-02
-7.027799999999999325e-02
-7.027799999999999325e-02
-7.027500000000000413e-02
-7.027500000000000413e-02
-7.023550000000000626e-02
-7.011549999999999727e-02
-7.011549999999999727e-02
-7.011549999999999727e-02
-7.011549999999999727e-02
-7.009200000000000153e-02
-7.009200000000000153e-02
-7.004249999999999365e-02
-7.004249999999999365e-02
-7.004249999999999365e-02
-7.002150000000000041e-02
-7.002150000000000041e-02
-7.001250000000000528e-02
-7.001250000000000528e-02
-7.001150000000000428e-02
-6.999650000000000316e-02
-6.990499999999999492e-02
-6.990499999999999492e-02
-6.990499999999999492e-02
-6.989850000000000230e-02
-6.989850000000000230e-02
-6.989850000000000230e-02
-6.989850000000000230e-02
-6.989850000000000230e-02
-6.988400000000000167e-02
-6.984650000000000580e-02
-6.980600000000000693e-02
-6.980600000000000693e-02
-6.980600000000000693e-02
-6.980600000000000693e-02
-6.980600000000000693e-02
-6.980600000000000693e-02
-6.972349999999999381e-02
-6.972349999999999381e-02
-6.972299999999999331e-02
-6.972299999999999331e-02
-6.971850000000000269e-02
-6.971850000000000269e-02
-6.969300000000000495e-02
-6.968749999999999944e-02
-6.967199999999999782e-02
-6.967199999999999782e-02
-6.967149999999999732e-02
-6.964549999999999907e-02
-6.964299999999999657e-02
-6.963550000000000295e-02
-6.961799999999999933e-02
-6.954499999999999571e-02
-6.952700000000000546e-02
-6.950000000000000622e-02
-6.950000000000000622e-02
-6.950000000000000622e-02
-6.943249999999999422e-02
-6.943249999999999422e-02
-6.939549999999999885e-02
-6.939549999999999885e-02
-6.939549999999999885e-02
-6.936799999999999911e-02
-6.936799999999999911e-02
-6.936799999999999911e-02
-6.936100000000000598e-02
-6.936100000000000598e-02
-6.932850000000000124e-02
-6.932850000000000124e-02
-6.932850000000000124e-02
-6.929749999999999799e-02
-6.929749999999999799e-02
-6.928249999999999686e-02
-6.927600000000000424e-02
-6.927099999999999924e-02
-6.926300000000000512e-02
-6.924450000000000049e-02
-6.924450000000000049e-02
-6.920300000000000062e-02
-6.919150000000000300e-02
-6.918249999999999400e-02
-6.912999999999999701e-02
-6.912799999999999501e-02
-6.910249999999999726e-02
-6.910149999999999626e-02
-6.876300000000000467e-02
-6.876300000000000467e-02
-6.876300000000000467e-02
-6.876300000000000467e-02
-6.876300000000000467e-02
-6.865549999999999431e-02
-6.865549999999999431e-02
-6.865549999999999431e-02
-6.865549999999999431e-02
-6.864950000000000219e-02
-6.859949999999999382e-02
-6.859949999999999382e-02
-6.859949999999999382e-02
-6.854200000000000570e-02
-6.854200000000000570e-02
-6.853700000000000070e-02
-6.851500000000000645e-02
-6.851500000000000645e-02
-6.851250000000000395e-02
-6.826050000000000173e-02
-6.826050000000000173e-02
-6.826050000000000173e-02
-6.826050000000000173e-02
-6.826050000000000173e-02
-6.826050000000000173e-02
-6.816899999999999349e-02
-6.816899999999999349e-02
-6.816899999999999349e-02
-6.816899999999999349e-02
-6.809999999999999387e-02
-6.809999999999999387e-02
-6.809999999999999387e-02
-6.809550000000000325e-02
-6.809550000000000325e-02
-6.809550000000000325e-02
-6.809550000000000325e-02
-6.809550000000000325e-02
-6.808100000000000263e-02
-6.783899999999999653e-02
-6.783899999999999653e-02
-6.783899999999999653e-02
-6.781950000000000478e-02
-6.777199999999999891e-02
-6.777199999999999891e-02
-6.777099999999999791e-02
-6.777099999999999791e-02
-6.777099999999999791e-02
-6.775799999999999879e-02
-6.775399999999999479e-02
-6.775399999999999479e-02
-6.774449999999999916e-02
-6.774449999999999916e-02
-6.774449999999999916e-02
-6.773999999999999466e-02
-6.773999999999999466e-02
-6.771299999999999542e-02
-6.771299999999999542e-02
-6.770099999999999729e-02
-6.767249999999999654e-02
-6.767249999999999654e-02
-6.765949999999999742e-02
-6.763349999999999917e-02
-6.762949999999999517e-02
-6.762949999999999517e-02
-6.762050000000000005e-02
-6.760850000000000193e-02
-6.760549999999999893e-02
-6.757349999999999468e-02
-6.757150000000000656e-02
-6.757150000000000656e-02
-6.757150000000000656e-02
-6.753249999999999531e-02
-6.753249999999999531e-02
-6.753249999999999531e-02
-6.753249999999999531e-02
-6.753249999999999531e-02
-6.752650000000000319e-02
-6.750549999999999606e-02
-6.750549999999999606e-02
-6.744050000000000045e-02
-6.744050000000000045e-02
-6.744050000000000045e-02
-6.744050000000000045e-02
-6.744050000000000045e-02
-6.738600000000000145e-02
-6.738600000000000145e-02
-6.738600000000000145e-02
-6.736899999999999833e-02
-6.735299999999999621e-02
-6.731399999999999884e-02
-6.725399999999999434e-02
-6.725399999999999434e-02
-6.721349999999999547e-02
-6.721349999999999547e-02
-6.721349999999999547e-02
-6.718749999999999722e-02
-6.718749999999999722e-02
-6.715749999999999498e-02
-6.715749999999999498e-02
-6.715749999999999498e-02
-6.715200000000000335e-02
-6.715200000000000335e-02
-6.712400000000000311e-02
-6.712400000000000311e-02
-6.711350000000000648e-02
-6.710449999999999748e-02
-6.709199999999999886e-02
-6.708500000000000574e-02
-6.705550000000000399e-02
-6.702900000000000524e-02
-6.702900000000000524e-02
-6.700799999999999812e-02
-6.700349999999999362e-02
-6.688399999999999901e-02
-6.688399999999999901e-02
-6.688399999999999901e-02
-6.688149999999999651e-02
-6.687500000000000389e-02
-6.687500000000000389e-02
-6.687500000000000389e-02
-6.687500000000000389e-02
-6.687049999999999939e-02
-6.687049999999999939e-02
-6.684900000000000564e-02
-6.684900000000000564e-02
-6.682499999999999551e-02
-6.679999999999999827e-02
-6.677650000000000252e-02
-6.676100000000000090e-02
-6.674399999999999777e-02
-6.674399999999999777e-02
-6.674399999999999777e-02
-6.671749999999999903e-02
-6.668050000000000366e-02
-6.666700000000000403e-02
-6.664849999999999941e-02
-6.662949999999999429e-02
-6.662099999999999966e-02
-6.661499999999999366e-02
-6.661499999999999366e-02
-6.658500000000000529e-02
-6.657150000000000567e-02
-6.657150000000000567e-02
-6.655949999999999367e-02
-6.654649999999999455e-02
-6.652099999999999680e-02
-6.650000000000000355e-02
-6.643899999999999806e-02
-6.643899999999999806e-02
-6.638299999999999756e-02
-6.638299999999999756e-02
-6.638299999999999756e-02
-6.637450000000000294e-02
-6.632200000000000595e-02
-6.632200000000000595e-02
-6.631549999999999945e-02
-6.631549999999999945e-02
-6.631549999999999945e-02
-6.631099999999999495e-02
-6.629749999999999532e-02
-6.628399999999999570e-02
-6.627750000000000308e-02
-6.625849999999999795e-02
-6.625849999999999795e-02
-6.625849999999999795e-02
-6.625849999999999795e-02
-6.625849999999999795e-02
-6.625499999999999445e-02
-6.620049999999999546e-02
-6.620049999999999546e-02
-6.620049999999999546e-02
-6.620049999999999546e-02
-6.619849999999999346e-02
-6.619849999999999346e-02
-6.618050000000000321e-02
-6.617149999999999421e-02
-6.617149999999999421e-02
-6.611649999999999472e-02
-6.611649999999999472e-02
-6.611649999999999472e-02
-6.611649999999999472e-02
-6.611649999999999472e-02
-6.592000000000000637e-02
-6.592000000000000637e-02
-6.592000000000000637e-02
-6.589150000000000562e-02
-6.589150000000000562e-02
-6.589150000000000562e-02
-6.589150000000000562e-02
-6.589150000000000562e-02
-6.585699999999999887e-02
-6.585699999999999887e-02
-6.579550000000000676e-02
-6.579550000000000676e-02
-6.579550000000000676e-02
-6.577950000000000463e-02
-6.573099999999999776e-02
-6.573099999999999776e-02
-6.573099999999999776e-02
-6.573049999999999726e-02
-6.569750000000000589e-02
-6.568849999999999689e-02
-6.563399999999999790e-02
-6.563399999999999790e-02
-6.559700000000000253e-02
-6.559700000000000253e-02
-6.559700000000000253e-02
-6.559700000000000253e-02
-6.558049999999999990e-02
-6.551949999999999441e-02
-6.551949999999999441e-02
-6.551949999999999441e-02
-6.551949999999999441e-02
-6.548099999999999754e-02
-6.547300000000000342e-02
-6.544400000000000217e-02
-6.544400000000000217e-02
-6.544400000000000217e-02
-6.536949999999999705e-02
-6.536949999999999705e-02
-6.536949999999999705e-02
-6.536949999999999705e-02
-6.536000000000000143e-02
-6.535100000000000631e-02
-6.534249999999999781e-02
-6.530249999999999944e-02
-6.530249999999999944e-02
-6.530249999999999944e-02
-6.529999999999999694e-02
-6.526800000000000657e-02
-6.525999999999999857e-02
-6.525999999999999857e-02
-6.524800000000000044e-02
-6.520600000000000007e-02
-6.520600000000000007e-02
-6.520600000000000007e-02
-6.520600000000000007e-02
-6.516850000000000420e-02
-6.516600000000000170e-02
-6.513900000000000245e-02
-6.513900000000000245e-02
-6.510249999999999371e-02
-6.510249999999999371e-02
-6.510249999999999371e-02
-6.510249999999999371e-02
-6.510249999999999371e-02
-6.510249999999999371e-02
-6.507499999999999396e-02
-6.507499999999999396e-02
-6.506449999999999734e-02
-6.506349999999999634e-02
-6.506349999999999634e-02
-6.504550000000000609e-02
-6.499050000000000660e-02
-6.499050000000000660e-02
-6.499050000000000660e-02
-6.499050000000000660e-02
-6.499050000000000660e-02
-6.495599999999999985e-02
-6.495599999999999985e-02
-6.495599999999999985e-02
-6.495099999999999485e-02
-6.494800000000000573e-02
-6.494400000000000173e-02
-6.494250000000000023e-02
-6.491750000000000298e-02
-6.491249999999999798e-02
-6.491249999999999798e-02
-6.490300000000000236e-02
-6.488399999999999723e-02
-6.488399999999999723e-02
-6.487750000000000461e-02
-6.487199999999999911e-02
-6.487199999999999911e-02
-6.486400000000000499e-02
-6.485549999999999649e-02
-6.484950000000000436e-02
-6.482449999999999324e-02
-6.482300000000000562e-02
-6.482300000000000562e-02
-6.477800000000000225e-02
-6.477800000000000225e-02
-6.477800000000000225e-02
-6.473900000000000488e-02
-6.469650000000000400e-02
-6.466700000000000226e-02
-6.456749999999999989e-02
-6.456749999999999989e-02
-6.456749999999999989e-02
-6.455800000000000427e-02
-6.455800000000000427e-02
-6.455800000000000427e-02
-6.455800000000000427e-02
-6.454150000000000165e-02
-6.445299999999999641e-02
-6.445299999999999641e-02
-6.442549999999999666e-02
-6.442549999999999666e-02
-6.439549999999999441e-02
-6.439549999999999441e-02
-6.439549999999999441e-02
-6.434499999999999942e-02
-6.434499999999999942e-02
-6.434499999999999942e-02
-6.430700000000000305e-02
-6.430700000000000305e-02
-6.430700000000000305e-02
-6.430700000000000305e-02
-6.430700000000000305e-02
-6.430700000000000305e-02
-6.430700000000000305e-02
-6.430700000000000305e-02
-6.423550000000000093e-02
-6.423550000000000093e-02
-6.423550000000000093e-02
-6.423550000000000093e-02
-6.423550000000000093e-02
-6.422949999999999493e-02
-6.422849999999999393e-02
-6.420499999999999818e-02
-6.420499999999999818e-02
-6.419900000000000606e-02
-6.418649999999999356e-02
-6.417449999999999544e-02
-6.416700000000000181e-02
-6.416700000000000181e-02
-6.412550000000000194e-02
-6.408350000000000157e-02
-6.408350000000000157e-02
-6.408350000000000157e-02
-6.408350000000000157e-02
-6.399799999999999933e-02
-6.399799999999999933e-02
-6.399799999999999933e-02
-6.398249999999999771e-02
-6.397799999999999321e-02
-6.397500000000000409e-02
-6.396350000000000646e-02
-6.395199999999999496e-02
-6.395199999999999496e-02
-6.393699999999999384e-02
-6.387800000000000422e-02
-6.387800000000000422e-02
-6.385799999999999810e-02
-6.382050000000000223e-02
-6.380299999999999860e-02
-6.380299999999999860e-02
-6.378449999999999398e-02
-6.376700000000000423e-02
-6.371899999999999786e-02
-6.371899999999999786e-02
-6.371899999999999786e-02
-6.369950000000000612e-02
-6.369950000000000612e-02
-6.367849999999999899e-02
-6.367849999999999899e-02
-6.367849999999999899e-02
-6.366249999999999687e-02
-6.362850000000000450e-02
-6.362700000000000300e-02
-6.362049999999999650e-02
-6.361799999999999400e-02
-6.360749999999999738e-02
-6.358700000000000463e-02
-6.357250000000000401e-02
-6.356799999999999951e-02
-6.356799999999999951e-02
-6.355550000000000088e-02
-6.355550000000000088e-02
-6.353549999999999476e-02
-6.353549999999999476e-02
-6.353350000000000664e-02
-6.348199999999999676e-02
-6.348199999999999676e-02
-6.347600000000000464e-02
-6.341850000000000265e-02
-6.341850000000000265e-02
-6.341850000000000265e-02
-6.341850000000000265e-02
-6.341850000000000265e-02
-6.341800000000000215e-02
-6.341199999999999615e-02
-6.339649999999999452e-02
-6.336999999999999578e-02
-6.336450000000000415e-02
-6.336350000000000315e-02
-6.334800000000000153e-02
-6.334800000000000153e-02
-6.334800000000000153e-02
-6.334299999999999653e-02
-6.333049999999999791e-02
-6.332849999999999591e-02
-6.329999999999999516e-02
-6.329999999999999516e-02
-6.324449999999999517e-02
-6.324449999999999517e-02
-6.324449999999999517e-02
-6.324449999999999517e-02
-6.324449999999999517e-02
-6.324449999999999517e-02
-6.324449999999999517e-02
-6.324449999999999517e-02
-6.321200000000000430e-02
-6.320000000000000617e-02
-6.316900000000000293e-02
-6.316900000000000293e-02
-6.316900000000000293e-02
-6.316549999999999943e-02
-6.316549999999999943e-02
-6.314949999999999730e-02
-6.312700000000000256e-02
-6.312700000000000256e-02
-6.311450000000000393e-02
-6.311150000000000093e-02
-6.311150000000000093e-02
-6.308199999999999918e-02
-6.308199999999999918e-02
-6.308199999999999918e-02
-6.308199999999999918e-02
-6.306849999999999956e-02
-6.306000000000000494e-02
-6.306000000000000494e-02
-6.305800000000000294e-02
-6.305349999999999844e-02
-6.303799999999999681e-02
-6.303799999999999681e-02
-6.303799999999999681e-02
-6.303799999999999681e-02
-6.303050000000000319e-02
-6.302950000000000219e-02
-6.301950000000000607e-02
-6.301950000000000607e-02
-6.301600000000000257e-02
-6.299949999999999994e-02
-6.299499999999999544e-02
-6.299200000000000632e-02
-6.297949999999999382e-02
-6.297700000000000520e-02
-6.297650000000000470e-02
-6.297200000000000020e-02
-6.297200000000000020e-02
-6.292899999999999883e-02
-6.291199999999999570e-02
-6.291199999999999570e-02
-6.291199999999999570e-02
-6.290949999999999320e-02
-6.290600000000000358e-02
-6.290600000000000358e-02
-6.288950000000000096e-02
-6.283249999999999946e-02
-6.283249999999999946e-02
-6.283149999999999846e-02
-6.283149999999999846e-02
-6.282699999999999396e-02
-6.282350000000000434e-02
-6.277449999999999697e-02
-6.273299999999999710e-02
-6.273299999999999710e-02
-6.272750000000000548e-02
-6.272750000000000548e-02
-6.265950000000000686e-02
-6.265950000000000686e-02
-6.265950000000000686e-02
-6.265950000000000686e-02
-6.265950000000000686e-02
-6.264200000000000323e-02
-6.264200000000000323e-02
-6.261049999999999949e-02
-6.261049999999999949e-02
-6.261049999999999949e-02
-6.261049999999999949e-02
-6.260999999999999899e-02
-6.259699999999999986e-02
-6.259699999999999986e-02
-6.259549999999999836e-02
-6.258199999999999874e-02
-6.256549999999999612e-02
-6.255499999999999949e-02
-6.252900000000000125e-02
-6.233299999999999952e-02
-6.231350000000000083e-02
-6.228949999999999765e-02
-6.228949999999999765e-02
-6.228949999999999765e-02
-6.228949999999999765e-02
-6.228949999999999765e-02
-6.228949999999999765e-02
-6.225850000000000134e-02
-6.225499999999999784e-02
-6.221899999999999653e-02
-6.219949999999999785e-02
-6.219800000000000328e-02
-6.216300000000000298e-02
-6.216300000000000298e-02
-6.216300000000000298e-02
-6.214449999999999835e-02
-6.214449999999999835e-02
-6.206049999999999761e-02
-6.206049999999999761e-02
-6.206049999999999761e-02
-6.206049999999999761e-02
-6.206049999999999761e-02
-6.206049999999999761e-02
-6.203600000000000086e-02
-6.193300000000000194e-02
-6.193300000000000194e-02
-6.193300000000000194e-02
-6.192750000000000338e-02
-6.192750000000000338e-02
-6.192099999999999688e-02
-6.192099999999999688e-02
-6.192099999999999688e-02
-6.189950000000000313e-02
-6.189950000000000313e-02
-6.189549999999999913e-02
-6.189549999999999913e-02
-6.189250000000000307e-02
-6.188500000000000251e-02
-6.187750000000000195e-02
-6.185949999999999782e-02
-6.185500000000000026e-02
-6.181949999999999945e-02
-6.181949999999999945e-02
-6.181949999999999945e-02
-6.181699999999999695e-02
-6.177150000000000002e-02
-6.177150000000000002e-02
-6.176449999999999996e-02
-6.175900000000000140e-02
-6.175900000000000140e-02
-6.175649999999999890e-02
-6.175649999999999890e-02
-6.175649999999999890e-02
-6.175200000000000133e-02
-6.175200000000000133e-02
-6.168099999999999972e-02
-6.167550000000000116e-02
-6.167149999999999715e-02
-6.166950000000000209e-02
-6.166750000000000009e-02
-6.166750000000000009e-02
-6.164150000000000185e-02
-6.159450000000000341e-02
-6.159450000000000341e-02
-6.157750000000000029e-02
-6.157750000000000029e-02
-6.157750000000000029e-02
-6.156650000000000317e-02
-6.154500000000000248e-02
-6.154500000000000248e-02
-6.152250000000000080e-02
-6.148350000000000343e-02
-6.147999999999999993e-02
-6.146499999999999880e-02
-6.146499999999999880e-02
-6.146499999999999880e-02
-6.144349999999999812e-02
-6.143749999999999906e-02
-6.140849999999999781e-02
-6.140450000000000075e-02
-6.140450000000000075e-02
-6.137850000000000250e-02
-6.137850000000000250e-02
-6.137850000000000250e-02
-6.137100000000000194e-02
-6.136400000000000188e-02
-6.136250000000000038e-02
-6.136250000000000038e-02
-6.135050000000000225e-02
-6.135050000000000225e-02
-6.133899999999999769e-02
-6.131799999999999751e-02
-6.131500000000000145e-02
-6.129849999999999882e-02
-6.128100000000000214e-02
-6.128100000000000214e-02
-6.119000000000000133e-02
-6.119000000000000133e-02
-6.119000000000000133e-02
-6.119000000000000133e-02
-6.119000000000000133e-02
-6.115099999999999703e-02
-6.115099999999999703e-02
-6.115099999999999703e-02
-6.115099999999999703e-02
-6.115099999999999703e-02
-6.110299999999999759e-02
-6.105850000000000166e-02
-6.105300000000000310e-02
-6.105300000000000310e-02
-6.105300000000000310e-02
-6.104350000000000054e-02
-6.104350000000000054e-02
-6.104350000000000054e-02
-6.104149999999999854e-02
-6.102099999999999885e-02
-6.101800000000000279e-02
-6.101050000000000223e-02
-6.100749999999999923e-02
-6.099750000000000311e-02
-6.098699999999999954e-02
-6.086550000000000293e-02
-6.086550000000000293e-02
-6.086550000000000293e-02
-6.086550000000000293e-02
-6.086550000000000293e-02
-6.086550000000000293e-02
-6.085150000000000281e-02
-6.085150000000000281e-02
-6.083650000000000169e-02
-6.083600000000000119e-02
-6.080499999999999794e-02
-6.079749999999999738e-02
-6.076550000000000007e-02
-6.076550000000000007e-02
-6.076550000000000007e-02
-6.076550000000000007e-02
-6.076550000000000007e-02
-6.076150000000000301e-02
-6.076150000000000301e-02
-6.072299999999999920e-02
-6.072299999999999920e-02
-6.072299999999999920e-02
-6.072299999999999920e-02
-6.070450000000000151e-02
-6.066799999999999971e-02
-6.066799999999999971e-02
-6.066799999999999971e-02
-6.066799999999999971e-02
-6.063450000000000090e-02
-6.062700000000000033e-02
-6.061400000000000121e-02
-6.061400000000000121e-02
-6.061400000000000121e-02
-6.059149999999999953e-02
-6.059149999999999953e-02
-6.059149999999999953e-02
-6.059149999999999953e-02
-6.056899999999999784e-02
-6.056799999999999684e-02
-6.056799999999999684e-02
-6.056799999999999684e-02
-6.055250000000000216e-02
-6.053050000000000097e-02
-6.053050000000000097e-02
-6.052049999999999791e-02
-6.052049999999999791e-02
-6.051349999999999785e-02
-6.051349999999999785e-02
-6.051349999999999785e-02
-6.051100000000000229e-02
-6.050450000000000272e-02
-6.042850000000000305e-02
-6.042850000000000305e-02
-6.042850000000000305e-02
-6.042850000000000305e-02
-6.041900000000000048e-02
-6.041900000000000048e-02
-6.041500000000000342e-02
-6.029899999999999843e-02
-6.029899999999999843e-02
-6.029899999999999843e-02
-6.029899999999999843e-02
-6.029899999999999843e-02
-6.029500000000000137e-02
-6.026000000000000106e-02
-6.026000000000000106e-02
-6.021850000000000119e-02
-6.021850000000000119e-02
-6.021850000000000119e-02
-6.021850000000000119e-02
-6.020799999999999763e-02
-6.020799999999999763e-02
-6.020799999999999763e-02
-6.016649999999999776e-02
-6.016649999999999776e-02
-6.016400000000000220e-02
-6.015500000000000014e-02
-6.014900000000000108e-02
-6.007749999999999896e-02
-6.007749999999999896e-02
-6.007749999999999896e-02
-6.007749999999999896e-02
-6.007749999999999896e-02
-6.006299999999999834e-02
-6.006299999999999834e-02
-6.006299999999999834e-02
-6.006299999999999834e-02
-5.997949999999999809e-02
-5.995550000000000185e-02
-5.995550000000000185e-02
-5.995550000000000185e-02
-5.995550000000000185e-02
-5.995550000000000185e-02
-5.995550000000000185e-02
-5.995550000000000185e-02
-5.995550000000000185e-02
-5.995349999999999985e-02
-5.995199999999999835e-02
-5.994549999999999879e-02
-5.993450000000000166e-02
-5.992750000000000160e-02
-5.992750000000000160e-02
-5.992750000000000160e-02
-5.989549999999999735e-02
-5.989549999999999735e-02
-5.989099999999999979e-02
-5.989099999999999979e-02
-5.989099999999999979e-02
-5.989099999999999979e-02
-5.988399999999999973e-02
-5.988000000000000267e-02
-5.987599999999999867e-02
-5.987599999999999867e-02
-5.985150000000000192e-02
-5.984799999999999842e-02
-5.983999999999999736e-02
-5.983999999999999736e-02
-5.983999999999999736e-02
-5.983850000000000280e-02
-5.982099999999999917e-02
-5.982099999999999917e-02
-5.982099999999999917e-02
-5.981149999999999661e-02
-5.979999999999999899e-02
-5.978499999999999787e-02
-5.977450000000000124e-02
-5.974700000000000150e-02
-5.974550000000000000e-02
-5.974550000000000000e-02
-5.972249999999999781e-02
-5.972249999999999781e-02
-5.971900000000000125e-02
-5.970899999999999819e-02
-5.968799999999999800e-02
-5.968799999999999800e-02
-5.968799999999999800e-02
-5.966599999999999682e-02
-5.966599999999999682e-02
-5.966599999999999682e-02
-5.965949999999999726e-02
-5.964599999999999763e-02
-5.964599999999999763e-02
-5.961249999999999882e-02
-5.961249999999999882e-02
-5.960950000000000276e-02
-5.960950000000000276e-02
-5.959099999999999814e-02
-5.959099999999999814e-02
-5.959099999999999814e-02
-5.959099999999999814e-02
-5.957550000000000345e-02
-5.956349999999999839e-02
-5.956349999999999839e-02
-5.954600000000000171e-02
-5.954600000000000171e-02
-5.954600000000000171e-02
-5.954600000000000171e-02
