5.814963296552808636e-01
5.002632905701647204e-01
4.867733873652965171e-01
9.835161119410960051e-01
7.212802439828334133e-01
3.580298530116134970e-01
9.867401803960328399e-01
8.148141891593875252e-01
5.630867344193308810e-01
9.852245714385193809e-01
8.341329566647099902e-01
6.462317677816612482e-01
9.824263199770262300e-01
7.682566447686582922e-01
7.022668353656641438e-01
9.900864837438528854e-01
7.561234747066004624e-01
8.438754777655423922e-01
9.946112268964480974e-01
7.247042118405538913e-01
7.359745990158128581e-01
9.898032531567158010e-01
7.143464034016734354e-01
2.074759448674831641e-01
9.941735897973538183e-01
7.098839343577312277e-01
3.017436303108413376e-01
9.894146051419210330e-01
7.136227892800276473e-01
3.849275923160758728e-01
9.873710201892796912e-01
6.854053419027874572e-01
4.762604566870965450e-01
9.915716000806893415e-01
7.276385033844410266e-01
2.302260948981510458e-01
9.901430978042615738e-01
7.204012809640538695e-01
3.921408741768321327e-01
9.860086427070946513e-01
7.420193222719679849e-01
4.509648085787353322e-01
9.940995582101215255e-01
7.175734025855261544e-01
5.004779968247974331e-01
9.879198743926878024e-01
6.992011046939515806e-01
5.787365950124685465e-01
9.957384557595623242e-01
6.519619787432369140e-01
6.012342228838564173e-01
9.950416452759247576e-01
6.446602087315780327e-01
6.456086152936535427e-01
9.942963156378558098e-01
6.536283426532103480e-01
7.358373645835782906e-01
9.980560170510180962e-01
6.507492971336960030e-01
1.759881918070475559e-01
9.961463226916752456e-01
6.086561279816075087e-01
8.911855570303709451e-01
9.930299680891586656e-01
6.356780881475964096e-01
3.485826836387501126e-01
9.913930962874748509e-01
7.277150627459831878e-01
2.685570140154772689e-01
9.951842701339647101e-01
6.122411869193711276e-01
5.209371973166482261e-01
9.937643517759876532e-01
6.600564086443921896e-01
5.458739384355212332e-01
9.919190671184019426e-01
6.065897006468843333e-01
6.966143236921116255e-01
9.949718534693704486e-01
5.904781865544851405e-01
4.296122615142228263e-01
9.985521786539418576e-01
5.878165695064333507e-01
4.847705707033633793e-01
9.981855180381409287e-01
5.807860798725119622e-01
9.444622671335306530e-01
9.988649628519924439e-01
5.746544729072564639e-01
6.428258661849527433e-01
9.969007154853775088e-01
5.666658486514215554e-01
1.312347859222223745e-01
9.979023384914498251e-01
5.634089584062275113e-01
2.327647666190934272e-01
9.968018785358985223e-01
5.602706989481898159e-01
3.359968862213353891e-01
9.986915517437159329e-01
5.662944508268950017e-01
1.511339548352225864e-02
9.962611335909974386e-01
5.443024705014971598e-01
5.100166671599605239e-01
9.990001692314656179e-01
5.632167474563437581e-01
1.723041092624374160e-01
9.991397736456377743e-01
5.467024589294600112e-01
6.833505251704830030e-01
9.989509164643342043e-01
5.425975736166217533e-01
7.892043485027482319e-01
9.991025893289326998e-01
5.497559265943813278e-01
4.403940376305248705e-01
