-1.134679999999999994e-01
-1.134679999999999994e-01
-1.134679999999999994e-01
-1.051649999999999946e-01
-1.051649999999999946e-01
-1.051649999999999946e-01
-9.360400000000000664e-02
-9.168400000000000161e-02
-8.812200000000000588e-02
-8.775850000000000317e-02
-8.484400000000000275e-02
-8.484400000000000275e-02
-8.234299999999999953e-02
-7.787249999999999728e-02
-7.660300000000000442e-02
-7.581499999999999351e-02
-7.540299999999999780e-02
-7.265149999999999386e-02
-7.204199999999999493e-02
-7.204199999999999493e-02
-7.204199999999999493e-02
-7.179199999999999471e-02
-7.013149999999999940e-02
-7.013149999999999940e-02
-7.013149999999999940e-02
-7.013149999999999940e-02
-7.013149999999999940e-02
-7.013149999999999940e-02
-7.013149999999999940e-02
-7.013149999999999940e-02
-7.013149999999999940e-02
-7.013149999999999940e-02
-7.013149999999999940e-02
-7.013149999999999940e-02
-7.013149999999999940e-02
-7.013149999999999940e-02
-7.013149999999999940e-02
-7.011799999999999977e-02
-7.011799999999999977e-02
-7.011799999999999977e-02
-7.011799999999999977e-02
-7.011799999999999977e-02
-7.011799999999999977e-02
-7.011799999999999977e-02
-7.011799999999999977e-02
-7.011799999999999977e-02
-7.010500000000000065e-02
-7.010500000000000065e-02
-7.008949999999999902e-02
-7.008549999999999502e-02
-7.008549999999999502e-02
-7.007900000000000240e-02
-7.007900000000000240e-02
-7.007900000000000240e-02
-7.007900000000000240e-02
-7.007099999999999440e-02
-7.007099999999999440e-02
-7.007099999999999440e-02
-7.007099999999999440e-02
-7.007099999999999440e-02
-7.006750000000000478e-02
-7.006700000000000428e-02
-7.006650000000000378e-02
-7.006600000000000328e-02
-7.006600000000000328e-02
-7.006600000000000328e-02
-7.006600000000000328e-02
-7.006550000000000278e-02
-7.006550000000000278e-02
-7.006550000000000278e-02
-7.006550000000000278e-02
-7.006550000000000278e-02
-7.006550000000000278e-02
-7.006550000000000278e-02
-7.006550000000000278e-02
-7.006550000000000278e-02
-7.006550000000000278e-02
-7.006550000000000278e-02
-7.006550000000000278e-02
-7.006550000000000278e-02
-7.006550000000000278e-02
-7.006550000000000278e-02
-7.006550000000000278e-02
-7.006550000000000278e-02
-7.006550000000000278e-02
-7.006550000000000278e-02
-7.006550000000000278e-02
-7.006550000000000278e-02
-7.006550000000000278e-02
-7.006550000000000278e-02
-7.006550000000000278e-02
-7.006550000000000278e-02
-7.006550000000000278e-02
-7.006550000000000278e-02
-7.006550000000000278e-02
-7.006550000000000278e-02
-7.006550000000000278e-02
-7.006550000000000278e-02
-7.006550000000000278e-02
-7.004150000000000653e-02
-7.004150000000000653e-02
-7.004150000000000653e-02
-7.004150000000000653e-02
-7.004150000000000653e-02
-7.004150000000000653e-02
-7.004150000000000653e-02
-7.004150000000000653e-02
-7.004150000000000653e-02
-7.004150000000000653e-02
-7.004150000000000653e-02
-7.004150000000000653e-02
-7.004150000000000653e-02
-7.004150000000000653e-02
-7.001849999999999741e-02
-7.001849999999999741e-02
-7.001849999999999741e-02
-7.001849999999999741e-02
-7.001849999999999741e-02
-7.001849999999999741e-02
-7.001849999999999741e-02
-7.001849999999999741e-02
-6.985049999999999593e-02
-6.985049999999999593e-02
-6.985049999999999593e-02
-6.985049999999999593e-02
-6.985049999999999593e-02
-6.985049999999999593e-02
-6.985049999999999593e-02
-6.978099999999999581e-02
-6.947499999999999509e-02
-6.946199999999999597e-02
-6.946199999999999597e-02
-6.946199999999999597e-02
-6.946149999999999547e-02
-6.943549999999999722e-02
-6.943549999999999722e-02
-6.943549999999999722e-02
-6.943549999999999722e-02
-6.943549999999999722e-02
-6.943549999999999722e-02
-6.943549999999999722e-02
-6.943549999999999722e-02
-6.943549999999999722e-02
-6.943549999999999722e-02
-6.943549999999999722e-02
-6.943549999999999722e-02
-6.943549999999999722e-02
-6.942450000000000010e-02
-6.942450000000000010e-02
-6.942450000000000010e-02
-6.942049999999999610e-02
-6.942049999999999610e-02
-6.942049999999999610e-02
-6.942049999999999610e-02
-6.942049999999999610e-02
-6.941949999999999510e-02
-6.941949999999999510e-02
-6.941949999999999510e-02
-6.941949999999999510e-02
-6.941949999999999510e-02
-6.941949999999999510e-02
-6.941949999999999510e-02
-6.941949999999999510e-02
-6.941949999999999510e-02
-6.941949999999999510e-02
-6.941949999999999510e-02
-6.941949999999999510e-02
-6.941949999999999510e-02
-6.941949999999999510e-02
-6.941949999999999510e-02
-6.941949999999999510e-02
-6.941949999999999510e-02
-6.941949999999999510e-02
-6.941949999999999510e-02
-6.941949999999999510e-02
-6.941949999999999510e-02
-6.941949999999999510e-02
-6.941949999999999510e-02
-6.941949999999999510e-02
-6.941949999999999510e-02
-6.941949999999999510e-02
-6.941949999999999510e-02
-6.941949999999999510e-02
-6.941949999999999510e-02
-6.941949999999999510e-02
-6.941949999999999510e-02
-6.941949999999999510e-02
-6.941799999999999360e-02
-6.941799999999999360e-02
-6.941799999999999360e-02
-6.941799999999999360e-02
-6.941799999999999360e-02
-6.941799999999999360e-02
-6.941799999999999360e-02
-6.941799999999999360e-02
-6.941799999999999360e-02
-6.941799999999999360e-02
-6.941799999999999360e-02
-6.941799999999999360e-02
-6.941749999999999310e-02
-6.941749999999999310e-02
-6.941749999999999310e-02
-6.941749999999999310e-02
-6.941749999999999310e-02
-6.941749999999999310e-02
-6.941500000000000448e-02
-6.941500000000000448e-02
-6.941200000000000148e-02
-6.941200000000000148e-02
-6.941200000000000148e-02
-6.941049999999999998e-02
-6.941049999999999998e-02
-6.941049999999999998e-02
-6.941049999999999998e-02
-6.940999999999999948e-02
-6.940999999999999948e-02
-6.940999999999999948e-02
-6.940999999999999948e-02
-6.940999999999999948e-02
-6.940999999999999948e-02
-6.940999999999999948e-02
-6.940999999999999948e-02
-6.940999999999999948e-02
-6.940999999999999948e-02
-6.940999999999999948e-02
-6.940999999999999948e-02
-6.940999999999999948e-02
-6.940999999999999948e-02
-6.940999999999999948e-02
-6.940999999999999948e-02
-6.940999999999999948e-02
-6.940999999999999948e-02
-6.940999999999999948e-02
-6.940999999999999948e-02
-6.940999999999999948e-02
-6.940999999999999948e-02
-6.940999999999999948e-02
-6.940999999999999948e-02
-6.940999999999999948e-02
-6.940999999999999948e-02
-6.940999999999999948e-02
-6.940999999999999948e-02
-6.940999999999999948e-02
-6.940999999999999948e-02
-6.940999999999999948e-02
-6.940999999999999948e-02
-6.940999999999999948e-02
-6.940999999999999948e-02
-6.940999999999999948e-02
-6.940999999999999948e-02
-6.940999999999999948e-02
-6.940999999999999948e-02
-6.940999999999999948e-02
-6.940999999999999948e-02
-6.940999999999999948e-02
-6.940999999999999948e-02
-6.940999999999999948e-02
-6.940999999999999948e-02
-6.940999999999999948e-02
-6.940999999999999948e-02
-6.940999999999999948e-02
-6.940999999999999948e-02
-6.940999999999999948e-02
-6.940999999999999948e-02
-6.940999999999999948e-02
-6.940999999999999948e-02
-6.940999999999999948e-02
-6.940999999999999948e-02
-6.940999999999999948e-02
-6.940999999999999948e-02
-6.940999999999999948e-02
-6.940999999999999948e-02
-6.940999999999999948e-02
-6.940999999999999948e-02
-6.940999999999999948e-02
-6.940999999999999948e-02
-6.940999999999999948e-02
-6.940999999999999948e-02
-6.940999999999999948e-02
-6.940999999999999948e-02
-6.940999999999999948e-02
-6.940999999999999948e-02
-6.940999999999999948e-02
-6.940999999999999948e-02
-6.940999999999999948e-02
-6.940999999999999948e-02
-6.940999999999999948e-02
-6.940999999999999948e-02
-6.940999999999999948e-02
-6.940999999999999948e-02
-6.940999999999999948e-02
-6.940999999999999948e-02
-6.940999999999999948e-02
-6.940999999999999948e-02
-6.940999999999999948e-02
-6.940999999999999948e-02
-6.940999999999999948e-02
-6.940999999999999948e-02
-6.940999999999999948e-02
-6.940999999999999948e-02
-6.940999999999999948e-02
-6.940999999999999948e-02
-6.940999999999999948e-02
-6.940999999999999948e-02
-6.940999999999999948e-02
-6.940999999999999948e-02
-6.940999999999999948e-02
-6.940999999999999948e-02
-6.940999999999999948e-02
-6.940999999999999948e-02
-6.940999999999999948e-02
-6.940999999999999948e-02
-6.940999999999999948e-02
-6.940999999999999948e-02
-6.940999999999999948e-02
-6.940999999999999948e-02
-6.940999999999999948e-02
-6.940999999999999948e-02
-6.940999999999999948e-02
-6.940999999999999948e-02
-6.940999999999999948e-02
-6.940999999999999948e-02
-6.940999999999999948e-02
-6.940999999999999948e-02
-6.940999999999999948e-02
-6.940999999999999948e-02
-6.940999999999999948e-02
-6.940999999999999948e-02
-6.940999999999999948e-02
-6.940999999999999948e-02
-6.940999999999999948e-02
-6.940999999999999948e-02
-6.940999999999999948e-02
-6.940999999999999948e-02
-6.940999999999999948e-02
-6.940999999999999948e-02
-6.940999999999999948e-02
-6.940999999999999948e-02
-6.940999999999999948e-02
-6.940999999999999948e-02
-6.940999999999999948e-02
-6.905949999999999589e-02
-6.905949999999999589e-02
-6.893649999999999778e-02
-6.893299999999999428e-02
-6.893299999999999428e-02
-6.893299999999999428e-02
-6.893299999999999428e-02
-6.866999999999999493e-02
-6.840799999999999659e-02
-6.840799999999999659e-02
-6.840799999999999659e-02
-6.840799999999999659e-02
-6.840799999999999659e-02
-6.840799999999999659e-02
-6.840799999999999659e-02
-6.840799999999999659e-02
-6.840599999999999459e-02
-6.840350000000000597e-02
-6.839850000000000096e-02
-6.839699999999999946e-02
-6.838249999999999884e-02
-6.837450000000000472e-02
-6.837450000000000472e-02
-6.837450000000000472e-02
-6.837450000000000472e-02
-6.837450000000000472e-02
-6.837450000000000472e-02
-6.837450000000000472e-02
-6.837450000000000472e-02
-6.837450000000000472e-02
-6.837450000000000472e-02
-6.837200000000000222e-02
-6.837100000000000122e-02
-6.837100000000000122e-02
-6.837100000000000122e-02
-6.837100000000000122e-02
-6.837100000000000122e-02
-6.837050000000000072e-02
-6.837050000000000072e-02
-6.837050000000000072e-02
-6.837050000000000072e-02
-6.836699999999999722e-02
-6.836699999999999722e-02
-6.836699999999999722e-02
-6.836699999999999722e-02
-6.836699999999999722e-02
-6.836699999999999722e-02
-6.836699999999999722e-02
-6.836699999999999722e-02
-6.836699999999999722e-02
-6.829200000000000548e-02
-6.829200000000000548e-02
-6.829200000000000548e-02
-6.829200000000000548e-02
-6.829200000000000548e-02
-6.829200000000000548e-02
-6.829200000000000548e-02
-6.829200000000000548e-02
-6.829200000000000548e-02
-6.829200000000000548e-02
-6.829200000000000548e-02
-6.829200000000000548e-02
-6.829200000000000548e-02
-6.829200000000000548e-02
-6.829200000000000548e-02
-6.829200000000000548e-02
-6.829200000000000548e-02
-6.829200000000000548e-02
-6.829200000000000548e-02
-6.829200000000000548e-02
-6.829200000000000548e-02
-6.829200000000000548e-02
-6.829200000000000548e-02
-6.829200000000000548e-02
-6.829200000000000548e-02
-6.829200000000000548e-02
-6.829200000000000548e-02
-6.829200000000000548e-02
-6.829200000000000548e-02
-6.827950000000000685e-02
-6.827950000000000685e-02
-6.827950000000000685e-02
-6.827950000000000685e-02
-6.827950000000000685e-02
-6.827950000000000685e-02
-6.827950000000000685e-02
-6.827950000000000685e-02
-6.827950000000000685e-02
-6.827950000000000685e-02
-6.827950000000000685e-02
-6.827300000000000035e-02
-6.827300000000000035e-02
-6.827300000000000035e-02
-6.827300000000000035e-02
-6.826849999999999585e-02
-6.826599999999999335e-02
-6.826599999999999335e-02
-6.826599999999999335e-02
-6.826599999999999335e-02
-6.826599999999999335e-02
-6.825699999999999823e-02
-6.825699999999999823e-02
-6.825699999999999823e-02
-6.825299999999999423e-02
-6.825050000000000561e-02
-6.824650000000000161e-02
-6.824650000000000161e-02
-6.824650000000000161e-02
-6.824650000000000161e-02
-6.824650000000000161e-02
-6.824650000000000161e-02
-6.824650000000000161e-02
-6.824650000000000161e-02
-6.824650000000000161e-02
-6.824650000000000161e-02
-6.824650000000000161e-02
-6.824650000000000161e-02
-6.824650000000000161e-02
-6.824650000000000161e-02
-6.824650000000000161e-02
-6.824600000000000111e-02
-6.824600000000000111e-02
-6.824600000000000111e-02
-6.824600000000000111e-02
-6.824600000000000111e-02
-6.824600000000000111e-02
-6.824600000000000111e-02
-6.824600000000000111e-02
-6.824600000000000111e-02
-6.824600000000000111e-02
-6.824600000000000111e-02
-6.824600000000000111e-02
-6.824600000000000111e-02
-6.824600000000000111e-02
-6.824600000000000111e-02
-6.824600000000000111e-02
-6.824600000000000111e-02
-6.824600000000000111e-02
-6.824600000000000111e-02
-6.824600000000000111e-02
-6.824600000000000111e-02
-6.824600000000000111e-02
-6.824600000000000111e-02
-6.824600000000000111e-02
-6.824600000000000111e-02
-6.824600000000000111e-02
-6.824600000000000111e-02
-6.824600000000000111e-02
-6.824600000000000111e-02
-6.824600000000000111e-02
-6.824600000000000111e-02
-6.824600000000000111e-02
-6.824600000000000111e-02
-6.824600000000000111e-02
-6.824600000000000111e-02
-6.824600000000000111e-02
-6.824600000000000111e-02
-6.824600000000000111e-02
-6.824600000000000111e-02
-6.824600000000000111e-02
-6.824600000000000111e-02
-6.824600000000000111e-02
-6.824600000000000111e-02
-6.824600000000000111e-02
-6.824600000000000111e-02
-6.824600000000000111e-02
-6.824600000000000111e-02
-6.824600000000000111e-02
-6.824600000000000111e-02
-6.824600000000000111e-02
-6.824600000000000111e-02
-6.824600000000000111e-02
-6.824600000000000111e-02
-6.824600000000000111e-02
-6.824600000000000111e-02
-6.824600000000000111e-02
-6.824600000000000111e-02
-6.824600000000000111e-02
-6.824600000000000111e-02
-6.824600000000000111e-02
-6.824600000000000111e-02
-6.824600000000000111e-02
-6.824600000000000111e-02
-6.824600000000000111e-02
-6.824600000000000111e-02
-6.824600000000000111e-02
-6.824600000000000111e-02
-6.824600000000000111e-02
-6.824600000000000111e-02
-6.824600000000000111e-02
-6.824600000000000111e-02
-6.824600000000000111e-02
-6.824600000000000111e-02
-6.824600000000000111e-02
-6.824600000000000111e-02
-6.824600000000000111e-02
-6.824600000000000111e-02
-6.824600000000000111e-02
-6.824600000000000111e-02
-6.824600000000000111e-02
-6.824600000000000111e-02
-6.824600000000000111e-02
-6.824600000000000111e-02
-6.824600000000000111e-02
-6.824600000000000111e-02
-6.824600000000000111e-02
-6.824600000000000111e-02
-6.824600000000000111e-02
-6.824600000000000111e-02
-6.824600000000000111e-02
-6.824600000000000111e-02
-6.824600000000000111e-02
-6.824600000000000111e-02
-6.824600000000000111e-02
-6.824600000000000111e-02
-6.824600000000000111e-02
-6.824600000000000111e-02
-6.824600000000000111e-02
-6.824600000000000111e-02
-6.824600000000000111e-02
-6.824600000000000111e-02
-6.824600000000000111e-02
-6.824600000000000111e-02
-6.824600000000000111e-02
-6.824600000000000111e-02
-6.824600000000000111e-02
-6.824600000000000111e-02
-6.824600000000000111e-02
-6.824600000000000111e-02
-6.824600000000000111e-02
-6.824600000000000111e-02
-6.824600000000000111e-02
-6.824600000000000111e-02
-6.824600000000000111e-02
-6.824600000000000111e-02
-6.824600000000000111e-02
-6.824600000000000111e-02
-6.824600000000000111e-02
-6.824600000000000111e-02
-6.824600000000000111e-02
-6.824600000000000111e-02
-6.824600000000000111e-02
-6.824600000000000111e-02
-6.824600000000000111e-02
-6.824600000000000111e-02
-6.824600000000000111e-02
-6.824600000000000111e-02
-6.824600000000000111e-02
-6.824600000000000111e-02
-6.824600000000000111e-02
-6.824600000000000111e-02
-6.824600000000000111e-02
-6.824600000000000111e-02
-6.824600000000000111e-02
-6.824600000000000111e-02
-6.824600000000000111e-02
-6.824600000000000111e-02
-6.824600000000000111e-02
-6.824600000000000111e-02
-6.824600000000000111e-02
-6.824600000000000111e-02
-6.824600000000000111e-02
-6.824600000000000111e-02
-6.824600000000000111e-02
-6.824600000000000111e-02
-6.824600000000000111e-02
-6.824600000000000111e-02
-6.824600000000000111e-02
-6.824600000000000111e-02
-6.824600000000000111e-02
-6.824600000000000111e-02
-6.824600000000000111e-02
-6.824600000000000111e-02
-6.824600000000000111e-02
-6.824600000000000111e-02
-6.824600000000000111e-02
-6.824600000000000111e-02
-6.824600000000000111e-02
-6.824600000000000111e-02
-6.824600000000000111e-02
-6.824600000000000111e-02
-6.824600000000000111e-02
-6.824600000000000111e-02
-6.824600000000000111e-02
-6.824600000000000111e-02
-6.824600000000000111e-02
-6.824600000000000111e-02
-6.824600000000000111e-02
-6.824600000000000111e-02
-6.824600000000000111e-02
-6.824600000000000111e-02
-6.824600000000000111e-02
-6.822849999999999748e-02
-6.821000000000000674e-02
-6.821000000000000674e-02
-6.820199999999999874e-02
-6.820199999999999874e-02
-6.820199999999999874e-02
-6.820199999999999874e-02
-6.820199999999999874e-02
-6.820199999999999874e-02
-6.820199999999999874e-02
-6.820199999999999874e-02
-6.820199999999999874e-02
-6.820149999999999824e-02
-6.820149999999999824e-02
-6.817199999999999649e-02
-6.816700000000000537e-02
-6.816700000000000537e-02
-6.816200000000000037e-02
-6.816200000000000037e-02
-6.816149999999999987e-02
-6.816149999999999987e-02
-6.815849999999999687e-02
-6.815849999999999687e-02
-6.815849999999999687e-02
-6.815849999999999687e-02
-6.815849999999999687e-02
-6.815849999999999687e-02
-6.815849999999999687e-02
-6.815849999999999687e-02
-6.815849999999999687e-02
-6.815849999999999687e-02
-6.815799999999999637e-02
-6.815799999999999637e-02
-6.815799999999999637e-02
-6.815799999999999637e-02
-6.815799999999999637e-02
-6.815799999999999637e-02
-6.815799999999999637e-02
-6.815799999999999637e-02
-6.815799999999999637e-02
-6.815799999999999637e-02
-6.815799999999999637e-02
-6.815799999999999637e-02
-6.815799999999999637e-02
-6.815799999999999637e-02
-6.815799999999999637e-02
-6.815799999999999637e-02
-6.815799999999999637e-02
-6.815799999999999637e-02
-6.815799999999999637e-02
-6.815799999999999637e-02
-6.815799999999999637e-02
-6.815799999999999637e-02
-6.815799999999999637e-02
-6.815799999999999637e-02
-6.815799999999999637e-02
-6.815799999999999637e-02
-6.815799999999999637e-02
-6.815799999999999637e-02
-6.815799999999999637e-02
-6.815799999999999637e-02
-6.815799999999999637e-02
-6.815799999999999637e-02
-6.815799999999999637e-02
-6.815799999999999637e-02
-6.815799999999999637e-02
-6.815799999999999637e-02
-6.815799999999999637e-02
-6.815799999999999637e-02
-6.815799999999999637e-02
-6.815799999999999637e-02
-6.815799999999999637e-02
-6.815799999999999637e-02
-6.807649999999999813e-02
-6.807649999999999813e-02
-6.807649999999999813e-02
-6.807649999999999813e-02
-6.807549999999999712e-02
-6.807000000000000550e-02
-6.807000000000000550e-02
-6.807000000000000550e-02
-6.806950000000000500e-02
-6.806900000000000450e-02
-6.806900000000000450e-02
-6.806850000000000400e-02
-6.806850000000000400e-02
-6.806850000000000400e-02
-6.806650000000000200e-02
-6.806650000000000200e-02
-6.806600000000000150e-02
-6.806600000000000150e-02
-6.806600000000000150e-02
-6.806550000000000100e-02
-6.806550000000000100e-02
-6.806550000000000100e-02
-6.804100000000000426e-02
-6.804100000000000426e-02
-6.804100000000000426e-02
-6.804100000000000426e-02
-6.804100000000000426e-02
-6.804100000000000426e-02
-6.804100000000000426e-02
-6.803950000000000276e-02
-6.803950000000000276e-02
-6.803950000000000276e-02
-6.803950000000000276e-02
-6.803950000000000276e-02
-6.803950000000000276e-02
-6.803700000000000025e-02
-6.803549999999999875e-02
-6.803549999999999875e-02
-6.803549999999999875e-02
-6.803549999999999875e-02
-6.803549999999999875e-02
-6.803499999999999825e-02
-6.803499999999999825e-02
-6.803499999999999825e-02
-6.803499999999999825e-02
-6.803499999999999825e-02
-6.803499999999999825e-02
-6.803499999999999825e-02
-6.803499999999999825e-02
-6.803449999999999775e-02
-6.803449999999999775e-02
-6.803449999999999775e-02
-6.803449999999999775e-02
-6.803449999999999775e-02
-6.803449999999999775e-02
-6.803449999999999775e-02
-6.803449999999999775e-02
-6.803449999999999775e-02
-6.803449999999999775e-02
-6.803449999999999775e-02
-6.803449999999999775e-02
-6.803449999999999775e-02
-6.803449999999999775e-02
-6.803449999999999775e-02
-6.803449999999999775e-02
-6.803449999999999775e-02
-6.803299999999999625e-02
-6.802199999999999913e-02
-6.802199999999999913e-02
-6.802149999999999863e-02
-6.802049999999999763e-02
-6.802049999999999763e-02
-6.802049999999999763e-02
-6.802049999999999763e-02
-6.747150000000000369e-02
-6.747150000000000369e-02
-6.685349999999999626e-02
-6.668150000000000466e-02
-6.658250000000000279e-02
-6.658250000000000279e-02
-6.647649999999999393e-02
-6.647649999999999393e-02
-6.647649999999999393e-02
-6.647649999999999393e-02
-6.647649999999999393e-02
-6.647649999999999393e-02
-6.643350000000000644e-02
-6.643350000000000644e-02
-6.643350000000000644e-02
-6.634950000000000570e-02
-6.632299999999999307e-02
-6.632299999999999307e-02
-6.632299999999999307e-02
-6.628599999999999770e-02
-6.628599999999999770e-02
-6.628599999999999770e-02
-6.628599999999999770e-02
-6.628599999999999770e-02
-6.628599999999999770e-02
-6.623999999999999333e-02
-6.623199999999999921e-02
-6.623199999999999921e-02
-6.623149999999999871e-02
-6.621849999999999958e-02
-6.621299999999999408e-02
-6.621299999999999408e-02
-6.619500000000000384e-02
-6.598099999999999798e-02
-6.598099999999999798e-02
-6.598099999999999798e-02
-6.598099999999999798e-02
-6.598099999999999798e-02
-6.598099999999999798e-02
-6.598099999999999798e-02
-6.598099999999999798e-02
-6.598099999999999798e-02
-6.598099999999999798e-02
-6.598099999999999798e-02
-6.598099999999999798e-02
-6.585900000000000087e-02
-6.585900000000000087e-02
-6.585900000000000087e-02
-6.585900000000000087e-02
-6.585900000000000087e-02
-6.585900000000000087e-02
-6.585900000000000087e-02
-6.585900000000000087e-02
-6.579699999999999438e-02
-6.570049999999999502e-02
-6.560249999999999415e-02
-6.543549999999999367e-02
-6.539000000000000368e-02
-6.539000000000000368e-02
-6.539000000000000368e-02
-6.539000000000000368e-02
-6.539000000000000368e-02
-6.538499999999999868e-02
-6.538499999999999868e-02
-6.538499999999999868e-02
-6.538499999999999868e-02
-6.538349999999999718e-02
-6.538349999999999718e-02
-6.538349999999999718e-02
-6.538299999999999668e-02
-6.538299999999999668e-02
-6.538299999999999668e-02
-6.538299999999999668e-02
-6.538299999999999668e-02
-6.538299999999999668e-02
-6.538299999999999668e-02
-6.538299999999999668e-02
-6.538299999999999668e-02
-6.538299999999999668e-02
-6.538249999999999618e-02
-6.538249999999999618e-02
-6.538249999999999618e-02
-6.538249999999999618e-02
-6.538249999999999618e-02
-6.538249999999999618e-02
-6.538249999999999618e-02
-6.538249999999999618e-02
-6.538249999999999618e-02
-6.538249999999999618e-02
-6.538249999999999618e-02
-6.538249999999999618e-02
-6.538249999999999618e-02
-6.538249999999999618e-02
-6.538249999999999618e-02
-6.538249999999999618e-02
-6.538249999999999618e-02
-6.538249999999999618e-02
-6.538249999999999618e-02
-6.538249999999999618e-02
-6.538199999999999568e-02
-6.538199999999999568e-02
-6.538199999999999568e-02
-6.538199999999999568e-02
-6.538199999999999568e-02
-6.538199999999999568e-02
-6.538199999999999568e-02
-6.538199999999999568e-02
-6.538199999999999568e-02
-6.538199999999999568e-02
-6.538199999999999568e-02
-6.538199999999999568e-02
-6.538199999999999568e-02
-6.538199999999999568e-02
-6.538199999999999568e-02
-6.538199999999999568e-02
-6.538199999999999568e-02
-6.538199999999999568e-02
-6.538199999999999568e-02
-6.538199999999999568e-02
-6.538199999999999568e-02
-6.538199999999999568e-02
-6.538199999999999568e-02
-6.538199999999999568e-02
-6.538199999999999568e-02
-6.538199999999999568e-02
-6.538199999999999568e-02
-6.538199999999999568e-02
-6.538199999999999568e-02
-6.538199999999999568e-02
-6.538199999999999568e-02
-6.538199999999999568e-02
-6.538199999999999568e-02
-6.538199999999999568e-02
-6.538199999999999568e-02
-6.538199999999999568e-02
-6.538199999999999568e-02
-6.538199999999999568e-02
-6.538199999999999568e-02
-6.538199999999999568e-02
-6.538199999999999568e-02
-6.538199999999999568e-02
-6.538199999999999568e-02
-6.538199999999999568e-02
-6.538199999999999568e-02
-6.538199999999999568e-02
-6.538199999999999568e-02
-6.538199999999999568e-02
-6.538199999999999568e-02
-6.538199999999999568e-02
-6.538149999999999518e-02
-6.538149999999999518e-02
-6.538149999999999518e-02
-6.538149999999999518e-02
-6.538099999999999468e-02
-6.538099999999999468e-02
-6.538049999999999418e-02
-6.538049999999999418e-02
-6.538049999999999418e-02
-6.538049999999999418e-02
-6.538049999999999418e-02
-6.538049999999999418e-02
-6.538049999999999418e-02
-6.538049999999999418e-02
-6.537999999999999368e-02
-6.537999999999999368e-02
-6.537999999999999368e-02
-6.537999999999999368e-02
-6.537999999999999368e-02
-6.537999999999999368e-02
-6.537999999999999368e-02
-6.537999999999999368e-02
-6.537999999999999368e-02
-6.537999999999999368e-02
-6.537999999999999368e-02
-6.537999999999999368e-02
-6.537999999999999368e-02
-6.537999999999999368e-02
-6.537999999999999368e-02
-6.537999999999999368e-02
-6.537999999999999368e-02
-6.537999999999999368e-02
-6.537999999999999368e-02
-6.537999999999999368e-02
-6.537999999999999368e-02
-6.537999999999999368e-02
-6.537999999999999368e-02
-6.537999999999999368e-02
-6.537999999999999368e-02
-6.537999999999999368e-02
-6.537999999999999368e-02
-6.537999999999999368e-02
-6.537999999999999368e-02
-6.537999999999999368e-02
-6.537999999999999368e-02
-6.537999999999999368e-02
-6.537999999999999368e-02
-6.537999999999999368e-02
-6.537999999999999368e-02
-6.537999999999999368e-02
-6.537999999999999368e-02
-6.537999999999999368e-02
-6.537999999999999368e-02
-6.537999999999999368e-02
-6.537999999999999368e-02
-6.537999999999999368e-02
-6.537999999999999368e-02
-6.537999999999999368e-02
-6.537999999999999368e-02
-6.537999999999999368e-02
-6.537999999999999368e-02
-6.537999999999999368e-02
-6.537999999999999368e-02
-6.537999999999999368e-02
-6.537999999999999368e-02
-6.537999999999999368e-02
-6.537999999999999368e-02
-6.537999999999999368e-02
-6.537999999999999368e-02
-6.537999999999999368e-02
-6.537999999999999368e-02
