-8.236704999999999721e-01
-8.100764999999999771e-01
-7.987505000000000299e-01
-7.746420000000000528e-01
-7.635589999999999877e-01
-7.197670000000000456e-01
-7.197670000000000456e-01
-6.964394999999999891e-01
-6.801954999999999529e-01
-6.657625000000000348e-01
-6.531400000000000539e-01
-6.531400000000000539e-01
-6.528015000000000345e-01
-6.287734999999999852e-01
-6.185675000000000479e-01
-5.990214999999999845e-01
-5.989535000000000275e-01
-5.989535000000000275e-01
-5.843454999999999622e-01
-5.843454999999999622e-01
-5.843454999999999622e-01
-5.671199999999999575e-01
-5.671199999999999575e-01
-5.535955000000000181e-01
-5.426404999999999701e-01
-5.426404999999999701e-01
-5.316870000000000207e-01
-5.316870000000000207e-01
-5.258275000000000032e-01
-5.227389999999999537e-01
-5.003039999999999710e-01
-4.889830000000000010e-01
-4.889830000000000010e-01
-4.889830000000000010e-01
-4.889830000000000010e-01
-4.860524999999999984e-01
-4.808215000000000128e-01
-4.667089999999999850e-01
-4.667089999999999850e-01
-4.658660000000000023e-01
-4.528010000000000090e-01
-4.528010000000000090e-01
-4.526490000000000236e-01
-4.526490000000000236e-01
-4.495744999999999880e-01
-4.321515000000000217e-01
-4.251375000000000015e-01
-4.251375000000000015e-01
-4.184189999999999854e-01
-4.184189999999999854e-01
-4.184189999999999854e-01
-4.184189999999999854e-01
-4.184189999999999854e-01
-4.167150000000000021e-01
-4.102069999999999883e-01
-4.102069999999999883e-01
-4.102069999999999883e-01
-4.095059999999999811e-01
-4.083065000000000166e-01
-3.837645000000000084e-01
-3.837645000000000084e-01
-3.801145000000000218e-01
-3.801145000000000218e-01
-3.801145000000000218e-01
-3.740215000000000067e-01
-3.740215000000000067e-01
-3.724465000000000137e-01
-3.724465000000000137e-01
-3.675539999999999918e-01
-3.675539999999999918e-01
-3.675355000000000150e-01
-3.646415000000000073e-01
-3.646415000000000073e-01
-3.643035000000000023e-01
-3.587845000000000062e-01
-3.587845000000000062e-01
-3.540590000000000126e-01
-3.540590000000000126e-01
-3.540590000000000126e-01
-3.537365000000000093e-01
-3.537365000000000093e-01
-3.537365000000000093e-01
-3.509650000000000269e-01
-3.404809999999999781e-01
-3.404809999999999781e-01
-3.404809999999999781e-01
-3.404809999999999781e-01
-3.404809999999999781e-01
-3.404809999999999781e-01
-3.385644999999999905e-01
-3.366549999999999820e-01
-3.366549999999999820e-01
-3.366549999999999820e-01
-3.359225000000000128e-01
-3.346529999999999783e-01
-3.278265000000000207e-01
-3.278265000000000207e-01
-3.278265000000000207e-01
-3.278265000000000207e-01
-3.278265000000000207e-01
-3.275985000000000147e-01
-3.267990000000000061e-01
-3.267990000000000061e-01
-3.187045000000000017e-01
-3.187045000000000017e-01
-3.187045000000000017e-01
-3.179600000000000204e-01
-3.179600000000000204e-01
-3.179600000000000204e-01
-3.117530000000000023e-01
-3.117530000000000023e-01
-3.117530000000000023e-01
-3.117530000000000023e-01
-3.117530000000000023e-01
-3.117530000000000023e-01
-3.044859999999999789e-01
-3.044859999999999789e-01
-3.044859999999999789e-01
-3.044859999999999789e-01
-3.028480000000000061e-01
-3.021480000000000277e-01
-3.014140000000000152e-01
-3.010959999999999748e-01
-2.997639999999999749e-01
-2.996334999999999971e-01
-2.992819999999999925e-01
-2.981075000000000252e-01
-2.967595000000000094e-01
-2.963934999999999764e-01
-2.941064999999999929e-01
-2.935125000000000095e-01
-2.935125000000000095e-01
-2.935125000000000095e-01
-2.922644999999999826e-01
-2.919910000000000005e-01
-2.919585000000000097e-01
-2.916374999999999940e-01
-2.915805000000000202e-01
-2.888060000000000072e-01
-2.888060000000000072e-01
-2.888060000000000072e-01
-2.888060000000000072e-01
-2.888060000000000072e-01
-2.888060000000000072e-01
-2.884125000000000161e-01
-2.884125000000000161e-01
-2.862430000000000252e-01
-2.862430000000000252e-01
-2.861799999999999899e-01
-2.861799999999999899e-01
-2.861799999999999899e-01
-2.849269999999999858e-01
-2.847215000000000162e-01
-2.847215000000000162e-01
-2.830055000000000209e-01
-2.810185000000000044e-01
-2.810185000000000044e-01
-2.810185000000000044e-01
-2.810185000000000044e-01
-2.810185000000000044e-01
-2.802680000000000171e-01
-2.800984999999999725e-01
-2.800984999999999725e-01
-2.796095000000000108e-01
-2.793619999999999992e-01
-2.786969999999999725e-01
-2.786969999999999725e-01
-2.786969999999999725e-01
-2.786795000000000244e-01
-2.781819999999999848e-01
-2.781819999999999848e-01
-2.781819999999999848e-01
-2.781819999999999848e-01
-2.781819999999999848e-01
-2.773749999999999827e-01
-2.773749999999999827e-01
-2.759420000000000206e-01
-2.759420000000000206e-01
-2.757034999999999902e-01
-2.755245000000000055e-01
-2.755245000000000055e-01
-2.752094999999999958e-01
-2.752094999999999958e-01
-2.752094999999999958e-01
-2.752094999999999958e-01
-2.749334999999999973e-01
-2.725960000000000050e-01
-2.716319999999999846e-01
-2.716319999999999846e-01
-2.716319999999999846e-01
-2.716319999999999846e-01
-2.697410000000000085e-01
-2.697410000000000085e-01
-2.697410000000000085e-01
-2.697410000000000085e-01
-2.697410000000000085e-01
-2.678710000000000258e-01
-2.678710000000000258e-01
-2.678710000000000258e-01
-2.678710000000000258e-01
-2.678710000000000258e-01
-2.678710000000000258e-01
-2.678710000000000258e-01
-2.678710000000000258e-01
-2.678710000000000258e-01
-2.678710000000000258e-01
-2.678710000000000258e-01
-2.678710000000000258e-01
-2.673780000000000046e-01
-2.661164999999999781e-01
-2.661164999999999781e-01
-2.661164999999999781e-01
-2.657625000000000126e-01
-2.657625000000000126e-01
-2.657625000000000126e-01
-2.657625000000000126e-01
-2.657625000000000126e-01
-2.657625000000000126e-01
-2.648340000000000138e-01
-2.648340000000000138e-01
-2.648340000000000138e-01
-2.648340000000000138e-01
-2.648209999999999731e-01
-2.648209999999999731e-01
-2.648209999999999731e-01
-2.646939999999999849e-01
-2.646045000000000202e-01
-2.644139999999999824e-01
-2.639704999999999968e-01
-2.626450000000000173e-01
-2.626450000000000173e-01
-2.626450000000000173e-01
-2.626450000000000173e-01
-2.626450000000000173e-01
-2.626450000000000173e-01
-2.626450000000000173e-01
-2.623809999999999754e-01
-2.621445000000000025e-01
-2.621445000000000025e-01
-2.621445000000000025e-01
-2.621445000000000025e-01
-2.621445000000000025e-01
-2.621445000000000025e-01
-2.619509999999999894e-01
-2.619509999999999894e-01
-2.619509999999999894e-01
-2.619509999999999894e-01
-2.615695000000000103e-01
-2.614839999999999942e-01
-2.614839999999999942e-01
-2.614639999999999742e-01
-2.614449999999999830e-01
-2.613325000000000231e-01
-2.613240000000000007e-01
-2.612599999999999922e-01
-2.611060000000000048e-01
-2.611060000000000048e-01
-2.610644999999999771e-01
-2.608070000000000110e-01
-2.608070000000000110e-01
-2.608015000000000194e-01
-2.602490000000000081e-01
-2.602490000000000081e-01
-2.590644999999999754e-01
-2.590644999999999754e-01
-2.590644999999999754e-01
-2.590644999999999754e-01
-2.590644999999999754e-01
-2.590644999999999754e-01
-2.590644999999999754e-01
-2.581804999999999795e-01
-2.581804999999999795e-01
-2.581804999999999795e-01
-2.581804999999999795e-01
-2.581804999999999795e-01
-2.581804999999999795e-01
-2.581804999999999795e-01
-2.581120000000000081e-01
-2.581120000000000081e-01
-2.581120000000000081e-01
-2.581120000000000081e-01
-2.573564999999999880e-01
-2.573564999999999880e-01
-2.573564999999999880e-01
-2.573564999999999880e-01
-2.573564999999999880e-01
-2.573564999999999880e-01
-2.573564999999999880e-01
-2.566309999999999980e-01
-2.566309999999999980e-01
-2.566309999999999980e-01
-2.566309999999999980e-01
-2.566309999999999980e-01
-2.566309999999999980e-01
-2.566309999999999980e-01
-2.566309999999999980e-01
-2.566309999999999980e-01
-2.566309999999999980e-01
-2.563500000000000223e-01
-2.563500000000000223e-01
-2.563460000000000183e-01
-2.563460000000000183e-01
-2.563420000000000143e-01
-2.563420000000000143e-01
-2.563139999999999863e-01
-2.563139999999999863e-01
-2.563139999999999863e-01
-2.562395000000000089e-01
-2.562395000000000089e-01
-2.562395000000000089e-01
-2.562395000000000089e-01
-2.549274999999999736e-01
-2.549274999999999736e-01
-2.549274999999999736e-01
-2.549274999999999736e-01
-2.549274999999999736e-01
-2.549274999999999736e-01
-2.549274999999999736e-01
-2.548555000000000126e-01
-2.548555000000000126e-01
-2.548555000000000126e-01
-2.548555000000000126e-01
-2.548555000000000126e-01
-2.548555000000000126e-01
-2.548555000000000126e-01
-2.548555000000000126e-01
-2.548555000000000126e-01
-2.544965000000000144e-01
-2.544965000000000144e-01
-2.544965000000000144e-01
-2.544965000000000144e-01
-2.544965000000000144e-01
-2.544965000000000144e-01
-2.544950000000000268e-01
-2.544950000000000268e-01
-2.544950000000000268e-01
-2.544950000000000268e-01
-2.544724999999999904e-01
-2.544704999999999884e-01
-2.544580000000000175e-01
-2.544569999999999887e-01
-2.544325000000000059e-01
-2.540279999999999760e-01
-2.540279999999999760e-01
-2.540279999999999760e-01
-2.540279999999999760e-01
-2.535815000000000152e-01
-2.535815000000000152e-01
-2.535815000000000152e-01
-2.535815000000000152e-01
-2.535815000000000152e-01
-2.535815000000000152e-01
-2.535815000000000152e-01
-2.535815000000000152e-01
-2.535815000000000152e-01
-2.535815000000000152e-01
-2.535815000000000152e-01
-2.535815000000000152e-01
-2.535405000000000020e-01
-2.535405000000000020e-01
-2.535405000000000020e-01
-2.535109999999999864e-01
-2.534969999999999724e-01
-2.532659999999999911e-01
-2.532659999999999911e-01
-2.532659999999999911e-01
-2.532659999999999911e-01
-2.526260000000000172e-01
-2.526260000000000172e-01
-2.526260000000000172e-01
-2.526260000000000172e-01
-2.526260000000000172e-01
-2.526260000000000172e-01
-2.526260000000000172e-01
-2.526260000000000172e-01
-2.526260000000000172e-01
-2.526260000000000172e-01
-2.526260000000000172e-01
-2.526260000000000172e-01
-2.526260000000000172e-01
-2.526260000000000172e-01
-2.526260000000000172e-01
-2.526260000000000172e-01
-2.526260000000000172e-01
-2.520530000000000270e-01
-2.520530000000000270e-01
-2.520530000000000270e-01
-2.515485000000000082e-01
-2.515485000000000082e-01
-2.515485000000000082e-01
-2.515485000000000082e-01
-2.515485000000000082e-01
-2.515485000000000082e-01
-2.515485000000000082e-01
-2.515485000000000082e-01
-2.515485000000000082e-01
-2.515485000000000082e-01
-2.515485000000000082e-01
-2.515485000000000082e-01
-2.515485000000000082e-01
-2.515485000000000082e-01
-2.515485000000000082e-01
-2.515485000000000082e-01
-2.515485000000000082e-01
-2.513179999999999858e-01
-2.511554999999999760e-01
-2.511554999999999760e-01
-2.511475000000000235e-01
-2.511475000000000235e-01
-2.511395000000000155e-01
-2.511340000000000239e-01
-2.510514999999999830e-01
-2.510514999999999830e-01
-2.510514999999999830e-01
-2.510514999999999830e-01
-2.510514999999999830e-01
-2.510514999999999830e-01
-2.510514999999999830e-01
-2.510514999999999830e-01
-2.510514999999999830e-01
-2.510514999999999830e-01
-2.504064999999999763e-01
-2.504064999999999763e-01
-2.504064999999999763e-01
-2.504064999999999763e-01
-2.504064999999999763e-01
-2.504064999999999763e-01
-2.504064999999999763e-01
-2.504064999999999763e-01
-2.504064999999999763e-01
-2.504064999999999763e-01
-2.499385000000000079e-01
-2.499385000000000079e-01
-2.499385000000000079e-01
-2.499385000000000079e-01
-2.499385000000000079e-01
-2.499385000000000079e-01
-2.499385000000000079e-01
-2.499385000000000079e-01
-2.499385000000000079e-01
-2.498450000000000115e-01
-2.498404999999999931e-01
-2.497830000000000050e-01
-2.497830000000000050e-01
-2.497530000000000028e-01
-2.497530000000000028e-01
-2.497465000000000102e-01
-2.497284999999999922e-01
-2.497284999999999922e-01
-2.497155000000000069e-01
-2.496990000000000043e-01
-2.496484999999999954e-01
-2.495759999999999923e-01
-2.495759999999999923e-01
-2.495759999999999923e-01
-2.495759999999999923e-01
-2.495759999999999923e-01
-2.495759999999999923e-01
-2.486520000000000119e-01
-2.486520000000000119e-01
-2.486520000000000119e-01
-2.486520000000000119e-01
-2.486520000000000119e-01
-2.486520000000000119e-01
-2.486520000000000119e-01
-2.486520000000000119e-01
-2.486520000000000119e-01
-2.486520000000000119e-01
-2.486520000000000119e-01
-2.486140000000000017e-01
-2.486140000000000017e-01
-2.486140000000000017e-01
-2.486140000000000017e-01
-2.486140000000000017e-01
-2.482094999999999996e-01
-2.482094999999999996e-01
-2.482094999999999996e-01
-2.482094999999999996e-01
-2.482094999999999996e-01
-2.482094999999999996e-01
-2.482094999999999996e-01
-2.482094999999999996e-01
-2.481599999999999917e-01
-2.481599999999999917e-01
-2.481599999999999917e-01
-2.481599999999999917e-01
-2.481599999999999917e-01
-2.481599999999999917e-01
-2.480430000000000135e-01
-2.480430000000000135e-01
-2.479945000000000066e-01
-2.479945000000000066e-01
-2.479929999999999912e-01
-2.479929999999999912e-01
-2.479764999999999886e-01
-2.479655000000000054e-01
-2.477584999999999926e-01
-2.477584999999999926e-01
-2.477584999999999926e-01
-2.477584999999999926e-01
-2.477584999999999926e-01
-2.477584999999999926e-01
-2.477584999999999926e-01
-2.477584999999999926e-01
-2.477395000000000014e-01
-2.477385000000000004e-01
-2.477385000000000004e-01
-2.477294999999999914e-01
-2.477294999999999914e-01
-2.477205000000000101e-01
-2.477205000000000101e-01
-2.477199999999999958e-01
-2.477199999999999958e-01
-2.476909999999999945e-01
-2.474379999999999913e-01
-2.474379999999999913e-01
-2.474379999999999913e-01
-2.474379999999999913e-01
-2.474379999999999913e-01
-2.474379999999999913e-01
-2.474379999999999913e-01
-2.474379999999999913e-01
-2.474379999999999913e-01
-2.474290000000000100e-01
-2.474290000000000100e-01
-2.474270000000000080e-01
-2.474010000000000098e-01
-2.474010000000000098e-01
-2.473960000000000048e-01
-2.473809999999999898e-01
-2.473714999999999942e-01
-2.471994999999999887e-01
-2.471994999999999887e-01
-2.471984999999999877e-01
-2.471984999999999877e-01
-2.471949999999999981e-01
-2.471949999999999981e-01
-2.471929999999999961e-01
-2.471319999999999906e-01
-2.471319999999999906e-01
-2.468619999999999981e-01
-2.468619999999999981e-01
-2.468619999999999981e-01
-2.468619999999999981e-01
-2.468619999999999981e-01
-2.468619999999999981e-01
-2.468619999999999981e-01
-2.468619999999999981e-01
-2.468619999999999981e-01
-2.468619999999999981e-01
-2.468120000000000036e-01
-2.468120000000000036e-01
-2.468120000000000036e-01
-2.468120000000000036e-01
-2.468120000000000036e-01
-2.468120000000000036e-01
-2.467340000000000089e-01
-2.467340000000000089e-01
-2.467340000000000089e-01
-2.466760000000000064e-01
-2.466760000000000064e-01
-2.466760000000000064e-01
-2.466754999999999920e-01
-2.466750000000000054e-01
-2.466734999999999900e-01
-2.466730000000000034e-01
-2.466700000000000004e-01
-2.466675000000000118e-01
-2.466534999999999977e-01
-2.466534999999999977e-01
-2.466524999999999967e-01
-2.466510000000000091e-01
-2.463549999999999907e-01
-2.461980000000000002e-01
-2.461980000000000002e-01
-2.461955000000000116e-01
-2.461544999999999983e-01
-2.461544999999999983e-01
-2.461220000000000074e-01
-2.461220000000000074e-01
-2.461220000000000074e-01
-2.461220000000000074e-01
-2.461220000000000074e-01
-2.461220000000000074e-01
-2.455815000000000081e-01
-2.455815000000000081e-01
-2.455815000000000081e-01
-2.455815000000000081e-01
-2.455815000000000081e-01
-2.455815000000000081e-01
-2.455815000000000081e-01
-2.455815000000000081e-01
-2.455815000000000081e-01
-2.455815000000000081e-01
-2.455324999999999869e-01
-2.455324999999999869e-01
-2.455324999999999869e-01
-2.455324999999999869e-01
-2.455324999999999869e-01
-2.455324999999999869e-01
-2.455324999999999869e-01
-2.455324999999999869e-01
-2.455324999999999869e-01
-2.455324999999999869e-01
-2.454784999999999884e-01
-2.454425000000000079e-01
-2.454425000000000079e-01
-2.454425000000000079e-01
-2.454425000000000079e-01
-2.454425000000000079e-01
-2.454425000000000079e-01
-2.454425000000000079e-01
-2.454349999999999865e-01
-2.454195000000000126e-01
-2.454175000000000106e-01
-2.454105000000000036e-01
-2.454010000000000080e-01
-2.453249999999999875e-01
-2.453194999999999959e-01
-2.453194999999999959e-01
-2.453194999999999959e-01
-2.453089999999999993e-01
-2.451280000000000125e-01
-2.451280000000000125e-01
-2.451280000000000125e-01
-2.451280000000000125e-01
-2.451280000000000125e-01
-2.451280000000000125e-01
-2.451280000000000125e-01
-2.451280000000000125e-01
-2.451280000000000125e-01
-2.451280000000000125e-01
-2.451280000000000125e-01
-2.451280000000000125e-01
-2.451264999999999972e-01
-2.450704999999999967e-01
-2.450704999999999967e-01
-2.450704999999999967e-01
-2.450704999999999967e-01
-2.450704999999999967e-01
-2.450704999999999967e-01
-2.450589999999999991e-01
-2.450589999999999991e-01
-2.450589999999999991e-01
-2.450589999999999991e-01
-2.450585000000000124e-01
-2.450575000000000114e-01
-2.445964999999999945e-01
-2.445964999999999945e-01
-2.445964999999999945e-01
-2.445964999999999945e-01
-2.445964999999999945e-01
-2.445964999999999945e-01
-2.445964999999999945e-01
-2.445964999999999945e-01
-2.445964999999999945e-01
-2.445964999999999945e-01
-2.445964999999999945e-01
-2.445964999999999945e-01
-2.445964999999999945e-01
-2.445964999999999945e-01
-2.445964999999999945e-01
-2.445964999999999945e-01
-2.445964999999999945e-01
-2.445954999999999935e-01
-2.445954999999999935e-01
-2.445599999999999996e-01
-2.445599999999999996e-01
-2.445599999999999996e-01
-2.445434999999999970e-01
-2.444064999999999988e-01
-2.444064999999999988e-01
-2.444064999999999988e-01
-2.444064999999999988e-01
-2.444064999999999988e-01
-2.444064999999999988e-01
-2.444064999999999988e-01
-2.444064999999999988e-01
-2.444064999999999988e-01
-2.444064999999999988e-01
-2.443305000000000060e-01
-2.443305000000000060e-01
-2.443305000000000060e-01
-2.443305000000000060e-01
-2.443305000000000060e-01
-2.443305000000000060e-01
-2.443305000000000060e-01
-2.443305000000000060e-01
-2.443305000000000060e-01
-2.443305000000000060e-01
-2.443305000000000060e-01
-2.443305000000000060e-01
-2.443285000000000040e-01
-2.443075000000000108e-01
-2.442999999999999894e-01
-2.442954999999999988e-01
-2.442940000000000111e-01
-2.442934999999999968e-01
-2.442934999999999968e-01
-2.442930000000000101e-01
-2.442914999999999948e-01
-2.442914999999999948e-01
-2.442914999999999948e-01
-2.442910000000000081e-01
-2.442900000000000071e-01
-2.442364999999999953e-01
-2.442364999999999953e-01
-2.442364999999999953e-01
-2.442364999999999953e-01
-2.442364999999999953e-01
-2.442364999999999953e-01
-2.442259999999999986e-01
-2.442259999999999986e-01
-2.442205000000000070e-01
-2.442195000000000060e-01
-2.442149999999999876e-01
-2.442094999999999960e-01
-2.436075000000000046e-01
-2.436075000000000046e-01
-2.436075000000000046e-01
-2.436075000000000046e-01
-2.436075000000000046e-01
-2.436075000000000046e-01
-2.436075000000000046e-01
-2.436075000000000046e-01
-2.436075000000000046e-01
-2.436075000000000046e-01
-2.436075000000000046e-01
-2.436075000000000046e-01
-2.436075000000000046e-01
-2.436075000000000046e-01
-2.436075000000000046e-01
-2.436075000000000046e-01
-2.436075000000000046e-01
-2.436075000000000046e-01
-2.436075000000000046e-01
-2.436075000000000046e-01
-2.436075000000000046e-01
-2.436075000000000046e-01
-2.436075000000000046e-01
-2.436075000000000046e-01
-2.436075000000000046e-01
-2.436075000000000046e-01
-2.436024999999999996e-01
-2.436024999999999996e-01
-2.435869999999999980e-01
-2.435869999999999980e-01
-2.435869999999999980e-01
-2.435869999999999980e-01
-2.435869999999999980e-01
-2.435869999999999980e-01
-2.435859999999999970e-01
-2.435859999999999970e-01
-2.435859999999999970e-01
-2.435750000000000137e-01
-2.435525000000000051e-01
-2.435525000000000051e-01
-2.435344999999999871e-01
-2.435265000000000069e-01
-2.435074999999999878e-01
-2.435074999999999878e-01
-2.434705000000000064e-01
-2.434705000000000064e-01
-2.434705000000000064e-01
-2.434705000000000064e-01
-2.434705000000000064e-01
-2.434695000000000054e-01
-2.434685000000000044e-01
-2.434550000000000047e-01
-2.434514999999999874e-01
-2.434489999999999987e-01
-2.434219999999999995e-01
-2.434219999999999995e-01
-2.434199999999999975e-01
-2.434199999999999975e-01
-2.434185000000000099e-01
-2.434185000000000099e-01
-2.434095000000000009e-01
-2.433609999999999940e-01
-2.433609999999999940e-01
-2.433565000000000034e-01
-2.433565000000000034e-01
-2.433565000000000034e-01
-2.433565000000000034e-01
-2.433565000000000034e-01
-2.433565000000000034e-01
-2.433539999999999870e-01
-2.433539999999999870e-01
-2.433539999999999870e-01
-2.433539999999999870e-01
-2.433530000000000137e-01
-2.432829999999999993e-01
-2.432829999999999993e-01
-2.432829999999999993e-01
-2.432829999999999993e-01
-2.432829999999999993e-01
-2.432829999999999993e-01
-2.432829999999999993e-01
-2.432829999999999993e-01
-2.432829999999999993e-01
-2.432829999999999993e-01
-2.432829999999999993e-01
-2.432829999999999993e-01
-2.432829999999999993e-01
-2.432829999999999993e-01
-2.432829999999999993e-01
-2.432829999999999993e-01
-2.432584999999999886e-01
-2.432535000000000114e-01
-2.432469999999999910e-01
-2.432455000000000034e-01
-2.432449999999999890e-01
-2.432435000000000014e-01
-2.432435000000000014e-01
-2.432425000000000004e-01
-2.432364999999999944e-01
-2.432334999999999914e-01
-2.432334999999999914e-01
-2.431524999999999936e-01
-2.431524999999999936e-01
-2.431524999999999936e-01
-2.431524999999999936e-01
-2.431524999999999936e-01
-2.431524999999999936e-01
-2.431524999999999936e-01
-2.431514999999999926e-01
-2.431510000000000060e-01
-2.431510000000000060e-01
-2.431484999999999896e-01
-2.431484999999999896e-01
-2.431484999999999896e-01
-2.430599999999999983e-01
-2.430599999999999983e-01
-2.430599999999999983e-01
-2.430599999999999983e-01
-2.430599999999999983e-01
-2.430209999999999870e-01
-2.430114999999999914e-01
-2.430114999999999914e-01
-2.430114999999999914e-01
-2.430114999999999914e-01
-2.430114999999999914e-01
-2.430104999999999904e-01
-2.430104999999999904e-01
-2.430104999999999904e-01
-2.430104999999999904e-01
-2.430104999999999904e-01
-2.430104999999999904e-01
-2.430104999999999904e-01
-2.429600000000000093e-01
-2.429600000000000093e-01
-2.429600000000000093e-01
-2.429600000000000093e-01
-2.429600000000000093e-01
-2.429600000000000093e-01
-2.429600000000000093e-01
-2.429600000000000093e-01
-2.429600000000000093e-01
-2.427414999999999989e-01
-2.427414999999999989e-01
-2.427414999999999989e-01
-2.427414999999999989e-01
-2.427414999999999989e-01
-2.427414999999999989e-01
-2.427414999999999989e-01
-2.427414999999999989e-01
-2.427414999999999989e-01
-2.427414999999999989e-01
-2.427414999999999989e-01
-2.427414999999999989e-01
-2.427414999999999989e-01
-2.427414999999999989e-01
-2.427414999999999989e-01
-2.427014999999999867e-01
-2.427014999999999867e-01
-2.426925000000000054e-01
-2.426925000000000054e-01
-2.426879999999999871e-01
-2.426850000000000118e-01
-2.426625000000000032e-01
-2.426625000000000032e-01
-2.426625000000000032e-01
-2.426625000000000032e-01
-2.426625000000000032e-01
-2.426625000000000032e-01
-2.426625000000000032e-01
-2.426625000000000032e-01
-2.426625000000000032e-01
-2.426625000000000032e-01
-2.426580000000000126e-01
-2.426580000000000126e-01
-2.426464999999999872e-01
-2.426464999999999872e-01
-2.426464999999999872e-01
-2.426464999999999872e-01
-2.426464999999999872e-01
-2.426464999999999872e-01
-2.426464999999999872e-01
-2.426464999999999872e-01
-2.426464999999999872e-01
-2.426464999999999872e-01
-2.426460000000000006e-01
-2.426460000000000006e-01
-2.426454999999999862e-01
-2.426449999999999996e-01
-2.426449999999999996e-01
-2.426449999999999996e-01
-2.426055000000000017e-01
-2.426055000000000017e-01
-2.426055000000000017e-01
-2.426055000000000017e-01
-2.426055000000000017e-01
-2.426055000000000017e-01
-2.426055000000000017e-01
-2.425829999999999931e-01
-2.425829999999999931e-01
-2.425829999999999931e-01
-2.425829999999999931e-01
-2.425819999999999921e-01
-2.425819999999999921e-01
-2.425819999999999921e-01
-2.425819999999999921e-01
-2.425819999999999921e-01
-2.425819999999999921e-01
-2.425819999999999921e-01
-2.425819999999999921e-01
-2.425815000000000055e-01
-2.425740000000000118e-01
-2.425740000000000118e-01
-2.425740000000000118e-01
-2.425740000000000118e-01
-2.425740000000000118e-01
-2.425740000000000118e-01
-2.425740000000000118e-01
-2.425740000000000118e-01
-2.425740000000000118e-01
-2.425740000000000118e-01
-2.425634999999999875e-01
-2.425424999999999942e-01
-2.425424999999999942e-01
-2.425424999999999942e-01
-2.425424999999999942e-01
-2.425424999999999942e-01
-2.425424999999999942e-01
-2.425420000000000076e-01
-2.425360000000000016e-01
-2.423520000000000119e-01
-2.423520000000000119e-01
-2.423520000000000119e-01
-2.423520000000000119e-01
-2.423520000000000119e-01
-2.423520000000000119e-01
-2.423520000000000119e-01
-2.423520000000000119e-01
-2.423520000000000119e-01
-2.423520000000000119e-01
-2.423520000000000119e-01
-2.423520000000000119e-01
-2.423520000000000119e-01
-2.423520000000000119e-01
-2.423520000000000119e-01
-2.423520000000000119e-01
-2.423520000000000119e-01
-2.423520000000000119e-01
-2.423520000000000119e-01
-2.423500000000000099e-01
-2.423484999999999945e-01
-2.423474999999999935e-01
-2.423474999999999935e-01
-2.423474999999999935e-01
-2.423474999999999935e-01
-2.423474999999999935e-01
-2.423474999999999935e-01
-2.423474999999999935e-01
-2.423474999999999935e-01
-2.423474999999999935e-01
-2.423470000000000069e-01
-2.423470000000000069e-01
-2.423470000000000069e-01
-2.423470000000000069e-01
-2.423440000000000039e-01
-2.423234999999999972e-01
-2.423184999999999922e-01
-2.423184999999999922e-01
-2.423184999999999922e-01
-2.423180000000000056e-01
-2.423164999999999902e-01
-2.423164999999999902e-01
-2.423164999999999902e-01
-2.423150000000000026e-01
-2.423150000000000026e-01
-2.423150000000000026e-01
-2.423150000000000026e-01
-2.423144999999999882e-01
-2.422729999999999884e-01
-2.422074999999999922e-01
-2.422074999999999922e-01
-2.422074999999999922e-01
-2.422074999999999922e-01
-2.422074999999999922e-01
