9.988419726617923100e-01
5.503565940325519934e-01
9.472533111201741907e-01
9.979539310517389072e-01
5.422838361815357500e-01
5.451354449141875697e-02
9.973182854485558302e-01
5.319967034900237035e-01
1.201660088001326454e-01
9.996321308793343352e-01
5.120968340582894296e-01
2.263918906903953365e-01
9.977541110864409646e-01
4.900956380478664887e-01
3.230486332530562166e-01
9.981047280584802728e-01
4.923313851771424776e-01
3.432873881982181352e-01
9.991393341963576979e-01
4.812680555269952531e-01
4.536173481880030334e-01
9.991615852296029665e-01
4.828847857627898144e-01
4.913114863868195403e-01
9.993140613825226559e-01
4.835586369939562923e-01
5.450458746607877991e-01
9.979626358788502571e-01
4.853404250164596867e-01
6.414042784949574028e-01
