-4.692000000000000337e-02
-4.435700000000000059e-02
-4.435700000000000059e-02
-4.435700000000000059e-02
-4.435700000000000059e-02
-4.410100000000000131e-02
-4.410100000000000131e-02
-4.167950000000000127e-02
-4.025900000000000312e-02
-4.025900000000000312e-02
-4.025900000000000312e-02
-3.891399999999999720e-02
-3.891399999999999720e-02
-3.891399999999999720e-02
-3.891399999999999720e-02
-3.891399999999999720e-02
-3.891399999999999720e-02
-3.891399999999999720e-02
-3.887199999999999683e-02
-3.887199999999999683e-02
-3.887199999999999683e-02
-3.887199999999999683e-02
-3.887199999999999683e-02
-3.887199999999999683e-02
-3.887199999999999683e-02
-3.886699999999999877e-02
-3.885600000000000165e-02
-3.808700000000000280e-02
-3.808700000000000280e-02
-3.803700000000000137e-02
-3.803200000000000330e-02
-3.803200000000000330e-02
-3.803200000000000330e-02
-3.803200000000000330e-02
-3.803200000000000330e-02
-3.793350000000000194e-02
-3.793350000000000194e-02
-3.793350000000000194e-02
-3.793350000000000194e-02
-3.793350000000000194e-02
-3.793350000000000194e-02
-3.793350000000000194e-02
-3.793350000000000194e-02
-3.793350000000000194e-02
-3.793350000000000194e-02
-3.777649999999999758e-02
-3.777649999999999758e-02
-3.777649999999999758e-02
-3.777649999999999758e-02
-3.777649999999999758e-02
-3.777649999999999758e-02
-3.777649999999999758e-02
-3.777649999999999758e-02
-3.777649999999999758e-02
-3.777649999999999758e-02
-3.777649999999999758e-02
-3.777649999999999758e-02
-3.770049999999999790e-02
-3.770049999999999790e-02
-3.766499999999999709e-02
-3.766499999999999709e-02
-3.761250000000000010e-02
-3.760999999999999760e-02
-3.760999999999999760e-02
-3.760999999999999760e-02
-3.760999999999999760e-02
-3.760999999999999760e-02
-3.760999999999999760e-02
-3.760999999999999760e-02
-3.760949999999999710e-02
-3.760949999999999710e-02
-3.756899999999999823e-02
-3.756550000000000167e-02
-3.756450000000000067e-02
-3.754550000000000248e-02
-3.754550000000000248e-02
-3.754550000000000248e-02
-3.750450000000000311e-02
-3.749899999999999761e-02
-3.749899999999999761e-02
-3.747099999999999737e-02
-3.747099999999999737e-02
-3.747099999999999737e-02
-3.746399999999999730e-02
-3.746300000000000324e-02
-3.746300000000000324e-02
-3.746300000000000324e-02
-3.746300000000000324e-02
-3.746300000000000324e-02
-3.746300000000000324e-02
-3.746300000000000324e-02
-3.746300000000000324e-02
-3.746300000000000324e-02
-3.746300000000000324e-02
-3.746300000000000324e-02
-3.746150000000000174e-02
-3.746150000000000174e-02
-3.746150000000000174e-02
-3.746150000000000174e-02
-3.746150000000000174e-02
-3.746150000000000174e-02
-3.746100000000000124e-02
-3.746100000000000124e-02
-3.746100000000000124e-02
-3.746100000000000124e-02
-3.746100000000000124e-02
-3.746100000000000124e-02
-3.746100000000000124e-02
-3.746100000000000124e-02
-3.746100000000000124e-02
-3.746100000000000124e-02
-3.746100000000000124e-02
-3.746100000000000124e-02
-3.746100000000000124e-02
-3.746100000000000124e-02
-3.746100000000000124e-02
-3.746100000000000124e-02
-3.746050000000000074e-02
-3.745300000000000018e-02
-3.745249999999999968e-02
-3.745249999999999968e-02
-3.745099999999999818e-02
-3.745049999999999768e-02
-3.745049999999999768e-02
-3.745049999999999768e-02
-3.745049999999999768e-02
-3.745049999999999768e-02
-3.740899999999999781e-02
-3.740799999999999681e-02
-3.739800000000000069e-02
-3.738450000000000106e-02
-3.737850000000000200e-02
-3.737850000000000200e-02
-3.737700000000000050e-02
-3.737349999999999700e-02
-3.737349999999999700e-02
-3.736649999999999694e-02
-3.736600000000000338e-02
-3.736600000000000338e-02
-3.736600000000000338e-02
-3.735600000000000032e-02
-3.735050000000000175e-02
-3.735000000000000125e-02
-3.734900000000000025e-02
-3.734900000000000025e-02
-3.734900000000000025e-02
-3.732900000000000107e-02
-3.732900000000000107e-02
-3.732900000000000107e-02
-3.732900000000000107e-02
-3.731550000000000145e-02
-3.731550000000000145e-02
-3.731050000000000338e-02
-3.731050000000000338e-02
-3.731050000000000338e-02
-3.731050000000000338e-02
-3.730800000000000088e-02
-3.730800000000000088e-02
-3.730800000000000088e-02
-3.730449999999999738e-02
-3.730449999999999738e-02
-3.730449999999999738e-02
-3.730449999999999738e-02
-3.730449999999999738e-02
-3.730449999999999738e-02
-3.730449999999999738e-02
-3.730449999999999738e-02
-3.730399999999999688e-02
-3.730350000000000332e-02
-3.730300000000000282e-02
-3.730300000000000282e-02
-3.730300000000000282e-02
-3.730300000000000282e-02
-3.730300000000000282e-02
-3.730300000000000282e-02
-3.730250000000000232e-02
-3.730250000000000232e-02
-3.730250000000000232e-02
-3.730250000000000232e-02
-3.729299999999999976e-02
-3.729249999999999926e-02
-3.729249999999999926e-02
-3.729099999999999776e-02
-3.729099999999999776e-02
-3.729099999999999776e-02
-3.729099999999999776e-02
-3.729099999999999776e-02
-3.729099999999999776e-02
-3.729099999999999776e-02
-3.729099999999999776e-02
-3.729099999999999776e-02
-3.729099999999999776e-02
-3.729099999999999776e-02
-3.729099999999999776e-02
-3.729099999999999776e-02
-3.729099999999999776e-02
-3.729049999999999726e-02
-3.729049999999999726e-02
-3.729049999999999726e-02
-3.729049999999999726e-02
-3.729049999999999726e-02
-3.726249999999999701e-02
-3.726249999999999701e-02
-3.726000000000000145e-02
-3.726000000000000145e-02
-3.726000000000000145e-02
-3.726000000000000145e-02
-3.726000000000000145e-02
-3.725950000000000095e-02
-3.725950000000000095e-02
-3.725950000000000095e-02
-3.725900000000000045e-02
-3.725900000000000045e-02
-3.725900000000000045e-02
-3.725900000000000045e-02
-3.725900000000000045e-02
-3.725900000000000045e-02
-3.725900000000000045e-02
-3.725900000000000045e-02
-3.725749999999999895e-02
-3.725749999999999895e-02
-3.725749999999999895e-02
-3.725749999999999895e-02
-3.725749999999999895e-02
-3.725749999999999895e-02
-3.725450000000000289e-02
-3.725450000000000289e-02
-3.725250000000000089e-02
-3.724999999999999839e-02
-3.724999999999999839e-02
-3.724949999999999789e-02
-3.724949999999999789e-02
-3.724949999999999789e-02
-3.724949999999999789e-02
-3.724949999999999789e-02
-3.724949999999999789e-02
-3.724949999999999789e-02
-3.724949999999999789e-02
-3.724949999999999789e-02
-3.724949999999999789e-02
-3.724949999999999789e-02
-3.724949999999999789e-02
-3.724949999999999789e-02
-3.724949999999999789e-02
-3.724949999999999789e-02
-3.724899999999999739e-02
-3.724899999999999739e-02
-3.724899999999999739e-02
-3.724899999999999739e-02
-3.724899999999999739e-02
-3.724899999999999739e-02
-3.724899999999999739e-02
-3.724899999999999739e-02
-3.724899999999999739e-02
-3.724899999999999739e-02
-3.724899999999999739e-02
-3.724899999999999739e-02
-3.724899999999999739e-02
-3.724849999999999689e-02
-3.724849999999999689e-02
-3.724849999999999689e-02
-3.724849999999999689e-02
-3.724349999999999883e-02
-3.724349999999999883e-02
-3.724349999999999883e-02
-3.724349999999999883e-02
-3.724349999999999883e-02
-3.724349999999999883e-02
-3.724349999999999883e-02
-3.724349999999999883e-02
-3.724349999999999883e-02
-3.724349999999999883e-02
-3.724349999999999883e-02
-3.724349999999999883e-02
-3.724349999999999883e-02
-3.723300000000000221e-02
-3.723049999999999971e-02
-3.722999999999999921e-02
-3.722999999999999921e-02
-3.722949999999999871e-02
-3.722949999999999871e-02
-3.722949999999999871e-02
-3.722899999999999820e-02
-3.722899999999999820e-02
-3.722899999999999820e-02
-3.722749999999999670e-02
-3.722749999999999670e-02
-3.722749999999999670e-02
-3.722700000000000314e-02
-3.722700000000000314e-02
-3.722700000000000314e-02
-3.722700000000000314e-02
-3.722700000000000314e-02
-3.722700000000000314e-02
-3.722450000000000064e-02
-3.722450000000000064e-02
-3.722450000000000064e-02
-3.722450000000000064e-02
-3.722450000000000064e-02
-3.722450000000000064e-02
-3.722450000000000064e-02
-3.722450000000000064e-02
-3.722450000000000064e-02
-3.722450000000000064e-02
-3.722450000000000064e-02
-3.722450000000000064e-02
-3.722450000000000064e-02
-3.722400000000000014e-02
-3.722400000000000014e-02
-3.722400000000000014e-02
-3.722400000000000014e-02
-3.722400000000000014e-02
-3.722400000000000014e-02
-3.722349999999999964e-02
-3.722349999999999964e-02
-3.722349999999999964e-02
-3.722349999999999964e-02
-3.722349999999999964e-02
-3.722349999999999964e-02
-3.722349999999999964e-02
-3.721950000000000258e-02
-3.721950000000000258e-02
-3.721950000000000258e-02
-3.721950000000000258e-02
-3.721950000000000258e-02
-3.721950000000000258e-02
-3.721950000000000258e-02
-3.721950000000000258e-02
-3.721950000000000258e-02
-3.721950000000000258e-02
-3.721950000000000258e-02
-3.721950000000000258e-02
-3.721950000000000258e-02
-3.721950000000000258e-02
-3.721850000000000158e-02
-3.721800000000000108e-02
-3.721800000000000108e-02
-3.720749999999999752e-02
-3.720749999999999752e-02
-3.720749999999999752e-02
-3.720749999999999752e-02
-3.720749999999999752e-02
-3.720749999999999752e-02
-3.720749999999999752e-02
-3.720749999999999752e-02
-3.720749999999999752e-02
-3.720749999999999752e-02
-3.720749999999999752e-02
-3.720699999999999702e-02
-3.720699999999999702e-02
-3.720650000000000346e-02
-3.720650000000000346e-02
-3.720650000000000346e-02
-3.720650000000000346e-02
-3.720650000000000346e-02
-3.720650000000000346e-02
-3.720600000000000296e-02
-3.720600000000000296e-02
-3.720600000000000296e-02
-3.720600000000000296e-02
-3.720600000000000296e-02
-3.720600000000000296e-02
-3.720600000000000296e-02
-3.720600000000000296e-02
-3.720600000000000296e-02
-3.720600000000000296e-02
-3.720600000000000296e-02
-3.720550000000000246e-02
-3.720550000000000246e-02
-3.720550000000000246e-02
-3.720550000000000246e-02
-3.720550000000000246e-02
-3.720550000000000246e-02
-3.720550000000000246e-02
-3.720550000000000246e-02
-3.720550000000000246e-02
-3.720550000000000246e-02
-3.720550000000000246e-02
-3.720550000000000246e-02
-3.720550000000000246e-02
-3.720550000000000246e-02
-3.720550000000000246e-02
-3.720550000000000246e-02
-3.720550000000000246e-02
-3.720550000000000246e-02
-3.720550000000000246e-02
-3.720550000000000246e-02
-3.720550000000000246e-02
-3.720550000000000246e-02
-3.720550000000000246e-02
-3.720550000000000246e-02
-3.720550000000000246e-02
-3.720550000000000246e-02
-3.720550000000000246e-02
-3.720550000000000246e-02
-3.720550000000000246e-02
-3.720550000000000246e-02
-3.720550000000000246e-02
-3.720550000000000246e-02
-3.720550000000000246e-02
-3.720550000000000246e-02
-3.720550000000000246e-02
-3.720550000000000246e-02
-3.719000000000000083e-02
-3.719000000000000083e-02
-3.719000000000000083e-02
-3.719000000000000083e-02
-3.718099999999999877e-02
-3.718099999999999877e-02
-3.718099999999999877e-02
-3.718099999999999877e-02
-3.718099999999999877e-02
-3.718099999999999877e-02
-3.718099999999999877e-02
-3.718099999999999877e-02
-3.718099999999999877e-02
-3.717999999999999777e-02
-3.717999999999999777e-02
-3.717999999999999777e-02
-3.717949999999999727e-02
-3.717949999999999727e-02
-3.717949999999999727e-02
-3.717949999999999727e-02
-3.717949999999999727e-02
-3.717899999999999677e-02
-3.717899999999999677e-02
-3.717899999999999677e-02
-3.717899999999999677e-02
-3.717899999999999677e-02
-3.717899999999999677e-02
-3.717899999999999677e-02
-3.717899999999999677e-02
-3.717899999999999677e-02
-3.717750000000000221e-02
-3.717249999999999721e-02
-3.717249999999999721e-02
-3.717249999999999721e-02
-3.717249999999999721e-02
-3.717249999999999721e-02
-3.717249999999999721e-02
-3.717199999999999671e-02
-3.717199999999999671e-02
-3.715799999999999659e-02
-3.715799999999999659e-02
-3.715700000000000253e-02
-3.715700000000000253e-02
-3.715700000000000253e-02
-3.715700000000000253e-02
-3.715700000000000253e-02
-3.715650000000000203e-02
-3.715650000000000203e-02
-3.715650000000000203e-02
-3.715650000000000203e-02
-3.714900000000000146e-02
-3.714900000000000146e-02
-3.714900000000000146e-02
-3.714699999999999946e-02
-3.714699999999999946e-02
-3.714699999999999946e-02
-3.714699999999999946e-02
-3.714599999999999846e-02
-3.714549999999999796e-02
-3.714549999999999796e-02
-3.714549999999999796e-02
-3.714549999999999796e-02
-3.714549999999999796e-02
-3.714549999999999796e-02
-3.714549999999999796e-02
-3.714549999999999796e-02
-3.714549999999999796e-02
-3.714549999999999796e-02
-3.714549999999999796e-02
-3.714549999999999796e-02
-3.714549999999999796e-02
-3.714549999999999796e-02
-3.714350000000000290e-02
-3.714200000000000140e-02
-3.714100000000000040e-02
-3.714100000000000040e-02
-3.714049999999999990e-02
-3.714049999999999990e-02
-3.714049999999999990e-02
-3.714049999999999990e-02
-3.714049999999999990e-02
-3.714049999999999990e-02
-3.714049999999999990e-02
-3.714049999999999990e-02
-3.713999999999999940e-02
-3.713999999999999940e-02
-3.713949999999999890e-02
-3.713949999999999890e-02
-3.713949999999999890e-02
-3.713949999999999890e-02
-3.713949999999999890e-02
-3.713949999999999890e-02
-3.713749999999999690e-02
-3.713749999999999690e-02
-3.713749999999999690e-02
-3.713749999999999690e-02
-3.713749999999999690e-02
-3.713749999999999690e-02
-3.713749999999999690e-02
-3.713749999999999690e-02
-3.713749999999999690e-02
-3.713749999999999690e-02
-3.713749999999999690e-02
-3.713749999999999690e-02
-3.713749999999999690e-02
-3.713249999999999884e-02
-3.712900000000000228e-02
-3.712850000000000178e-02
-3.712850000000000178e-02
-3.712850000000000178e-02
-3.712750000000000078e-02
-3.712750000000000078e-02
-3.712750000000000078e-02
-3.712750000000000078e-02
-3.712700000000000028e-02
-3.712700000000000028e-02
-3.712700000000000028e-02
-3.712700000000000028e-02
-3.712700000000000028e-02
-3.712349999999999678e-02
-3.712300000000000322e-02
-3.712200000000000222e-02
-3.712200000000000222e-02
-3.712200000000000222e-02
-3.712200000000000222e-02
-3.712100000000000122e-02
-3.712100000000000122e-02
-3.712100000000000122e-02
-3.712050000000000072e-02
-3.712050000000000072e-02
-3.712050000000000072e-02
-3.712050000000000072e-02
-3.712000000000000022e-02
-3.712000000000000022e-02
-3.712000000000000022e-02
-3.712000000000000022e-02
-3.712000000000000022e-02
-3.712000000000000022e-02
-3.712000000000000022e-02
-3.712000000000000022e-02
-3.712000000000000022e-02
-3.712000000000000022e-02
-3.712000000000000022e-02
-3.712000000000000022e-02
-3.712000000000000022e-02
-3.712000000000000022e-02
-3.712000000000000022e-02
-3.643450000000000161e-02
-3.643450000000000161e-02
-3.643450000000000161e-02
-3.643450000000000161e-02
-3.640999999999999792e-02
-3.640999999999999792e-02
-3.640999999999999792e-02
-3.640999999999999792e-02
-3.640999999999999792e-02
-3.640999999999999792e-02
-3.640999999999999792e-02
-3.640999999999999792e-02
-3.640899999999999692e-02
-3.640899999999999692e-02
-3.640899999999999692e-02
-3.640899999999999692e-02
-3.640899999999999692e-02
-3.640899999999999692e-02
-3.640899999999999692e-02
-3.640899999999999692e-02
-3.640850000000000336e-02
-3.624000000000000138e-02
-3.617800000000000182e-02
-3.617800000000000182e-02
-3.617349999999999732e-02
-3.617349999999999732e-02
-3.617349999999999732e-02
-3.617349999999999732e-02
-3.604550000000000115e-02
-3.602749999999999703e-02
-3.597100000000000297e-02
-3.597100000000000297e-02
-3.597100000000000297e-02
-3.595700000000000285e-02
-3.592800000000000160e-02
-3.592800000000000160e-02
-3.592800000000000160e-02
-3.592800000000000160e-02
-3.592800000000000160e-02
-3.592800000000000160e-02
-3.592700000000000060e-02
-3.592150000000000204e-02
-3.592150000000000204e-02
-3.592150000000000204e-02
-3.592150000000000204e-02
-3.592150000000000204e-02
-3.592150000000000204e-02
-3.592100000000000154e-02
-3.592100000000000154e-02
-3.592100000000000154e-02
-3.592100000000000154e-02
-3.592100000000000154e-02
-3.590850000000000292e-02
-3.590800000000000242e-02
-3.590800000000000242e-02
-3.590800000000000242e-02
-3.590800000000000242e-02
-3.590750000000000192e-02
-3.590750000000000192e-02
-3.590700000000000142e-02
-3.590700000000000142e-02
-3.590700000000000142e-02
-3.590700000000000142e-02
-3.590700000000000142e-02
-3.589799999999999935e-02
-3.589649999999999785e-02
-3.589649999999999785e-02
-3.589649999999999785e-02
-3.589649999999999785e-02
-3.589649999999999785e-02
-3.584600000000000286e-02
-3.584600000000000286e-02
-3.584600000000000286e-02
-3.584600000000000286e-02
-3.584600000000000286e-02
-3.584600000000000286e-02
-3.584600000000000286e-02
-3.584550000000000236e-02
-3.584550000000000236e-02
-3.584550000000000236e-02
-3.584550000000000236e-02
-3.584550000000000236e-02
-3.584550000000000236e-02
-3.584500000000000186e-02
-3.584500000000000186e-02
-3.584500000000000186e-02
-3.584500000000000186e-02
-3.584500000000000186e-02
-3.584500000000000186e-02
-3.584500000000000186e-02
-3.584500000000000186e-02
-3.584500000000000186e-02
-3.584500000000000186e-02
-3.584500000000000186e-02
-3.584500000000000186e-02
-3.584500000000000186e-02
-3.584500000000000186e-02
-3.584500000000000186e-02
-3.584500000000000186e-02
-3.584500000000000186e-02
-3.584500000000000186e-02
-3.584500000000000186e-02
-3.584500000000000186e-02
-3.584500000000000186e-02
-3.584500000000000186e-02
-3.584500000000000186e-02
-3.584500000000000186e-02
-3.584500000000000186e-02
-3.584500000000000186e-02
-3.584500000000000186e-02
-3.584500000000000186e-02
-3.584500000000000186e-02
-3.584500000000000186e-02
-3.584500000000000186e-02
-3.584500000000000186e-02
-3.584500000000000186e-02
-3.584500000000000186e-02
-3.584500000000000186e-02
-3.584500000000000186e-02
-3.584500000000000186e-02
-3.584500000000000186e-02
-3.584500000000000186e-02
-3.584500000000000186e-02
-3.584500000000000186e-02
-3.584500000000000186e-02
-3.584500000000000186e-02
-3.584500000000000186e-02
-3.584500000000000186e-02
-3.584500000000000186e-02
-3.584500000000000186e-02
-3.584500000000000186e-02
-3.584500000000000186e-02
-3.584500000000000186e-02
-3.584500000000000186e-02
-3.584500000000000186e-02
-3.584500000000000186e-02
-3.584500000000000186e-02
-3.584500000000000186e-02
-3.584500000000000186e-02
-3.584500000000000186e-02
-3.584500000000000186e-02
-3.584500000000000186e-02
-3.584500000000000186e-02
-3.584500000000000186e-02
-3.584500000000000186e-02
-3.584500000000000186e-02
-3.584500000000000186e-02
-3.584500000000000186e-02
-3.584500000000000186e-02
-3.584500000000000186e-02
-3.584500000000000186e-02
-3.584500000000000186e-02
-3.584500000000000186e-02
-3.584500000000000186e-02
-3.584500000000000186e-02
-3.584299999999999986e-02
-3.584199999999999886e-02
-3.584199999999999886e-02
-3.584199999999999886e-02
-3.584199999999999886e-02
-3.584199999999999886e-02
-3.584199999999999886e-02
-3.584149999999999836e-02
-3.584149999999999836e-02
-3.584099999999999786e-02
-3.584099999999999786e-02
-3.584099999999999786e-02
-3.584099999999999786e-02
-3.584099999999999786e-02
-3.584099999999999786e-02
-3.584099999999999786e-02
-3.584099999999999786e-02
-3.584099999999999786e-02
-3.584099999999999786e-02
-3.584099999999999786e-02
-3.584099999999999786e-02
-3.584099999999999786e-02
-3.584099999999999786e-02
-3.584099999999999786e-02
-3.584099999999999786e-02
-3.583200000000000274e-02
-3.583200000000000274e-02
-3.583200000000000274e-02
-3.583200000000000274e-02
-3.583200000000000274e-02
-3.583200000000000274e-02
-3.583200000000000274e-02
-3.583200000000000274e-02
-3.583200000000000274e-02
-3.583200000000000274e-02
-3.583200000000000274e-02
-3.583200000000000274e-02
-3.583200000000000274e-02
-3.583200000000000274e-02
-3.583200000000000274e-02
-3.583200000000000274e-02
-3.583200000000000274e-02
-3.583200000000000274e-02
-3.583200000000000274e-02
-3.583200000000000274e-02
-3.583200000000000274e-02
-3.583200000000000274e-02
-3.583200000000000274e-02
-3.583200000000000274e-02
-3.583200000000000274e-02
-3.583100000000000174e-02
-3.583100000000000174e-02
-3.583100000000000174e-02
-3.583050000000000124e-02
-3.583050000000000124e-02
-3.583050000000000124e-02
-3.583050000000000124e-02
-3.583050000000000124e-02
-3.583050000000000124e-02
-3.583050000000000124e-02
-3.583000000000000074e-02
-3.583000000000000074e-02
-3.583000000000000074e-02
-3.583000000000000074e-02
-3.583000000000000074e-02
-3.583000000000000074e-02
-3.583000000000000074e-02
-3.583000000000000074e-02
-3.583000000000000074e-02
-3.583000000000000074e-02
-3.583000000000000074e-02
-3.583000000000000074e-02
-3.583000000000000074e-02
-3.583000000000000074e-02
-3.583000000000000074e-02
-3.583000000000000074e-02
-3.583000000000000074e-02
-3.583000000000000074e-02
-3.583000000000000074e-02
-3.583000000000000074e-02
-3.583000000000000074e-02
-3.583000000000000074e-02
-3.583000000000000074e-02
-3.583000000000000074e-02
-3.583000000000000074e-02
-3.583000000000000074e-02
-3.583000000000000074e-02
-3.583000000000000074e-02
-3.583000000000000074e-02
-3.583000000000000074e-02
-3.583000000000000074e-02
-3.583000000000000074e-02
-3.583000000000000074e-02
-3.583000000000000074e-02
-3.583000000000000074e-02
-3.583000000000000074e-02
-3.583000000000000074e-02
-3.583000000000000074e-02
-3.583000000000000074e-02
-3.583000000000000074e-02
-3.583000000000000074e-02
-3.583000000000000074e-02
-3.583000000000000074e-02
-3.583000000000000074e-02
-3.583000000000000074e-02
-3.583000000000000074e-02
-3.583000000000000074e-02
-3.583000000000000074e-02
-3.583000000000000074e-02
-3.583000000000000074e-02
-3.583000000000000074e-02
-3.583000000000000074e-02
-3.583000000000000074e-02
-3.583000000000000074e-02
-3.583000000000000074e-02
-3.583000000000000074e-02
-3.583000000000000074e-02
-3.583000000000000074e-02
-3.583000000000000074e-02
-3.583000000000000074e-02
-3.583000000000000074e-02
-3.583000000000000074e-02
-3.583000000000000074e-02
-3.583000000000000074e-02
-3.583000000000000074e-02
-3.583000000000000074e-02
-3.583000000000000074e-02
-3.583000000000000074e-02
-3.583000000000000074e-02
-3.583000000000000074e-02
-3.583000000000000074e-02
-3.583000000000000074e-02
-3.583000000000000074e-02
-3.583000000000000074e-02
-3.583000000000000074e-02
-3.583000000000000074e-02
-3.583000000000000074e-02
-3.583000000000000074e-02
-3.583000000000000074e-02
-3.583000000000000074e-02
-3.583000000000000074e-02
-3.583000000000000074e-02
-3.583000000000000074e-02
-3.583000000000000074e-02
-3.583000000000000074e-02
-3.583000000000000074e-02
-3.583000000000000074e-02
-3.583000000000000074e-02
-3.583000000000000074e-02
-3.583000000000000074e-02
-3.583000000000000074e-02
-3.583000000000000074e-02
-3.583000000000000074e-02
-3.583000000000000074e-02
-3.583000000000000074e-02
-3.583000000000000074e-02
-3.583000000000000074e-02
-3.583000000000000074e-02
-3.583000000000000074e-02
-3.583000000000000074e-02
-3.583000000000000074e-02
-3.583000000000000074e-02
-3.583000000000000074e-02
-3.583000000000000074e-02
-3.583000000000000074e-02
-3.583000000000000074e-02
-3.583000000000000074e-02
-3.583000000000000074e-02
-3.583000000000000074e-02
-3.583000000000000074e-02
-3.583000000000000074e-02
-3.583000000000000074e-02
-3.583000000000000074e-02
-3.583000000000000074e-02
-3.583000000000000074e-02
-3.583000000000000074e-02
-3.583000000000000074e-02
-3.583000000000000074e-02
-3.583000000000000074e-02
-3.583000000000000074e-02
-3.583000000000000074e-02
-3.583000000000000074e-02
-3.583000000000000074e-02
-3.583000000000000074e-02
-3.583000000000000074e-02
-3.583000000000000074e-02
-3.583000000000000074e-02
-3.583000000000000074e-02
-3.583000000000000074e-02
-3.583000000000000074e-02
-3.583000000000000074e-02
-3.583000000000000074e-02
-3.583000000000000074e-02
-3.583000000000000074e-02
-3.583000000000000074e-02
-3.583000000000000074e-02
-3.583000000000000074e-02
-3.583000000000000074e-02
-3.583000000000000074e-02
-3.583000000000000074e-02
-3.583000000000000074e-02
-3.583000000000000074e-02
-3.583000000000000074e-02
-3.583000000000000074e-02
-3.583000000000000074e-02
-3.583000000000000074e-02
-3.583000000000000074e-02
-3.583000000000000074e-02
-3.583000000000000074e-02
-3.583000000000000074e-02
-3.583000000000000074e-02
-3.583000000000000074e-02
-3.583000000000000074e-02
-3.583000000000000074e-02
-3.583000000000000074e-02
-3.583000000000000074e-02
-3.583000000000000074e-02
-3.583000000000000074e-02
-3.583000000000000074e-02
-3.583000000000000074e-02
-3.583000000000000074e-02
-3.583000000000000074e-02
-3.583000000000000074e-02
-3.583000000000000074e-02
-3.583000000000000074e-02
-3.583000000000000074e-02
-3.583000000000000074e-02
-3.583000000000000074e-02
-3.583000000000000074e-02
-3.583000000000000074e-02
-3.583000000000000074e-02
-3.583000000000000074e-02
-3.583000000000000074e-02
-3.583000000000000074e-02
-3.583000000000000074e-02
-3.583000000000000074e-02
-3.583000000000000074e-02
-3.583000000000000074e-02
-3.583000000000000074e-02
-3.583000000000000074e-02
-3.583000000000000074e-02
-3.583000000000000074e-02
-3.583000000000000074e-02
-3.583000000000000074e-02
-3.583000000000000074e-02
-3.583000000000000074e-02
-3.583000000000000074e-02
-3.583000000000000074e-02
-3.583000000000000074e-02
-3.583000000000000074e-02
-3.583000000000000074e-02
-3.583000000000000074e-02
-3.583000000000000074e-02
-3.583000000000000074e-02
-3.583000000000000074e-02
-3.583000000000000074e-02
-3.583000000000000074e-02
-3.583000000000000074e-02
-3.583000000000000074e-02
-3.583000000000000074e-02
-3.583000000000000074e-02
-3.583000000000000074e-02
-3.583000000000000074e-02
-3.583000000000000074e-02
-3.583000000000000074e-02
-3.583000000000000074e-02
-3.583000000000000074e-02
-3.583000000000000074e-02
-3.583000000000000074e-02
-3.583000000000000074e-02
-3.583000000000000074e-02
-3.583000000000000074e-02
-3.583000000000000074e-02
-3.583000000000000074e-02
-3.583000000000000074e-02
-3.583000000000000074e-02
-3.583000000000000074e-02
-3.583000000000000074e-02
-3.583000000000000074e-02
-3.583000000000000074e-02
-3.583000000000000074e-02
-3.583000000000000074e-02
-3.583000000000000074e-02
-3.583000000000000074e-02
-3.583000000000000074e-02
-3.583000000000000074e-02
-3.583000000000000074e-02
-3.583000000000000074e-02
-3.583000000000000074e-02
-3.583000000000000074e-02
-3.583000000000000074e-02
-3.583000000000000074e-02
-3.583000000000000074e-02
-3.583000000000000074e-02
-3.583000000000000074e-02
