4.121867073047401631e-01
2.743216555901111242e-01
7.711197001547058782e-01
2.504619845281086943e-01
3.678043929400507395e-01
5.988618342962178653e-01
5.993074387830932270e-01
3.632867859175217262e-01
7.897746998188501788e-01
3.559759155974549505e-01
2.982985637965612780e-01
7.767215093927184455e-01
5.615800185589097104e-01
1.746245117937921254e-01
4.267866455033101358e-01
6.330365829028031799e-01
5.590848538864614525e-01
4.183964158886171458e-01
8.788527361968814233e-01
4.623283255005986581e-01
8.177842978497731341e-01
7.646246657978077454e-01
3.593826533751365293e-01
6.390213562156168425e-01
2.770882676087546015e-01
4.308406524921055136e-01
4.724873059447552981e-01
3.642630851068973108e-01
3.998321357904695006e-01
3.427634816860983813e-01
