-7.186854999999999771e-01
-7.186854999999999771e-01
-7.186854999999999771e-01
-7.034000000000000252e-01
-6.804504999999999582e-01
-6.804504999999999582e-01
-6.556305000000000049e-01
-6.496380000000000488e-01
-6.318160000000000442e-01
-6.172174999999999745e-01
-6.017919999999999936e-01
-6.017209999999999503e-01
-5.821435000000000359e-01
-5.749689999999999523e-01
-5.712000000000000410e-01
-5.643080000000000318e-01
-5.541669999999999652e-01
-5.476259999999999462e-01
-5.242784999999999807e-01
-5.048770000000000202e-01
-5.048770000000000202e-01
-4.767055000000000042e-01
-4.746544999999999792e-01
-4.746544999999999792e-01
-4.746544999999999792e-01
-4.746544999999999792e-01
-4.720615000000000228e-01
-4.588754999999999917e-01
-4.507525000000000004e-01
-4.507525000000000004e-01
-4.462559999999999860e-01
-4.387490000000000001e-01
-4.281809999999999783e-01
-4.281809999999999783e-01
-4.257610000000000006e-01
-4.213244999999999907e-01
-4.045834999999999848e-01
-3.900595000000000034e-01
-3.900595000000000034e-01
-3.810904999999999987e-01
-3.810904999999999987e-01
-3.776729999999999809e-01
-3.776729999999999809e-01
-3.768245000000000067e-01
-3.591385000000000272e-01
-3.591385000000000272e-01
-3.591385000000000272e-01
-3.591385000000000272e-01
-3.580424999999999858e-01
-3.529869999999999952e-01
-3.438864999999999839e-01
-3.384834999999999927e-01
-3.286800000000000277e-01
-3.245545000000000235e-01
-3.245545000000000235e-01
-3.245545000000000235e-01
-3.245545000000000235e-01
-3.209584999999999799e-01
-3.030214999999999992e-01
-3.030214999999999992e-01
-3.030214999999999992e-01
-3.020194999999999963e-01
-3.020194999999999963e-01
-2.953430000000000222e-01
-2.909585000000000088e-01
-2.843045000000000155e-01
-2.808959999999999790e-01
-2.808959999999999790e-01
-2.808959999999999790e-01
-2.798800000000000177e-01
-2.687204999999999733e-01
-2.666915000000000258e-01
-2.663845000000000240e-01
-2.630244999999999944e-01
-2.597855000000000025e-01
-2.597855000000000025e-01
-2.532734999999999848e-01
-2.389779999999999960e-01
-2.389779999999999960e-01
-2.389779999999999960e-01
-2.389779999999999960e-01
-2.389779999999999960e-01
-2.389779999999999960e-01
-2.382630000000000026e-01
-2.382630000000000026e-01
-2.270044999999999980e-01
-2.270044999999999980e-01
-2.270044999999999980e-01
-2.262889999999999902e-01
-2.261164999999999980e-01
-2.212165000000000104e-01
-2.212165000000000104e-01
-2.212165000000000104e-01
-2.212165000000000104e-01
-2.206799999999999873e-01
-2.161414999999999864e-01
-2.159075000000000022e-01
-2.157705000000000040e-01
-2.129125000000000045e-01
-2.129125000000000045e-01
-2.078274999999999983e-01
-2.005244999999999944e-01
-2.005244999999999944e-01
-2.005244999999999944e-01
-2.005244999999999944e-01
-2.005244999999999944e-01
-2.005244999999999944e-01
-2.005244999999999944e-01
-2.005244999999999944e-01
-1.979329999999999978e-01
-1.979329999999999978e-01
-1.979329999999999978e-01
-1.975240000000000051e-01
-1.957254999999999967e-01
-1.929530000000000134e-01
-1.924639999999999962e-01
-1.924639999999999962e-01
-1.918424999999999991e-01
-1.918424999999999991e-01
-1.917304999999999982e-01
-1.893060000000000020e-01
-1.893060000000000020e-01
-1.852965000000000029e-01
-1.852965000000000029e-01
-1.839224999999999888e-01
-1.839224999999999888e-01
-1.796280000000000099e-01
-1.796280000000000099e-01
-1.796280000000000099e-01
-1.796280000000000099e-01
-1.753055000000000030e-01
-1.753055000000000030e-01
-1.753055000000000030e-01
-1.753055000000000030e-01
-1.735069999999999946e-01
-1.733885000000000010e-01
-1.733885000000000010e-01
-1.733885000000000010e-01
-1.707805000000000017e-01
-1.707805000000000017e-01
-1.694229999999999903e-01
-1.694229999999999903e-01
-1.678685000000000038e-01
-1.678685000000000038e-01
-1.677170000000000050e-01
-1.625850000000000073e-01
-1.625850000000000073e-01
-1.625850000000000073e-01
-1.625850000000000073e-01
-1.625850000000000073e-01
-1.619434999999999902e-01
-1.612075000000000036e-01
-1.612075000000000036e-01
-1.607655000000000056e-01
-1.591380000000000017e-01
-1.550350000000000061e-01
-1.550350000000000061e-01
-1.550350000000000061e-01
-1.550350000000000061e-01
-1.550350000000000061e-01
-1.548875000000000113e-01
-1.548875000000000113e-01
-1.530674999999999952e-01
-1.530674999999999952e-01
-1.530674999999999952e-01
-1.509189999999999976e-01
-1.509189999999999976e-01
-1.509189999999999976e-01
-1.509189999999999976e-01
-1.509189999999999976e-01
-1.509189999999999976e-01
-1.505074999999999885e-01
-1.505074999999999885e-01
-1.505074999999999885e-01
-1.483134999999999870e-01
-1.481744999999999868e-01
-1.481744999999999868e-01
-1.481744999999999868e-01
-1.481744999999999868e-01
-1.481744999999999868e-01
-1.450319999999999943e-01
-1.450319999999999943e-01
-1.450319999999999943e-01
-1.450319999999999943e-01
-1.439624999999999932e-01
-1.432549999999999935e-01
-1.432549999999999935e-01
-1.432549999999999935e-01
-1.432549999999999935e-01
-1.432549999999999935e-01
-1.426084999999999992e-01
-1.391104999999999980e-01
-1.391104999999999980e-01
-1.391104999999999980e-01
-1.391104999999999980e-01
-1.391104999999999980e-01
-1.391104999999999980e-01
-1.391104999999999980e-01
-1.390325000000000033e-01
-1.345925000000000038e-01
-1.345925000000000038e-01
-1.345925000000000038e-01
-1.345925000000000038e-01
-1.345925000000000038e-01
-1.345925000000000038e-01
-1.345925000000000038e-01
-1.338225000000000109e-01
-1.338225000000000109e-01
-1.320500000000000007e-01
-1.320500000000000007e-01
-1.320500000000000007e-01
-1.320500000000000007e-01
-1.320500000000000007e-01
-1.305890000000000106e-01
-1.305890000000000106e-01
-1.305890000000000106e-01
-1.305890000000000106e-01
-1.305890000000000106e-01
-1.276079999999999992e-01
-1.276079999999999992e-01
-1.276079999999999992e-01
-1.276079999999999992e-01
-1.276079999999999992e-01
-1.276079999999999992e-01
-1.276079999999999992e-01
-1.260370000000000101e-01
-1.258340000000000014e-01
-1.252649999999999875e-01
-1.232965000000000033e-01
-1.232965000000000033e-01
-1.232965000000000033e-01
-1.227069999999999966e-01
-1.227069999999999966e-01
-1.227069999999999966e-01
-1.226310000000000039e-01
-1.223204999999999987e-01
-1.223204999999999987e-01
-1.223204999999999987e-01
-1.221720000000000028e-01
-1.221720000000000028e-01
-1.221720000000000028e-01
-1.210164999999999991e-01
-1.210164999999999991e-01
-1.204874999999999974e-01
-1.200819999999999943e-01
-1.196684999999999971e-01
-1.196355000000000057e-01
-1.194545000000000051e-01
-1.181605000000000016e-01
-1.181605000000000016e-01
-1.175869999999999971e-01
-1.175869999999999971e-01
-1.166829999999999951e-01
-1.166119999999999934e-01
-1.163514999999999966e-01
-1.163514999999999966e-01
-1.163514999999999966e-01
-1.151100000000000040e-01
-1.151100000000000040e-01
-1.151100000000000040e-01
-1.151100000000000040e-01
-1.151100000000000040e-01
-1.151100000000000040e-01
-1.151100000000000040e-01
-1.151100000000000040e-01
-1.151100000000000040e-01
-1.148765000000000064e-01
-1.148765000000000064e-01
-1.148765000000000064e-01
-1.136975000000000069e-01
-1.125820000000000015e-01
-1.125820000000000015e-01
-1.125820000000000015e-01
-1.125820000000000015e-01
-1.125820000000000015e-01
-1.119995000000000018e-01
-1.105784999999999962e-01
-1.105784999999999962e-01
-1.105784999999999962e-01
-1.105784999999999962e-01
-1.105784999999999962e-01
-1.105784999999999962e-01
-1.105784999999999962e-01
-1.105784999999999962e-01
-1.105784999999999962e-01
-1.105784999999999962e-01
-1.105784999999999962e-01
-1.102469999999999978e-01
-1.098304999999999976e-01
-1.098304999999999976e-01
-1.098304999999999976e-01
-1.096224999999999977e-01
-1.095394999999999980e-01
-1.095394999999999980e-01
-1.094529999999999947e-01
-1.094529999999999947e-01
-1.086405000000000010e-01
-1.086405000000000010e-01
-1.086405000000000010e-01
-1.077474999999999961e-01
-1.077474999999999961e-01
-1.077474999999999961e-01
-1.072560000000000041e-01
-1.072560000000000041e-01
-1.072560000000000041e-01
-1.072560000000000041e-01
-1.072560000000000041e-01
-1.072560000000000041e-01
-1.072560000000000041e-01
-1.072560000000000041e-01
-1.068805000000000033e-01
-1.068805000000000033e-01
-1.067675000000000013e-01
-1.066160000000000024e-01
-1.057400000000000007e-01
-1.053334999999999966e-01
-1.053334999999999966e-01
-1.052685000000000010e-01
-1.044314999999999966e-01
-1.044314999999999966e-01
-1.044314999999999966e-01
-1.044314999999999966e-01
-1.039854999999999946e-01
-1.039420000000000066e-01
-1.039420000000000066e-01
-1.038105000000000000e-01
-1.038105000000000000e-01
-1.038105000000000000e-01
-1.031409999999999966e-01
-1.031409999999999966e-01
-1.031409999999999966e-01
-1.030129999999999935e-01
-1.024469999999999964e-01
-1.015490000000000004e-01
-1.015490000000000004e-01
-1.013529999999999986e-01
-1.013529999999999986e-01
-1.013529999999999986e-01
-1.013529999999999986e-01
-1.013529999999999986e-01
-1.012404999999999972e-01
-1.012404999999999972e-01
-1.012404999999999972e-01
-1.007590000000000013e-01
-1.002345000000000041e-01
-1.002345000000000041e-01
-1.002345000000000041e-01
-1.000154999999999933e-01
-9.948350000000000248e-02
-9.948350000000000248e-02
-9.916400000000000214e-02
-9.854999999999999871e-02
-9.854999999999999871e-02
-9.854999999999999871e-02
-9.672699999999999354e-02
-9.672699999999999354e-02
-9.672699999999999354e-02
-9.672699999999999354e-02
-9.672699999999999354e-02
-9.672699999999999354e-02
-9.672699999999999354e-02
-9.672699999999999354e-02
-9.672699999999999354e-02
-9.668549999999999367e-02
-9.668549999999999367e-02
-9.668549999999999367e-02
-9.643649999999999445e-02
-9.643649999999999445e-02
-9.582499999999999352e-02
-9.560899999999999954e-02
-9.560899999999999954e-02
-9.560899999999999954e-02
-9.560899999999999954e-02
-9.560899999999999954e-02
-9.522200000000000109e-02
-9.522200000000000109e-02
-9.522200000000000109e-02
-9.435749999999999693e-02
-9.435749999999999693e-02
-9.435749999999999693e-02
-9.380199999999999649e-02
-9.283750000000000335e-02
-9.283750000000000335e-02
-9.283750000000000335e-02
-9.283750000000000335e-02
-9.283750000000000335e-02
-9.283600000000000185e-02
-9.283600000000000185e-02
-9.283600000000000185e-02
-9.283600000000000185e-02
-9.261350000000000138e-02
-9.261350000000000138e-02
-9.202849999999999919e-02
-9.202849999999999919e-02
-9.202849999999999919e-02
-9.202849999999999919e-02
-9.202849999999999919e-02
-9.202849999999999919e-02
-9.202849999999999919e-02
-9.202849999999999919e-02
-9.202849999999999919e-02
-9.202849999999999919e-02
-9.202849999999999919e-02
-9.202849999999999919e-02
-9.202849999999999919e-02
-9.074799999999999534e-02
-9.074799999999999534e-02
-9.074799999999999534e-02
-9.074799999999999534e-02
-9.074799999999999534e-02
-9.074799999999999534e-02
-9.074799999999999534e-02
-9.074799999999999534e-02
-9.016849999999999865e-02
-9.016849999999999865e-02
-9.016849999999999865e-02
-9.016849999999999865e-02
-9.016849999999999865e-02
-9.016849999999999865e-02
-9.016849999999999865e-02
-9.016849999999999865e-02
-8.989300000000000068e-02
-8.955299999999999372e-02
-8.955299999999999372e-02
-8.955299999999999372e-02
-8.939049999999999774e-02
-8.939049999999999774e-02
-8.935400000000000287e-02
-8.904349999999999765e-02
-8.904349999999999765e-02
-8.904349999999999765e-02
-8.886399999999999855e-02
-8.801549999999999652e-02
-8.801549999999999652e-02
-8.801549999999999652e-02
-8.801549999999999652e-02
-8.801549999999999652e-02
-8.801549999999999652e-02
-8.758449999999999569e-02
-8.758449999999999569e-02
-8.758449999999999569e-02
-8.758449999999999569e-02
-8.758449999999999569e-02
-8.733899999999999997e-02
-8.733899999999999997e-02
-8.733899999999999997e-02
-8.725099999999999523e-02
-8.725099999999999523e-02
-8.717300000000000049e-02
-8.717300000000000049e-02
-8.717249999999999999e-02
-8.713799999999999324e-02
-8.662400000000000655e-02
-8.662400000000000655e-02
-8.662400000000000655e-02
-8.662400000000000655e-02
-8.649750000000000494e-02
-8.649750000000000494e-02
-8.649750000000000494e-02
-8.638250000000000095e-02
-8.631650000000000433e-02
-8.620800000000000685e-02
-8.620800000000000685e-02
-8.604050000000000586e-02
-8.538350000000000106e-02
-8.538350000000000106e-02
-8.538350000000000106e-02
-8.538350000000000106e-02
-8.538350000000000106e-02
-8.494649999999999423e-02
-8.494649999999999423e-02
-8.494649999999999423e-02
-8.494649999999999423e-02
-8.494649999999999423e-02
-8.494649999999999423e-02
-8.494649999999999423e-02
-8.492049999999999599e-02
-8.490100000000000424e-02
-8.480400000000000438e-02
-8.479749999999999788e-02
-8.479749999999999788e-02
-8.419350000000000445e-02
-8.419350000000000445e-02
-8.419350000000000445e-02
-8.419350000000000445e-02
-8.341850000000000653e-02
-8.341850000000000653e-02
-8.341850000000000653e-02
-8.341850000000000653e-02
-8.341850000000000653e-02
-8.341850000000000653e-02
-8.341850000000000653e-02
-8.341850000000000653e-02
-8.341850000000000653e-02
-8.341850000000000653e-02
-8.285299999999999609e-02
-8.285299999999999609e-02
-8.285299999999999609e-02
-8.285299999999999609e-02
-8.261599999999999500e-02
-8.261599999999999500e-02
-8.261599999999999500e-02
-8.243549999999999489e-02
-8.243549999999999489e-02
-8.243549999999999489e-02
-8.243549999999999489e-02
-8.243549999999999489e-02
-8.217049999999999355e-02
-8.216800000000000492e-02
-8.216800000000000492e-02
-8.214150000000000618e-02
-8.214150000000000618e-02
-8.197100000000000219e-02
-8.197100000000000219e-02
-8.197100000000000219e-02
-8.171599999999999697e-02
-8.171599999999999697e-02
-8.170850000000000335e-02
-8.170850000000000335e-02
-8.170850000000000335e-02
-8.150050000000000350e-02
-8.139349999999999363e-02
-8.139349999999999363e-02
-8.139150000000000551e-02
-8.135149999999999326e-02
-8.129599999999999327e-02
-8.111799999999999566e-02
-8.111799999999999566e-02
-8.111799999999999566e-02
-8.110649999999999804e-02
-8.110649999999999804e-02
-8.110549999999999704e-02
-8.110549999999999704e-02
-8.091299999999999881e-02
-8.091299999999999881e-02
-8.068150000000000321e-02
-8.067399999999999571e-02
-8.023550000000000126e-02
-8.023550000000000126e-02
-8.023550000000000126e-02
-8.023550000000000126e-02
-8.023550000000000126e-02
-8.023550000000000126e-02
-8.023550000000000126e-02
-8.023550000000000126e-02
-7.993350000000000455e-02
-7.962900000000000533e-02
-7.962900000000000533e-02
-7.962900000000000533e-02
-7.950050000000000172e-02
-7.950050000000000172e-02
-7.950050000000000172e-02
-7.950050000000000172e-02
-7.950050000000000172e-02
-7.950050000000000172e-02
-7.950050000000000172e-02
-7.950050000000000172e-02
-7.950050000000000172e-02
-7.950050000000000172e-02
-7.950050000000000172e-02
-7.893400000000000416e-02
-7.893400000000000416e-02
-7.893400000000000416e-02
-7.893400000000000416e-02
-7.893400000000000416e-02
-7.893400000000000416e-02
-7.893400000000000416e-02
-7.893400000000000416e-02
-7.868300000000000294e-02
-7.868300000000000294e-02
-7.857450000000000545e-02
-7.857450000000000545e-02
-7.857450000000000545e-02
-7.857450000000000545e-02
-7.796749999999999514e-02
-7.796749999999999514e-02
-7.796749999999999514e-02
-7.796749999999999514e-02
-7.796749999999999514e-02
-7.796749999999999514e-02
-7.796749999999999514e-02
-7.796749999999999514e-02
-7.787049999999999528e-02
-7.745299999999999407e-02
-7.745299999999999407e-02
-7.745299999999999407e-02
-7.745299999999999407e-02
-7.745299999999999407e-02
-7.745299999999999407e-02
-7.745299999999999407e-02
-7.745299999999999407e-02
-7.745299999999999407e-02
-7.735000000000000209e-02
-7.735000000000000209e-02
-7.735000000000000209e-02
-7.735000000000000209e-02
-7.735000000000000209e-02
-7.735000000000000209e-02
-7.717200000000000448e-02
-7.717200000000000448e-02
-7.717200000000000448e-02
-7.717200000000000448e-02
-7.717050000000000298e-02
-7.717050000000000298e-02
-7.717050000000000298e-02
-7.716950000000000198e-02
-7.713899999999999924e-02
-7.693600000000000438e-02
-7.693600000000000438e-02
-7.693600000000000438e-02
-7.674549999999999428e-02
-7.674549999999999428e-02
-7.674549999999999428e-02
-7.674549999999999428e-02
-7.674549999999999428e-02
-7.674549999999999428e-02
-7.672049999999999703e-02
-7.672049999999999703e-02
-7.672049999999999703e-02
-7.672049999999999703e-02
-7.672049999999999703e-02
-7.644600000000000006e-02
-7.644600000000000006e-02
-7.644600000000000006e-02
-7.596550000000000524e-02
-7.596550000000000524e-02
-7.596550000000000524e-02
-7.596550000000000524e-02
-7.596550000000000524e-02
-7.596550000000000524e-02
-7.596550000000000524e-02
-7.596550000000000524e-02
-7.596550000000000524e-02
-7.582750000000000601e-02
-7.582750000000000601e-02
-7.582750000000000601e-02
-7.582750000000000601e-02
-7.582750000000000601e-02
-7.582750000000000601e-02
-7.582750000000000601e-02
-7.546700000000000630e-02
-7.546700000000000630e-02
-7.546700000000000630e-02
-7.540299999999999780e-02
-7.540299999999999780e-02
-7.540299999999999780e-02
-7.540299999999999780e-02
-7.540299999999999780e-02
-7.537449999999999706e-02
-7.537449999999999706e-02
-7.531499999999999306e-02
-7.531499999999999306e-02
-7.531350000000000544e-02
-7.531250000000000444e-02
-7.525550000000000295e-02
-7.480249999999999400e-02
-7.406649999999999345e-02
-7.406649999999999345e-02
-7.368850000000000400e-02
-7.368850000000000400e-02
-7.344900000000000040e-02
-7.344900000000000040e-02
-7.344900000000000040e-02
-7.259799999999999587e-02
-7.259799999999999587e-02
-7.230300000000000615e-02
-7.186900000000000233e-02
-7.186900000000000233e-02
-7.186399999999999733e-02
-7.180799999999999683e-02
-7.180799999999999683e-02
-7.174600000000000422e-02
-7.174600000000000422e-02
-7.174600000000000422e-02
-7.174600000000000422e-02
-7.163049999999999973e-02
-7.163049999999999973e-02
-7.155599999999999461e-02
-7.147050000000000625e-02
-7.117350000000000065e-02
-7.117350000000000065e-02
-7.117350000000000065e-02
-7.067600000000000271e-02
-7.067600000000000271e-02
-7.067600000000000271e-02
-7.067600000000000271e-02
-7.067600000000000271e-02
-7.067600000000000271e-02
-7.067600000000000271e-02
-7.067600000000000271e-02
-7.067600000000000271e-02
-7.067600000000000271e-02
-7.067600000000000271e-02
-7.067600000000000271e-02
-7.067600000000000271e-02
-7.045949999999999436e-02
-7.045949999999999436e-02
-7.045949999999999436e-02
-7.045949999999999436e-02
-7.045949999999999436e-02
-7.045949999999999436e-02
-7.045949999999999436e-02
-7.045949999999999436e-02
-7.045949999999999436e-02
-7.045949999999999436e-02
-7.045949999999999436e-02
-7.045949999999999436e-02
-7.044100000000000361e-02
-7.044000000000000261e-02
-7.043699999999999961e-02
-7.027650000000000563e-02
-7.027650000000000563e-02
-7.027650000000000563e-02
-7.027650000000000563e-02
-7.027650000000000563e-02
-7.027650000000000563e-02
-7.004199999999999315e-02
-7.004199999999999315e-02
-6.995550000000000379e-02
-6.995550000000000379e-02
-6.995550000000000379e-02
-6.995550000000000379e-02
-6.995550000000000379e-02
-6.995550000000000379e-02
-6.995550000000000379e-02
-6.995550000000000379e-02
-6.995550000000000379e-02
-6.995550000000000379e-02
-6.995550000000000379e-02
-6.995550000000000379e-02
-6.995550000000000379e-02
-6.992349999999999954e-02
-6.992349999999999954e-02
-6.950699999999999934e-02
-6.950699999999999934e-02
-6.950699999999999934e-02
-6.950699999999999934e-02
-6.950699999999999934e-02
-6.950699999999999934e-02
-6.950699999999999934e-02
-6.950699999999999934e-02
-6.950699999999999934e-02
-6.950699999999999934e-02
-6.950699999999999934e-02
-6.950699999999999934e-02
-6.942349999999999910e-02
-6.942349999999999910e-02
-6.932149999999999423e-02
-6.932149999999999423e-02
-6.932149999999999423e-02
-6.932149999999999423e-02
-6.932149999999999423e-02
-6.932149999999999423e-02
-6.932149999999999423e-02
-6.931950000000000611e-02
-6.931950000000000611e-02
-6.918649999999999800e-02
-6.889249999999999541e-02
-6.889249999999999541e-02
-6.889249999999999541e-02
-6.889249999999999541e-02
-6.889249999999999541e-02
-6.889249999999999541e-02
-6.889249999999999541e-02
-6.889249999999999541e-02
-6.889249999999999541e-02
-6.889249999999999541e-02
-6.873849999999999405e-02
-6.873849999999999405e-02
-6.866999999999999493e-02
-6.866999999999999493e-02
-6.866999999999999493e-02
-6.866949999999999443e-02
-6.845149999999999846e-02
-6.845149999999999846e-02
-6.845149999999999846e-02
-6.845149999999999846e-02
-6.809099999999999875e-02
-6.809099999999999875e-02
-6.809099999999999875e-02
-6.809099999999999875e-02
-6.809099999999999875e-02
-6.808849999999999625e-02
-6.808849999999999625e-02
-6.808849999999999625e-02
-6.808849999999999625e-02
-6.808849999999999625e-02
-6.808849999999999625e-02
-6.801400000000000501e-02
-6.801400000000000501e-02
-6.800699999999999801e-02
-6.799499999999999988e-02
-6.799049999999999538e-02
-6.785349999999999715e-02
-6.785349999999999715e-02
-6.782699999999999840e-02
-6.782699999999999840e-02
-6.781049999999999578e-02
-6.779000000000000303e-02
-6.779000000000000303e-02
-6.779000000000000303e-02
-6.742249999999999632e-02
-6.742249999999999632e-02
-6.742249999999999632e-02
-6.742249999999999632e-02
-6.742249999999999632e-02
-6.742249999999999632e-02
-6.737400000000000333e-02
-6.725549999999999584e-02
-6.725549999999999584e-02
-6.725549999999999584e-02
-6.725549999999999584e-02
-6.725549999999999584e-02
-6.725549999999999584e-02
-6.725549999999999584e-02
-6.725549999999999584e-02
-6.725549999999999584e-02
-6.725549999999999584e-02
-6.725549999999999584e-02
-6.725549999999999584e-02
-6.725549999999999584e-02
-6.725549999999999584e-02
-6.701500000000000512e-02
-6.701500000000000512e-02
-6.701500000000000512e-02
-6.701500000000000512e-02
-6.701500000000000512e-02
-6.701500000000000512e-02
-6.701500000000000512e-02
-6.699700000000000100e-02
-6.695399999999999963e-02
-6.695399999999999963e-02
-6.684400000000000064e-02
-6.684400000000000064e-02
-6.684400000000000064e-02
-6.684400000000000064e-02
-6.684400000000000064e-02
-6.684400000000000064e-02
-6.684400000000000064e-02
-6.684400000000000064e-02
-6.684400000000000064e-02
-6.684400000000000064e-02
-6.684400000000000064e-02
-6.684400000000000064e-02
-6.684400000000000064e-02
-6.671000000000000540e-02
-6.670750000000000290e-02
-6.612400000000000222e-02
-6.612400000000000222e-02
-6.612400000000000222e-02
-6.612400000000000222e-02
-6.612400000000000222e-02
-6.612400000000000222e-02
-6.612400000000000222e-02
-6.612400000000000222e-02
-6.612400000000000222e-02
-6.612400000000000222e-02
-6.612400000000000222e-02
-6.556399999999999728e-02
-6.556399999999999728e-02
-6.556399999999999728e-02
-6.556399999999999728e-02
-6.556399999999999728e-02
-6.556399999999999728e-02
-6.556399999999999728e-02
-6.556399999999999728e-02
-6.556399999999999728e-02
-6.556399999999999728e-02
-6.556399999999999728e-02
-6.556399999999999728e-02
-6.537550000000000305e-02
-6.536050000000000193e-02
-6.534049999999999581e-02
-6.534049999999999581e-02
-6.534049999999999581e-02
-6.523850000000000482e-02
-6.523850000000000482e-02
-6.507250000000000534e-02
-6.507250000000000534e-02
-6.489649999999999586e-02
-6.489649999999999586e-02
-6.489649999999999586e-02
-6.489649999999999586e-02
-6.489649999999999586e-02
-6.489649999999999586e-02
-6.489649999999999586e-02
-6.483049999999999924e-02
-6.483049999999999924e-02
-6.483049999999999924e-02
-6.483049999999999924e-02
-6.462850000000000539e-02
-6.458999999999999464e-02
-6.458999999999999464e-02
-6.458999999999999464e-02
-6.458400000000000252e-02
-6.458400000000000252e-02
-6.458400000000000252e-02
-6.458400000000000252e-02
-6.443849999999999578e-02
-6.443849999999999578e-02
-6.443849999999999578e-02
-6.443849999999999578e-02
-6.442449999999999566e-02
-6.442449999999999566e-02
-6.442449999999999566e-02
-6.442449999999999566e-02
-6.442449999999999566e-02
-6.442199999999999316e-02
-6.442199999999999316e-02
-6.437249999999999917e-02
-6.437249999999999917e-02
-6.416349999999999831e-02
-6.416349999999999831e-02
-6.413349999999999607e-02
-6.413349999999999607e-02
-6.413349999999999607e-02
-6.401999999999999358e-02
-6.401999999999999358e-02
-6.398299999999999821e-02
-6.398299999999999821e-02
-6.397200000000000109e-02
-6.397200000000000109e-02
-6.389499999999999347e-02
-6.389499999999999347e-02
-6.389499999999999347e-02
-6.389499999999999347e-02
-6.389499999999999347e-02
-6.389499999999999347e-02
-6.389450000000000685e-02
-6.389450000000000685e-02
-6.380500000000000060e-02
-6.380500000000000060e-02
-6.380500000000000060e-02
-6.380500000000000060e-02
-6.380500000000000060e-02
-6.380500000000000060e-02
-6.380500000000000060e-02
-6.380500000000000060e-02
-6.380500000000000060e-02
-6.380500000000000060e-02
-6.377399999999999736e-02
-6.366850000000000287e-02
-6.366850000000000287e-02
-6.363599999999999812e-02
-6.361600000000000588e-02
-6.361600000000000588e-02
-6.361600000000000588e-02
-6.349899999999999989e-02
-6.349899999999999989e-02
-6.349899999999999989e-02
-6.349899999999999989e-02
-6.349899999999999989e-02
-6.349899999999999989e-02
-6.349899999999999989e-02
-6.349899999999999989e-02
-6.349899999999999989e-02
-6.349899999999999989e-02
-6.349899999999999989e-02
-6.349899999999999989e-02
-6.349899999999999989e-02
-6.349899999999999989e-02
-6.349899999999999989e-02
-6.343600000000000627e-02
-6.343600000000000627e-02
-6.343600000000000627e-02
-6.343600000000000627e-02
-6.343600000000000627e-02
-6.343600000000000627e-02
-6.337800000000000378e-02
-6.337800000000000378e-02
-6.337800000000000378e-02
-6.337800000000000378e-02
-6.335449999999999415e-02
-6.332150000000000278e-02
-6.332150000000000278e-02
-6.332150000000000278e-02
-6.329999999999999516e-02
-6.329150000000000054e-02
-6.326750000000000429e-02
-6.326750000000000429e-02
-6.319249999999999867e-02
-6.319249999999999867e-02
-6.319249999999999867e-02
-6.319249999999999867e-02
-6.319249999999999867e-02
-6.319249999999999867e-02
-6.319249999999999867e-02
-6.319249999999999867e-02
-6.319249999999999867e-02
-6.319249999999999867e-02
-6.319249999999999867e-02
-6.319249999999999867e-02
-6.319249999999999867e-02
-6.317749999999999755e-02
-6.316850000000000243e-02
-6.307200000000000306e-02
-6.307200000000000306e-02
-6.307200000000000306e-02
-6.307200000000000306e-02
-6.307200000000000306e-02
