9.884493543870691568e-01
6.027543342371199930e-01
1.763349899279782473e-01
9.998680367343929509e-01
5.988017930331837047e-01
3.489747752133094405e-01
9.824327954120237738e-01
6.447237233025818748e-01
3.214187338070566002e-01
9.817021162389579780e-01
6.016978306358158335e-01
4.335864903193796804e-01
9.704080973052824355e-01
6.038948155961103570e-01
4.216790684166110692e-01
9.925927109863794673e-01
6.222220165263996350e-01
5.140524822385867942e-01
9.914242578112711923e-01
6.203114087077861161e-01
5.950567445661690824e-01
9.946265038353846455e-01
5.759428616402493262e-01
6.972055627801789779e-01
9.851319237689305508e-01
5.788033745439045141e-01
7.180887348120987834e-01
9.865185243293070894e-01
6.016188323741142874e-01
7.470861032043376593e-01
9.898574245851119446e-01
6.932053766566237396e-01
9.031871551906619500e-01
9.880465890199524592e-01
5.909024665650520758e-01
1.645804828718345769e-01
9.968939570326433852e-01
5.735846209696133791e-01
2.240836132972501005e-01
9.918028401309784137e-01
5.655759141390872546e-01
2.930218243205816031e-01
9.926566483834928789e-01
5.551245253649548239e-01
3.207067344464523684e-01
9.914403682053827271e-01
6.308543299469238086e-01
4.761089438909210658e-01
9.865854357151917498e-01
6.043726563240330307e-01
3.336132778535810806e-01
9.957275290946618895e-01
6.394449446320005226e-01
4.550404580209529426e-01
9.938118652786888108e-01
5.902245991636138056e-01
6.467318315299224185e-01
9.945539619073036075e-01
6.067052033990518733e-01
5.436252938135213153e-01
