6.671340000000000048e-01
8.460109999999999575e-01
9.638980000000000325e-01
9.638980000000000325e-01
9.638980000000000325e-01
1.100149000000000044e+00
1.100149000000000044e+00
1.100149000000000044e+00
1.100149000000000044e+00
1.141269000000000089e+00
1.216008999999999896e+00
1.241757999999999917e+00
1.274364999999999970e+00
1.274364999999999970e+00
1.282078999999999969e+00
1.362613999999999992e+00
1.385847999999999969e+00
1.400557999999999970e+00
1.421645999999999965e+00
1.494121999999999950e+00
1.527563000000000004e+00
1.527563000000000004e+00
1.556699000000000055e+00
1.610530000000000017e+00
1.610530000000000017e+00
1.651696000000000053e+00
1.674544999999999950e+00
1.755713999999999997e+00
1.755713999999999997e+00
1.791463999999999945e+00
1.791463999999999945e+00
1.802489000000000008e+00
1.831682999999999950e+00
1.834562000000000026e+00
1.852274999999999894e+00
1.863938000000000095e+00
1.869965000000000099e+00
1.873537999999999926e+00
1.960029000000000021e+00
1.960029000000000021e+00
1.975284000000000040e+00
1.983660999999999897e+00
2.005392000000000063e+00
2.019550000000000178e+00
2.023254000000000108e+00
2.054847000000000090e+00
2.054847000000000090e+00
2.054847000000000090e+00
2.067941999999999947e+00
2.075165000000000148e+00
2.088978000000000002e+00
2.110555999999999877e+00
2.110555999999999877e+00
2.118195000000000050e+00
2.126317999999999930e+00
2.140028000000000041e+00
2.144858000000000153e+00
2.147689000000000181e+00
2.150707999999999842e+00
2.169125999999999888e+00
2.174805999999999795e+00
2.174805999999999795e+00
2.179316000000000031e+00
2.180111999999999828e+00
2.180111999999999828e+00
2.180111999999999828e+00
2.184801000000000215e+00
2.185240999999999989e+00
2.188950000000000173e+00
2.189360000000000195e+00
2.194878000000000107e+00
2.197849999999999859e+00
2.200164000000000009e+00
2.238310999999999940e+00
2.238310999999999940e+00
2.238310999999999940e+00
2.248899000000000203e+00
2.254605999999999888e+00
2.254605999999999888e+00
2.254605999999999888e+00
2.254605999999999888e+00
2.254605999999999888e+00
2.257400000000000073e+00
2.266735999999999862e+00
2.266735999999999862e+00
2.273762000000000061e+00
2.273762000000000061e+00
2.273762000000000061e+00
2.279103000000000101e+00
2.279103000000000101e+00
2.279103000000000101e+00
2.285568000000000044e+00
2.285568000000000044e+00
2.285568000000000044e+00
2.289502000000000148e+00
2.289505999999999819e+00
2.296158999999999839e+00
2.296158999999999839e+00
2.296158999999999839e+00
2.300947999999999993e+00
2.306801999999999797e+00
2.324059999999999793e+00
2.324059999999999793e+00
2.324059999999999793e+00
2.324059999999999793e+00
2.324059999999999793e+00
2.324059999999999793e+00
2.327618999999999883e+00
2.331881000000000093e+00
2.331881000000000093e+00
2.334858999999999796e+00
2.334858999999999796e+00
2.334858999999999796e+00
2.334858999999999796e+00
2.336485999999999841e+00
2.336485999999999841e+00
2.336574999999999847e+00
2.339662000000000130e+00
2.339662000000000130e+00
2.341247000000000078e+00
2.342019000000000073e+00
2.342019000000000073e+00
2.343338000000000143e+00
2.343338000000000143e+00
2.344409000000000187e+00
2.344949000000000172e+00
2.346217999999999915e+00
2.347856000000000165e+00
2.348136999999999919e+00
2.354547000000000168e+00
2.354547000000000168e+00
2.354547000000000168e+00
2.357601999999999975e+00
2.357601999999999975e+00
2.357898000000000049e+00
2.357898000000000049e+00
2.358207999999999860e+00
2.360613999999999990e+00
2.360613999999999990e+00
2.360613999999999990e+00
2.360613999999999990e+00
2.360613999999999990e+00
2.368158000000000207e+00
2.368158000000000207e+00
2.368304999999999882e+00
2.368304999999999882e+00
2.368304999999999882e+00
2.368304999999999882e+00
2.370394000000000112e+00
2.370394000000000112e+00
2.371030999999999889e+00
2.371135000000000215e+00
2.371370999999999896e+00
2.371522000000000130e+00
2.371735999999999844e+00
2.373445999999999945e+00
2.373981000000000119e+00
2.373981000000000119e+00
2.374136000000000024e+00
2.374190000000000023e+00
2.374190000000000023e+00
2.374537999999999816e+00
2.374610999999999805e+00
2.375048000000000048e+00
2.375706000000000095e+00
2.375706000000000095e+00
2.375706000000000095e+00
2.375758999999999954e+00
2.378312000000000204e+00
2.378312000000000204e+00
2.378312000000000204e+00
2.378470999999999780e+00
2.379296000000000078e+00
2.380095999999999989e+00
2.380095999999999989e+00
2.380095999999999989e+00
2.380257999999999985e+00
2.380257999999999985e+00
2.380562999999999985e+00
2.381092000000000208e+00
2.381092000000000208e+00
2.381092000000000208e+00
2.381092000000000208e+00
2.381543000000000188e+00
2.381772999999999918e+00
2.382255999999999929e+00
2.383617999999999792e+00
2.383617999999999792e+00
2.383878999999999859e+00
2.383878999999999859e+00
2.384571999999999914e+00
2.384571999999999914e+00
2.384571999999999914e+00
2.384571999999999914e+00
2.384571999999999914e+00
2.384571999999999914e+00
2.384571999999999914e+00
2.384571999999999914e+00
2.385638000000000147e+00
2.385638000000000147e+00
2.385638000000000147e+00
2.385638000000000147e+00
2.385638000000000147e+00
2.385638000000000147e+00
2.386194000000000148e+00
2.386194000000000148e+00
2.386194000000000148e+00
2.386194000000000148e+00
2.386245000000000172e+00
2.386410999999999838e+00
2.386820999999999859e+00
2.386820999999999859e+00
2.386880999999999808e+00
2.386887999999999899e+00
2.386943000000000037e+00
2.386966000000000143e+00
2.387004000000000126e+00
2.387078999999999951e+00
2.387126999999999999e+00
2.387234999999999996e+00
2.387288999999999994e+00
2.387396999999999991e+00
2.387396999999999991e+00
2.387448000000000015e+00
2.387884999999999813e+00
2.387884999999999813e+00
2.387884999999999813e+00
2.387884999999999813e+00
2.387945999999999902e+00
2.399042999999999815e+00
2.399042999999999815e+00
2.399042999999999815e+00
2.399042999999999815e+00
2.399042999999999815e+00
2.399042999999999815e+00
2.399042999999999815e+00
2.399042999999999815e+00
2.399042999999999815e+00
2.399042999999999815e+00
2.399042999999999815e+00
2.399042999999999815e+00
2.399128999999999845e+00
2.399128999999999845e+00
2.399191000000000074e+00
2.399319000000000202e+00
2.400828000000000184e+00
2.400828999999999880e+00
2.400863999999999887e+00
2.400863999999999887e+00
2.402073000000000125e+00
2.402095999999999787e+00
2.402943000000000051e+00
2.402943000000000051e+00
2.403871000000000091e+00
2.403871000000000091e+00
2.403871000000000091e+00
2.403871000000000091e+00
2.403871000000000091e+00
2.403966000000000047e+00
2.403966000000000047e+00
2.403966000000000047e+00
2.404049999999999798e+00
2.404049999999999798e+00
2.404179000000000066e+00
2.404179000000000066e+00
2.404221000000000164e+00
2.404221000000000164e+00
2.404783999999999811e+00
2.404783999999999811e+00
2.405435000000000212e+00
2.405435000000000212e+00
2.405676999999999843e+00
2.405855999999999995e+00
2.406085000000000029e+00
2.406085000000000029e+00
2.406085000000000029e+00
2.406085000000000029e+00
2.406581000000000081e+00
2.406581000000000081e+00
2.406581000000000081e+00
2.406581000000000081e+00
2.406664999999999832e+00
2.406664999999999832e+00
2.406664999999999832e+00
2.406724000000000085e+00
2.406744000000000216e+00
2.406857000000000024e+00
2.407092000000000009e+00
2.407092000000000009e+00
2.407092000000000009e+00
2.407092000000000009e+00
2.407122000000000206e+00
2.407122000000000206e+00
2.407246999999999915e+00
2.407265999999999906e+00
2.407277000000000111e+00
2.407277000000000111e+00
2.407277000000000111e+00
2.407287999999999872e+00
2.407287999999999872e+00
2.407324000000000019e+00
2.407324000000000019e+00
2.407325999999999855e+00
2.407446000000000197e+00
2.407446000000000197e+00
2.407446000000000197e+00
2.407563000000000120e+00
2.407696000000000058e+00
2.408192000000000110e+00
2.408192000000000110e+00
2.408192000000000110e+00
2.408192000000000110e+00
2.408192000000000110e+00
2.408192000000000110e+00
2.408853999999999829e+00
2.408853999999999829e+00
2.408853999999999829e+00
2.408853999999999829e+00
2.408853999999999829e+00
2.408853999999999829e+00
2.408958999999999850e+00
2.408958999999999850e+00
2.408961999999999826e+00
2.409120999999999846e+00
2.409120999999999846e+00
2.409120999999999846e+00
2.409120999999999846e+00
2.409120999999999846e+00
2.409120999999999846e+00
2.409123999999999821e+00
2.409132000000000051e+00
2.409200999999999926e+00
2.409208000000000016e+00
2.409208000000000016e+00
2.409276999999999891e+00
2.409276999999999891e+00
2.409276999999999891e+00
2.409276999999999891e+00
2.411137000000000086e+00
2.411137000000000086e+00
2.411137000000000086e+00
2.411137000000000086e+00
2.411137000000000086e+00
2.411137000000000086e+00
2.411137000000000086e+00
2.411137000000000086e+00
2.411137000000000086e+00
2.411137000000000086e+00
2.411137000000000086e+00
2.411137000000000086e+00
2.411261000000000099e+00
2.411261000000000099e+00
2.411261000000000099e+00
2.411261000000000099e+00
2.411261000000000099e+00
2.411300999999999917e+00
2.411300999999999917e+00
2.411300999999999917e+00
2.411300999999999917e+00
2.411369000000000096e+00
2.411369000000000096e+00
2.411386999999999947e+00
2.411386999999999947e+00
2.411386999999999947e+00
2.411386999999999947e+00
2.411395000000000177e+00
2.411404000000000103e+00
2.411404000000000103e+00
2.411468000000000167e+00
2.411468000000000167e+00
2.411484999999999879e+00
2.411487000000000158e+00
2.411515000000000075e+00
2.411515000000000075e+00
2.411519999999999886e+00
2.411579999999999835e+00
2.411579999999999835e+00
2.411579999999999835e+00
2.411598999999999826e+00
2.411601999999999801e+00
2.411605999999999916e+00
2.411629000000000023e+00
2.411629000000000023e+00
2.411643000000000203e+00
2.411643000000000203e+00
2.412058000000000035e+00
2.412058000000000035e+00
2.412058000000000035e+00
2.412058000000000035e+00
2.412058000000000035e+00
2.412058000000000035e+00
2.412058000000000035e+00
2.412058000000000035e+00
2.412058000000000035e+00
2.412058000000000035e+00
2.412436000000000025e+00
2.412436000000000025e+00
2.412436000000000025e+00
2.412436000000000025e+00
2.412436000000000025e+00
2.412436000000000025e+00
2.412436000000000025e+00
2.412456999999999852e+00
2.412462000000000106e+00
2.412462000000000106e+00
2.412462000000000106e+00
2.412462000000000106e+00
2.412463999999999942e+00
2.412474000000000007e+00
2.412517999999999940e+00
2.412517999999999940e+00
2.412517999999999940e+00
2.412517999999999940e+00
2.412529999999999841e+00
2.412529999999999841e+00
2.412571999999999939e+00
2.412571999999999939e+00
2.412580000000000169e+00
2.412589000000000095e+00
2.412590999999999930e+00
2.412615999999999872e+00
2.412755000000000205e+00
2.412755000000000205e+00
2.412755000000000205e+00
2.412755000000000205e+00
2.412755000000000205e+00
2.412780999999999842e+00
2.414695000000000036e+00
2.414695000000000036e+00
2.414695000000000036e+00
2.414695000000000036e+00
2.414695000000000036e+00
2.414695000000000036e+00
2.414695000000000036e+00
2.414695000000000036e+00
2.414906000000000219e+00
2.414906000000000219e+00
2.414906000000000219e+00
2.414906000000000219e+00
2.414906000000000219e+00
2.414906000000000219e+00
2.415786999999999907e+00
2.415786999999999907e+00
2.415786999999999907e+00
2.415786999999999907e+00
2.415786999999999907e+00
2.415821000000000218e+00
2.415821000000000218e+00
2.415821000000000218e+00
2.416234000000000215e+00
2.416234000000000215e+00
2.416234000000000215e+00
2.416234000000000215e+00
2.416234000000000215e+00
2.416234000000000215e+00
2.416234000000000215e+00
2.416256999999999877e+00
2.416256999999999877e+00
2.416256999999999877e+00
2.416265000000000107e+00
2.416265000000000107e+00
2.416265000000000107e+00
2.416317999999999966e+00
2.416317999999999966e+00
2.416326999999999892e+00
2.416332000000000146e+00
2.416332999999999842e+00
2.416351999999999833e+00
2.416368999999999989e+00
2.416405999999999832e+00
2.416405999999999832e+00
2.416405999999999832e+00
2.416414000000000062e+00
2.416440000000000143e+00
2.416440000000000143e+00
2.416446000000000094e+00
2.416462000000000110e+00
2.416476999999999986e+00
2.416495999999999977e+00
2.416514999999999969e+00
2.416516999999999804e+00
2.416520999999999919e+00
2.416522000000000059e+00
2.416522000000000059e+00
2.416533999999999960e+00
2.416533999999999960e+00
2.416535000000000100e+00
2.416536999999999935e+00
2.416548000000000140e+00
2.416548000000000140e+00
2.416548000000000140e+00
2.416548999999999836e+00
2.416549999999999976e+00
2.416554000000000091e+00
2.416720000000000201e+00
2.416730999999999963e+00
2.416739000000000193e+00
2.416850000000000165e+00
2.416850000000000165e+00
2.416850000000000165e+00
2.416850000000000165e+00
2.416850000000000165e+00
2.416901999999999884e+00
2.416901999999999884e+00
2.416901999999999884e+00
2.416901999999999884e+00
2.416907999999999834e+00
2.416907999999999834e+00
2.416939000000000171e+00
2.416939000000000171e+00
2.416939000000000171e+00
2.416939000000000171e+00
2.416939000000000171e+00
2.416939000000000171e+00
2.416939000000000171e+00
2.416970000000000063e+00
2.416970000000000063e+00
2.416970000000000063e+00
2.416973000000000038e+00
2.416974000000000178e+00
2.416974000000000178e+00
2.416974000000000178e+00
2.416974000000000178e+00
2.416995000000000005e+00
2.416996999999999840e+00
2.417015000000000136e+00
2.417037000000000102e+00
2.417043000000000053e+00
2.417053999999999814e+00
2.417054999999999954e+00
2.417075999999999780e+00
2.417079000000000200e+00
2.417088999999999821e+00
2.417088999999999821e+00
2.417088999999999821e+00
2.417092999999999936e+00
2.417101999999999862e+00
2.417164000000000090e+00
2.417164000000000090e+00
2.417164000000000090e+00
2.417164000000000090e+00
2.417164000000000090e+00
2.417164000000000090e+00
2.417244000000000170e+00
2.417244000000000170e+00
2.417244000000000170e+00
2.417244000000000170e+00
2.417244000000000170e+00
2.417244000000000170e+00
2.417257000000000211e+00
2.417263000000000162e+00
2.417276999999999898e+00
2.417289999999999939e+00
2.417289999999999939e+00
2.417289999999999939e+00
2.417292000000000218e+00
2.417298999999999864e+00
2.417298999999999864e+00
2.417298999999999864e+00
2.417300000000000004e+00
2.417301000000000144e+00
2.417355999999999838e+00
2.417356999999999978e+00
2.417356999999999978e+00
2.417359999999999953e+00
2.417362999999999928e+00
2.417362999999999928e+00
2.417365999999999904e+00
2.417367000000000044e+00
2.417367000000000044e+00
2.417371000000000159e+00
2.417371999999999854e+00
2.417371999999999854e+00
2.417375999999999969e+00
2.417375999999999969e+00
2.417448999999999959e+00
2.417448999999999959e+00
2.417448999999999959e+00
2.417448999999999959e+00
2.417448999999999959e+00
2.417454000000000214e+00
2.417473000000000205e+00
2.417473000000000205e+00
2.417476999999999876e+00
2.417495999999999867e+00
2.417497000000000007e+00
2.417504999999999793e+00
2.417511999999999883e+00
2.417515999999999998e+00
2.417515999999999998e+00
2.417517000000000138e+00
2.417520999999999809e+00
2.417520999999999809e+00
2.417529000000000039e+00
2.417529000000000039e+00
2.417534999999999989e+00
2.417534999999999989e+00
2.417534999999999989e+00
2.417536999999999825e+00
2.417536999999999825e+00
2.417536999999999825e+00
2.417537999999999965e+00
2.417539000000000105e+00
2.417552999999999841e+00
2.417552999999999841e+00
2.417552999999999841e+00
2.417556999999999956e+00
2.417580000000000062e+00
2.417580000000000062e+00
2.417580000000000062e+00
2.417586000000000013e+00
2.417586000000000013e+00
2.417586000000000013e+00
2.417587000000000153e+00
2.417587000000000153e+00
2.417587000000000153e+00
2.417590999999999823e+00
2.417590999999999823e+00
2.417593000000000103e+00
2.417597000000000218e+00
2.417597999999999914e+00
2.417618000000000045e+00
2.417618000000000045e+00
2.417618000000000045e+00
2.417618000000000045e+00
2.417625000000000135e+00
2.417628000000000110e+00
2.417628000000000110e+00
2.417632999999999921e+00
2.417632999999999921e+00
2.417632999999999921e+00
2.417634000000000061e+00
2.417637000000000036e+00
2.417647000000000101e+00
2.417647000000000101e+00
2.417654000000000192e+00
2.417654000000000192e+00
2.417654000000000192e+00
2.417660999999999838e+00
2.417660999999999838e+00
2.417663000000000117e+00
2.417663999999999813e+00
2.417664999999999953e+00
2.417664999999999953e+00
2.417666000000000093e+00
2.417666999999999788e+00
2.417669000000000068e+00
2.417669000000000068e+00
2.417673000000000183e+00
2.417673999999999879e+00
2.417675000000000018e+00
2.417676000000000158e+00
2.417676000000000158e+00
2.417677999999999994e+00
2.417677999999999994e+00
2.417677999999999994e+00
2.417677999999999994e+00
2.417677999999999994e+00
2.417677999999999994e+00
2.417677999999999994e+00
2.417677999999999994e+00
2.417677999999999994e+00
2.417701000000000100e+00
2.417701000000000100e+00
2.417701000000000100e+00
2.417701000000000100e+00
2.417701000000000100e+00
2.417701000000000100e+00
2.417701000000000100e+00
2.417701000000000100e+00
2.417702999999999935e+00
2.417702999999999935e+00
2.417702999999999935e+00
2.417704000000000075e+00
2.417704000000000075e+00
2.417705999999999911e+00
2.417705999999999911e+00
2.417707000000000050e+00
2.417707000000000050e+00
2.417713000000000001e+00
2.417713000000000001e+00
2.417713000000000001e+00
2.417713000000000001e+00
2.417713000000000001e+00
2.417714999999999836e+00
2.417714999999999836e+00
2.417733999999999828e+00
2.417736000000000107e+00
2.417736000000000107e+00
2.417736000000000107e+00
2.417743999999999893e+00
2.417758000000000074e+00
2.417759000000000214e+00
2.417759000000000214e+00
2.417759000000000214e+00
2.417759000000000214e+00
2.417759000000000214e+00
2.417759000000000214e+00
2.417759000000000214e+00
2.417759999999999909e+00
2.417759999999999909e+00
2.417762000000000189e+00
2.417762999999999884e+00
2.417762999999999884e+00
2.417762999999999884e+00
2.417762999999999884e+00
2.417764000000000024e+00
2.417764000000000024e+00
2.417764000000000024e+00
2.417778999999999900e+00
2.417778999999999900e+00
2.417778999999999900e+00
2.417778999999999900e+00
2.417778999999999900e+00
2.417781000000000180e+00
2.417791999999999941e+00
2.417793000000000081e+00
2.417793000000000081e+00
2.417793000000000081e+00
2.417797999999999892e+00
2.417809000000000097e+00
2.417809000000000097e+00
2.417809999999999793e+00
2.417809999999999793e+00
2.417812000000000072e+00
2.417812000000000072e+00
2.417818000000000023e+00
2.417818000000000023e+00
2.417818000000000023e+00
2.417818000000000023e+00
2.417872000000000021e+00
2.417872000000000021e+00
2.417872000000000021e+00
2.417872000000000021e+00
2.417879000000000111e+00
2.417879000000000111e+00
2.417879000000000111e+00
2.417879000000000111e+00
2.417879000000000111e+00
2.417879000000000111e+00
2.417879000000000111e+00
2.417879999999999807e+00
2.417882000000000087e+00
2.417882000000000087e+00
2.417885000000000062e+00
2.417886999999999897e+00
2.417886999999999897e+00
2.417892000000000152e+00
2.417892000000000152e+00
2.417892000000000152e+00
2.417895000000000127e+00
2.417895000000000127e+00
2.417895000000000127e+00
2.417895000000000127e+00
2.417895000000000127e+00
2.417896999999999963e+00
2.417896999999999963e+00
2.417896999999999963e+00
2.417896999999999963e+00
2.417896999999999963e+00
2.417905999999999889e+00
2.417912999999999979e+00
2.417912999999999979e+00
2.417914000000000119e+00
2.417914000000000119e+00
2.417914000000000119e+00
2.417917999999999790e+00
2.417933999999999806e+00
2.417933999999999806e+00
2.417936999999999781e+00
2.417936999999999781e+00
2.417936999999999781e+00
2.417936999999999781e+00
2.417936999999999781e+00
2.417936999999999781e+00
2.417936999999999781e+00
2.417936999999999781e+00
2.417936999999999781e+00
2.417939000000000060e+00
2.417939000000000060e+00
2.417939000000000060e+00
2.417939000000000060e+00
2.417939000000000060e+00
2.417939000000000060e+00
2.417939000000000060e+00
2.417940000000000200e+00
2.417940999999999896e+00
2.417940999999999896e+00
2.417942000000000036e+00
2.417942000000000036e+00
2.417946000000000151e+00
2.417946000000000151e+00
2.417946000000000151e+00
2.417946000000000151e+00
2.417946999999999846e+00
2.417947999999999986e+00
2.417949999999999822e+00
2.417949999999999822e+00
2.417950999999999961e+00
2.417952999999999797e+00
2.417952999999999797e+00
2.417952999999999797e+00
2.417952999999999797e+00
2.417953999999999937e+00
2.417953999999999937e+00
2.417955000000000076e+00
2.417955000000000076e+00
2.417955000000000076e+00
2.417955000000000076e+00
2.417955000000000076e+00
2.417955000000000076e+00
2.417955000000000076e+00
2.417955000000000076e+00
2.417956999999999912e+00
2.417956999999999912e+00
2.417956999999999912e+00
2.417956999999999912e+00
2.417956999999999912e+00
2.417956999999999912e+00
2.417956999999999912e+00
2.417956999999999912e+00
2.417956999999999912e+00
2.417956999999999912e+00
2.417956999999999912e+00
2.417956999999999912e+00
2.417956999999999912e+00
2.417956999999999912e+00
2.417956999999999912e+00
2.417959000000000191e+00
2.417962999999999862e+00
2.417962999999999862e+00
2.417971999999999788e+00
2.417974000000000068e+00
2.417974000000000068e+00
2.417975000000000207e+00
2.417975000000000207e+00
2.417975999999999903e+00
2.417975999999999903e+00
2.417977000000000043e+00
2.417977000000000043e+00
2.417977000000000043e+00
2.417978000000000183e+00
2.417978000000000183e+00
2.417978000000000183e+00
2.417978999999999878e+00
2.417978999999999878e+00
2.417981000000000158e+00
2.417981000000000158e+00
2.417981000000000158e+00
2.417981000000000158e+00
2.417981000000000158e+00
2.417981000000000158e+00
2.417981000000000158e+00
2.417984999999999829e+00
2.417984999999999829e+00
2.417988999999999944e+00
2.417988999999999944e+00
2.417990000000000084e+00
2.417990000000000084e+00
2.417990000000000084e+00
2.417990000000000084e+00
2.417990000000000084e+00
2.417990000000000084e+00
2.417991999999999919e+00
2.417993000000000059e+00
2.417993000000000059e+00
2.417994000000000199e+00
2.417994000000000199e+00
2.417997000000000174e+00
2.417997000000000174e+00
2.417997000000000174e+00
2.417997000000000174e+00
2.417997000000000174e+00
2.417997000000000174e+00
2.417997000000000174e+00
2.417997999999999870e+00
2.418001999999999985e+00
2.418039999999999967e+00
2.418039999999999967e+00
2.418039999999999967e+00
2.418039999999999967e+00
2.418039999999999967e+00
2.418039999999999967e+00
2.418039999999999967e+00
2.418039999999999967e+00
2.418039999999999967e+00
2.418039999999999967e+00
2.418039999999999967e+00
2.418039999999999967e+00
2.418039999999999967e+00
2.418039999999999967e+00
2.418039999999999967e+00
2.418039999999999967e+00
2.418039999999999967e+00
2.418039999999999967e+00
2.418039999999999967e+00
2.418039999999999967e+00
2.418039999999999967e+00
2.418039999999999967e+00
2.418039999999999967e+00
2.418039999999999967e+00
2.418039999999999967e+00
2.418039999999999967e+00
2.418039999999999967e+00
2.418039999999999967e+00
2.418039999999999967e+00
2.418039999999999967e+00
2.418039999999999967e+00
2.418039999999999967e+00
2.418194000000000177e+00
2.418194000000000177e+00
2.418194000000000177e+00
2.418194000000000177e+00
2.418194000000000177e+00
2.418194000000000177e+00
2.418194000000000177e+00
2.418194000000000177e+00
2.418194000000000177e+00
2.418194000000000177e+00
2.418194000000000177e+00
2.418194000000000177e+00
2.418194000000000177e+00
2.418194000000000177e+00
2.418194000000000177e+00
2.418194000000000177e+00
2.418194000000000177e+00
2.418194000000000177e+00
2.418194000000000177e+00
2.418194000000000177e+00
2.418194000000000177e+00
2.418194000000000177e+00
2.418194000000000177e+00
2.418194000000000177e+00
2.418194000000000177e+00
2.418194000000000177e+00
2.418194000000000177e+00
2.418194000000000177e+00
2.418194000000000177e+00
2.418194000000000177e+00
2.418203999999999798e+00
2.418203999999999798e+00
2.418203999999999798e+00
2.418206000000000078e+00
2.418206000000000078e+00
2.418206000000000078e+00
2.418206000000000078e+00
2.418206000000000078e+00
2.418206000000000078e+00
2.418206000000000078e+00
2.418206000000000078e+00
2.418206000000000078e+00
2.418206000000000078e+00
2.418206000000000078e+00
2.418206000000000078e+00
2.418206000000000078e+00
2.418206000000000078e+00
2.418206000000000078e+00
2.418206000000000078e+00
2.418206000000000078e+00
2.418207000000000217e+00
2.418207000000000217e+00
2.418207999999999913e+00
2.418207999999999913e+00
2.418212000000000028e+00
2.418213000000000168e+00
2.418213000000000168e+00
2.418213999999999864e+00
2.418213999999999864e+00
2.418213999999999864e+00
2.418213999999999864e+00
2.418215000000000003e+00
2.418215000000000003e+00
2.418215000000000003e+00
2.418215000000000003e+00
2.418215000000000003e+00
2.418215000000000003e+00
2.418216000000000143e+00
2.418216000000000143e+00
2.418216000000000143e+00
2.418216000000000143e+00
2.418216000000000143e+00
2.418216000000000143e+00
2.418216000000000143e+00
2.418216000000000143e+00
2.418216000000000143e+00
2.418216000000000143e+00
2.418216000000000143e+00
2.418216000000000143e+00
2.418216000000000143e+00
2.418216000000000143e+00
2.418216000000000143e+00
2.418216000000000143e+00
2.418216000000000143e+00
2.418216000000000143e+00
2.418216000000000143e+00
2.418216000000000143e+00
2.418216000000000143e+00
2.418216999999999839e+00
2.418216999999999839e+00
2.418216999999999839e+00
2.418217999999999979e+00
2.418217999999999979e+00
2.418217999999999979e+00
2.418217999999999979e+00
2.418217999999999979e+00
2.418217999999999979e+00
2.418217999999999979e+00
2.418219000000000118e+00
2.418219000000000118e+00
2.418219000000000118e+00
2.418219000000000118e+00
2.418219000000000118e+00
2.418219000000000118e+00
2.418219000000000118e+00
2.418219000000000118e+00
2.418219000000000118e+00
2.418219000000000118e+00
2.418219000000000118e+00
2.418228000000000044e+00
2.418228000000000044e+00
2.418228000000000044e+00
2.418229999999999880e+00
2.418229999999999880e+00
2.418229999999999880e+00
2.418229999999999880e+00
2.418229999999999880e+00
2.418229999999999880e+00
2.418231000000000019e+00
2.418231000000000019e+00
2.418232999999999855e+00
2.418232999999999855e+00
2.418232999999999855e+00
2.418232999999999855e+00
2.418232999999999855e+00
2.418232999999999855e+00
2.418232999999999855e+00
2.418232999999999855e+00
2.418232999999999855e+00
2.418232999999999855e+00
2.418232999999999855e+00
2.418232999999999855e+00
2.418232999999999855e+00
2.418232999999999855e+00
2.418232999999999855e+00
2.418232999999999855e+00
2.418232999999999855e+00
2.418232999999999855e+00
2.418232999999999855e+00
2.418232999999999855e+00
2.418232999999999855e+00
2.418232999999999855e+00
2.418232999999999855e+00
2.418232999999999855e+00
2.418233999999999995e+00
2.418233999999999995e+00
2.418233999999999995e+00
2.418233999999999995e+00
2.418233999999999995e+00
2.418233999999999995e+00
2.418233999999999995e+00
2.418233999999999995e+00
2.418233999999999995e+00
2.418233999999999995e+00
2.418233999999999995e+00
2.418233999999999995e+00
2.418233999999999995e+00
2.418233999999999995e+00
2.418233999999999995e+00
2.418233999999999995e+00
2.418233999999999995e+00
2.418233999999999995e+00
2.418233999999999995e+00
2.418233999999999995e+00
2.418233999999999995e+00
2.418233999999999995e+00
2.418233999999999995e+00
2.418233999999999995e+00
2.418233999999999995e+00
2.418233999999999995e+00
2.418233999999999995e+00
2.418233999999999995e+00
2.418233999999999995e+00
2.418233999999999995e+00
2.418233999999999995e+00
2.418233999999999995e+00
2.418233999999999995e+00
2.418235999999999830e+00
2.418235999999999830e+00
2.418236999999999970e+00
2.418236999999999970e+00
2.418236999999999970e+00
2.418236999999999970e+00
2.418236999999999970e+00
2.418236999999999970e+00
2.418236999999999970e+00
2.418236999999999970e+00
2.418242999999999920e+00
2.418242999999999920e+00
2.418242999999999920e+00
2.418242999999999920e+00
2.418244000000000060e+00
2.418244000000000060e+00
2.418244000000000060e+00
2.418244000000000060e+00
2.418244000000000060e+00
2.418244000000000060e+00
2.418244000000000060e+00
2.418244000000000060e+00
2.418244000000000060e+00
2.418244000000000060e+00
2.418247000000000035e+00
2.418247000000000035e+00
2.418247000000000035e+00
2.418248999999999871e+00
2.418248999999999871e+00
2.418250000000000011e+00
2.418251000000000150e+00
2.418251000000000150e+00
2.418251000000000150e+00
2.418251000000000150e+00
2.418251000000000150e+00
2.418266000000000027e+00
2.418266000000000027e+00
2.418266000000000027e+00
2.418266000000000027e+00
2.418266000000000027e+00
2.418266000000000027e+00
2.418266000000000027e+00
2.418266000000000027e+00
2.418266000000000027e+00
2.418266000000000027e+00
2.418266000000000027e+00
2.418266000000000027e+00
2.418266000000000027e+00
2.418266000000000027e+00
2.418266000000000027e+00
2.418266000000000027e+00
2.418266000000000027e+00
2.418266000000000027e+00
2.418266000000000027e+00
2.418266000000000027e+00
2.418266000000000027e+00
2.418266000000000027e+00
2.418266000000000027e+00
2.418266000000000027e+00
2.418266000000000027e+00
2.418266000000000027e+00
2.418266000000000027e+00
2.418266000000000027e+00
2.418266000000000027e+00
2.418266000000000027e+00
2.418266000000000027e+00
2.418266000000000027e+00
2.418266000000000027e+00
2.418266000000000027e+00
2.418266000000000027e+00
2.418266000000000027e+00
2.418266000000000027e+00
2.418267000000000166e+00
2.418267000000000166e+00
2.418267999999999862e+00
2.418267999999999862e+00
2.418267999999999862e+00
2.418267999999999862e+00
2.418267999999999862e+00
2.418267999999999862e+00
2.418267999999999862e+00
2.418267999999999862e+00
2.418267999999999862e+00
2.418267999999999862e+00
2.418267999999999862e+00
2.418270999999999837e+00
2.418270999999999837e+00
2.418270999999999837e+00
2.418270999999999837e+00
2.418270999999999837e+00
2.418270999999999837e+00
2.418270999999999837e+00
2.418270999999999837e+00
2.418270999999999837e+00
2.418270999999999837e+00
2.418270999999999837e+00
2.418270999999999837e+00
2.418270999999999837e+00
2.418270999999999837e+00
2.418270999999999837e+00
2.418270999999999837e+00
2.418270999999999837e+00
2.418270999999999837e+00
2.418270999999999837e+00
2.418270999999999837e+00
2.418270999999999837e+00
2.418271999999999977e+00
2.418271999999999977e+00
2.418271999999999977e+00
2.418271999999999977e+00
2.418273000000000117e+00
2.418273000000000117e+00
2.418273000000000117e+00
2.418273000000000117e+00
2.418273000000000117e+00
2.418273000000000117e+00
2.418273000000000117e+00
2.418273000000000117e+00
2.418273000000000117e+00
2.418273000000000117e+00
2.418273000000000117e+00
2.418273000000000117e+00
2.418273000000000117e+00
2.418273000000000117e+00
2.418273000000000117e+00
2.418273000000000117e+00
2.418273000000000117e+00
2.418273000000000117e+00
2.418273000000000117e+00
2.418273000000000117e+00
2.418273000000000117e+00
2.418273000000000117e+00
2.418273000000000117e+00
2.418273000000000117e+00
2.418273999999999813e+00
2.418273999999999813e+00
2.418274999999999952e+00
2.418274999999999952e+00
2.418274999999999952e+00
2.418274999999999952e+00
2.418274999999999952e+00
2.418274999999999952e+00
2.418274999999999952e+00
2.418274999999999952e+00
2.418274999999999952e+00
2.418274999999999952e+00
2.418277999999999928e+00
2.418277999999999928e+00
2.418277999999999928e+00
2.418277999999999928e+00
2.418277999999999928e+00
2.418277999999999928e+00
2.418277999999999928e+00
2.418277999999999928e+00
2.418277999999999928e+00
2.418279000000000067e+00
2.418279000000000067e+00
2.418280000000000207e+00
2.418280000000000207e+00
2.418280000000000207e+00
2.418280000000000207e+00
2.418280000000000207e+00
2.418280000000000207e+00
2.418280000000000207e+00
2.418280000000000207e+00
2.418280000000000207e+00
2.418280000000000207e+00
2.418280000000000207e+00
2.418280000000000207e+00
2.418280000000000207e+00
2.418280000000000207e+00
2.418280000000000207e+00
2.418280000000000207e+00
2.418280000000000207e+00
2.418280000000000207e+00
2.418280000000000207e+00
2.418280000000000207e+00
2.418280000000000207e+00
2.418280000000000207e+00
2.418280000000000207e+00
2.418280000000000207e+00
2.418280000000000207e+00
2.418280000000000207e+00
2.418280000000000207e+00
2.418280000000000207e+00
2.418280000000000207e+00
2.418280000000000207e+00
2.418280000000000207e+00
2.418280000000000207e+00
2.418280000000000207e+00
2.418280000000000207e+00
2.418280000000000207e+00
2.418280000000000207e+00
2.418280000000000207e+00
2.418280000000000207e+00
2.418280000000000207e+00
2.418280000000000207e+00
2.418280000000000207e+00
2.418280000000000207e+00
2.418280000000000207e+00
2.418280000000000207e+00
2.418280000000000207e+00
2.418280000000000207e+00
2.418280000000000207e+00
2.418280000000000207e+00
2.418280000000000207e+00
2.418280000000000207e+00
2.418280000000000207e+00
2.418280000000000207e+00
2.418280000000000207e+00
2.418280000000000207e+00
2.418280000000000207e+00
2.418280000000000207e+00
2.418280000000000207e+00
2.418280000000000207e+00
2.418280000000000207e+00
2.418280000000000207e+00
2.418280000000000207e+00
2.418280000000000207e+00
2.418280000000000207e+00
2.418280000000000207e+00
2.418280000000000207e+00
2.418280000000000207e+00
2.418280000000000207e+00
2.418280999999999903e+00
2.418282000000000043e+00
2.418282000000000043e+00
2.418282000000000043e+00
2.418282000000000043e+00
2.418282000000000043e+00
2.418282000000000043e+00
2.418282000000000043e+00
2.418282000000000043e+00
2.418282000000000043e+00
2.418282000000000043e+00
2.418282000000000043e+00
2.418282000000000043e+00
2.418282000000000043e+00
2.418282000000000043e+00
2.418282000000000043e+00
2.418282000000000043e+00
2.418282000000000043e+00
2.418282000000000043e+00
2.418282000000000043e+00
2.418282000000000043e+00
2.418282000000000043e+00
2.418282000000000043e+00
2.418282000000000043e+00
2.418282000000000043e+00
2.418282000000000043e+00
2.418282000000000043e+00
2.418282000000000043e+00
2.418318000000000190e+00
2.418318000000000190e+00
2.418318000000000190e+00
2.418318000000000190e+00
2.418318000000000190e+00
2.418318000000000190e+00
2.418318000000000190e+00
2.418318000000000190e+00
2.418318000000000190e+00
2.418318000000000190e+00
2.418318000000000190e+00
2.418318000000000190e+00
2.418318000000000190e+00
2.418318000000000190e+00
2.418318000000000190e+00
2.418318000000000190e+00
2.418318000000000190e+00
2.418318000000000190e+00
2.418318000000000190e+00
2.418318000000000190e+00
2.418318000000000190e+00
2.418318000000000190e+00
2.418318000000000190e+00
2.418318000000000190e+00
2.418318000000000190e+00
2.418318999999999885e+00
2.418318999999999885e+00
2.418318999999999885e+00
2.418318999999999885e+00
2.418318999999999885e+00
2.418318999999999885e+00
2.418318999999999885e+00
2.418318999999999885e+00
2.418318999999999885e+00
2.418318999999999885e+00
2.418318999999999885e+00
2.418318999999999885e+00
2.418318999999999885e+00
2.418318999999999885e+00
2.418318999999999885e+00
2.418318999999999885e+00
2.418318999999999885e+00
2.418318999999999885e+00
2.418318999999999885e+00
2.418318999999999885e+00
2.418318999999999885e+00
2.418318999999999885e+00
2.418318999999999885e+00
2.418318999999999885e+00
2.418318999999999885e+00
2.418318999999999885e+00
2.418318999999999885e+00
2.418318999999999885e+00
2.418318999999999885e+00
2.418318999999999885e+00
2.418318999999999885e+00
2.418320000000000025e+00
2.418320000000000025e+00
2.418320000000000025e+00
2.418320000000000025e+00
2.418320000000000025e+00
2.418320000000000025e+00
2.418320000000000025e+00
2.418320000000000025e+00
2.418320000000000025e+00
2.418321000000000165e+00
2.418321000000000165e+00
2.418321000000000165e+00
2.418321000000000165e+00
2.418321000000000165e+00
2.418321000000000165e+00
2.418321000000000165e+00
2.418321000000000165e+00
2.418321000000000165e+00
2.418321000000000165e+00
2.418321000000000165e+00
2.418321000000000165e+00
2.418321000000000165e+00
2.418323000000000000e+00
2.418323000000000000e+00
2.418323000000000000e+00
2.418323000000000000e+00
2.418323000000000000e+00
2.418323000000000000e+00
2.418323000000000000e+00
2.418323000000000000e+00
2.418323000000000000e+00
2.418323000000000000e+00
2.418323000000000000e+00
2.418323000000000000e+00
2.418323000000000000e+00
2.418323000000000000e+00
2.418323000000000000e+00
2.418323000000000000e+00
2.418323000000000000e+00
2.418323000000000000e+00
2.418323000000000000e+00
2.418323000000000000e+00
2.418323000000000000e+00
2.418323000000000000e+00
2.418323000000000000e+00
2.418323000000000000e+00
2.418323000000000000e+00
2.418323000000000000e+00
2.418323000000000000e+00
2.418323000000000000e+00
2.418323000000000000e+00
2.418323000000000000e+00
2.418323000000000000e+00
2.418323000000000000e+00
2.418323000000000000e+00
2.418323000000000000e+00
2.418323000000000000e+00
2.418323000000000000e+00
2.418323000000000000e+00
2.418323000000000000e+00
2.418323000000000000e+00
2.418323000000000000e+00
2.418323000000000000e+00
2.418323000000000000e+00
2.418324000000000140e+00
2.418324000000000140e+00
2.418324000000000140e+00
2.418324000000000140e+00
2.418324000000000140e+00
2.418324000000000140e+00
2.418324000000000140e+00
2.418324000000000140e+00
2.418324000000000140e+00
2.418324000000000140e+00
2.418324000000000140e+00
2.418324000000000140e+00
2.418324000000000140e+00
2.418324000000000140e+00
2.418324000000000140e+00
2.418324000000000140e+00
2.418324000000000140e+00
2.418324999999999836e+00
2.418324999999999836e+00
2.418324999999999836e+00
2.418324999999999836e+00
2.418324999999999836e+00
2.418324999999999836e+00
2.418324999999999836e+00
2.418324999999999836e+00
2.418324999999999836e+00
2.418324999999999836e+00
2.418324999999999836e+00
2.418324999999999836e+00
2.418324999999999836e+00
2.418324999999999836e+00
2.418324999999999836e+00
2.418324999999999836e+00
2.418324999999999836e+00
2.418324999999999836e+00
2.418325999999999976e+00
2.418325999999999976e+00
2.418325999999999976e+00
2.418325999999999976e+00
2.418325999999999976e+00
2.418325999999999976e+00
2.418325999999999976e+00
2.418325999999999976e+00
2.418325999999999976e+00
2.418325999999999976e+00
2.418325999999999976e+00
2.418325999999999976e+00
2.418325999999999976e+00
2.418325999999999976e+00
2.418325999999999976e+00
2.418325999999999976e+00
2.418325999999999976e+00
2.418325999999999976e+00
2.418325999999999976e+00
2.418325999999999976e+00
2.418325999999999976e+00
2.418325999999999976e+00
2.418325999999999976e+00
2.418325999999999976e+00
2.418325999999999976e+00
2.418325999999999976e+00
2.418325999999999976e+00
2.418325999999999976e+00
2.418325999999999976e+00
2.418325999999999976e+00
2.418325999999999976e+00
2.418325999999999976e+00
2.418325999999999976e+00
2.418325999999999976e+00
2.418325999999999976e+00
2.418325999999999976e+00
2.418325999999999976e+00
2.418325999999999976e+00
2.418325999999999976e+00
2.418325999999999976e+00
2.418344999999999967e+00
2.418344999999999967e+00
2.418344999999999967e+00
2.418344999999999967e+00
2.418344999999999967e+00
2.418344999999999967e+00
2.418344999999999967e+00
2.418344999999999967e+00
2.418344999999999967e+00
2.418344999999999967e+00
2.418344999999999967e+00
2.418344999999999967e+00
2.418344999999999967e+00
2.418344999999999967e+00
2.418344999999999967e+00
2.418344999999999967e+00
2.418346000000000107e+00
2.418346000000000107e+00
2.418346999999999802e+00
2.418346999999999802e+00
2.418346999999999802e+00
2.418346999999999802e+00
2.418346999999999802e+00
2.418346999999999802e+00
2.418347999999999942e+00
2.418347999999999942e+00
2.418347999999999942e+00
2.418347999999999942e+00
2.418347999999999942e+00
2.418347999999999942e+00
2.418347999999999942e+00
2.418347999999999942e+00
2.418347999999999942e+00
2.418347999999999942e+00
2.418347999999999942e+00
2.418347999999999942e+00
2.418347999999999942e+00
2.418347999999999942e+00
2.418438000000000088e+00
2.418438000000000088e+00
2.418438000000000088e+00
2.418438000000000088e+00
2.418438000000000088e+00
2.418438000000000088e+00
2.418438000000000088e+00
2.418438000000000088e+00
2.418438000000000088e+00
2.418438000000000088e+00
2.418438000000000088e+00
2.418438000000000088e+00
2.418438000000000088e+00
2.418438000000000088e+00
2.418438000000000088e+00
2.418438000000000088e+00
2.418438000000000088e+00
2.418438000000000088e+00
2.418438000000000088e+00
2.418438000000000088e+00
2.418438000000000088e+00
2.418438000000000088e+00
2.418438000000000088e+00
2.418438000000000088e+00
2.418438000000000088e+00
2.418438000000000088e+00
2.418438000000000088e+00
2.418438000000000088e+00
2.418438000000000088e+00
2.418438000000000088e+00
2.418438000000000088e+00
2.418438000000000088e+00
2.418438000000000088e+00
2.418438000000000088e+00
2.418438000000000088e+00
2.418438999999999783e+00
2.418438999999999783e+00
2.418438999999999783e+00
2.418438999999999783e+00
2.418438999999999783e+00
2.418438999999999783e+00
2.418438999999999783e+00
2.418438999999999783e+00
2.418438999999999783e+00
2.418438999999999783e+00
2.418438999999999783e+00
2.418438999999999783e+00
2.418438999999999783e+00
2.418438999999999783e+00
2.418438999999999783e+00
2.418438999999999783e+00
2.418438999999999783e+00
2.418438999999999783e+00
2.418438999999999783e+00
2.418438999999999783e+00
2.418438999999999783e+00
2.418438999999999783e+00
2.418438999999999783e+00
2.418438999999999783e+00
2.418438999999999783e+00
2.418438999999999783e+00
2.418438999999999783e+00
2.418438999999999783e+00
2.418438999999999783e+00
2.418438999999999783e+00
2.418438999999999783e+00
2.418438999999999783e+00
2.418438999999999783e+00
2.418438999999999783e+00
2.418438999999999783e+00
2.418438999999999783e+00
2.418438999999999783e+00
2.418438999999999783e+00
2.418438999999999783e+00
2.418438999999999783e+00
2.418438999999999783e+00
2.418438999999999783e+00
2.418438999999999783e+00
2.418438999999999783e+00
2.418438999999999783e+00
2.418438999999999783e+00
2.418438999999999783e+00
2.418438999999999783e+00
2.418438999999999783e+00
2.418438999999999783e+00
2.418438999999999783e+00
2.418438999999999783e+00
2.418438999999999783e+00
2.418438999999999783e+00
2.418438999999999783e+00
2.418438999999999783e+00
2.418438999999999783e+00
2.418438999999999783e+00
2.418438999999999783e+00
2.418438999999999783e+00
2.418438999999999783e+00
2.418438999999999783e+00
2.418438999999999783e+00
2.418438999999999783e+00
2.418438999999999783e+00
2.418438999999999783e+00
2.418438999999999783e+00
2.418438999999999783e+00
2.418438999999999783e+00
2.418438999999999783e+00
2.418438999999999783e+00
2.418438999999999783e+00
2.418438999999999783e+00
2.418438999999999783e+00
2.418438999999999783e+00
2.418438999999999783e+00
2.418438999999999783e+00
2.418438999999999783e+00
2.418438999999999783e+00
2.418439999999999923e+00
2.418439999999999923e+00
2.418439999999999923e+00
2.418439999999999923e+00
2.418439999999999923e+00
2.418439999999999923e+00
2.418439999999999923e+00
2.418439999999999923e+00
2.418439999999999923e+00
2.418439999999999923e+00
2.418439999999999923e+00
2.418439999999999923e+00
2.418439999999999923e+00
2.418439999999999923e+00
2.418439999999999923e+00
2.418439999999999923e+00
2.418439999999999923e+00
2.418439999999999923e+00
2.418439999999999923e+00
2.418439999999999923e+00
2.418439999999999923e+00
2.418439999999999923e+00
2.418439999999999923e+00
2.418439999999999923e+00
2.418439999999999923e+00
2.418439999999999923e+00
2.418439999999999923e+00
2.418439999999999923e+00
2.418439999999999923e+00
2.418439999999999923e+00
2.418439999999999923e+00
2.418439999999999923e+00
2.418439999999999923e+00
2.418439999999999923e+00
2.418439999999999923e+00
2.418439999999999923e+00
2.418439999999999923e+00
2.418439999999999923e+00
2.418439999999999923e+00
2.418439999999999923e+00
2.418439999999999923e+00
2.418439999999999923e+00
2.418439999999999923e+00
2.418439999999999923e+00
2.418439999999999923e+00
2.418439999999999923e+00
2.418439999999999923e+00
2.418439999999999923e+00
2.418439999999999923e+00
2.418439999999999923e+00
2.418439999999999923e+00
2.418439999999999923e+00
2.418439999999999923e+00
2.418439999999999923e+00
2.418439999999999923e+00
2.418439999999999923e+00
2.418439999999999923e+00
2.418439999999999923e+00
2.418439999999999923e+00
2.418439999999999923e+00
2.418439999999999923e+00
2.418439999999999923e+00
2.418439999999999923e+00
2.418439999999999923e+00
2.418439999999999923e+00
2.418439999999999923e+00
2.418439999999999923e+00
2.418439999999999923e+00
2.418439999999999923e+00
2.418439999999999923e+00
2.418439999999999923e+00
2.418439999999999923e+00
2.418439999999999923e+00
2.418441000000000063e+00
2.418441000000000063e+00
2.418441000000000063e+00
2.418441000000000063e+00
2.418441000000000063e+00
2.418441000000000063e+00
2.418441000000000063e+00
2.418441000000000063e+00
2.418441000000000063e+00
2.418441000000000063e+00
2.418441000000000063e+00
2.418441000000000063e+00
2.418441000000000063e+00
2.418441000000000063e+00
2.418441000000000063e+00
2.418441000000000063e+00
2.418441000000000063e+00
2.418441000000000063e+00
2.418441000000000063e+00
2.418441000000000063e+00
2.418441000000000063e+00
2.418441000000000063e+00
2.418441000000000063e+00
2.418441000000000063e+00
2.418441000000000063e+00
2.418441000000000063e+00
2.418441000000000063e+00
2.418441000000000063e+00
2.418441000000000063e+00
2.418441000000000063e+00
2.418441000000000063e+00
2.418441000000000063e+00
2.418441000000000063e+00
2.418441000000000063e+00
2.418441000000000063e+00
2.418441000000000063e+00
2.418441000000000063e+00
2.418441000000000063e+00
2.418441000000000063e+00
2.418441000000000063e+00
2.418441000000000063e+00
2.418441000000000063e+00
2.418441000000000063e+00
2.418441000000000063e+00
2.418441000000000063e+00
2.418441000000000063e+00
2.418441000000000063e+00
2.418441000000000063e+00
2.418441000000000063e+00
2.418441000000000063e+00
2.418441000000000063e+00
2.418441000000000063e+00
2.418441000000000063e+00
2.418441000000000063e+00
2.418441000000000063e+00
2.418441000000000063e+00
2.418441000000000063e+00
2.418441000000000063e+00
2.418441000000000063e+00
2.418441000000000063e+00
2.418441000000000063e+00
2.418441000000000063e+00
2.418441000000000063e+00
2.418441000000000063e+00
2.418441000000000063e+00
2.418441000000000063e+00
2.418441000000000063e+00
2.418441000000000063e+00
2.418441000000000063e+00
2.418441000000000063e+00
2.418442000000000203e+00
2.418442000000000203e+00
2.418442000000000203e+00
2.418442000000000203e+00
2.418442000000000203e+00
2.418442000000000203e+00
2.418442000000000203e+00
2.418442000000000203e+00
2.418442000000000203e+00
2.418442000000000203e+00
2.418442000000000203e+00
2.418442000000000203e+00
2.418442000000000203e+00
2.418442000000000203e+00
2.418442000000000203e+00
2.418442000000000203e+00
2.418442000000000203e+00
2.418442000000000203e+00
2.418442000000000203e+00
2.418442000000000203e+00
2.418442000000000203e+00
2.418442000000000203e+00
2.418442000000000203e+00
2.418447000000000013e+00
2.418448000000000153e+00
2.418448000000000153e+00
2.418451999999999824e+00
2.418452999999999964e+00
2.418458000000000219e+00
2.418458000000000219e+00
2.418458000000000219e+00
2.418458000000000219e+00
2.418458000000000219e+00
2.418458000000000219e+00
2.418458000000000219e+00
2.418458000000000219e+00
2.418458000000000219e+00
2.418458000000000219e+00
2.418458000000000219e+00
2.418458999999999914e+00
2.418458999999999914e+00
2.418458999999999914e+00
2.418458999999999914e+00
2.418458999999999914e+00
2.418458999999999914e+00
2.418458999999999914e+00
2.418458999999999914e+00
2.418458999999999914e+00
2.418458999999999914e+00
2.418458999999999914e+00
2.418458999999999914e+00
2.418458999999999914e+00
2.418458999999999914e+00
2.418458999999999914e+00
2.418458999999999914e+00
2.418458999999999914e+00
2.418458999999999914e+00
2.418460000000000054e+00
2.418460000000000054e+00
2.418460000000000054e+00
2.418460000000000054e+00
2.418460000000000054e+00
2.418460000000000054e+00
2.418460000000000054e+00
2.418460000000000054e+00
2.418460000000000054e+00
2.418460000000000054e+00
2.418460000000000054e+00
2.418460000000000054e+00
2.418460000000000054e+00
2.418460000000000054e+00
2.418460000000000054e+00
2.418460000000000054e+00
2.418460000000000054e+00
2.418460000000000054e+00
2.418460000000000054e+00
2.418460000000000054e+00
2.418460000000000054e+00
2.418460000000000054e+00
2.418460000000000054e+00
2.418460000000000054e+00
2.418461000000000194e+00
2.418461000000000194e+00
2.418461000000000194e+00
2.418461000000000194e+00
2.418461000000000194e+00
2.418858999999999870e+00
2.418858999999999870e+00
2.418858999999999870e+00
2.418858999999999870e+00
2.418858999999999870e+00
2.418858999999999870e+00
2.418858999999999870e+00
2.418858999999999870e+00
2.418858999999999870e+00
2.418858999999999870e+00
2.418858999999999870e+00
2.418858999999999870e+00
2.418858999999999870e+00
2.418858999999999870e+00
2.418858999999999870e+00
2.418858999999999870e+00
2.418858999999999870e+00
2.418858999999999870e+00
2.418858999999999870e+00
2.418858999999999870e+00
2.418858999999999870e+00
2.418858999999999870e+00
2.418858999999999870e+00
2.418858999999999870e+00
2.418858999999999870e+00
2.418858999999999870e+00
2.418858999999999870e+00
2.418858999999999870e+00
2.418858999999999870e+00
2.418858999999999870e+00
2.418858999999999870e+00
2.418860000000000010e+00
2.418860000000000010e+00
2.418860000000000010e+00
2.418860000000000010e+00
2.418860000000000010e+00
2.418860000000000010e+00
2.418860000000000010e+00
2.418860000000000010e+00
2.418860000000000010e+00
2.418860000000000010e+00
2.418860000000000010e+00
2.418860000000000010e+00
2.418860000000000010e+00
2.418860000000000010e+00
2.418860000000000010e+00
2.418860000000000010e+00
2.418860000000000010e+00
2.418860000000000010e+00
2.418860000000000010e+00
2.418860000000000010e+00
2.418860000000000010e+00
2.418860000000000010e+00
2.418860000000000010e+00
2.418860000000000010e+00
2.418860000000000010e+00
2.418860000000000010e+00
2.418860000000000010e+00
2.418860000000000010e+00
2.418860000000000010e+00
2.418860000000000010e+00
2.418860000000000010e+00
2.418860000000000010e+00
2.418860000000000010e+00
2.418860000000000010e+00
2.418860000000000010e+00
2.418860000000000010e+00
2.418860000000000010e+00
2.418860000000000010e+00
2.418860000000000010e+00
2.418860000000000010e+00
2.418860000000000010e+00
2.418860000000000010e+00
2.418860000000000010e+00
2.418860000000000010e+00
2.418860000000000010e+00
2.418860000000000010e+00
2.418860000000000010e+00
2.418860000000000010e+00
2.418860000000000010e+00
2.418860000000000010e+00
2.418860000000000010e+00
2.418860000000000010e+00
2.418860000000000010e+00
2.418860000000000010e+00
2.418860000000000010e+00
2.418860000000000010e+00
2.418860000000000010e+00
2.418860000000000010e+00
2.418860000000000010e+00
2.418860000000000010e+00
2.418860000000000010e+00
2.418860000000000010e+00
2.418860000000000010e+00
2.418860000000000010e+00
2.418860000000000010e+00
2.418860000000000010e+00
2.418860000000000010e+00
2.418860000000000010e+00
2.418860000000000010e+00
2.418860000000000010e+00
2.418860000000000010e+00
2.418860000000000010e+00
2.418860000000000010e+00
2.418860000000000010e+00
2.418860000000000010e+00
2.418860000000000010e+00
2.418860000000000010e+00
2.418860000000000010e+00
2.418860000000000010e+00
2.418860000000000010e+00
2.418860000000000010e+00
2.418860000000000010e+00
2.418860000000000010e+00
2.418860000000000010e+00
2.418860000000000010e+00
2.418860000000000010e+00
2.418860000000000010e+00
2.418860000000000010e+00
2.418860000000000010e+00
2.418860000000000010e+00
2.418860000000000010e+00
2.418860000000000010e+00
2.418860000000000010e+00
2.418860000000000010e+00
2.418860000000000010e+00
2.418860000000000010e+00
2.418860000000000010e+00
2.418860000000000010e+00
2.418860000000000010e+00
2.418860000000000010e+00
2.418860000000000010e+00
2.418860000000000010e+00
2.418860000000000010e+00
2.418861000000000150e+00
2.418861000000000150e+00
2.418861000000000150e+00
2.418861000000000150e+00
2.418861000000000150e+00
2.418861000000000150e+00
2.418861000000000150e+00
2.418861000000000150e+00
2.418861000000000150e+00
2.418861000000000150e+00
2.418861000000000150e+00
2.418861000000000150e+00
2.418861000000000150e+00
2.418861000000000150e+00
2.418861000000000150e+00
2.418861000000000150e+00
2.418861000000000150e+00
2.418861000000000150e+00
2.418861000000000150e+00
2.418861000000000150e+00
2.418861000000000150e+00
2.418861000000000150e+00
2.418861000000000150e+00
2.418861000000000150e+00
2.418861000000000150e+00
2.418861000000000150e+00
2.418861000000000150e+00
2.418861000000000150e+00
2.418861000000000150e+00
2.418861000000000150e+00
2.418861000000000150e+00
2.418861000000000150e+00
2.418861000000000150e+00
2.418861000000000150e+00
2.418861000000000150e+00
2.418861000000000150e+00
2.418861000000000150e+00
2.418861000000000150e+00
2.418861000000000150e+00
2.418861000000000150e+00
2.418861000000000150e+00
2.418861000000000150e+00
2.418861000000000150e+00
2.418861000000000150e+00
2.418861000000000150e+00
2.418861000000000150e+00
2.418861000000000150e+00
2.418861000000000150e+00
2.418861000000000150e+00
2.418861000000000150e+00
2.418861000000000150e+00
2.418861000000000150e+00
2.418861999999999846e+00
2.418861999999999846e+00
2.418861999999999846e+00
2.418861999999999846e+00
2.418861999999999846e+00
2.418861999999999846e+00
2.418861999999999846e+00
2.418861999999999846e+00
2.418861999999999846e+00
2.418861999999999846e+00
2.418861999999999846e+00
2.418861999999999846e+00
2.418861999999999846e+00
2.418861999999999846e+00
2.418861999999999846e+00
2.418861999999999846e+00
2.418861999999999846e+00
2.418861999999999846e+00
2.418861999999999846e+00
2.418861999999999846e+00
2.418864999999999821e+00
2.418864999999999821e+00
2.418864999999999821e+00
2.418864999999999821e+00
2.418864999999999821e+00
2.418864999999999821e+00
2.418864999999999821e+00
2.418864999999999821e+00
2.418864999999999821e+00
2.418864999999999821e+00
2.418864999999999821e+00
2.418864999999999821e+00
2.418864999999999821e+00
2.418864999999999821e+00
2.418864999999999821e+00
2.418864999999999821e+00
2.418864999999999821e+00
2.418865999999999961e+00
2.418865999999999961e+00
2.418865999999999961e+00
2.418865999999999961e+00
2.418905000000000083e+00
2.418905000000000083e+00
2.418905000000000083e+00
2.418905000000000083e+00
2.418905000000000083e+00
2.418905000000000083e+00
2.418905000000000083e+00
2.418905000000000083e+00
2.418905000000000083e+00
2.418905000000000083e+00
2.418905000000000083e+00
2.418905000000000083e+00
2.418905000000000083e+00
2.418905000000000083e+00
2.418905000000000083e+00
2.418905000000000083e+00
2.418905000000000083e+00
2.418905000000000083e+00
2.418905000000000083e+00
2.418905000000000083e+00
2.418905000000000083e+00
2.418905000000000083e+00
2.418905000000000083e+00
2.418905000000000083e+00
2.418905000000000083e+00
2.418905000000000083e+00
2.418905000000000083e+00
2.418905000000000083e+00
2.418905000000000083e+00
2.418905000000000083e+00
2.418905000000000083e+00
2.418905000000000083e+00
2.418905000000000083e+00
2.418905000000000083e+00
2.418905000000000083e+00
2.418905000000000083e+00
2.418905000000000083e+00
2.418905000000000083e+00
2.418905000000000083e+00
2.418905000000000083e+00
2.418905000000000083e+00
2.418905000000000083e+00
2.418905000000000083e+00
2.418905000000000083e+00
2.418905000000000083e+00
2.418905000000000083e+00
2.418905000000000083e+00
2.418905000000000083e+00
2.418905000000000083e+00
2.418905000000000083e+00
2.418905000000000083e+00
2.418905000000000083e+00
2.418905000000000083e+00
2.418905000000000083e+00
2.418905000000000083e+00
2.418905000000000083e+00
2.418905000000000083e+00
2.418905000000000083e+00
2.418905000000000083e+00
2.418905000000000083e+00
2.418905000000000083e+00
2.418905000000000083e+00
2.418905000000000083e+00
2.418905000000000083e+00
2.418905000000000083e+00
2.418905000000000083e+00
2.418905000000000083e+00
2.418905000000000083e+00
2.418905000000000083e+00
2.418905000000000083e+00
2.418905000000000083e+00
2.418905000000000083e+00
2.418905000000000083e+00
2.418905000000000083e+00
2.419055000000000177e+00
2.419055000000000177e+00
2.419055000000000177e+00
2.419055000000000177e+00
2.419055000000000177e+00
2.419055000000000177e+00
2.419055000000000177e+00
2.419096000000000135e+00
2.419096000000000135e+00
2.419096000000000135e+00
2.419096000000000135e+00
2.419096000000000135e+00
2.419096000000000135e+00
2.419096000000000135e+00
2.419096999999999831e+00
2.419096999999999831e+00
2.419096999999999831e+00
2.419096999999999831e+00
2.419096999999999831e+00
2.419102000000000086e+00
2.419102000000000086e+00
2.419102000000000086e+00
2.419103999999999921e+00
2.419103999999999921e+00
2.419103999999999921e+00
2.419103999999999921e+00
2.419103999999999921e+00
2.419103999999999921e+00
2.419103999999999921e+00
2.419103999999999921e+00
2.419103999999999921e+00
2.419103999999999921e+00
2.419103999999999921e+00
2.419103999999999921e+00
2.419103999999999921e+00
2.419103999999999921e+00
2.419103999999999921e+00
2.419103999999999921e+00
2.419103999999999921e+00
2.419103999999999921e+00
2.419103999999999921e+00
2.419103999999999921e+00
2.419103999999999921e+00
2.419103999999999921e+00
2.419103999999999921e+00
2.419103999999999921e+00
2.419103999999999921e+00
2.419103999999999921e+00
2.419274000000000147e+00
2.419274000000000147e+00
2.419274000000000147e+00
2.419274000000000147e+00
2.419274000000000147e+00
2.419274000000000147e+00
2.419274000000000147e+00
2.419274000000000147e+00
2.419274000000000147e+00
2.419274000000000147e+00
2.419274000000000147e+00
2.419274000000000147e+00
2.419274000000000147e+00
2.419274000000000147e+00
2.419274000000000147e+00
2.419274000000000147e+00
2.419274000000000147e+00
2.419274000000000147e+00
2.419274000000000147e+00
2.419274000000000147e+00
2.419274000000000147e+00
2.419274000000000147e+00
2.419274000000000147e+00
2.419274000000000147e+00
2.419274000000000147e+00
2.419274000000000147e+00
2.419274000000000147e+00
2.419274000000000147e+00
2.419274000000000147e+00
2.419274000000000147e+00
2.419274000000000147e+00
2.419274000000000147e+00
2.419274999999999842e+00
2.419274999999999842e+00
2.419274999999999842e+00
2.419274999999999842e+00
2.419274999999999842e+00
2.419274999999999842e+00
2.419274999999999842e+00
2.419274999999999842e+00
2.419274999999999842e+00
2.419274999999999842e+00
2.419274999999999842e+00
2.419274999999999842e+00
2.419274999999999842e+00
2.419274999999999842e+00
2.419274999999999842e+00
2.419274999999999842e+00
2.419274999999999842e+00
2.419274999999999842e+00
2.419274999999999842e+00
2.419274999999999842e+00
2.419274999999999842e+00
2.419274999999999842e+00
2.419337000000000071e+00
2.419337000000000071e+00
2.419337000000000071e+00
2.419337000000000071e+00
2.419337000000000071e+00
2.419337000000000071e+00
2.419337000000000071e+00
2.419337000000000071e+00
2.419337000000000071e+00
2.419337000000000071e+00
2.419337000000000071e+00
2.419337000000000071e+00
2.419337000000000071e+00
2.419337000000000071e+00
2.419337000000000071e+00
2.419337000000000071e+00
2.419337000000000071e+00
2.419337000000000071e+00
2.419337000000000071e+00
2.419337000000000071e+00
2.419337000000000071e+00
2.419337000000000071e+00
2.419338000000000211e+00
2.419338000000000211e+00
2.419363999999999848e+00
2.419363999999999848e+00
2.419363999999999848e+00
2.419363999999999848e+00
2.419363999999999848e+00
2.419363999999999848e+00
2.419363999999999848e+00
2.419363999999999848e+00
2.419363999999999848e+00
2.419363999999999848e+00
2.419363999999999848e+00
2.419364999999999988e+00
2.419364999999999988e+00
2.419364999999999988e+00
2.419364999999999988e+00
2.419364999999999988e+00
2.419364999999999988e+00
2.419366000000000128e+00
2.419366999999999823e+00
2.419366999999999823e+00
2.419366999999999823e+00
2.419366999999999823e+00
2.419366999999999823e+00
2.419366999999999823e+00
2.419366999999999823e+00
2.419366999999999823e+00
2.419366999999999823e+00
2.419366999999999823e+00
2.419366999999999823e+00
2.419366999999999823e+00
2.419366999999999823e+00
2.419366999999999823e+00
2.419366999999999823e+00
2.419366999999999823e+00
2.419366999999999823e+00
2.419366999999999823e+00
2.419366999999999823e+00
2.419366999999999823e+00
2.419366999999999823e+00
2.419366999999999823e+00
2.419366999999999823e+00
2.419366999999999823e+00
2.419366999999999823e+00
2.419366999999999823e+00
2.419366999999999823e+00
2.419366999999999823e+00
2.419366999999999823e+00
2.419366999999999823e+00
2.419366999999999823e+00
2.419366999999999823e+00
2.419366999999999823e+00
2.419366999999999823e+00
2.419366999999999823e+00
2.419366999999999823e+00
2.419366999999999823e+00
2.419366999999999823e+00
2.419366999999999823e+00
2.419366999999999823e+00
2.419366999999999823e+00
2.419366999999999823e+00
2.419366999999999823e+00
2.419366999999999823e+00
2.419366999999999823e+00
2.419366999999999823e+00
2.419366999999999823e+00
2.419366999999999823e+00
2.419366999999999823e+00
2.419366999999999823e+00
2.419366999999999823e+00
2.419366999999999823e+00
2.419366999999999823e+00
2.419366999999999823e+00
2.419366999999999823e+00
2.419423000000000101e+00
2.419423000000000101e+00
2.419423000000000101e+00
2.419423000000000101e+00
2.419423000000000101e+00
2.419423000000000101e+00
2.419423000000000101e+00
2.419423000000000101e+00
2.419423000000000101e+00
2.419423000000000101e+00
2.419423000000000101e+00
2.419423000000000101e+00
2.419423000000000101e+00
2.419423999999999797e+00
2.419423999999999797e+00
2.419423999999999797e+00
2.419423999999999797e+00
2.419423999999999797e+00
2.419423999999999797e+00
2.419423999999999797e+00
2.419423999999999797e+00
2.419423999999999797e+00
2.419423999999999797e+00
2.419423999999999797e+00
2.419423999999999797e+00
2.419423999999999797e+00
2.419423999999999797e+00
2.419423999999999797e+00
2.419423999999999797e+00
2.419423999999999797e+00
2.419423999999999797e+00
2.419423999999999797e+00
2.419423999999999797e+00
2.419423999999999797e+00
2.419423999999999797e+00
2.419423999999999797e+00
2.419423999999999797e+00
2.419423999999999797e+00
2.419423999999999797e+00
2.419423999999999797e+00
2.419423999999999797e+00
2.419423999999999797e+00
2.419423999999999797e+00
2.419423999999999797e+00
2.419423999999999797e+00
2.419423999999999797e+00
2.419423999999999797e+00
2.419423999999999797e+00
2.419423999999999797e+00
2.419423999999999797e+00
2.419423999999999797e+00
2.419423999999999797e+00
2.419423999999999797e+00
2.419423999999999797e+00
2.419423999999999797e+00
2.419423999999999797e+00
2.419423999999999797e+00
2.419423999999999797e+00
2.419423999999999797e+00
2.419423999999999797e+00
2.419423999999999797e+00
2.419423999999999797e+00
2.419423999999999797e+00
2.419423999999999797e+00
2.419423999999999797e+00
2.419423999999999797e+00
2.419423999999999797e+00
2.419423999999999797e+00
2.419423999999999797e+00
2.419423999999999797e+00
2.419423999999999797e+00
2.419423999999999797e+00
2.419423999999999797e+00
2.419423999999999797e+00
2.419423999999999797e+00
2.419424999999999937e+00
2.419424999999999937e+00
2.419424999999999937e+00
2.419424999999999937e+00
2.419424999999999937e+00
2.419424999999999937e+00
2.419424999999999937e+00
2.419424999999999937e+00
2.419424999999999937e+00
2.419424999999999937e+00
2.419424999999999937e+00
