4.017369614783067311e-01
4.999023080354256798e-01
9.825298862601417049e-02
9.999094294283201734e-01
2.776067453368190607e-01
4.820725496809908917e-01
9.993946268283822043e-01
3.418831810392650716e-01
7.112173355772574146e-01
9.995751675830084615e-01
3.194911673474818414e-01
9.435130677201080118e-01
9.994735925442750357e-01
2.337260135413893325e-01
1.785979269969845684e-01
9.998376004344771140e-01
1.393465203776129147e-01
4.135905095339850734e-01
9.998327915285984968e-01
5.644159151767111360e-02
6.482848073407342371e-01
9.997213234655557557e-01
6.347035685124367832e-02
3.704677833707044621e-01
