-3.973750000000000199e-02
-3.973750000000000199e-02
-3.099500000000000172e-02
-3.099500000000000172e-02
-2.689499999999999877e-02
-2.689499999999999877e-02
-2.689499999999999877e-02
-2.544750000000000137e-02
-2.284550000000000122e-02
-2.228650000000000075e-02
-1.998650000000000079e-02
-1.998650000000000079e-02
-1.998650000000000079e-02
-1.998650000000000079e-02
-1.998650000000000079e-02
-1.998650000000000079e-02
-1.993249999999999883e-02
-1.989049999999999846e-02
-1.966849999999999848e-02
-1.927250000000000144e-02
-1.923149999999999860e-02
-1.923149999999999860e-02
-1.915100000000000136e-02
-1.915100000000000136e-02
-1.915100000000000136e-02
-1.915100000000000136e-02
-1.915100000000000136e-02
-1.915100000000000136e-02
-1.915100000000000136e-02
-1.914400000000000129e-02
-1.911449999999999955e-02
-1.910500000000000045e-02
-1.910250000000000142e-02
-1.910250000000000142e-02
-1.910250000000000142e-02
-1.894099999999999950e-02
-1.894099999999999950e-02
-1.894099999999999950e-02
-1.894099999999999950e-02
-1.894099999999999950e-02
-1.894099999999999950e-02
-1.894099999999999950e-02
-1.894099999999999950e-02
-1.894099999999999950e-02
-1.894099999999999950e-02
-1.894099999999999950e-02
-1.894099999999999950e-02
-1.894099999999999950e-02
-1.894099999999999950e-02
-1.894099999999999950e-02
-1.893349999999999894e-02
-1.893349999999999894e-02
-1.893349999999999894e-02
-1.893299999999999844e-02
-1.892749999999999988e-02
-1.892749999999999988e-02
-1.892749999999999988e-02
-1.892749999999999988e-02
-1.892749999999999988e-02
-1.892749999999999988e-02
-1.892749999999999988e-02
-1.892749999999999988e-02
-1.892749999999999988e-02
-1.892749999999999988e-02
-1.892699999999999938e-02
-1.892699999999999938e-02
-1.892699999999999938e-02
-1.892699999999999938e-02
-1.892699999999999938e-02
-1.892699999999999938e-02
-1.892699999999999938e-02
-1.892699999999999938e-02
-1.892699999999999938e-02
-1.892699999999999938e-02
-1.892699999999999938e-02
-1.892699999999999938e-02
-1.892699999999999938e-02
-1.892699999999999938e-02
-1.892699999999999938e-02
-1.892699999999999938e-02
-1.892699999999999938e-02
-1.892699999999999938e-02
-1.892699999999999938e-02
-1.892699999999999938e-02
-1.892699999999999938e-02
-1.892699999999999938e-02
-1.892699999999999938e-02
-1.892699999999999938e-02
-1.892699999999999938e-02
-1.892649999999999888e-02
-1.892599999999999838e-02
-1.892599999999999838e-02
-1.892599999999999838e-02
-1.892599999999999838e-02
-1.892599999999999838e-02
-1.892599999999999838e-02
-1.892599999999999838e-02
-1.892599999999999838e-02
-1.892599999999999838e-02
-1.892599999999999838e-02
-1.892599999999999838e-02
-1.892599999999999838e-02
-1.892599999999999838e-02
-1.892599999999999838e-02
-1.892599999999999838e-02
-1.892599999999999838e-02
-1.892599999999999838e-02
-1.892599999999999838e-02
-1.892599999999999838e-02
-1.892599999999999838e-02
-1.892599999999999838e-02
-1.892049999999999982e-02
-1.892049999999999982e-02
-1.892049999999999982e-02
-1.892049999999999982e-02
-1.891800000000000079e-02
-1.891750000000000029e-02
-1.891750000000000029e-02
-1.891750000000000029e-02
-1.891750000000000029e-02
-1.891750000000000029e-02
-1.891750000000000029e-02
-1.891699999999999979e-02
-1.888099999999999848e-02
-1.888099999999999848e-02
-1.888099999999999848e-02
-1.888099999999999848e-02
-1.888099999999999848e-02
-1.888099999999999848e-02
-1.888099999999999848e-02
-1.888099999999999848e-02
-1.888099999999999848e-02
-1.888099999999999848e-02
-1.888099999999999848e-02
-1.888099999999999848e-02
-1.888099999999999848e-02
-1.888099999999999848e-02
-1.888099999999999848e-02
-1.888099999999999848e-02
-1.888099999999999848e-02
-1.888099999999999848e-02
-1.888050000000000145e-02
-1.886200000000000029e-02
-1.886149999999999979e-02
-1.886149999999999979e-02
-1.886149999999999979e-02
-1.886149999999999979e-02
-1.886049999999999879e-02
-1.886049999999999879e-02
-1.886049999999999879e-02
-1.886049999999999879e-02
-1.886049999999999879e-02
-1.886049999999999879e-02
-1.886049999999999879e-02
-1.886049999999999879e-02
-1.886049999999999879e-02
-1.886049999999999879e-02
-1.886049999999999879e-02
-1.886049999999999879e-02
-1.886049999999999879e-02
-1.886049999999999879e-02
-1.886049999999999879e-02
-1.886049999999999879e-02
-1.886049999999999879e-02
-1.886049999999999879e-02
-1.886049999999999879e-02
-1.886049999999999879e-02
-1.886049999999999879e-02
-1.886049999999999879e-02
-1.886049999999999879e-02
-1.886049999999999879e-02
-1.886049999999999879e-02
-1.886049999999999879e-02
-1.883800000000000058e-02
-1.883800000000000058e-02
-1.883800000000000058e-02
-1.883800000000000058e-02
-1.883800000000000058e-02
-1.883800000000000058e-02
-1.883800000000000058e-02
-1.883750000000000008e-02
-1.883750000000000008e-02
-1.883750000000000008e-02
-1.883750000000000008e-02
-1.883750000000000008e-02
-1.883750000000000008e-02
-1.883750000000000008e-02
-1.883750000000000008e-02
-1.883750000000000008e-02
-1.883750000000000008e-02
-1.883750000000000008e-02
-1.883750000000000008e-02
-1.883750000000000008e-02
-1.883750000000000008e-02
-1.883750000000000008e-02
-1.883750000000000008e-02
-1.883750000000000008e-02
-1.883750000000000008e-02
-1.883750000000000008e-02
-1.883750000000000008e-02
-1.883750000000000008e-02
-1.883750000000000008e-02
-1.883750000000000008e-02
-1.883750000000000008e-02
-1.883750000000000008e-02
-1.883750000000000008e-02
-1.883750000000000008e-02
-1.883750000000000008e-02
-1.883750000000000008e-02
-1.883750000000000008e-02
-1.883750000000000008e-02
-1.883750000000000008e-02
-1.883750000000000008e-02
-1.883750000000000008e-02
-1.883750000000000008e-02
-1.883750000000000008e-02
-1.860500000000000001e-02
-1.860500000000000001e-02
-1.860500000000000001e-02
-1.860500000000000001e-02
-1.860500000000000001e-02
-1.858500000000000082e-02
-1.855949999999999961e-02
-1.852849999999999983e-02
-1.852849999999999983e-02
-1.852849999999999983e-02
-1.852849999999999983e-02
-1.852799999999999933e-02
-1.852799999999999933e-02
-1.852799999999999933e-02
-1.852699999999999833e-02
-1.852699999999999833e-02
-1.852699999999999833e-02
-1.852699999999999833e-02
-1.852699999999999833e-02
-1.852699999999999833e-02
-1.852699999999999833e-02
-1.852449999999999930e-02
-1.852449999999999930e-02
-1.852399999999999880e-02
-1.852399999999999880e-02
-1.852399999999999880e-02
-1.852399999999999880e-02
-1.852399999999999880e-02
-1.852399999999999880e-02
-1.852399999999999880e-02
-1.846849999999999881e-02
-1.846849999999999881e-02
-1.846849999999999881e-02
-1.846849999999999881e-02
-1.846849999999999881e-02
-1.846849999999999881e-02
-1.846849999999999881e-02
-1.846849999999999881e-02
-1.845750000000000168e-02
-1.845750000000000168e-02
-1.845750000000000168e-02
-1.845750000000000168e-02
-1.845750000000000168e-02
-1.845750000000000168e-02
-1.845199999999999965e-02
-1.845199999999999965e-02
-1.844600000000000059e-02
-1.844600000000000059e-02
-1.844600000000000059e-02
-1.844600000000000059e-02
-1.844550000000000009e-02
-1.844550000000000009e-02
-1.844550000000000009e-02
-1.844550000000000009e-02
-1.844550000000000009e-02
-1.844550000000000009e-02
-1.844499999999999959e-02
-1.844499999999999959e-02
-1.844499999999999959e-02
-1.844350000000000156e-02
-1.844350000000000156e-02
-1.844350000000000156e-02
-1.844350000000000156e-02
-1.844350000000000156e-02
-1.844350000000000156e-02
-1.844350000000000156e-02
-1.844350000000000156e-02
-1.844350000000000156e-02
-1.844350000000000156e-02
-1.844350000000000156e-02
-1.844350000000000156e-02
-1.844350000000000156e-02
-1.844250000000000056e-02
-1.844250000000000056e-02
-1.844250000000000056e-02
-1.844250000000000056e-02
-1.844250000000000056e-02
-1.844250000000000056e-02
-1.844250000000000056e-02
-1.844250000000000056e-02
-1.844250000000000056e-02
-1.844250000000000056e-02
-1.844250000000000056e-02
-1.844200000000000006e-02
-1.844200000000000006e-02
-1.844200000000000006e-02
-1.844200000000000006e-02
-1.844200000000000006e-02
-1.844200000000000006e-02
-1.844200000000000006e-02
-1.844200000000000006e-02
-1.844200000000000006e-02
-1.844200000000000006e-02
-1.844200000000000006e-02
-1.841150000000000078e-02
-1.839450000000000113e-02
-1.839249999999999913e-02
-1.839249999999999913e-02
-1.839249999999999913e-02
-1.838350000000000053e-02
-1.838350000000000053e-02
-1.838350000000000053e-02
-1.837849999999999900e-02
-1.837849999999999900e-02
-1.837849999999999900e-02
-1.837849999999999900e-02
-1.837799999999999850e-02
-1.837799999999999850e-02
-1.837799999999999850e-02
-1.837799999999999850e-02
-1.837799999999999850e-02
-1.837750000000000147e-02
-1.837750000000000147e-02
-1.837750000000000147e-02
-1.837750000000000147e-02
-1.837750000000000147e-02
-1.837750000000000147e-02
-1.837750000000000147e-02
-1.837750000000000147e-02
-1.837750000000000147e-02
-1.837750000000000147e-02
-1.827049999999999855e-02
-1.827049999999999855e-02
-1.827049999999999855e-02
-1.826699999999999852e-02
-1.826699999999999852e-02
-1.826699999999999852e-02
-1.826699999999999852e-02
-1.825699999999999892e-02
-1.825699999999999892e-02
-1.825699999999999892e-02
-1.825699999999999892e-02
-1.825699999999999892e-02
-1.825449999999999989e-02
-1.824500000000000080e-02
-1.822750000000000065e-02
-1.822150000000000158e-02
-1.822150000000000158e-02
-1.822000000000000008e-02
-1.822000000000000008e-02
-1.822000000000000008e-02
-1.822000000000000008e-02
-1.822000000000000008e-02
-1.822000000000000008e-02
-1.822000000000000008e-02
-1.821949999999999958e-02
-1.821899999999999908e-02
-1.821899999999999908e-02
-1.816649999999999862e-02
-1.816649999999999862e-02
-1.814349999999999991e-02
-1.814249999999999891e-02
-1.813400000000000081e-02
-1.813400000000000081e-02
-1.813400000000000081e-02
-1.813400000000000081e-02
-1.813400000000000081e-02
-1.813400000000000081e-02
-1.813400000000000081e-02
-1.813350000000000031e-02
-1.813350000000000031e-02
-1.813350000000000031e-02
-1.813299999999999981e-02
-1.813299999999999981e-02
-1.813299999999999981e-02
-1.813299999999999981e-02
-1.813299999999999981e-02
-1.813299999999999981e-02
-1.813299999999999981e-02
-1.813299999999999981e-02
-1.813299999999999981e-02
-1.813299999999999981e-02
-1.813299999999999981e-02
-1.813299999999999981e-02
-1.813299999999999981e-02
-1.813299999999999981e-02
-1.813299999999999981e-02
-1.813299999999999981e-02
-1.813299999999999981e-02
-1.813299999999999981e-02
-1.813299999999999981e-02
-1.813299999999999981e-02
-1.813299999999999981e-02
-1.813299999999999981e-02
-1.813299999999999981e-02
-1.813299999999999981e-02
-1.813299999999999981e-02
-1.813299999999999981e-02
-1.813299999999999981e-02
-1.813299999999999981e-02
-1.813299999999999981e-02
-1.813299999999999981e-02
-1.813299999999999981e-02
-1.813299999999999981e-02
-1.813299999999999981e-02
-1.813299999999999981e-02
-1.813299999999999981e-02
-1.813299999999999981e-02
-1.813299999999999981e-02
-1.813299999999999981e-02
-1.813299999999999981e-02
-1.813299999999999981e-02
-1.813299999999999981e-02
-1.813299999999999981e-02
-1.813299999999999981e-02
-1.813249999999999931e-02
-1.813249999999999931e-02
-1.813249999999999931e-02
-1.813249999999999931e-02
-1.813199999999999881e-02
-1.813199999999999881e-02
-1.813199999999999881e-02
-1.813199999999999881e-02
-1.813199999999999881e-02
-1.813199999999999881e-02
-1.813199999999999881e-02
-1.813199999999999881e-02
-1.813199999999999881e-02
-1.813199999999999881e-02
-1.813199999999999881e-02
-1.813199999999999881e-02
-1.813199999999999881e-02
-1.813199999999999881e-02
-1.813199999999999881e-02
-1.813199999999999881e-02
-1.813199999999999881e-02
-1.813199999999999881e-02
-1.813199999999999881e-02
-1.813199999999999881e-02
-1.813199999999999881e-02
-1.813199999999999881e-02
-1.813199999999999881e-02
-1.813199999999999881e-02
-1.813199999999999881e-02
-1.813199999999999881e-02
-1.813199999999999881e-02
-1.813199999999999881e-02
-1.813199999999999881e-02
-1.813199999999999881e-02
-1.813199999999999881e-02
-1.813199999999999881e-02
-1.813199999999999881e-02
-1.813199999999999881e-02
-1.813199999999999881e-02
-1.813199999999999881e-02
-1.813199999999999881e-02
-1.813199999999999881e-02
-1.813199999999999881e-02
-1.813199999999999881e-02
-1.813199999999999881e-02
-1.813199999999999881e-02
-1.813199999999999881e-02
-1.813199999999999881e-02
-1.813199999999999881e-02
-1.813199999999999881e-02
-1.813199999999999881e-02
-1.813199999999999881e-02
-1.813199999999999881e-02
-1.813199999999999881e-02
-1.813199999999999881e-02
-1.813199999999999881e-02
-1.813199999999999881e-02
-1.813199999999999881e-02
-1.813199999999999881e-02
-1.813199999999999881e-02
-1.813199999999999881e-02
-1.813199999999999881e-02
-1.813199999999999881e-02
-1.813199999999999881e-02
-1.813199999999999881e-02
-1.813199999999999881e-02
-1.813199999999999881e-02
-1.813199999999999881e-02
-1.813199999999999881e-02
-1.813199999999999881e-02
-1.813199999999999881e-02
-1.813199999999999881e-02
-1.813199999999999881e-02
-1.813149999999999831e-02
-1.813149999999999831e-02
-1.813149999999999831e-02
-1.813149999999999831e-02
-1.813149999999999831e-02
-1.813149999999999831e-02
-1.813149999999999831e-02
-1.813149999999999831e-02
-1.813149999999999831e-02
-1.813149999999999831e-02
-1.813149999999999831e-02
-1.813149999999999831e-02
-1.813149999999999831e-02
-1.813149999999999831e-02
-1.813149999999999831e-02
-1.813100000000000128e-02
-1.813100000000000128e-02
-1.813100000000000128e-02
-1.813000000000000028e-02
-1.813000000000000028e-02
-1.813000000000000028e-02
-1.813000000000000028e-02
-1.813000000000000028e-02
-1.813000000000000028e-02
-1.813000000000000028e-02
-1.813000000000000028e-02
-1.813000000000000028e-02
-1.813000000000000028e-02
-1.813000000000000028e-02
-1.813000000000000028e-02
-1.813000000000000028e-02
-1.813000000000000028e-02
-1.813000000000000028e-02
-1.813000000000000028e-02
-1.813000000000000028e-02
-1.813000000000000028e-02
-1.813000000000000028e-02
-1.813000000000000028e-02
-1.813000000000000028e-02
-1.812849999999999878e-02
-1.812849999999999878e-02
-1.812849999999999878e-02
-1.812849999999999878e-02
-1.812849999999999878e-02
-1.812849999999999878e-02
-1.812849999999999878e-02
-1.812849999999999878e-02
-1.812849999999999878e-02
-1.812849999999999878e-02
-1.812849999999999878e-02
-1.812849999999999878e-02
-1.812849999999999878e-02
-1.812849999999999878e-02
-1.812849999999999878e-02
-1.812849999999999878e-02
-1.812849999999999878e-02
-1.812849999999999878e-02
-1.812849999999999878e-02
-1.812849999999999878e-02
-1.812849999999999878e-02
-1.812849999999999878e-02
-1.812849999999999878e-02
-1.812849999999999878e-02
-1.812849999999999878e-02
-1.812849999999999878e-02
-1.812849999999999878e-02
-1.812849999999999878e-02
-1.812849999999999878e-02
-1.812849999999999878e-02
-1.812849999999999878e-02
-1.812849999999999878e-02
-1.812849999999999878e-02
-1.812849999999999878e-02
-1.812849999999999878e-02
-1.812849999999999878e-02
-1.812849999999999878e-02
-1.812849999999999878e-02
-1.812849999999999878e-02
-1.812849999999999878e-02
-1.812849999999999878e-02
-1.812849999999999878e-02
-1.812849999999999878e-02
-1.812849999999999878e-02
-1.812849999999999878e-02
-1.812849999999999878e-02
-1.812849999999999878e-02
-1.812849999999999878e-02
-1.812849999999999878e-02
-1.812849999999999878e-02
-1.812849999999999878e-02
-1.812849999999999878e-02
-1.812849999999999878e-02
-1.812849999999999878e-02
-1.812849999999999878e-02
-1.812849999999999878e-02
-1.812849999999999878e-02
-1.812849999999999878e-02
-1.812849999999999878e-02
-1.812849999999999878e-02
-1.812849999999999878e-02
-1.812849999999999878e-02
-1.812849999999999878e-02
-1.812849999999999878e-02
-1.812849999999999878e-02
-1.812849999999999878e-02
-1.812849999999999878e-02
-1.812849999999999878e-02
-1.812849999999999878e-02
-1.812849999999999878e-02
-1.812849999999999878e-02
-1.812849999999999878e-02
-1.812849999999999878e-02
-1.812849999999999878e-02
-1.812849999999999878e-02
-1.812849999999999878e-02
-1.812849999999999878e-02
-1.812849999999999878e-02
-1.812849999999999878e-02
-1.812849999999999878e-02
-1.812849999999999878e-02
-1.812849999999999878e-02
-1.812849999999999878e-02
-1.812849999999999878e-02
-1.812849999999999878e-02
-1.812849999999999878e-02
-1.812849999999999878e-02
-1.812750000000000125e-02
-1.812750000000000125e-02
-1.812700000000000075e-02
-1.812700000000000075e-02
-1.812700000000000075e-02
-1.812700000000000075e-02
-1.812700000000000075e-02
-1.812700000000000075e-02
-1.812700000000000075e-02
-1.812650000000000025e-02
-1.812650000000000025e-02
-1.812650000000000025e-02
-1.812650000000000025e-02
-1.812650000000000025e-02
-1.812650000000000025e-02
-1.812650000000000025e-02
-1.812650000000000025e-02
-1.812650000000000025e-02
-1.812650000000000025e-02
-1.812650000000000025e-02
-1.812650000000000025e-02
-1.812650000000000025e-02
-1.812650000000000025e-02
-1.812650000000000025e-02
-1.812650000000000025e-02
-1.812650000000000025e-02
-1.812650000000000025e-02
-1.812650000000000025e-02
-1.812650000000000025e-02
-1.812650000000000025e-02
-1.812650000000000025e-02
-1.812650000000000025e-02
-1.812650000000000025e-02
-1.812650000000000025e-02
-1.812650000000000025e-02
-1.812650000000000025e-02
-1.812650000000000025e-02
-1.812650000000000025e-02
-1.812650000000000025e-02
-1.812650000000000025e-02
-1.812650000000000025e-02
-1.812650000000000025e-02
-1.812650000000000025e-02
-1.812650000000000025e-02
-1.812650000000000025e-02
-1.812650000000000025e-02
-1.812650000000000025e-02
-1.812650000000000025e-02
-1.812650000000000025e-02
-1.812650000000000025e-02
-1.812650000000000025e-02
-1.812650000000000025e-02
-1.812650000000000025e-02
-1.812650000000000025e-02
-1.812650000000000025e-02
-1.812650000000000025e-02
-1.812650000000000025e-02
-1.812650000000000025e-02
-1.812650000000000025e-02
-1.812650000000000025e-02
-1.812650000000000025e-02
-1.812650000000000025e-02
-1.812650000000000025e-02
-1.812650000000000025e-02
-1.812650000000000025e-02
-1.812650000000000025e-02
-1.812650000000000025e-02
-1.812650000000000025e-02
-1.812650000000000025e-02
-1.812650000000000025e-02
-1.812650000000000025e-02
-1.812650000000000025e-02
-1.812650000000000025e-02
-1.812650000000000025e-02
-1.812650000000000025e-02
-1.812650000000000025e-02
-1.812650000000000025e-02
-1.812650000000000025e-02
-1.812650000000000025e-02
-1.812650000000000025e-02
-1.812650000000000025e-02
-1.812650000000000025e-02
-1.812650000000000025e-02
-1.812650000000000025e-02
-1.812650000000000025e-02
-1.812650000000000025e-02
-1.812650000000000025e-02
-1.812650000000000025e-02
-1.812650000000000025e-02
-1.812650000000000025e-02
-1.812650000000000025e-02
-1.812650000000000025e-02
-1.812650000000000025e-02
-1.812650000000000025e-02
-1.812650000000000025e-02
-1.812650000000000025e-02
-1.812650000000000025e-02
-1.812650000000000025e-02
-1.812650000000000025e-02
-1.812650000000000025e-02
-1.812650000000000025e-02
-1.812650000000000025e-02
-1.812650000000000025e-02
-1.812650000000000025e-02
-1.812650000000000025e-02
-1.812650000000000025e-02
-1.812650000000000025e-02
-1.812650000000000025e-02
-1.812650000000000025e-02
-1.812650000000000025e-02
-1.812650000000000025e-02
-1.812650000000000025e-02
-1.812650000000000025e-02
-1.812650000000000025e-02
-1.812650000000000025e-02
-1.812650000000000025e-02
-1.812650000000000025e-02
-1.812650000000000025e-02
-1.812650000000000025e-02
-1.812650000000000025e-02
-1.812650000000000025e-02
-1.812650000000000025e-02
-1.812650000000000025e-02
-1.812650000000000025e-02
-1.812650000000000025e-02
-1.812650000000000025e-02
-1.812650000000000025e-02
-1.812650000000000025e-02
-1.812650000000000025e-02
-1.812650000000000025e-02
-1.812650000000000025e-02
-1.812650000000000025e-02
-1.812650000000000025e-02
-1.812650000000000025e-02
-1.812650000000000025e-02
-1.812650000000000025e-02
-1.812650000000000025e-02
-1.812650000000000025e-02
-1.812650000000000025e-02
-1.812650000000000025e-02
-1.812650000000000025e-02
-1.812650000000000025e-02
-1.812650000000000025e-02
-1.812650000000000025e-02
-1.812650000000000025e-02
-1.812650000000000025e-02
-1.812650000000000025e-02
-1.812650000000000025e-02
-1.812650000000000025e-02
-1.812650000000000025e-02
-1.812650000000000025e-02
-1.812650000000000025e-02
-1.812650000000000025e-02
-1.812650000000000025e-02
-1.812650000000000025e-02
-1.812650000000000025e-02
-1.812650000000000025e-02
-1.812650000000000025e-02
-1.812650000000000025e-02
-1.812650000000000025e-02
-1.812650000000000025e-02
-1.812650000000000025e-02
-1.812650000000000025e-02
-1.812650000000000025e-02
-1.812650000000000025e-02
-1.812650000000000025e-02
-1.812650000000000025e-02
-1.812650000000000025e-02
-1.812650000000000025e-02
-1.812650000000000025e-02
-1.812650000000000025e-02
-1.812650000000000025e-02
-1.812650000000000025e-02
-1.812650000000000025e-02
-1.812650000000000025e-02
-1.812650000000000025e-02
-1.812650000000000025e-02
-1.812650000000000025e-02
-1.812650000000000025e-02
-1.812650000000000025e-02
-1.812650000000000025e-02
-1.812650000000000025e-02
-1.812650000000000025e-02
-1.812650000000000025e-02
-1.812650000000000025e-02
-1.812650000000000025e-02
-1.812650000000000025e-02
-1.812650000000000025e-02
-1.812650000000000025e-02
-1.812650000000000025e-02
-1.812650000000000025e-02
-1.812650000000000025e-02
-1.812650000000000025e-02
-1.812650000000000025e-02
-1.812650000000000025e-02
-1.812650000000000025e-02
-1.812650000000000025e-02
-1.812650000000000025e-02
-1.812650000000000025e-02
-1.812650000000000025e-02
-1.812650000000000025e-02
-1.812650000000000025e-02
-1.812650000000000025e-02
-1.812650000000000025e-02
-1.812599999999999975e-02
-1.812599999999999975e-02
-1.812599999999999975e-02
-1.812599999999999975e-02
-1.812599999999999975e-02
-1.812599999999999975e-02
-1.812599999999999975e-02
-1.812599999999999975e-02
-1.812599999999999975e-02
-1.812549999999999925e-02
-1.812549999999999925e-02
-1.812549999999999925e-02
-1.812549999999999925e-02
-1.812549999999999925e-02
-1.812549999999999925e-02
-1.812549999999999925e-02
-1.812549999999999925e-02
-1.812549999999999925e-02
-1.812549999999999925e-02
-1.812549999999999925e-02
-1.812549999999999925e-02
-1.812549999999999925e-02
-1.812549999999999925e-02
-1.812549999999999925e-02
-1.812549999999999925e-02
-1.812549999999999925e-02
-1.812549999999999925e-02
-1.812549999999999925e-02
-1.812549999999999925e-02
-1.812549999999999925e-02
-1.812549999999999925e-02
-1.812549999999999925e-02
-1.812549999999999925e-02
-1.812549999999999925e-02
-1.812549999999999925e-02
-1.812549999999999925e-02
-1.812549999999999925e-02
-1.812549999999999925e-02
-1.812549999999999925e-02
-1.812549999999999925e-02
-1.812549999999999925e-02
-1.812549999999999925e-02
-1.812549999999999925e-02
-1.812549999999999925e-02
-1.812549999999999925e-02
-1.812549999999999925e-02
-1.812549999999999925e-02
-1.812549999999999925e-02
-1.812549999999999925e-02
-1.812549999999999925e-02
-1.812549999999999925e-02
-1.812549999999999925e-02
-1.812549999999999925e-02
-1.812549999999999925e-02
-1.812549999999999925e-02
-1.812549999999999925e-02
-1.812549999999999925e-02
-1.812549999999999925e-02
-1.812549999999999925e-02
-1.812549999999999925e-02
-1.812549999999999925e-02
-1.812549999999999925e-02
-1.812549999999999925e-02
-1.812549999999999925e-02
-1.812549999999999925e-02
-1.812549999999999925e-02
-1.812549999999999925e-02
-1.812549999999999925e-02
-1.812549999999999925e-02
-1.812549999999999925e-02
-1.812549999999999925e-02
-1.812549999999999925e-02
-1.812549999999999925e-02
-1.812549999999999925e-02
-1.812549999999999925e-02
-1.812549999999999925e-02
-1.812549999999999925e-02
-1.812549999999999925e-02
-1.812549999999999925e-02
-1.812549999999999925e-02
-1.812549999999999925e-02
-1.812549999999999925e-02
-1.812549999999999925e-02
-1.812549999999999925e-02
-1.812549999999999925e-02
-1.812549999999999925e-02
-1.812549999999999925e-02
-1.812549999999999925e-02
-1.812549999999999925e-02
-1.812549999999999925e-02
-1.812549999999999925e-02
-1.812549999999999925e-02
-1.812549999999999925e-02
-1.812549999999999925e-02
-1.812549999999999925e-02
-1.812549999999999925e-02
-1.812549999999999925e-02
-1.812549999999999925e-02
-1.812549999999999925e-02
-1.812549999999999925e-02
-1.812549999999999925e-02
-1.812549999999999925e-02
-1.812549999999999925e-02
-1.812549999999999925e-02
-1.812549999999999925e-02
-1.812549999999999925e-02
-1.812549999999999925e-02
-1.812549999999999925e-02
-1.812549999999999925e-02
-1.812549999999999925e-02
-1.812549999999999925e-02
-1.812549999999999925e-02
-1.812549999999999925e-02
-1.812549999999999925e-02
-1.812549999999999925e-02
-1.812549999999999925e-02
-1.812549999999999925e-02
-1.812549999999999925e-02
-1.812549999999999925e-02
-1.812549999999999925e-02
-1.812549999999999925e-02
-1.812549999999999925e-02
-1.812549999999999925e-02
-1.812549999999999925e-02
-1.812549999999999925e-02
-1.812549999999999925e-02
-1.812549999999999925e-02
-1.812549999999999925e-02
-1.812549999999999925e-02
-1.812549999999999925e-02
-1.812549999999999925e-02
-1.812549999999999925e-02
-1.812549999999999925e-02
-1.812549999999999925e-02
-1.812549999999999925e-02
-1.812549999999999925e-02
-1.812549999999999925e-02
-1.812549999999999925e-02
-1.812549999999999925e-02
-1.812549999999999925e-02
-1.812549999999999925e-02
-1.812549999999999925e-02
-1.812549999999999925e-02
-1.812549999999999925e-02
-1.812549999999999925e-02
-1.812549999999999925e-02
-1.812549999999999925e-02
-1.812549999999999925e-02
-1.812549999999999925e-02
-1.812549999999999925e-02
-1.812549999999999925e-02
-1.812549999999999925e-02
-1.812549999999999925e-02
-1.812549999999999925e-02
-1.812549999999999925e-02
-1.812549999999999925e-02
-1.812549999999999925e-02
-1.812549999999999925e-02
-1.812549999999999925e-02
-1.812549999999999925e-02
-1.812549999999999925e-02
-1.812549999999999925e-02
-1.812549999999999925e-02
-1.812549999999999925e-02
-1.812549999999999925e-02
-1.812549999999999925e-02
-1.812549999999999925e-02
-1.812549999999999925e-02
-1.812549999999999925e-02
-1.812549999999999925e-02
-1.812549999999999925e-02
-1.812549999999999925e-02
-1.812549999999999925e-02
-1.812549999999999925e-02
-1.812549999999999925e-02
-1.812549999999999925e-02
