-3.071260000000000101e-01
-3.029299999999999771e-01
-3.029299999999999771e-01
-3.029299999999999771e-01
-3.029299999999999771e-01
-3.019459999999999922e-01
-3.018279999999999852e-01
-3.018279999999999852e-01
-3.017515000000000058e-01
-3.003060000000000174e-01
-3.003060000000000174e-01
-3.003060000000000174e-01
-2.995014999999999761e-01
-2.991924999999999724e-01
-2.986829999999999763e-01
-2.985990000000000033e-01
-2.978875000000000273e-01
-2.962929999999999731e-01
-2.962929999999999731e-01
-2.962929999999999731e-01
-2.962515000000000009e-01
-2.956230000000000246e-01
-2.952580000000000204e-01
-2.941849999999999743e-01
-2.941849999999999743e-01
-2.941849999999999743e-01
-2.941849999999999743e-01
-2.941095000000000237e-01
-2.933560000000000056e-01
-2.932370000000000254e-01
-2.913985000000000047e-01
-2.913485000000000102e-01
-2.913485000000000102e-01
-2.913485000000000102e-01
-2.912044999999999773e-01
-2.911245000000000083e-01
-2.911245000000000083e-01
-2.906874999999999876e-01
-2.903295000000000181e-01
-2.903295000000000181e-01
-2.898124999999999729e-01
-2.898124999999999729e-01
-2.888649999999999829e-01
-2.888649999999999829e-01
-2.888649999999999829e-01
-2.883175000000000043e-01
-2.883175000000000043e-01
-2.883144999999999736e-01
-2.882879999999999887e-01
-2.873935000000000239e-01
-2.873935000000000239e-01
-2.871484999999999732e-01
-2.871484999999999732e-01
-2.869459999999999789e-01
-2.867494999999999905e-01
-2.867494999999999905e-01
-2.867494999999999905e-01
-2.865309999999999802e-01
-2.862334999999999741e-01
-2.853519999999999945e-01
-2.853519999999999945e-01
-2.853519999999999945e-01
-2.853519999999999945e-01
-2.851790000000000158e-01
-2.847485000000000155e-01
-2.847485000000000155e-01
-2.847485000000000155e-01
-2.847419999999999951e-01
-2.843300000000000272e-01
-2.843300000000000272e-01
-2.842009999999999814e-01
-2.842009999999999814e-01
-2.840354999999999963e-01
-2.840354999999999963e-01
-2.840219999999999967e-01
-2.839579999999999882e-01
-2.836150000000000060e-01
-2.836150000000000060e-01
-2.836150000000000060e-01
-2.831290000000000195e-01
-2.828359999999999763e-01
-2.828359999999999763e-01
-2.828359999999999763e-01
-2.823215000000000030e-01
-2.823215000000000030e-01
-2.823215000000000030e-01
-2.822235000000000160e-01
-2.822235000000000160e-01
-2.819679999999999964e-01
-2.819679999999999964e-01
-2.818939999999999779e-01
-2.817259999999999764e-01
-2.817259999999999764e-01
-2.816305000000000058e-01
-2.814639999999999920e-01
-2.813955000000000206e-01
-2.813610000000000277e-01
-2.813610000000000277e-01
-2.813539999999999930e-01
-2.813430000000000097e-01
-2.809380000000000210e-01
-2.808849999999999958e-01
-2.807525000000000159e-01
-2.807525000000000159e-01
-2.805535000000000112e-01
-2.804220000000000046e-01
-2.803550000000000209e-01
-2.803550000000000209e-01
-2.802910000000000124e-01
-2.799269999999999814e-01
-2.799269999999999814e-01
-2.797124999999999750e-01
-2.797124999999999750e-01
-2.797124999999999750e-01
-2.797124999999999750e-01
-2.794189999999999729e-01
-2.794189999999999729e-01
-2.794189999999999729e-01
-2.794189999999999729e-01
-2.794189999999999729e-01
-2.791274999999999729e-01
-2.790799999999999947e-01
-2.790799999999999947e-01
-2.790799999999999947e-01
-2.789340000000000153e-01
-2.789280000000000093e-01
-2.788939999999999753e-01
-2.788645000000000151e-01
-2.786494999999999944e-01
-2.786494999999999944e-01
-2.786374999999999824e-01
-2.785799999999999943e-01
-2.785799999999999943e-01
-2.785799999999999943e-01
-2.784904999999999742e-01
-2.784745000000000137e-01
-2.784745000000000137e-01
-2.784575000000000244e-01
-2.780949999999999811e-01
-2.780949999999999811e-01
-2.780949999999999811e-01
-2.780949999999999811e-01
-2.780949999999999811e-01
-2.780949999999999811e-01
-2.780949999999999811e-01
-2.779699999999999949e-01
-2.779699999999999949e-01
-2.779699999999999949e-01
-2.779294999999999960e-01
-2.778295000000000070e-01
-2.777910000000000101e-01
-2.777910000000000101e-01
-2.776994999999999880e-01
-2.775664999999999938e-01
-2.774745000000000128e-01
-2.774745000000000128e-01
-2.774745000000000128e-01
-2.774170000000000247e-01
-2.772439999999999904e-01
-2.772439999999999904e-01
-2.772089999999999832e-01
-2.771799999999999820e-01
-2.771799999999999820e-01
-2.771799999999999820e-01
-2.771290000000000142e-01
-2.771290000000000142e-01
-2.770819999999999950e-01
-2.770819999999999950e-01
-2.770639999999999770e-01
-2.769524999999999904e-01
-2.769524999999999904e-01
-2.768915000000000126e-01
-2.768070000000000253e-01
-2.768070000000000253e-01
-2.768070000000000253e-01
-2.768070000000000253e-01
-2.767344999999999944e-01
-2.766600000000000170e-01
-2.766405000000000114e-01
-2.766405000000000114e-01
-2.766210000000000058e-01
-2.765090000000000048e-01
-2.765090000000000048e-01
-2.764759999999999995e-01
-2.763734999999999942e-01
-2.763734999999999942e-01
-2.763650000000000273e-01
-2.763519999999999865e-01
-2.763419999999999765e-01
-2.763344999999999829e-01
-2.762660000000000116e-01
-2.762474999999999792e-01
-2.762364999999999959e-01
-2.761819999999999831e-01
-2.760529999999999928e-01
-2.760529999999999928e-01
-2.759035000000000237e-01
-2.759035000000000237e-01
-2.759035000000000237e-01
-2.759035000000000237e-01
-2.759035000000000237e-01
-2.759035000000000237e-01
-2.759035000000000237e-01
-2.758140000000000036e-01
-2.758140000000000036e-01
-2.758140000000000036e-01
-2.758140000000000036e-01
-2.758034999999999792e-01
-2.757574999999999887e-01
-2.756815000000000238e-01
-2.756815000000000238e-01
-2.756815000000000238e-01
-2.755515000000000048e-01
-2.755515000000000048e-01
-2.755515000000000048e-01
-2.755515000000000048e-01
-2.755515000000000048e-01
-2.755515000000000048e-01
-2.755515000000000048e-01
-2.754960000000000186e-01
-2.754604999999999970e-01
-2.754604999999999970e-01
-2.754599999999999826e-01
-2.754599999999999826e-01
-2.754599999999999826e-01
-2.754599999999999826e-01
-2.754510000000000014e-01
-2.754099999999999882e-01
-2.752855000000000163e-01
-2.752784999999999815e-01
-2.752585000000000170e-01
-2.752585000000000170e-01
-2.752585000000000170e-01
-2.752189999999999914e-01
-2.752189999999999914e-01
-2.752189999999999914e-01
-2.752114999999999978e-01
-2.751405000000000101e-01
-2.751405000000000101e-01
-2.751405000000000101e-01
-2.751405000000000101e-01
-2.751405000000000101e-01
-2.751405000000000101e-01
-2.751405000000000101e-01
-2.750980000000000092e-01
-2.750980000000000092e-01
-2.750980000000000092e-01
-2.750980000000000092e-01
-2.750934999999999908e-01
-2.750934999999999908e-01
-2.750934999999999908e-01
-2.750509999999999899e-01
-2.750509999999999899e-01
-2.750259999999999927e-01
-2.750259999999999927e-01
-2.750259999999999927e-01
-2.750259999999999927e-01
-2.750254999999999783e-01
-2.750254999999999783e-01
-2.750254999999999783e-01
-2.749865000000000226e-01
-2.749754999999999838e-01
-2.749579999999999802e-01
-2.748510000000000120e-01
-2.748510000000000120e-01
-2.748510000000000120e-01
-2.748510000000000120e-01
-2.748510000000000120e-01
-2.748510000000000120e-01
-2.748050000000000215e-01
-2.747545000000000126e-01
-2.747545000000000126e-01
-2.747545000000000126e-01
-2.747545000000000126e-01
-2.747545000000000126e-01
-2.747499999999999942e-01
-2.747260000000000257e-01
-2.747260000000000257e-01
-2.747260000000000257e-01
-2.747260000000000257e-01
-2.746025000000000271e-01
-2.746025000000000271e-01
-2.746025000000000271e-01
-2.746025000000000271e-01
-2.746025000000000271e-01
-2.746025000000000271e-01
-2.745560000000000223e-01
-2.745560000000000223e-01
-2.745130000000000070e-01
-2.745130000000000070e-01
-2.745130000000000070e-01
-2.745130000000000070e-01
-2.745130000000000070e-01
-2.745130000000000070e-01
-2.745110000000000050e-01
-2.745110000000000050e-01
-2.744599999999999818e-01
-2.744599999999999818e-01
-2.744599999999999818e-01
-2.744599999999999818e-01
-2.744599999999999818e-01
-2.744420000000000193e-01
-2.743929999999999980e-01
-2.743840000000000168e-01
-2.743840000000000168e-01
-2.743840000000000168e-01
-2.743840000000000168e-01
-2.743840000000000168e-01
-2.743769999999999820e-01
-2.743769999999999820e-01
-2.743605000000000071e-01
-2.742600000000000038e-01
-2.742600000000000038e-01
-2.742600000000000038e-01
-2.742600000000000038e-01
-2.742600000000000038e-01
-2.742175000000000029e-01
-2.742175000000000029e-01
-2.741999999999999993e-01
-2.741965000000000097e-01
-2.741965000000000097e-01
-2.741950000000000220e-01
-2.741950000000000220e-01
-2.741680000000000228e-01
-2.741680000000000228e-01
-2.741680000000000228e-01
-2.741664999999999797e-01
-2.741474999999999884e-01
-2.741474999999999884e-01
-2.741474999999999884e-01
-2.741474999999999884e-01
-2.741474999999999884e-01
-2.741474999999999884e-01
-2.741354999999999764e-01
-2.740405000000000202e-01
-2.740405000000000202e-01
-2.740405000000000202e-01
-2.740405000000000202e-01
-2.740405000000000202e-01
-2.740405000000000202e-01
-2.740405000000000202e-01
-2.740004999999999802e-01
-2.740004999999999802e-01
-2.739670000000000161e-01
-2.739670000000000161e-01
-2.739670000000000161e-01
-2.739429999999999921e-01
-2.739429999999999921e-01
-2.739424999999999777e-01
-2.739424999999999777e-01
-2.739424999999999777e-01
-2.739424999999999777e-01
-2.738659999999999983e-01
-2.738659999999999983e-01
-2.738659999999999983e-01
-2.738659999999999983e-01
-2.738659999999999983e-01
-2.738659999999999983e-01
-2.738659999999999983e-01
-2.738659999999999983e-01
-2.738659999999999983e-01
-2.738539999999999863e-01
-2.738495000000000235e-01
-2.738014999999999755e-01
-2.738014999999999755e-01
-2.738014999999999755e-01
-2.738014999999999755e-01
-2.738014999999999755e-01
-2.738014999999999755e-01
-2.738014999999999755e-01
-2.737744999999999762e-01
-2.737744999999999762e-01
-2.737744999999999762e-01
-2.737744999999999762e-01
-2.737744999999999762e-01
-2.737744999999999762e-01
-2.737744999999999762e-01
-2.737720000000000153e-01
-2.737709999999999866e-01
-2.737700000000000133e-01
-2.737700000000000133e-01
-2.737694999999999990e-01
-2.737379999999999813e-01
-2.737379999999999813e-01
-2.737049999999999761e-01
-2.737049999999999761e-01
-2.737049999999999761e-01
-2.736644999999999772e-01
-2.736644999999999772e-01
-2.736644999999999772e-01
-2.736644999999999772e-01
-2.736644999999999772e-01
-2.736644999999999772e-01
-2.736644999999999772e-01
-2.736644999999999772e-01
-2.736644999999999772e-01
-2.736494999999999900e-01
-2.736494999999999900e-01
-2.736275000000000235e-01
-2.736164999999999847e-01
-2.736164999999999847e-01
-2.736164999999999847e-01
-2.736164999999999847e-01
-2.735874999999999835e-01
-2.735874999999999835e-01
-2.735874999999999835e-01
-2.735874999999999835e-01
-2.735874999999999835e-01
-2.735874999999999835e-01
-2.735834999999999795e-01
-2.735834999999999795e-01
-2.735569999999999946e-01
-2.735569999999999946e-01
-2.735569999999999946e-01
-2.735569999999999946e-01
-2.735569999999999946e-01
-2.735569999999999946e-01
-2.735569999999999946e-01
-2.735569999999999946e-01
-2.735564999999999802e-01
-2.735469999999999846e-01
-2.735135000000000205e-01
-2.735135000000000205e-01
-2.735135000000000205e-01
-2.735135000000000205e-01
-2.735135000000000205e-01
-2.735084999999999877e-01
-2.735004999999999797e-01
-2.734885000000000232e-01
-2.734519999999999729e-01
-2.734519999999999729e-01
-2.734519999999999729e-01
-2.734519999999999729e-01
-2.734519999999999729e-01
-2.734519999999999729e-01
-2.734480000000000244e-01
-2.734389999999999876e-01
-2.734389999999999876e-01
-2.734380000000000144e-01
-2.734375000000000000e-01
-2.734340000000000104e-01
-2.734249999999999736e-01
-2.734249999999999736e-01
-2.734249999999999736e-01
-2.734234999999999860e-01
-2.734234999999999860e-01
-2.734230000000000271e-01
-2.733820000000000139e-01
-2.733820000000000139e-01
-2.733820000000000139e-01
-2.733820000000000139e-01
-2.733820000000000139e-01
-2.733685000000000143e-01
-2.733685000000000143e-01
-2.733685000000000143e-01
-2.733685000000000143e-01
-2.733679999999999999e-01
-2.733634999999999815e-01
-2.733590000000000186e-01
-2.733590000000000186e-01
-2.733590000000000186e-01
-2.733550000000000146e-01
-2.733550000000000146e-01
-2.733550000000000146e-01
-2.733550000000000146e-01
-2.733550000000000146e-01
-2.733550000000000146e-01
-2.733550000000000146e-01
-2.733504999999999963e-01
-2.733504999999999963e-01
-2.733504999999999963e-01
-2.733504999999999963e-01
-2.733479999999999799e-01
-2.733479999999999799e-01
-2.733200000000000074e-01
-2.733160000000000034e-01
-2.733160000000000034e-01
-2.733160000000000034e-01
-2.733160000000000034e-01
-2.733019999999999894e-01
-2.733019999999999894e-01
-2.733019999999999894e-01
-2.733019999999999894e-01
-2.732904999999999918e-01
-2.732904999999999918e-01
-2.732904999999999918e-01
-2.732904999999999918e-01
-2.732904999999999918e-01
-2.732875000000000165e-01
-2.732840000000000269e-01
-2.732840000000000269e-01
-2.732840000000000269e-01
-2.732824999999999838e-01
-2.732824999999999838e-01
-2.732824999999999838e-01
-2.732474999999999765e-01
-2.732275000000000120e-01
-2.732275000000000120e-01
-2.732275000000000120e-01
-2.732275000000000120e-01
-2.732275000000000120e-01
-2.732200000000000184e-01
-2.732200000000000184e-01
-2.732200000000000184e-01
-2.732200000000000184e-01
-2.732180000000000164e-01
-2.732180000000000164e-01
-2.732180000000000164e-01
-2.732180000000000164e-01
-2.732164999999999733e-01
-2.732164999999999733e-01
-2.732164999999999733e-01
-2.731914999999999760e-01
-2.731914999999999760e-01
-2.731870000000000132e-01
-2.731870000000000132e-01
-2.731870000000000132e-01
-2.731870000000000132e-01
-2.731870000000000132e-01
-2.731509999999999772e-01
-2.731509999999999772e-01
-2.731509999999999772e-01
-2.731509999999999772e-01
-2.731509999999999772e-01
-2.731509999999999772e-01
-2.731509999999999772e-01
-2.731509999999999772e-01
-2.731509999999999772e-01
-2.731509999999999772e-01
-2.731509999999999772e-01
-2.731509999999999772e-01
-2.731509999999999772e-01
-2.731509999999999772e-01
-2.731509999999999772e-01
-2.731509999999999772e-01
-2.731500000000000039e-01
-2.731500000000000039e-01
-2.731489999999999752e-01
-2.731419999999999959e-01
-2.731419999999999959e-01
-2.731104999999999783e-01
-2.731104999999999783e-01
-2.731104999999999783e-01
-2.731104999999999783e-01
-2.731104999999999783e-01
-2.731104999999999783e-01
-2.731104999999999783e-01
-2.731104999999999783e-01
-2.731104999999999783e-01
-2.731104999999999783e-01
-2.731104999999999783e-01
-2.731104999999999783e-01
-2.731104999999999783e-01
-2.731104999999999783e-01
-2.731100000000000194e-01
-2.731100000000000194e-01
-2.730949999999999767e-01
-2.730949999999999767e-01
-2.730949999999999767e-01
-2.730949999999999767e-01
-2.730949999999999767e-01
-2.730949999999999767e-01
-2.730949999999999767e-01
-2.730949999999999767e-01
-2.730949999999999767e-01
-2.730925000000000158e-01
-2.730925000000000158e-01
-2.730925000000000158e-01
-2.730925000000000158e-01
-2.730779999999999874e-01
-2.730779999999999874e-01
-2.730755000000000265e-01
-2.730735000000000245e-01
-2.730735000000000245e-01
-2.730735000000000245e-01
-2.730735000000000245e-01
-2.730735000000000245e-01
-2.730635000000000145e-01
-2.730635000000000145e-01
-2.730544999999999778e-01
-2.730544999999999778e-01
-2.730544999999999778e-01
-2.730544999999999778e-01
-2.730544999999999778e-01
-2.730020000000000224e-01
-2.730020000000000224e-01
-2.730020000000000224e-01
-2.730020000000000224e-01
-2.730020000000000224e-01
-2.730020000000000224e-01
-2.730020000000000224e-01
-2.730020000000000224e-01
-2.730020000000000224e-01
-2.730020000000000224e-01
-2.730020000000000224e-01
-2.730020000000000224e-01
-2.730000000000000204e-01
-2.730000000000000204e-01
-2.730000000000000204e-01
-2.730000000000000204e-01
-2.730000000000000204e-01
-2.729989999999999917e-01
-2.729989999999999917e-01
-2.729754999999999820e-01
-2.729719999999999924e-01
-2.729719999999999924e-01
-2.729719999999999924e-01
-2.729559999999999764e-01
-2.729559999999999764e-01
-2.729559999999999764e-01
-2.729535000000000156e-01
-2.729535000000000156e-01
-2.729535000000000156e-01
-2.729535000000000156e-01
-2.729535000000000156e-01
-2.729535000000000156e-01
-2.729535000000000156e-01
-2.729535000000000156e-01
-2.729535000000000156e-01
-2.729535000000000156e-01
-2.729535000000000156e-01
-2.729469999999999952e-01
-2.729389999999999872e-01
-2.729389999999999872e-01
-2.729389999999999872e-01
-2.729389999999999872e-01
-2.729389999999999872e-01
-2.729389999999999872e-01
-2.729389999999999872e-01
-2.729389999999999872e-01
-2.729389999999999872e-01
-2.729389999999999872e-01
-2.729389999999999872e-01
-2.729365000000000263e-01
-2.729314999999999936e-01
-2.729314999999999936e-01
-2.729314999999999936e-01
-2.729314999999999936e-01
-2.729294999999999916e-01
-2.729289999999999772e-01
-2.729285000000000183e-01
-2.729285000000000183e-01
-2.729285000000000183e-01
-2.729199999999999959e-01
-2.729199999999999959e-01
-2.729199999999999959e-01
-2.729199999999999959e-01
-2.728639999999999954e-01
-2.728639999999999954e-01
-2.728639999999999954e-01
-2.728639999999999954e-01
-2.728639999999999954e-01
-2.728639999999999954e-01
-2.728639999999999954e-01
-2.728639999999999954e-01
-2.728639999999999954e-01
-2.728639999999999954e-01
-2.728639999999999954e-01
-2.728639999999999954e-01
-2.728639999999999954e-01
-2.728639999999999954e-01
-2.728639999999999954e-01
-2.728639999999999954e-01
-2.728639999999999954e-01
-2.728639999999999954e-01
-2.728639999999999954e-01
-2.728639999999999954e-01
-2.728639999999999954e-01
-2.728484999999999938e-01
-2.728484999999999938e-01
-2.728484999999999938e-01
-2.728484999999999938e-01
-2.728484999999999938e-01
-2.728484999999999938e-01
-2.728430000000000022e-01
-2.728430000000000022e-01
-2.728430000000000022e-01
-2.728430000000000022e-01
-2.728430000000000022e-01
-2.728424999999999878e-01
-2.728320000000000189e-01
-2.728320000000000189e-01
-2.728320000000000189e-01
-2.728320000000000189e-01
-2.728320000000000189e-01
-2.728320000000000189e-01
-2.728315000000000046e-01
-2.728284999999999738e-01
-2.728284999999999738e-01
-2.728284999999999738e-01
-2.728249999999999842e-01
-2.728249999999999842e-01
-2.728249999999999842e-01
-2.728249999999999842e-01
-2.728234999999999966e-01
-2.728234999999999966e-01
-2.728234999999999966e-01
-2.728234999999999966e-01
-2.728229999999999822e-01
-2.728229999999999822e-01
-2.728229999999999822e-01
-2.728229999999999822e-01
-2.728229999999999822e-01
-2.728229999999999822e-01
-2.728229999999999822e-01
-2.728229999999999822e-01
-2.728229999999999822e-01
-2.728205000000000213e-01
-2.728205000000000213e-01
-2.728205000000000213e-01
-2.728205000000000213e-01
-2.728205000000000213e-01
-2.728169999999999762e-01
-2.728169999999999762e-01
-2.728165000000000173e-01
-2.728165000000000173e-01
-2.728165000000000173e-01
-2.727984999999999993e-01
-2.727984999999999993e-01
-2.727984999999999993e-01
-2.727984999999999993e-01
-2.727984999999999993e-01
-2.727984999999999993e-01
-2.727984999999999993e-01
-2.727984999999999993e-01
-2.727984999999999993e-01
-2.727984999999999993e-01
-2.727984999999999993e-01
-2.727984999999999993e-01
-2.727984999999999993e-01
-2.727984999999999993e-01
-2.727984999999999993e-01
-2.727984999999999993e-01
-2.727959999999999829e-01
-2.727959999999999829e-01
-2.727959999999999829e-01
-2.727959999999999829e-01
-2.727959999999999829e-01
-2.727959999999999829e-01
-2.727959999999999829e-01
-2.727959999999999829e-01
-2.727959999999999829e-01
-2.727959999999999829e-01
-2.727959999999999829e-01
-2.727959999999999829e-01
-2.727959999999999829e-01
-2.727959999999999829e-01
-2.727959999999999829e-01
-2.727959999999999829e-01
-2.727959999999999829e-01
-2.727959999999999829e-01
-2.727959999999999829e-01
-2.727959999999999829e-01
-2.727959999999999829e-01
-2.727959999999999829e-01
-2.727959999999999829e-01
-2.727959999999999829e-01
-2.727959999999999829e-01
-2.727959999999999829e-01
-2.727959999999999829e-01
-2.727959999999999829e-01
-2.727959999999999829e-01
-2.727959999999999829e-01
-2.727950000000000097e-01
-2.727944999999999953e-01
-2.727944999999999953e-01
-2.727944999999999953e-01
-2.727944999999999953e-01
-2.727944999999999953e-01
-2.727944999999999953e-01
-2.727944999999999953e-01
-2.727895000000000181e-01
-2.727895000000000181e-01
-2.727890000000000037e-01
-2.727890000000000037e-01
-2.727884999999999893e-01
-2.727884999999999893e-01
-2.727879999999999749e-01
-2.727879999999999749e-01
-2.727660000000000085e-01
-2.727660000000000085e-01
-2.727660000000000085e-01
-2.727660000000000085e-01
-2.727660000000000085e-01
-2.727660000000000085e-01
-2.727660000000000085e-01
-2.727660000000000085e-01
-2.727660000000000085e-01
-2.727660000000000085e-01
-2.727660000000000085e-01
-2.727660000000000085e-01
-2.727589999999999737e-01
-2.727589999999999737e-01
-2.727589999999999737e-01
-2.727589999999999737e-01
-2.727589999999999737e-01
-2.727589999999999737e-01
-2.727589999999999737e-01
-2.727589999999999737e-01
-2.727589999999999737e-01
-2.727589999999999737e-01
-2.727589999999999737e-01
-2.727589999999999737e-01
-2.727589999999999737e-01
-2.727585000000000148e-01
-2.727585000000000148e-01
-2.727585000000000148e-01
-2.727585000000000148e-01
-2.727585000000000148e-01
-2.727585000000000148e-01
-2.727585000000000148e-01
-2.727585000000000148e-01
-2.727585000000000148e-01
-2.727585000000000148e-01
-2.727585000000000148e-01
-2.727585000000000148e-01
-2.727585000000000148e-01
-2.727585000000000148e-01
-2.727585000000000148e-01
-2.727585000000000148e-01
-2.727580000000000005e-01
-2.727550000000000252e-01
-2.727550000000000252e-01
-2.727550000000000252e-01
-2.727550000000000252e-01
-2.727550000000000252e-01
-2.727550000000000252e-01
-2.727550000000000252e-01
-2.727539999999999965e-01
-2.727539999999999965e-01
-2.727539999999999965e-01
-2.727539999999999965e-01
-2.727539999999999965e-01
-2.727539999999999965e-01
-2.727539999999999965e-01
-2.727539999999999965e-01
-2.727539999999999965e-01
-2.727539999999999965e-01
-2.727539999999999965e-01
-2.727539999999999965e-01
-2.727539999999999965e-01
-2.727539999999999965e-01
-2.727470000000000172e-01
-2.727470000000000172e-01
-2.727470000000000172e-01
-2.727470000000000172e-01
-2.727470000000000172e-01
-2.727470000000000172e-01
-2.727470000000000172e-01
-2.727470000000000172e-01
-2.727445000000000008e-01
-2.727445000000000008e-01
-2.727445000000000008e-01
-2.727445000000000008e-01
-2.727445000000000008e-01
-2.727445000000000008e-01
-2.727445000000000008e-01
-2.727445000000000008e-01
-2.727295000000000136e-01
-2.727295000000000136e-01
-2.727295000000000136e-01
-2.727295000000000136e-01
-2.727295000000000136e-01
-2.727295000000000136e-01
-2.727295000000000136e-01
-2.727295000000000136e-01
-2.727295000000000136e-01
-2.727295000000000136e-01
-2.727295000000000136e-01
-2.727295000000000136e-01
-2.727295000000000136e-01
-2.727295000000000136e-01
-2.727295000000000136e-01
-2.727295000000000136e-01
-2.727295000000000136e-01
-2.727295000000000136e-01
-2.727295000000000136e-01
-2.727295000000000136e-01
-2.727295000000000136e-01
-2.727295000000000136e-01
-2.727295000000000136e-01
-2.727295000000000136e-01
-2.727295000000000136e-01
-2.727295000000000136e-01
-2.727295000000000136e-01
-2.727295000000000136e-01
-2.727295000000000136e-01
-2.727295000000000136e-01
-2.727295000000000136e-01
-2.727295000000000136e-01
-2.727295000000000136e-01
-2.727295000000000136e-01
-2.727295000000000136e-01
-2.727295000000000136e-01
-2.727295000000000136e-01
-2.727295000000000136e-01
-2.727295000000000136e-01
-2.727295000000000136e-01
-2.727295000000000136e-01
-2.727220000000000200e-01
-2.727189999999999892e-01
-2.727189999999999892e-01
-2.727189999999999892e-01
-2.727189999999999892e-01
-2.727189999999999892e-01
-2.727189999999999892e-01
-2.727189999999999892e-01
-2.727189999999999892e-01
-2.727169999999999872e-01
-2.727169999999999872e-01
-2.727169999999999872e-01
-2.727169999999999872e-01
-2.727169999999999872e-01
-2.727169999999999872e-01
-2.727169999999999872e-01
-2.727169999999999872e-01
-2.727169999999999872e-01
-2.727169999999999872e-01
-2.727169999999999872e-01
-2.727169999999999872e-01
-2.727169999999999872e-01
-2.727169999999999872e-01
-2.727160000000000140e-01
-2.727160000000000140e-01
-2.727160000000000140e-01
-2.727160000000000140e-01
-2.727160000000000140e-01
-2.727160000000000140e-01
-2.727114999999999956e-01
-2.727094999999999936e-01
-2.727080000000000060e-01
-2.727080000000000060e-01
-2.727069999999999772e-01
-2.727069999999999772e-01
-2.727069999999999772e-01
-2.727069999999999772e-01
-2.727065000000000183e-01
-2.727065000000000183e-01
-2.727065000000000183e-01
-2.727060000000000040e-01
-2.727060000000000040e-01
-2.727060000000000040e-01
-2.727060000000000040e-01
-2.727060000000000040e-01
-2.726855000000000251e-01
-2.726855000000000251e-01
-2.726855000000000251e-01
-2.726855000000000251e-01
-2.726855000000000251e-01
-2.726755000000000151e-01
-2.726755000000000151e-01
-2.726755000000000151e-01
-2.726755000000000151e-01
-2.726755000000000151e-01
-2.726755000000000151e-01
-2.726755000000000151e-01
-2.726755000000000151e-01
-2.726755000000000151e-01
-2.726755000000000151e-01
-2.726755000000000151e-01
-2.726755000000000151e-01
-2.726755000000000151e-01
-2.726755000000000151e-01
-2.726755000000000151e-01
-2.726755000000000151e-01
-2.726755000000000151e-01
-2.726755000000000151e-01
-2.726744999999999863e-01
-2.726744999999999863e-01
-2.726744999999999863e-01
-2.726744999999999863e-01
-2.726744999999999863e-01
-2.726744999999999863e-01
-2.726744999999999863e-01
-2.726744999999999863e-01
-2.726744999999999863e-01
-2.726744999999999863e-01
-2.726744999999999863e-01
-2.726744999999999863e-01
-2.726744999999999863e-01
-2.726744999999999863e-01
-2.726744999999999863e-01
-2.726744999999999863e-01
-2.726744999999999863e-01
-2.726744999999999863e-01
-2.726735000000000131e-01
-2.726735000000000131e-01
-2.726735000000000131e-01
-2.726735000000000131e-01
-2.726735000000000131e-01
-2.726735000000000131e-01
-2.726735000000000131e-01
-2.726735000000000131e-01
-2.726735000000000131e-01
-2.726735000000000131e-01
-2.726635000000000031e-01
-2.726635000000000031e-01
-2.726635000000000031e-01
-2.726635000000000031e-01
-2.726635000000000031e-01
