9.988419726617923100e-01
3.636945152223286862e-03
4.424645827142099641e-01
9.984962133864219158e-01
3.091125926237157408e-03
9.086242858093422914e-01
9.977656648202082312e-01
1.013008281710946895e-02
8.745470350032202855e-01
9.995065346796554451e-01
3.876311824734604734e-03
8.259110502079243243e-01
9.981432457914543033e-01
6.867171395962217914e-03
5.653413614534665843e-01
9.966864081240711659e-01
1.601528047426434287e-02
6.780963450243852053e-01
9.992361892014700597e-01
8.590782606430532459e-03
4.259448597297596506e-01
9.992244598574033798e-01
9.923632836085003253e-03
2.294729118538774149e-01
9.998450195914843075e-01
6.837776270322998631e-03
2.846406998921825471e-01
9.985708543558819983e-01
7.717617116469580041e-03
1.886570339615566971e-01
