-1.847469999999999946e-01
-1.847469999999999946e-01
-1.772414999999999963e-01
-1.596770000000000134e-01
-1.476995000000000113e-01
-1.250479999999999925e-01
-1.005489999999999995e-01
-1.005489999999999995e-01
-1.005489999999999995e-01
-1.005489999999999995e-01
-9.056849999999999623e-02
-8.682750000000000190e-02
-8.682750000000000190e-02
-8.682750000000000190e-02
-8.037099999999999800e-02
-8.037099999999999800e-02
-8.037099999999999800e-02
-8.025699999999999501e-02
-7.241549999999999376e-02
-7.241549999999999376e-02
-7.241549999999999376e-02
-7.241549999999999376e-02
-7.177400000000000446e-02
-7.147950000000000137e-02
-6.975399999999999656e-02
-6.975399999999999656e-02
-6.960950000000000470e-02
-6.611050000000000260e-02
-6.580099999999999838e-02
-6.580099999999999838e-02
-6.579599999999999338e-02
-6.534850000000000381e-02
-6.534850000000000381e-02
-6.427700000000000080e-02
-6.199349999999999999e-02
-6.189750000000000113e-02
-6.078900000000000275e-02
-6.074600000000000138e-02
-6.056000000000000272e-02
-6.009149999999999908e-02
-5.740449999999999720e-02
-5.740449999999999720e-02
-5.740449999999999720e-02
-5.740449999999999720e-02
-5.732899999999999802e-02
-5.560650000000000315e-02
-5.560650000000000315e-02
-5.560650000000000315e-02
-5.560650000000000315e-02
-5.560650000000000315e-02
-5.560650000000000315e-02
-5.503500000000000059e-02
-5.446399999999999852e-02
-5.446399999999999852e-02
-5.446399999999999852e-02
-5.446399999999999852e-02
-5.446399999999999852e-02
-5.403349999999999820e-02
-5.403349999999999820e-02
-5.392050000000000315e-02
-5.361899999999999999e-02
-5.356000000000000344e-02
-5.349199999999999788e-02
-5.349199999999999788e-02
-5.347650000000000320e-02
-5.328850000000000253e-02
-5.263000000000000317e-02
-5.263000000000000317e-02
-5.263000000000000317e-02
-5.175149999999999889e-02
-5.175149999999999889e-02
-5.175149999999999889e-02
-5.175149999999999889e-02
-5.175149999999999889e-02
-5.139900000000000024e-02
-5.139900000000000024e-02
-5.138800000000000312e-02
-5.138800000000000312e-02
-5.138800000000000312e-02
-5.134650000000000325e-02
-5.134650000000000325e-02
-5.134650000000000325e-02
-5.107149999999999884e-02
-5.091600000000000292e-02
-5.091600000000000292e-02
-5.091600000000000292e-02
-5.091600000000000292e-02
-5.089300000000000074e-02
-5.048300000000000010e-02
-5.048300000000000010e-02
-5.048300000000000010e-02
-5.048300000000000010e-02
-5.048300000000000010e-02
-5.048300000000000010e-02
-5.009399999999999964e-02
-5.009399999999999964e-02
-5.009399999999999964e-02
-5.009399999999999964e-02
-4.983850000000000086e-02
-4.983850000000000086e-02
-4.983850000000000086e-02
-4.978799999999999892e-02
-4.978799999999999892e-02
-4.956850000000000145e-02
-4.956850000000000145e-02
-4.956850000000000145e-02
-4.956850000000000145e-02
-4.956850000000000145e-02
-4.956850000000000145e-02
-4.952850000000000308e-02
-4.939799999999999747e-02
-4.939799999999999747e-02
-4.939799999999999747e-02
-4.928899999999999948e-02
-4.928899999999999948e-02
-4.928899999999999948e-02
-4.928899999999999948e-02
-4.926950000000000079e-02
-4.903049999999999770e-02
-4.903049999999999770e-02
-4.903049999999999770e-02
-4.903049999999999770e-02
-4.903049999999999770e-02
-4.894400000000000139e-02
-4.894400000000000139e-02
-4.877200000000000285e-02
-4.877200000000000285e-02
-4.877200000000000285e-02
-4.877200000000000285e-02
-4.877200000000000285e-02
-4.874649999999999817e-02
-4.874649999999999817e-02
-4.874649999999999817e-02
-4.867350000000000149e-02
-4.858549999999999675e-02
-4.858549999999999675e-02
-4.851849999999999913e-02
-4.851849999999999913e-02
-4.851849999999999913e-02
-4.849799999999999944e-02
-4.849799999999999944e-02
-4.849799999999999944e-02
-4.843499999999999889e-02
-4.843499999999999889e-02
-4.832249999999999740e-02
-4.832249999999999740e-02
-4.832249999999999740e-02
-4.832249999999999740e-02
-4.832249999999999740e-02
-4.831300000000000178e-02
-4.831300000000000178e-02
-4.831300000000000178e-02
-4.830500000000000071e-02
-4.830500000000000071e-02
-4.821899999999999797e-02
-4.811300000000000299e-02
-4.811300000000000299e-02
-4.811300000000000299e-02
-4.805149999999999699e-02
-4.805149999999999699e-02
-4.805149999999999699e-02
-4.805149999999999699e-02
-4.805149999999999699e-02
-4.805149999999999699e-02
-4.805149999999999699e-02
-4.805149999999999699e-02
-4.798199999999999688e-02
-4.795449999999999713e-02
-4.795449999999999713e-02
-4.795449999999999713e-02
-4.795449999999999713e-02
-4.795449999999999713e-02
-4.795250000000000207e-02
-4.795250000000000207e-02
-4.795250000000000207e-02
-4.795250000000000207e-02
-4.795250000000000207e-02
-4.793349999999999694e-02
-4.793349999999999694e-02
-4.793250000000000288e-02
-4.789600000000000107e-02
-4.789600000000000107e-02
-4.789600000000000107e-02
-4.789600000000000107e-02
-4.786900000000000183e-02
-4.786900000000000183e-02
-4.777449999999999752e-02
-4.777449999999999752e-02
-4.777449999999999752e-02
-4.777449999999999752e-02
-4.773850000000000315e-02
-4.773850000000000315e-02
-4.773850000000000315e-02
-4.773850000000000315e-02
-4.773850000000000315e-02
-4.773850000000000315e-02
-4.773850000000000315e-02
-4.773850000000000315e-02
-4.773850000000000315e-02
-4.752850000000000130e-02
-4.752850000000000130e-02
-4.752850000000000130e-02
-4.752850000000000130e-02
-4.752850000000000130e-02
-4.752850000000000130e-02
-4.752850000000000130e-02
-4.752850000000000130e-02
-4.752850000000000130e-02
-4.752850000000000130e-02
-4.752850000000000130e-02
-4.752850000000000130e-02
-4.752850000000000130e-02
-4.752850000000000130e-02
-4.752850000000000130e-02
-4.752850000000000130e-02
-4.752150000000000124e-02
-4.743150000000000144e-02
-4.742650000000000338e-02
-4.742650000000000338e-02
-4.742650000000000338e-02
-4.742650000000000338e-02
-4.742650000000000338e-02
-4.742650000000000338e-02
-4.742650000000000338e-02
-4.742500000000000188e-02
-4.742500000000000188e-02
-4.739999999999999769e-02
-4.739999999999999769e-02
-4.739999999999999769e-02
-4.739999999999999769e-02
-4.739999999999999769e-02
-4.739999999999999769e-02
-4.739999999999999769e-02
-4.739999999999999769e-02
-4.739999999999999769e-02
-4.739999999999999769e-02
-4.739999999999999769e-02
-4.735000000000000320e-02
-4.735000000000000320e-02
-4.735000000000000320e-02
-4.725100000000000133e-02
-4.725100000000000133e-02
-4.725100000000000133e-02
-4.725100000000000133e-02
-4.725100000000000133e-02
-4.725100000000000133e-02
-4.723399999999999821e-02
-4.723399999999999821e-02
-4.723399999999999821e-02
-4.723399999999999821e-02
-4.723399999999999821e-02
-4.723399999999999821e-02
-4.723399999999999821e-02
-4.723399999999999821e-02
-4.723399999999999821e-02
-4.723399999999999821e-02
-4.723399999999999821e-02
-4.723399999999999821e-02
-4.723399999999999821e-02
-4.723399999999999821e-02
-4.723399999999999821e-02
-4.721600000000000102e-02
-4.721600000000000102e-02
-4.721600000000000102e-02
-4.721600000000000102e-02
-4.721600000000000102e-02
-4.721600000000000102e-02
-4.713099999999999928e-02
-4.713099999999999928e-02
-4.713099999999999928e-02
-4.713099999999999928e-02
-4.713099999999999928e-02
-4.713099999999999928e-02
-4.713099999999999928e-02
-4.713099999999999928e-02
-4.713099999999999928e-02
-4.711599999999999816e-02
-4.707399999999999779e-02
-4.707399999999999779e-02
-4.707399999999999779e-02
-4.707399999999999779e-02
-4.706799999999999873e-02
-4.706799999999999873e-02
-4.706799999999999873e-02
-4.706799999999999873e-02
-4.704850000000000004e-02
-4.704850000000000004e-02
-4.704850000000000004e-02
-4.704850000000000004e-02
-4.704850000000000004e-02
-4.701799999999999730e-02
-4.701799999999999730e-02
-4.701799999999999730e-02
-4.701799999999999730e-02
-4.701500000000000123e-02
-4.701500000000000123e-02
-4.701500000000000123e-02
-4.701500000000000123e-02
-4.701500000000000123e-02
-4.701500000000000123e-02
-4.701500000000000123e-02
-4.701500000000000123e-02
-4.701500000000000123e-02
-4.701500000000000123e-02
-4.701500000000000123e-02
-4.701500000000000123e-02
-4.701500000000000123e-02
-4.701500000000000123e-02
-4.701500000000000123e-02
-4.701500000000000123e-02
-4.701500000000000123e-02
-4.701500000000000123e-02
-4.701500000000000123e-02
-4.701500000000000123e-02
-4.701500000000000123e-02
-4.701500000000000123e-02
-4.700599999999999917e-02
-4.700599999999999917e-02
-4.700599999999999917e-02
-4.700599999999999917e-02
-4.700599999999999917e-02
-4.700599999999999917e-02
-4.700599999999999917e-02
-4.700599999999999917e-02
-4.694299999999999862e-02
-4.694299999999999862e-02
-4.694299999999999862e-02
-4.694299999999999862e-02
-4.694299999999999862e-02
-4.694299999999999862e-02
-4.694099999999999662e-02
-4.694099999999999662e-02
-4.694099999999999662e-02
-4.694099999999999662e-02
-4.694099999999999662e-02
-4.694099999999999662e-02
-4.694099999999999662e-02
-4.694099999999999662e-02
-4.693549999999999806e-02
-4.693549999999999806e-02
-4.693549999999999806e-02
-4.692600000000000243e-02
-4.692600000000000243e-02
-4.692600000000000243e-02
-4.692600000000000243e-02
-4.692600000000000243e-02
-4.692600000000000243e-02
-4.692600000000000243e-02
-4.692600000000000243e-02
-4.692600000000000243e-02
-4.692600000000000243e-02
-4.692600000000000243e-02
-4.692600000000000243e-02
-4.689150000000000262e-02
-4.689150000000000262e-02
-4.689150000000000262e-02
-4.689150000000000262e-02
-4.689150000000000262e-02
-4.689150000000000262e-02
-4.689150000000000262e-02
-4.689150000000000262e-02
-4.689150000000000262e-02
-4.689150000000000262e-02
-4.689150000000000262e-02
-4.685600000000000181e-02
-4.685600000000000181e-02
-4.685600000000000181e-02
-4.685600000000000181e-02
-4.685600000000000181e-02
-4.685600000000000181e-02
-4.685600000000000181e-02
-4.685600000000000181e-02
-4.684250000000000219e-02
-4.684250000000000219e-02
-4.684250000000000219e-02
-4.684250000000000219e-02
-4.684250000000000219e-02
-4.684250000000000219e-02
-4.684250000000000219e-02
-4.684250000000000219e-02
-4.684250000000000219e-02
-4.684250000000000219e-02
-4.684100000000000069e-02
-4.684100000000000069e-02
-4.684100000000000069e-02
-4.684100000000000069e-02
-4.684100000000000069e-02
-4.684100000000000069e-02
-4.684100000000000069e-02
-4.684100000000000069e-02
-4.675649999999999945e-02
-4.675649999999999945e-02
-4.675649999999999945e-02
-4.675649999999999945e-02
-4.674400000000000083e-02
-4.674400000000000083e-02
-4.674400000000000083e-02
-4.674400000000000083e-02
-4.674400000000000083e-02
-4.674400000000000083e-02
-4.674400000000000083e-02
-4.674400000000000083e-02
-4.674400000000000083e-02
-4.674400000000000083e-02
-4.674400000000000083e-02
-4.674400000000000083e-02
-4.674400000000000083e-02
-4.674400000000000083e-02
-4.674400000000000083e-02
-4.674400000000000083e-02
-4.674400000000000083e-02
-4.674400000000000083e-02
-4.674400000000000083e-02
-4.674400000000000083e-02
-4.674400000000000083e-02
-4.674400000000000083e-02
-4.674400000000000083e-02
-4.674400000000000083e-02
-4.672099999999999864e-02
-4.672099999999999864e-02
-4.672099999999999864e-02
-4.672099999999999864e-02
-4.672099999999999864e-02
-4.672099999999999864e-02
-4.672099999999999864e-02
-4.672099999999999864e-02
-4.672099999999999864e-02
-4.672099999999999864e-02
-4.672099999999999864e-02
-4.672099999999999864e-02
-4.670599999999999752e-02
-4.670599999999999752e-02
-4.670599999999999752e-02
-4.670599999999999752e-02
-4.670599999999999752e-02
-4.670599999999999752e-02
-4.670599999999999752e-02
-4.670599999999999752e-02
-4.670599999999999752e-02
-4.670599999999999752e-02
-4.670599999999999752e-02
-4.670599999999999752e-02
-4.670599999999999752e-02
-4.670599999999999752e-02
-4.669800000000000340e-02
-4.669800000000000340e-02
-4.669800000000000340e-02
-4.669800000000000340e-02
-4.669800000000000340e-02
-4.669800000000000340e-02
-4.669800000000000340e-02
-4.669800000000000340e-02
-4.669800000000000340e-02
-4.669800000000000340e-02
-4.669800000000000340e-02
-4.669800000000000340e-02
-4.669800000000000340e-02
-4.669800000000000340e-02
-4.669800000000000340e-02
-4.669800000000000340e-02
-4.669800000000000340e-02
-4.669800000000000340e-02
-4.669800000000000340e-02
-4.669800000000000340e-02
-4.669800000000000340e-02
-4.669800000000000340e-02
-4.669800000000000340e-02
-4.669399999999999940e-02
-4.669399999999999940e-02
-4.669399999999999940e-02
-4.669399999999999940e-02
-4.669399999999999940e-02
-4.669399999999999940e-02
-4.669399999999999940e-02
-4.669399999999999940e-02
-4.669399999999999940e-02
-4.669399999999999940e-02
-4.669399999999999940e-02
-4.669399999999999940e-02
-4.669399999999999940e-02
-4.669399999999999940e-02
-4.669399999999999940e-02
-4.669399999999999940e-02
-4.669399999999999940e-02
-4.668100000000000027e-02
-4.668100000000000027e-02
-4.668100000000000027e-02
-4.668100000000000027e-02
-4.668100000000000027e-02
-4.668100000000000027e-02
-4.668100000000000027e-02
-4.668100000000000027e-02
-4.668100000000000027e-02
-4.668100000000000027e-02
-4.668100000000000027e-02
-4.668100000000000027e-02
-4.668100000000000027e-02
-4.668100000000000027e-02
-4.668100000000000027e-02
-4.668100000000000027e-02
-4.668100000000000027e-02
-4.668100000000000027e-02
-4.668100000000000027e-02
-4.668100000000000027e-02
-4.668100000000000027e-02
-4.668100000000000027e-02
-4.668100000000000027e-02
-4.668100000000000027e-02
-4.668100000000000027e-02
-4.668100000000000027e-02
-4.668100000000000027e-02
-4.668100000000000027e-02
-4.668100000000000027e-02
-4.668100000000000027e-02
-4.668100000000000027e-02
-4.668100000000000027e-02
-4.668100000000000027e-02
-4.668100000000000027e-02
-4.668100000000000027e-02
-4.668100000000000027e-02
-4.667749999999999677e-02
-4.667749999999999677e-02
-4.667749999999999677e-02
-4.667400000000000021e-02
-4.667400000000000021e-02
-4.667400000000000021e-02
-4.667400000000000021e-02
-4.667400000000000021e-02
-4.667400000000000021e-02
-4.667400000000000021e-02
-4.667400000000000021e-02
-4.667400000000000021e-02
-4.667400000000000021e-02
-4.667400000000000021e-02
-4.667400000000000021e-02
-4.667400000000000021e-02
-4.667400000000000021e-02
-4.667400000000000021e-02
-4.667400000000000021e-02
-4.666950000000000265e-02
-4.666950000000000265e-02
-4.666950000000000265e-02
-4.666950000000000265e-02
-4.666950000000000265e-02
-4.666950000000000265e-02
-4.666950000000000265e-02
-4.666950000000000265e-02
-4.666950000000000265e-02
-4.666950000000000265e-02
-4.666950000000000265e-02
-4.666950000000000265e-02
-4.666950000000000265e-02
-4.666950000000000265e-02
-4.666950000000000265e-02
-4.666950000000000265e-02
-4.666950000000000265e-02
-4.666950000000000265e-02
-4.666950000000000265e-02
-4.666950000000000265e-02
-4.666950000000000265e-02
-4.666950000000000265e-02
-4.666950000000000265e-02
-4.666950000000000265e-02
-4.666950000000000265e-02
-4.666950000000000265e-02
-4.666950000000000265e-02
-4.666950000000000265e-02
-4.666950000000000265e-02
-4.666950000000000265e-02
-4.666950000000000265e-02
-4.666950000000000265e-02
-4.666950000000000265e-02
-4.666950000000000265e-02
-4.666950000000000265e-02
-4.666950000000000265e-02
-4.666950000000000265e-02
-4.666950000000000265e-02
-4.666950000000000265e-02
-4.666900000000000215e-02
-4.666900000000000215e-02
-4.666900000000000215e-02
-4.666900000000000215e-02
-4.666900000000000215e-02
-4.666900000000000215e-02
-4.666900000000000215e-02
-4.666900000000000215e-02
-4.666900000000000215e-02
-4.666900000000000215e-02
-4.666900000000000215e-02
-4.666900000000000215e-02
-4.666900000000000215e-02
-4.666900000000000215e-02
-4.666900000000000215e-02
-4.666900000000000215e-02
-4.666900000000000215e-02
-4.666900000000000215e-02
-4.666900000000000215e-02
-4.666900000000000215e-02
-4.666900000000000215e-02
-4.666900000000000215e-02
-4.666900000000000215e-02
-4.666900000000000215e-02
-4.666900000000000215e-02
-4.666900000000000215e-02
-4.666900000000000215e-02
-4.666900000000000215e-02
-4.666900000000000215e-02
-4.666900000000000215e-02
-4.666900000000000215e-02
-4.666900000000000215e-02
-4.666900000000000215e-02
-4.666900000000000215e-02
-4.666900000000000215e-02
-4.666900000000000215e-02
-4.666900000000000215e-02
-4.666900000000000215e-02
-4.666900000000000215e-02
-4.666900000000000215e-02
-4.666900000000000215e-02
-4.666900000000000215e-02
-4.666900000000000215e-02
-4.666900000000000215e-02
-4.666200000000000209e-02
-4.666200000000000209e-02
-4.666200000000000209e-02
-4.666200000000000209e-02
-4.666200000000000209e-02
-4.666200000000000209e-02
-4.666200000000000209e-02
-4.666200000000000209e-02
-4.666200000000000209e-02
-4.665550000000000253e-02
-4.665550000000000253e-02
-4.665550000000000253e-02
-4.665550000000000253e-02
-4.665550000000000253e-02
-4.665550000000000253e-02
-4.664750000000000146e-02
-4.664750000000000146e-02
-4.664750000000000146e-02
-4.664750000000000146e-02
-4.664750000000000146e-02
-4.664750000000000146e-02
-4.664750000000000146e-02
-4.664750000000000146e-02
-4.664750000000000146e-02
-4.664750000000000146e-02
-4.664750000000000146e-02
-4.664750000000000146e-02
-4.664750000000000146e-02
-4.664750000000000146e-02
-4.664750000000000146e-02
-4.664750000000000146e-02
-4.664750000000000146e-02
-4.664750000000000146e-02
-4.664750000000000146e-02
-4.664750000000000146e-02
-4.664750000000000146e-02
-4.664750000000000146e-02
-4.664750000000000146e-02
-4.664750000000000146e-02
-4.664750000000000146e-02
-4.664250000000000340e-02
-4.664250000000000340e-02
-4.664250000000000340e-02
-4.664250000000000340e-02
-4.664250000000000340e-02
-4.664250000000000340e-02
-4.664250000000000340e-02
-4.664250000000000340e-02
-4.664250000000000340e-02
-4.664250000000000340e-02
-4.664250000000000340e-02
-4.664250000000000340e-02
-4.664250000000000340e-02
-4.664250000000000340e-02
-4.664250000000000340e-02
-4.664250000000000340e-02
-4.664250000000000340e-02
-4.664250000000000340e-02
-4.664250000000000340e-02
-4.664250000000000340e-02
-4.664250000000000340e-02
-4.664250000000000340e-02
-4.664250000000000340e-02
-4.664250000000000340e-02
-4.664250000000000340e-02
-4.664250000000000340e-02
-4.664250000000000340e-02
-4.664250000000000340e-02
-4.664250000000000340e-02
-4.664250000000000340e-02
-4.664250000000000340e-02
-4.664050000000000140e-02
-4.664050000000000140e-02
-4.664050000000000140e-02
-4.664050000000000140e-02
-4.664050000000000140e-02
-4.664050000000000140e-02
-4.664050000000000140e-02
-4.664050000000000140e-02
-4.664050000000000140e-02
-4.664050000000000140e-02
-4.664050000000000140e-02
-4.664050000000000140e-02
-4.664050000000000140e-02
-4.664050000000000140e-02
-4.664050000000000140e-02
-4.664050000000000140e-02
-4.664050000000000140e-02
-4.664050000000000140e-02
-4.664050000000000140e-02
-4.664050000000000140e-02
-4.664050000000000140e-02
-4.664050000000000140e-02
-4.664050000000000140e-02
-4.664050000000000140e-02
-4.664050000000000140e-02
-4.664050000000000140e-02
-4.664050000000000140e-02
-4.664050000000000140e-02
-4.664050000000000140e-02
-4.664050000000000140e-02
-4.664050000000000140e-02
-4.664050000000000140e-02
-4.664050000000000140e-02
-4.664050000000000140e-02
-4.664050000000000140e-02
-4.664050000000000140e-02
-4.664050000000000140e-02
-4.664050000000000140e-02
-4.664050000000000140e-02
-4.664050000000000140e-02
-4.664050000000000140e-02
-4.664050000000000140e-02
-4.664050000000000140e-02
-4.664050000000000140e-02
-4.664050000000000140e-02
-4.664050000000000140e-02
-4.664050000000000140e-02
-4.664050000000000140e-02
-4.664050000000000140e-02
-4.664050000000000140e-02
-4.664050000000000140e-02
-4.664050000000000140e-02
-4.664050000000000140e-02
-4.664050000000000140e-02
-4.664050000000000140e-02
-4.664050000000000140e-02
-4.664050000000000140e-02
-4.664050000000000140e-02
-4.664050000000000140e-02
-4.664050000000000140e-02
-4.664050000000000140e-02
-4.664050000000000140e-02
-4.664050000000000140e-02
-4.664050000000000140e-02
-4.664050000000000140e-02
-4.664050000000000140e-02
-4.664050000000000140e-02
-4.664050000000000140e-02
-4.664050000000000140e-02
-4.664050000000000140e-02
-4.664050000000000140e-02
-4.664050000000000140e-02
-4.664050000000000140e-02
-4.664050000000000140e-02
-4.664050000000000140e-02
-4.664050000000000140e-02
-4.664050000000000140e-02
-4.664050000000000140e-02
-4.664050000000000140e-02
-4.664050000000000140e-02
-4.664050000000000140e-02
-4.664050000000000140e-02
-4.664050000000000140e-02
-4.664050000000000140e-02
-4.664050000000000140e-02
-4.663950000000000040e-02
-4.662850000000000328e-02
-4.662850000000000328e-02
-4.662850000000000328e-02
-4.662850000000000328e-02
-4.662850000000000328e-02
-4.662850000000000328e-02
-4.662850000000000328e-02
-4.662850000000000328e-02
-4.662850000000000328e-02
-4.662850000000000328e-02
-4.662850000000000328e-02
-4.662850000000000328e-02
-4.662850000000000328e-02
-4.662850000000000328e-02
-4.662850000000000328e-02
-4.662850000000000328e-02
-4.662850000000000328e-02
-4.662850000000000328e-02
-4.662850000000000328e-02
-4.662850000000000328e-02
-4.662850000000000328e-02
-4.662850000000000328e-02
-4.662850000000000328e-02
-4.662850000000000328e-02
-4.662850000000000328e-02
-4.662850000000000328e-02
-4.662850000000000328e-02
-4.662850000000000328e-02
-4.662850000000000328e-02
-4.662850000000000328e-02
-4.662850000000000328e-02
-4.662850000000000328e-02
-4.662850000000000328e-02
-4.662850000000000328e-02
-4.662850000000000328e-02
-4.662850000000000328e-02
-4.662850000000000328e-02
-4.662850000000000328e-02
-4.662850000000000328e-02
-4.662850000000000328e-02
-4.662850000000000328e-02
-4.662850000000000328e-02
-4.662850000000000328e-02
-4.662850000000000328e-02
-4.661250000000000115e-02
-4.661250000000000115e-02
-4.661250000000000115e-02
-4.661250000000000115e-02
-4.661250000000000115e-02
-4.661250000000000115e-02
-4.661250000000000115e-02
-4.661250000000000115e-02
-4.661250000000000115e-02
-4.661250000000000115e-02
-4.661250000000000115e-02
-4.661250000000000115e-02
-4.661250000000000115e-02
-4.661250000000000115e-02
-4.661250000000000115e-02
-4.661250000000000115e-02
-4.661250000000000115e-02
-4.661250000000000115e-02
-4.661250000000000115e-02
-4.661250000000000115e-02
-4.661250000000000115e-02
-4.661250000000000115e-02
-4.661250000000000115e-02
-4.661250000000000115e-02
-4.661250000000000115e-02
-4.661250000000000115e-02
-4.661250000000000115e-02
-4.661250000000000115e-02
-4.661250000000000115e-02
-4.661250000000000115e-02
-4.661250000000000115e-02
-4.661250000000000115e-02
-4.661250000000000115e-02
-4.661250000000000115e-02
-4.661250000000000115e-02
-4.661250000000000115e-02
-4.661250000000000115e-02
-4.661250000000000115e-02
-4.661250000000000115e-02
-4.661250000000000115e-02
-4.661250000000000115e-02
-4.661250000000000115e-02
-4.661250000000000115e-02
-4.661250000000000115e-02
-4.661250000000000115e-02
-4.661250000000000115e-02
-4.661250000000000115e-02
-4.660999999999999865e-02
-4.660999999999999865e-02
-4.660999999999999865e-02
-4.660999999999999865e-02
-4.660999999999999865e-02
-4.660999999999999865e-02
-4.660999999999999865e-02
-4.660999999999999865e-02
-4.660999999999999865e-02
-4.660999999999999865e-02
-4.660999999999999865e-02
-4.660999999999999865e-02
-4.660999999999999865e-02
-4.660999999999999865e-02
-4.660999999999999865e-02
-4.660949999999999815e-02
-4.660949999999999815e-02
-4.660949999999999815e-02
-4.660949999999999815e-02
-4.660949999999999815e-02
-4.660949999999999815e-02
-4.660949999999999815e-02
-4.660949999999999815e-02
-4.660949999999999815e-02
-4.660949999999999815e-02
-4.660949999999999815e-02
-4.660949999999999815e-02
-4.660949999999999815e-02
-4.660949999999999815e-02
-4.660949999999999815e-02
-4.660949999999999815e-02
-4.660949999999999815e-02
-4.660949999999999815e-02
-4.660700000000000259e-02
-4.660700000000000259e-02
-4.660700000000000259e-02
-4.660450000000000009e-02
-4.660299999999999859e-02
-4.660299999999999859e-02
-4.660299999999999859e-02
-4.660299999999999859e-02
-4.660299999999999859e-02
-4.660299999999999859e-02
-4.660299999999999859e-02
-4.660299999999999859e-02
-4.660299999999999859e-02
-4.660299999999999859e-02
-4.660299999999999859e-02
-4.660299999999999859e-02
-4.660299999999999859e-02
-4.660299999999999859e-02
-4.660299999999999859e-02
-4.659800000000000053e-02
-4.659800000000000053e-02
-4.659800000000000053e-02
-4.659800000000000053e-02
-4.659800000000000053e-02
-4.659800000000000053e-02
-4.659800000000000053e-02
-4.659800000000000053e-02
-4.659549999999999803e-02
-4.659549999999999803e-02
-4.659549999999999803e-02
-4.659549999999999803e-02
-4.659549999999999803e-02
-4.659549999999999803e-02
-4.659549999999999803e-02
-4.659549999999999803e-02
-4.659549999999999803e-02
-4.659449999999999703e-02
-4.659449999999999703e-02
-4.659449999999999703e-02
-4.659449999999999703e-02
-4.659449999999999703e-02
-4.659449999999999703e-02
-4.659449999999999703e-02
-4.659449999999999703e-02
-4.659449999999999703e-02
-4.659449999999999703e-02
-4.659449999999999703e-02
-4.659449999999999703e-02
-4.659449999999999703e-02
-4.659449999999999703e-02
-4.659449999999999703e-02
-4.659449999999999703e-02
-4.659449999999999703e-02
-4.659449999999999703e-02
-4.659449999999999703e-02
-4.659449999999999703e-02
-4.659449999999999703e-02
-4.659449999999999703e-02
-4.659449999999999703e-02
-4.659449999999999703e-02
-4.659449999999999703e-02
-4.659449999999999703e-02
-4.659449999999999703e-02
-4.659449999999999703e-02
-4.659449999999999703e-02
-4.659449999999999703e-02
-4.659449999999999703e-02
-4.659100000000000047e-02
-4.659100000000000047e-02
-4.659100000000000047e-02
-4.659100000000000047e-02
-4.659100000000000047e-02
-4.659100000000000047e-02
-4.659100000000000047e-02
-4.659100000000000047e-02
-4.659100000000000047e-02
-4.659100000000000047e-02
-4.659100000000000047e-02
-4.659100000000000047e-02
-4.659100000000000047e-02
-4.659100000000000047e-02
-4.659100000000000047e-02
-4.659100000000000047e-02
-4.659100000000000047e-02
-4.659100000000000047e-02
-4.659100000000000047e-02
-4.659100000000000047e-02
-4.659100000000000047e-02
-4.659100000000000047e-02
-4.659100000000000047e-02
-4.659100000000000047e-02
-4.659100000000000047e-02
-4.657649999999999985e-02
-4.657649999999999985e-02
-4.657649999999999985e-02
-4.657649999999999985e-02
-4.657649999999999985e-02
