-3.133144999999999958e-01
-3.087945000000000273e-01
-3.087945000000000273e-01
-3.087945000000000273e-01
-2.935705000000000120e-01
-2.935705000000000120e-01
-2.707379999999999787e-01
-2.688375000000000070e-01
-2.625264999999999960e-01
-2.605334999999999734e-01
-2.459719999999999962e-01
-2.317394999999999872e-01
-2.317394999999999872e-01
-2.241684999999999928e-01
-2.241684999999999928e-01
-2.186770000000000103e-01
-2.181174999999999919e-01
-2.165469999999999895e-01
-2.079370000000000107e-01
-2.079370000000000107e-01
-1.925324999999999953e-01
-1.925324999999999953e-01
-1.925324999999999953e-01
-1.895884999999999931e-01
-1.879359999999999919e-01
-1.776530000000000054e-01
-1.632435000000000136e-01
-1.632435000000000136e-01
-1.632435000000000136e-01
-1.572765000000000135e-01
-1.572765000000000135e-01
-1.572765000000000135e-01
-1.553005000000000080e-01
-1.414610000000000034e-01
-1.391394999999999993e-01
-1.391394999999999993e-01
-1.391394999999999993e-01
-1.391394999999999993e-01
-1.314770000000000105e-01
-1.314770000000000105e-01
-1.254520000000000080e-01
-1.254520000000000080e-01
-1.234439999999999982e-01
-1.234439999999999982e-01
-1.234439999999999982e-01
-1.205269999999999953e-01
-1.205269999999999953e-01
-1.174550000000000038e-01
-1.169039999999999940e-01
-1.169039999999999940e-01
-1.120369999999999977e-01
-1.120369999999999977e-01
-1.110470000000000068e-01
-1.110470000000000068e-01
-1.037275000000000003e-01
-1.037275000000000003e-01
-1.037275000000000003e-01
-1.033484999999999959e-01
-1.033484999999999959e-01
-9.220599999999999630e-02
-9.220599999999999630e-02
-9.220599999999999630e-02
-9.220599999999999630e-02
-9.050900000000000611e-02
-8.860350000000000170e-02
-8.860350000000000170e-02
-8.487849999999999562e-02
-8.487849999999999562e-02
-8.487849999999999562e-02
-8.487849999999999562e-02
-8.487849999999999562e-02
-8.487849999999999562e-02
-8.418599999999999695e-02
-8.418599999999999695e-02
-8.009149999999999603e-02
-8.009149999999999603e-02
-8.009149999999999603e-02
-7.971100000000000407e-02
-7.930249999999999799e-02
-7.930249999999999799e-02
-7.930249999999999799e-02
-7.930249999999999799e-02
-7.803050000000000264e-02
-7.180300000000000571e-02
-7.080599999999999394e-02
-7.080599999999999394e-02
-7.080599999999999394e-02
-7.080599999999999394e-02
-7.080599999999999394e-02
-6.925549999999999762e-02
-6.925549999999999762e-02
-6.925549999999999762e-02
-6.925549999999999762e-02
-6.883150000000000379e-02
-6.863750000000000406e-02
-6.593599999999999461e-02
-6.593599999999999461e-02
-6.593599999999999461e-02
-6.593599999999999461e-02
-6.488249999999999573e-02
-6.488249999999999573e-02
-6.488249999999999573e-02
-6.488249999999999573e-02
-6.422049999999999981e-02
-6.422049999999999981e-02
-6.321949999999999792e-02
-6.115099999999999703e-02
-6.115099999999999703e-02
-6.075850000000000001e-02
-5.831800000000000178e-02
-5.831800000000000178e-02
-5.831800000000000178e-02
-5.831800000000000178e-02
-5.831800000000000178e-02
-5.796099999999999863e-02
-5.493900000000000172e-02
-5.493900000000000172e-02
-5.493900000000000172e-02
-5.200049999999999811e-02
-5.200049999999999811e-02
-5.200049999999999811e-02
-5.200049999999999811e-02
-5.200049999999999811e-02
-5.200049999999999811e-02
-4.799400000000000194e-02
-4.799400000000000194e-02
-4.799400000000000194e-02
-4.799400000000000194e-02
-4.799400000000000194e-02
-4.799400000000000194e-02
-4.799400000000000194e-02
-4.799400000000000194e-02
-4.799400000000000194e-02
-4.799400000000000194e-02
-4.799400000000000194e-02
-4.793499999999999844e-02
-4.793499999999999844e-02
-4.793499999999999844e-02
-4.580449999999999799e-02
-4.580449999999999799e-02
-4.580449999999999799e-02
-4.580449999999999799e-02
-4.580449999999999799e-02
-4.580449999999999799e-02
-4.580449999999999799e-02
-4.572049999999999725e-02
-4.556600000000000233e-02
-4.556600000000000233e-02
-4.333599999999999952e-02
-4.333599999999999952e-02
-4.333599999999999952e-02
-4.333599999999999952e-02
-4.168050000000000227e-02
-4.168050000000000227e-02
-4.168050000000000227e-02
-4.168050000000000227e-02
-4.168050000000000227e-02
-4.168050000000000227e-02
-4.168050000000000227e-02
-4.168050000000000227e-02
-4.025549999999999962e-02
-4.025549999999999962e-02
-4.025549999999999962e-02
-4.025549999999999962e-02
-4.025549999999999962e-02
-4.025549999999999962e-02
-4.025549999999999962e-02
-4.025549999999999962e-02
-4.025549999999999962e-02
-3.936449999999999672e-02
-3.936449999999999672e-02
-3.936449999999999672e-02
-3.936449999999999672e-02
-3.936449999999999672e-02
-3.936449999999999672e-02
-3.936449999999999672e-02
-3.801349999999999868e-02
-3.801349999999999868e-02
-3.801349999999999868e-02
-3.801349999999999868e-02
-3.801349999999999868e-02
-3.801349999999999868e-02
-3.801349999999999868e-02
-3.801349999999999868e-02
-3.801349999999999868e-02
-3.801349999999999868e-02
-3.641250000000000042e-02
-3.641250000000000042e-02
-3.641250000000000042e-02
-3.641250000000000042e-02
-3.606050000000000227e-02
-3.606050000000000227e-02
-3.606050000000000227e-02
-3.606050000000000227e-02
-3.593699999999999672e-02
-3.593699999999999672e-02
-3.553250000000000158e-02
-3.553250000000000158e-02
-3.553250000000000158e-02
-3.553250000000000158e-02
-3.550749999999999740e-02
-3.526599999999999874e-02
-3.526599999999999874e-02
-3.385300000000000115e-02
-3.385300000000000115e-02
-3.385300000000000115e-02
-3.385300000000000115e-02
-3.385300000000000115e-02
-3.385300000000000115e-02
-3.385300000000000115e-02
-3.385300000000000115e-02
-3.385300000000000115e-02
-3.385300000000000115e-02
-3.385300000000000115e-02
-3.385300000000000115e-02
-3.385300000000000115e-02
-3.355799999999999755e-02
-3.012199999999999947e-02
-3.012199999999999947e-02
-3.012199999999999947e-02
-3.012199999999999947e-02
-2.948949999999999835e-02
-2.948949999999999835e-02
-2.948949999999999835e-02
-2.948949999999999835e-02
-2.948949999999999835e-02
-2.948949999999999835e-02
-2.948949999999999835e-02
-2.948949999999999835e-02
-2.948949999999999835e-02
-2.948949999999999835e-02
-2.939750000000000002e-02
-2.851499999999999868e-02
-2.851499999999999868e-02
-2.851499999999999868e-02
-2.851499999999999868e-02
-2.821250000000000147e-02
-2.821250000000000147e-02
-2.821250000000000147e-02
-2.754300000000000151e-02
-2.742249999999999896e-02
-2.739000000000000115e-02
-2.739000000000000115e-02
-2.708100000000000090e-02
-2.708100000000000090e-02
-2.708100000000000090e-02
-2.708100000000000090e-02
-2.708100000000000090e-02
-2.708100000000000090e-02
-2.690050000000000080e-02
-2.690050000000000080e-02
-2.685449999999999990e-02
-2.653399999999999856e-02
-2.646700000000000094e-02
-2.646700000000000094e-02
-2.646700000000000094e-02
-2.646700000000000094e-02
-2.646300000000000041e-02
-2.646300000000000041e-02
-2.640699999999999992e-02
-2.638949999999999976e-02
-2.638949999999999976e-02
-2.638949999999999976e-02
-2.538800000000000084e-02
-2.532649999999999832e-02
-2.532649999999999832e-02
-2.532649999999999832e-02
-2.532649999999999832e-02
-2.532649999999999832e-02
-2.497950000000000170e-02
-2.466950000000000046e-02
-2.466950000000000046e-02
-2.466950000000000046e-02
-2.466950000000000046e-02
-2.466950000000000046e-02
-2.458600000000000022e-02
-2.458600000000000022e-02
-2.384199999999999861e-02
-2.384199999999999861e-02
-2.384199999999999861e-02
-2.384199999999999861e-02
-2.384199999999999861e-02
-2.384199999999999861e-02
-2.384199999999999861e-02
-2.343349999999999947e-02
-2.343349999999999947e-02
-2.333350000000000007e-02
-2.333350000000000007e-02
-2.284200000000000119e-02
-2.284200000000000119e-02
-2.284200000000000119e-02
-2.284200000000000119e-02
-2.284200000000000119e-02
-2.284200000000000119e-02
-2.284200000000000119e-02
-2.284200000000000119e-02
-2.284200000000000119e-02
-2.284200000000000119e-02
-2.284200000000000119e-02
-2.284200000000000119e-02
-2.284200000000000119e-02
-2.280650000000000038e-02
-2.172249999999999875e-02
-2.172249999999999875e-02
-2.172249999999999875e-02
-2.172249999999999875e-02
-2.172249999999999875e-02
-2.162849999999999842e-02
-2.153549999999999909e-02
-2.153549999999999909e-02
-2.153549999999999909e-02
-2.153549999999999909e-02
-2.153549999999999909e-02
-2.153549999999999909e-02
-2.152849999999999903e-02
-2.152849999999999903e-02
-2.111999999999999988e-02
-2.111999999999999988e-02
-2.103299999999999961e-02
-2.103299999999999961e-02
-2.103299999999999961e-02
-2.095150000000000137e-02
-2.095150000000000137e-02
-2.095150000000000137e-02
-2.095150000000000137e-02
-2.095150000000000137e-02
-2.095150000000000137e-02
-2.077000000000000027e-02
-2.077000000000000027e-02
-2.077000000000000027e-02
-2.040449999999999903e-02
-2.040449999999999903e-02
-2.040449999999999903e-02
-2.040399999999999853e-02
-2.040399999999999853e-02
-2.040399999999999853e-02
-2.040350000000000150e-02
-2.036900000000000169e-02
-2.027299999999999935e-02
-2.027299999999999935e-02
-2.027299999999999935e-02
-2.027299999999999935e-02
-2.027299999999999935e-02
-2.027299999999999935e-02
-2.027299999999999935e-02
-1.998950000000000032e-02
-1.948799999999999838e-02
-1.948799999999999838e-02
-1.948799999999999838e-02
-1.948799999999999838e-02
-1.948799999999999838e-02
-1.948799999999999838e-02
-1.948799999999999838e-02
-1.948799999999999838e-02
-1.948799999999999838e-02
-1.948799999999999838e-02
-1.948799999999999838e-02
-1.948799999999999838e-02
-1.948799999999999838e-02
-1.948799999999999838e-02
-1.948799999999999838e-02
-1.948799999999999838e-02
-1.948799999999999838e-02
-1.909399999999999986e-02
-1.909399999999999986e-02
-1.909399999999999986e-02
-1.909399999999999986e-02
-1.890299999999999966e-02
-1.890299999999999966e-02
-1.890299999999999966e-02
-1.890299999999999966e-02
-1.890299999999999966e-02
-1.890299999999999966e-02
-1.890299999999999966e-02
-1.890299999999999966e-02
-1.890299999999999966e-02
-1.890299999999999966e-02
-1.890299999999999966e-02
-1.885699999999999876e-02
-1.885699999999999876e-02
-1.885699999999999876e-02
-1.885699999999999876e-02
-1.885699999999999876e-02
-1.885699999999999876e-02
-1.842150000000000037e-02
-1.842150000000000037e-02
-1.842150000000000037e-02
-1.809799999999999950e-02
-1.809799999999999950e-02
-1.809799999999999950e-02
-1.809799999999999950e-02
-1.809799999999999950e-02
-1.809799999999999950e-02
-1.809799999999999950e-02
-1.809799999999999950e-02
-1.809799999999999950e-02
-1.809799999999999950e-02
-1.809799999999999950e-02
-1.809799999999999950e-02
-1.809799999999999950e-02
-1.809799999999999950e-02
-1.809799999999999950e-02
-1.809799999999999950e-02
-1.790599999999999831e-02
-1.790599999999999831e-02
-1.790599999999999831e-02
-1.790599999999999831e-02
-1.788599999999999912e-02
-1.785799999999999887e-02
-1.785199999999999981e-02
-1.785199999999999981e-02
-1.728350000000000025e-02
-1.728350000000000025e-02
-1.728350000000000025e-02
-1.728350000000000025e-02
-1.728350000000000025e-02
-1.728350000000000025e-02
-1.728350000000000025e-02
-1.728350000000000025e-02
-1.728350000000000025e-02
-1.728350000000000025e-02
-1.688900000000000123e-02
-1.688900000000000123e-02
-1.688900000000000123e-02
-1.688900000000000123e-02
-1.688900000000000123e-02
-1.688900000000000123e-02
-1.688900000000000123e-02
-1.688900000000000123e-02
-1.683899999999999980e-02
-1.683899999999999980e-02
-1.668700000000000044e-02
-1.668700000000000044e-02
-1.668700000000000044e-02
-1.668700000000000044e-02
-1.668700000000000044e-02
-1.668700000000000044e-02
-1.668700000000000044e-02
-1.668700000000000044e-02
-1.668700000000000044e-02
-1.668700000000000044e-02
-1.668700000000000044e-02
-1.668700000000000044e-02
-1.668700000000000044e-02
-1.668700000000000044e-02
-1.668700000000000044e-02
-1.668700000000000044e-02
-1.668700000000000044e-02
-1.668700000000000044e-02
-1.668700000000000044e-02
-1.668700000000000044e-02
-1.667650000000000035e-02
-1.667650000000000035e-02
-1.667549999999999935e-02
-1.667549999999999935e-02
-1.609999999999999973e-02
-1.609999999999999973e-02
-1.609450000000000117e-02
-1.507499999999999986e-02
-1.507499999999999986e-02
-1.507499999999999986e-02
-1.507499999999999986e-02
-1.507499999999999986e-02
-1.507499999999999986e-02
-1.507499999999999986e-02
-1.507499999999999986e-02
-1.507499999999999986e-02
-1.507499999999999986e-02
-1.507499999999999986e-02
-1.507499999999999986e-02
-1.507499999999999986e-02
-1.507499999999999986e-02
-1.507499999999999986e-02
-1.507499999999999986e-02
-1.475850000000000078e-02
-1.475850000000000078e-02
-1.475850000000000078e-02
-1.475850000000000078e-02
-1.475850000000000078e-02
-1.475850000000000078e-02
-1.475850000000000078e-02
-1.475850000000000078e-02
-1.475850000000000078e-02
-1.475850000000000078e-02
-1.475850000000000078e-02
-1.475850000000000078e-02
-1.475850000000000078e-02
-1.475850000000000078e-02
-1.475850000000000078e-02
-1.475850000000000078e-02
-1.475850000000000078e-02
-1.467800000000000007e-02
-1.467800000000000007e-02
-1.467800000000000007e-02
-1.467800000000000007e-02
-1.467800000000000007e-02
-1.467800000000000007e-02
-1.467800000000000007e-02
-1.467800000000000007e-02
-1.467800000000000007e-02
-1.467800000000000007e-02
-1.467800000000000007e-02
-1.460700000000000019e-02
-1.458650000000000051e-02
-1.458650000000000051e-02
-1.458650000000000051e-02
-1.458650000000000051e-02
-1.458650000000000051e-02
-1.458500000000000074e-02
-1.458450000000000024e-02
-1.456849999999999985e-02
-1.456849999999999985e-02
-1.428250000000000006e-02
-1.428250000000000006e-02
-1.428250000000000006e-02
-1.428250000000000006e-02
-1.428250000000000006e-02
-1.428250000000000006e-02
-1.428250000000000006e-02
-1.415300000000000065e-02
-1.415300000000000065e-02
-1.415300000000000065e-02
-1.415300000000000065e-02
-1.415300000000000065e-02
-1.415300000000000065e-02
-1.415300000000000065e-02
-1.415300000000000065e-02
-1.415300000000000065e-02
-1.415300000000000065e-02
-1.415300000000000065e-02
-1.415300000000000065e-02
-1.415300000000000065e-02
-1.415300000000000065e-02
-1.415300000000000065e-02
-1.415300000000000065e-02
-1.415300000000000065e-02
-1.415300000000000065e-02
-1.415300000000000065e-02
-1.415300000000000065e-02
-1.415300000000000065e-02
-1.395500000000000039e-02
-1.395500000000000039e-02
-1.395500000000000039e-02
-1.395500000000000039e-02
-1.395500000000000039e-02
-1.395500000000000039e-02
-1.395500000000000039e-02
-1.395500000000000039e-02
-1.395500000000000039e-02
-1.389549999999999987e-02
-1.387999999999999998e-02
-1.376999999999999925e-02
-1.376849999999999949e-02
-1.376600000000000046e-02
-1.376050000000000016e-02
-1.376050000000000016e-02
-1.375999999999999966e-02
-1.369899999999999937e-02
-1.350200000000000011e-02
-1.346849999999999957e-02
-1.341900000000000037e-02
-1.341900000000000037e-02
-1.341900000000000037e-02
-1.341900000000000037e-02
-1.337200000000000021e-02
-1.335949999999999985e-02
-1.335949999999999985e-02
-1.335949999999999985e-02
-1.335949999999999985e-02
-1.335949999999999985e-02
-1.335650000000000032e-02
-1.335500000000000055e-02
-1.314749999999999946e-02
-1.314749999999999946e-02
-1.314749999999999946e-02
-1.314749999999999946e-02
-1.314749999999999946e-02
-1.314749999999999946e-02
-1.314749999999999946e-02
-1.314749999999999946e-02
-1.314749999999999946e-02
-1.314749999999999946e-02
-1.314749999999999946e-02
-1.314749999999999946e-02
-1.255799999999999972e-02
-1.255799999999999972e-02
-1.255799999999999972e-02
-1.255799999999999972e-02
-1.255799999999999972e-02
-1.255799999999999972e-02
-1.255799999999999972e-02
-1.255799999999999972e-02
-1.255799999999999972e-02
-1.255799999999999972e-02
-1.255799999999999972e-02
-1.255799999999999972e-02
-1.255799999999999972e-02
-1.255799999999999972e-02
-1.255799999999999972e-02
-1.255799999999999972e-02
-1.246549999999999915e-02
-1.245450000000000029e-02
-1.245150000000000076e-02
-1.244750000000000023e-02
-1.244750000000000023e-02
-1.244750000000000023e-02
-1.244750000000000023e-02
-1.244750000000000023e-02
-1.240650000000000086e-02
-1.238949999999999947e-02
-1.238949999999999947e-02
-1.238949999999999947e-02
-1.235999999999999946e-02
-1.235750000000000043e-02
-1.235750000000000043e-02
-1.234649999999999984e-02
-1.233749999999999951e-02
-1.230499999999999997e-02
-1.226649999999999963e-02
-1.226649999999999963e-02
-1.226649999999999963e-02
-1.226649999999999963e-02
-1.218050000000000035e-02
-1.218050000000000035e-02
-1.218050000000000035e-02
-1.218050000000000035e-02
-1.218050000000000035e-02
-1.218050000000000035e-02
-1.218050000000000035e-02
-1.218050000000000035e-02
-1.218050000000000035e-02
-1.218050000000000035e-02
-1.212300000000000010e-02
-1.212300000000000010e-02
-1.212300000000000010e-02
-1.212300000000000010e-02
-1.212300000000000010e-02
-1.212300000000000010e-02
-1.212300000000000010e-02
-1.212300000000000010e-02
-1.212300000000000010e-02
-1.212300000000000010e-02
-1.212300000000000010e-02
-1.212300000000000010e-02
-1.208449999999999976e-02
-1.208449999999999976e-02
-1.208449999999999976e-02
-1.156350000000000086e-02
-1.156350000000000086e-02
-1.156350000000000086e-02
-1.156350000000000086e-02
-1.156350000000000086e-02
-1.156350000000000086e-02
-1.156350000000000086e-02
-1.156350000000000086e-02
-1.156350000000000086e-02
-1.156350000000000086e-02
-1.156350000000000086e-02
-1.156350000000000086e-02
-1.156350000000000086e-02
-1.156350000000000086e-02
-1.156350000000000086e-02
-1.156350000000000086e-02
-1.156350000000000086e-02
-1.156350000000000086e-02
-1.156350000000000086e-02
-1.156350000000000086e-02
-1.153999999999999991e-02
-1.153999999999999991e-02
-1.152850000000000055e-02
-1.147699999999999936e-02
-1.147699999999999936e-02
-1.147699999999999936e-02
-1.147699999999999936e-02
-1.147699999999999936e-02
-1.147699999999999936e-02
-1.142950000000000042e-02
-1.142950000000000042e-02
-1.142950000000000042e-02
-1.142950000000000042e-02
-1.141600000000000080e-02
-1.141600000000000080e-02
-1.141600000000000080e-02
-1.141600000000000080e-02
-1.139650000000000038e-02
-1.139000000000000082e-02
-1.138699999999999955e-02
-1.133100000000000079e-02
-1.133100000000000079e-02
-1.133100000000000079e-02
-1.133100000000000079e-02
-1.133100000000000079e-02
-1.133100000000000079e-02
-1.133100000000000079e-02
-1.133100000000000079e-02
-1.133100000000000079e-02
-1.133100000000000079e-02
-1.133100000000000079e-02
-1.133100000000000079e-02
-1.133050000000000029e-02
-1.132949999999999929e-02
-1.132949999999999929e-02
-1.132949999999999929e-02
-1.132949999999999929e-02
-1.128999999999999969e-02
-1.124999999999999958e-02
-1.124499999999999979e-02
-1.124499999999999979e-02
-1.124499999999999979e-02
-1.124499999999999979e-02
-1.124449999999999929e-02
-1.124400000000000052e-02
-1.124400000000000052e-02
-1.124400000000000052e-02
-1.124400000000000052e-02
-1.124350000000000002e-02
-1.124350000000000002e-02
-1.116050000000000028e-02
-1.116050000000000028e-02
-1.116050000000000028e-02
-1.116050000000000028e-02
-1.116050000000000028e-02
-1.116050000000000028e-02
-1.116050000000000028e-02
-1.116050000000000028e-02
-1.116050000000000028e-02
-1.116050000000000028e-02
-1.116050000000000028e-02
-1.116050000000000028e-02
-1.116050000000000028e-02
-1.116050000000000028e-02
-1.116050000000000028e-02
-1.116050000000000028e-02
-1.116050000000000028e-02
-1.116050000000000028e-02
-1.116050000000000028e-02
-1.062049999999999973e-02
-1.062049999999999973e-02
-1.062049999999999973e-02
-1.062049999999999973e-02
-1.062049999999999973e-02
-1.062049999999999973e-02
-1.062049999999999973e-02
-1.062049999999999973e-02
-1.062049999999999973e-02
-1.062049999999999973e-02
-1.062049999999999973e-02
-1.062049999999999973e-02
-1.054049999999999952e-02
-1.054049999999999952e-02
-1.054049999999999952e-02
-1.054049999999999952e-02
-1.054049999999999952e-02
-1.054049999999999952e-02
-1.054049999999999952e-02
-1.054049999999999952e-02
-1.054049999999999952e-02
-1.053399999999999996e-02
-1.053399999999999996e-02
-1.053399999999999996e-02
-1.053399999999999996e-02
-1.053399999999999996e-02
-1.035999999999999942e-02
-1.035999999999999942e-02
-1.035999999999999942e-02
-1.035999999999999942e-02
-1.035999999999999942e-02
-1.035999999999999942e-02
-1.035999999999999942e-02
-1.035999999999999942e-02
-1.035999999999999942e-02
-1.035999999999999942e-02
-1.035999999999999942e-02
-1.035999999999999942e-02
-1.035999999999999942e-02
-1.035999999999999942e-02
-1.035999999999999942e-02
-1.035999999999999942e-02
-1.035999999999999942e-02
-1.035999999999999942e-02
-1.035999999999999942e-02
-1.035999999999999942e-02
-1.035550000000000012e-02
-1.035550000000000012e-02
-1.032150000000000081e-02
-1.022649999999999948e-02
-1.022649999999999948e-02
-1.022649999999999948e-02
-1.020549999999999929e-02
-1.020300000000000026e-02
-1.020300000000000026e-02
-1.019899999999999973e-02
-1.019899999999999973e-02
-1.018600000000000061e-02
-1.018499999999999961e-02
-1.018499999999999961e-02
-1.008350000000000045e-02
-1.008350000000000045e-02
-1.008350000000000045e-02
-1.005750000000000047e-02
-1.005750000000000047e-02
-9.995999999999999677e-03
-9.995999999999999677e-03
-9.993000000000000146e-03
-9.993000000000000146e-03
-9.983000000000000554e-03
-9.983000000000000554e-03
-9.983000000000000554e-03
-9.983000000000000554e-03
-9.981500000000000788e-03
-9.981500000000000788e-03
-9.981500000000000788e-03
-9.981500000000000788e-03
-9.981500000000000788e-03
-9.981500000000000788e-03
-9.981500000000000788e-03
-9.981000000000000288e-03
-9.981000000000000288e-03
-9.981000000000000288e-03
-9.981000000000000288e-03
-9.981000000000000288e-03
-9.919999999999999998e-03
-9.919999999999999998e-03
-9.818000000000000338e-03
-9.818000000000000338e-03
-9.818000000000000338e-03
-9.816000000000000072e-03
-9.816000000000000072e-03
-9.814500000000000307e-03
-9.740000000000000394e-03
-8.590499999999999178e-03
-8.590499999999999178e-03
-8.590499999999999178e-03
-8.590499999999999178e-03
-8.590499999999999178e-03
-8.590499999999999178e-03
-8.590499999999999178e-03
-8.590499999999999178e-03
-8.590499999999999178e-03
-8.590499999999999178e-03
-8.562999999999999431e-03
-8.440500000000000086e-03
-8.285499999999999463e-03
-8.285499999999999463e-03
-8.264499999999999277e-03
-8.264499999999999277e-03
-8.264499999999999277e-03
-8.264499999999999277e-03
-8.264499999999999277e-03
-8.199500000000000191e-03
-8.199500000000000191e-03
-8.199500000000000191e-03
-8.073500000000000815e-03
-8.073500000000000815e-03
-8.073500000000000815e-03
-8.073000000000000315e-03
-8.071500000000000549e-03
-8.071500000000000549e-03
-8.070499999999999549e-03
-8.070499999999999549e-03
-8.070499999999999549e-03
-8.058499999999999691e-03
-8.058499999999999691e-03
-8.058499999999999691e-03
-8.058499999999999691e-03
-8.058499999999999691e-03
-8.058499999999999691e-03
-8.057999999999999191e-03
-8.057999999999999191e-03
-8.057999999999999191e-03
-8.057999999999999191e-03
-8.057999999999999191e-03
-8.057500000000000426e-03
-8.057500000000000426e-03
-8.056999999999999926e-03
-8.056999999999999926e-03
-8.056999999999999926e-03
-8.056999999999999926e-03
-8.056999999999999926e-03
-8.056999999999999926e-03
-8.054000000000000395e-03
-8.054000000000000395e-03
-8.054000000000000395e-03
-8.054000000000000395e-03
-8.054000000000000395e-03
-8.054000000000000395e-03
-8.054000000000000395e-03
-8.044499999999999568e-03
-8.044499999999999568e-03
-8.044499999999999568e-03
-8.044499999999999568e-03
-8.044499999999999568e-03
-8.044499999999999568e-03
-8.044499999999999568e-03
-8.044499999999999568e-03
-8.044499999999999568e-03
-8.044499999999999568e-03
-8.044499999999999568e-03
-8.044499999999999568e-03
-8.043500000000000302e-03
-8.043500000000000302e-03
-8.043500000000000302e-03
-8.043500000000000302e-03
-8.031999999999999210e-03
-8.031999999999999210e-03
-8.031999999999999210e-03
-8.031999999999999210e-03
-8.031999999999999210e-03
-8.031999999999999210e-03
-8.031999999999999210e-03
-8.031500000000000444e-03
-8.031500000000000444e-03
-8.031500000000000444e-03
-8.031500000000000444e-03
-8.031500000000000444e-03
-8.031500000000000444e-03
-8.031500000000000444e-03
-8.031500000000000444e-03
-8.031500000000000444e-03
-8.030999999999999944e-03
-8.030999999999999944e-03
-8.030999999999999944e-03
-8.030999999999999944e-03
-8.030999999999999944e-03
-8.030999999999999944e-03
-8.030999999999999944e-03
-8.030999999999999944e-03
-8.030999999999999944e-03
-8.030999999999999944e-03
-8.030999999999999944e-03
-8.030999999999999944e-03
-8.030999999999999944e-03
-8.030999999999999944e-03
-8.030999999999999944e-03
-8.030999999999999944e-03
-8.030999999999999944e-03
-8.030999999999999944e-03
-8.030999999999999944e-03
-8.030999999999999944e-03
-8.030999999999999944e-03
-8.030999999999999944e-03
-8.030999999999999944e-03
-8.030999999999999944e-03
-8.030999999999999944e-03
-8.025499999999999648e-03
-8.025499999999999648e-03
-7.941999999999999407e-03
-7.941999999999999407e-03
-7.941999999999999407e-03
-7.941999999999999407e-03
-7.941999999999999407e-03
-7.941999999999999407e-03
-7.941999999999999407e-03
-7.941999999999999407e-03
-7.941999999999999407e-03
-7.941999999999999407e-03
-7.941999999999999407e-03
-7.941999999999999407e-03
-7.941999999999999407e-03
-7.941999999999999407e-03
-7.941999999999999407e-03
-7.941999999999999407e-03
-7.941999999999999407e-03
-7.941999999999999407e-03
-7.941999999999999407e-03
-7.941999999999999407e-03
-7.941999999999999407e-03
-7.941999999999999407e-03
-7.941999999999999407e-03
-7.941999999999999407e-03
-7.941999999999999407e-03
-7.941999999999999407e-03
-7.941999999999999407e-03
-7.941999999999999407e-03
-7.941999999999999407e-03
-7.941999999999999407e-03
-7.941999999999999407e-03
-7.941999999999999407e-03
-7.941999999999999407e-03
-7.941999999999999407e-03
-7.941999999999999407e-03
-7.941999999999999407e-03
-7.941999999999999407e-03
-7.941999999999999407e-03
-7.941999999999999407e-03
-7.941999999999999407e-03
-7.941999999999999407e-03
-7.941999999999999407e-03
-7.941999999999999407e-03
-7.941999999999999407e-03
-7.941999999999999407e-03
-7.941999999999999407e-03
-7.941999999999999407e-03
-7.941999999999999407e-03
-7.941999999999999407e-03
-7.921499999999999722e-03
-7.921499999999999722e-03
-7.921499999999999722e-03
-7.921499999999999722e-03
-7.921499999999999722e-03
