9.988419726617923100e-01
7.653678152625065234e-01
7.728212134708272174e-01
9.959815351012810680e-01
8.318396861749471904e-01
8.320229931213767305e-01
9.978253086026829255e-01
8.381208767261463244e-01
7.473245551822291777e-01
9.995851251242831026e-01
8.257571378954313701e-01
4.874006617156666499e-01
9.979170490330127041e-01
7.970907704620103784e-01
6.757565582382036862e-01
9.976724163021746250e-01
8.524118806391918213e-01
5.380840011378500432e-01
9.993752314756816357e-01
7.940483623184892981e-01
5.062316762323675334e-01
9.982504186380765088e-01
8.275055819783314615e-01
3.923656218756633729e-01
9.986717440438401816e-01
8.328240424575328316e-01
6.408963677858345864e-01
9.987540943314319186e-01
9.194596850390810427e-01
5.437565763598344315e-01
