-3.780069999999999819e-01
-3.780069999999999819e-01
-3.249055000000000137e-01
-3.249055000000000137e-01
-3.062529999999999974e-01
-3.062529999999999974e-01
-3.032699999999999840e-01
-2.872089999999999921e-01
-2.827020000000000088e-01
-2.750135000000000218e-01
-2.739050000000000096e-01
-2.600120000000000209e-01
-2.599879999999999969e-01
-2.599699999999999789e-01
-2.408740000000000048e-01
-2.394475000000000076e-01
-2.379445000000000032e-01
-2.319154999999999966e-01
-2.319154999999999966e-01
-2.319154999999999966e-01
-2.226720000000000088e-01
-2.129389999999999894e-01
-2.129389999999999894e-01
-2.129389999999999894e-01
-1.997164999999999913e-01
-1.997164999999999913e-01
-1.919450000000000045e-01
-1.912570000000000103e-01
-1.870940000000000103e-01
-1.870940000000000103e-01
-1.835154999999999981e-01
-1.727285000000000070e-01
-1.727285000000000070e-01
-1.727285000000000070e-01
-1.727285000000000070e-01
-1.727285000000000070e-01
-1.506879999999999886e-01
-1.506879999999999886e-01
-1.506879999999999886e-01
-1.506879999999999886e-01
-1.506879999999999886e-01
-1.506879999999999886e-01
-1.501774999999999916e-01
-1.501774999999999916e-01
-1.481335000000000013e-01
-1.480245000000000033e-01
-1.458009999999999862e-01
-1.432819999999999927e-01
-1.404940000000000078e-01
-1.404940000000000078e-01
-1.319639999999999980e-01
-1.319639999999999980e-01
-1.319639999999999980e-01
-1.319639999999999980e-01
-1.311779999999999891e-01
-1.311779999999999891e-01
-1.275290000000000035e-01
-1.275290000000000035e-01
-1.275290000000000035e-01
-1.275290000000000035e-01
-1.228349999999999997e-01
-1.228349999999999997e-01
-1.228349999999999997e-01
-1.228349999999999997e-01
-1.228349999999999997e-01
-1.228349999999999997e-01
-1.228349999999999997e-01
-1.216055000000000053e-01
-1.213535000000000030e-01
-1.207880000000000065e-01
-1.192065000000000069e-01
-1.131955000000000044e-01
-1.129919999999999952e-01
-1.129919999999999952e-01
-1.129919999999999952e-01
-1.120685000000000014e-01
-1.120685000000000014e-01
-1.120685000000000014e-01
-1.113050000000000012e-01
-1.100555000000000005e-01
-1.100555000000000005e-01
-1.089515000000000067e-01
-1.075460000000000027e-01
-1.072440000000000060e-01
-1.072440000000000060e-01
-1.068980000000000069e-01
-1.068980000000000069e-01
-1.063754999999999978e-01
-1.063754999999999978e-01
-1.058749999999999969e-01
-1.052644999999999970e-01
-1.009779999999999983e-01
-1.009779999999999983e-01
-1.008135000000000003e-01
-9.855800000000000671e-02
-9.855800000000000671e-02
-9.855800000000000671e-02
-9.855800000000000671e-02
-9.805800000000000627e-02
-9.805800000000000627e-02
-9.805800000000000627e-02
-9.592050000000000576e-02
-9.592050000000000576e-02
-9.592050000000000576e-02
-9.592050000000000576e-02
-9.592050000000000576e-02
-9.592050000000000576e-02
-9.592050000000000576e-02
-9.405049999999999522e-02
-9.348650000000000015e-02
-9.348650000000000015e-02
-9.348650000000000015e-02
-9.049599999999999311e-02
-8.986950000000000494e-02
-8.986950000000000494e-02
-8.986950000000000494e-02
-8.986950000000000494e-02
-8.986950000000000494e-02
-8.970400000000000595e-02
-8.970400000000000595e-02
-8.970400000000000595e-02
-8.970400000000000595e-02
-8.970400000000000595e-02
-8.886800000000000255e-02
-8.841000000000000247e-02
-8.841000000000000247e-02
-8.841000000000000247e-02
-8.841000000000000247e-02
-8.729850000000000110e-02
-8.729850000000000110e-02
-8.604900000000000049e-02
-8.604900000000000049e-02
-8.604900000000000049e-02
-8.604900000000000049e-02
-8.604900000000000049e-02
-8.604900000000000049e-02
-8.604900000000000049e-02
-8.599900000000000599e-02
-8.307799999999999907e-02
-8.307799999999999907e-02
-8.307799999999999907e-02
-8.307799999999999907e-02
-8.191299999999999970e-02
-8.191299999999999970e-02
-8.072250000000000258e-02
-8.035050000000000525e-02
-8.035050000000000525e-02
-8.007949999999999791e-02
-8.007949999999999791e-02
-7.946300000000000585e-02
-7.779049999999999854e-02
-7.779049999999999854e-02
-7.779049999999999854e-02
-7.779049999999999854e-02
-7.779049999999999854e-02
-7.774150000000000504e-02
-7.771450000000000580e-02
-7.725650000000000572e-02
-7.725650000000000572e-02
-7.720150000000000623e-02
-7.685150000000000314e-02
-7.685150000000000314e-02
-7.684850000000000014e-02
-7.684850000000000014e-02
-7.676099999999999590e-02
-7.676099999999999590e-02
-7.631499999999999395e-02
-7.618800000000000572e-02
-7.576449999999999851e-02
-7.470999999999999863e-02
-7.470999999999999863e-02
-7.470999999999999863e-02
-7.470999999999999863e-02
-7.470999999999999863e-02
-7.338849999999999540e-02
-7.338849999999999540e-02
-7.338849999999999540e-02
-7.338849999999999540e-02
-7.338849999999999540e-02
-7.338849999999999540e-02
-7.338849999999999540e-02
-7.338849999999999540e-02
-7.338849999999999540e-02
-7.260700000000000487e-02
-7.216300000000000492e-02
-7.216300000000000492e-02
-7.216300000000000492e-02
-7.216300000000000492e-02
-7.216300000000000492e-02
-7.216300000000000492e-02
-7.144050000000000400e-02
-7.140599999999999725e-02
-7.129299999999999526e-02
-7.129299999999999526e-02
-7.129299999999999526e-02
-7.129299999999999526e-02
-7.127949999999999564e-02
-7.127450000000000452e-02
-7.127450000000000452e-02
-7.115549999999999653e-02
-7.115549999999999653e-02
-7.115549999999999653e-02
-7.106250000000000067e-02
-7.106250000000000067e-02
-6.989750000000000130e-02
-6.989750000000000130e-02
-6.989750000000000130e-02
-6.989750000000000130e-02
-6.989750000000000130e-02
-6.989750000000000130e-02
-6.875299999999999467e-02
-6.875299999999999467e-02
-6.875299999999999467e-02
-6.875299999999999467e-02
-6.841350000000000209e-02
-6.841350000000000209e-02
-6.841350000000000209e-02
-6.841350000000000209e-02
-6.841350000000000209e-02
-6.841350000000000209e-02
-6.841350000000000209e-02
-6.841350000000000209e-02
-6.829899999999999860e-02
-6.822799999999999698e-02
-6.672350000000000503e-02
-6.672350000000000503e-02
-6.672350000000000503e-02
-6.672350000000000503e-02
-6.605400000000000160e-02
-6.605400000000000160e-02
-6.591349999999999987e-02
-6.591349999999999987e-02
-6.591349999999999987e-02
-6.560000000000000553e-02
-6.560000000000000553e-02
-6.555750000000000466e-02
-6.544600000000000417e-02
-6.544600000000000417e-02
-6.544600000000000417e-02
-6.529699999999999394e-02
-6.524900000000000144e-02
-6.505450000000000121e-02
-6.505450000000000121e-02
-6.505450000000000121e-02
-6.477850000000000275e-02
-6.476099999999999912e-02
-6.476099999999999912e-02
-6.452249999999999652e-02
-6.452249999999999652e-02
-6.452249999999999652e-02
-6.407649999999999457e-02
-6.407649999999999457e-02
-6.407649999999999457e-02
-6.314599999999999380e-02
-6.314599999999999380e-02
-6.314599999999999380e-02
-6.314599999999999380e-02
-6.314599999999999380e-02
-6.314599999999999380e-02
-6.314599999999999380e-02
-6.225800000000000084e-02
-6.225800000000000084e-02
-6.225800000000000084e-02
-6.225800000000000084e-02
-6.225800000000000084e-02
-6.225800000000000084e-02
-6.225800000000000084e-02
-6.175499999999999740e-02
-6.175499999999999740e-02
-6.175499999999999740e-02
-6.175499999999999740e-02
-6.175499999999999740e-02
-6.175499999999999740e-02
-6.175499999999999740e-02
-5.959249999999999964e-02
-5.959249999999999964e-02
-5.959249999999999964e-02
-5.959249999999999964e-02
-5.959249999999999964e-02
-5.959249999999999964e-02
-5.959249999999999964e-02
-5.959249999999999964e-02
-5.959249999999999964e-02
-5.959249999999999964e-02
-5.944699999999999984e-02
-5.944699999999999984e-02
-5.944699999999999984e-02
-5.944699999999999984e-02
-5.919750000000000012e-02
-5.919750000000000012e-02
-5.919750000000000012e-02
-5.919750000000000012e-02
-5.783200000000000146e-02
-5.783200000000000146e-02
-5.783200000000000146e-02
-5.783200000000000146e-02
-5.783200000000000146e-02
-5.783200000000000146e-02
-5.783200000000000146e-02
-5.783200000000000146e-02
-5.780400000000000121e-02
-5.780400000000000121e-02
-5.780400000000000121e-02
-5.780400000000000121e-02
-5.780400000000000121e-02
-5.780400000000000121e-02
-5.726350000000000190e-02
-5.726350000000000190e-02
-5.726350000000000190e-02
-5.726350000000000190e-02
-5.726350000000000190e-02
-5.726350000000000190e-02
-5.726350000000000190e-02
-5.700149999999999662e-02
-5.700149999999999662e-02
-5.700149999999999662e-02
-5.700149999999999662e-02
-5.700149999999999662e-02
-5.700149999999999662e-02
-5.700149999999999662e-02
-5.700149999999999662e-02
-5.700149999999999662e-02
-5.700149999999999662e-02
-5.700149999999999662e-02
-5.700149999999999662e-02
-5.700149999999999662e-02
-5.700149999999999662e-02
-5.700149999999999662e-02
-5.700149999999999662e-02
-5.700149999999999662e-02
-5.700149999999999662e-02
-5.700149999999999662e-02
-5.689749999999999669e-02
-5.684949999999999726e-02
-5.684949999999999726e-02
-5.684949999999999726e-02
-5.684949999999999726e-02
-5.684550000000000020e-02
-5.684550000000000020e-02
-5.684550000000000020e-02
-5.675899999999999695e-02
-5.675899999999999695e-02
-5.653400000000000092e-02
-5.653400000000000092e-02
-5.653400000000000092e-02
-5.653400000000000092e-02
-5.637600000000000250e-02
-5.636549999999999894e-02
-5.636549999999999894e-02
-5.636250000000000288e-02
-5.636250000000000288e-02
-5.636250000000000288e-02
-5.636150000000000188e-02
-5.635849999999999888e-02
-5.631950000000000151e-02
-5.589899999999999730e-02
-5.589899999999999730e-02
-5.571149999999999713e-02
-5.571149999999999713e-02
-5.571149999999999713e-02
-5.571149999999999713e-02
-5.571149999999999713e-02
-5.571149999999999713e-02
-5.571149999999999713e-02
-5.571149999999999713e-02
-5.571149999999999713e-02
-5.571149999999999713e-02
-5.571149999999999713e-02
-5.571149999999999713e-02
-5.571149999999999713e-02
-5.571149999999999713e-02
-5.571149999999999713e-02
-5.571149999999999713e-02
-5.571149999999999713e-02
-5.571149999999999713e-02
-5.571149999999999713e-02
-5.515400000000000164e-02
-5.515400000000000164e-02
-5.515400000000000164e-02
-5.515400000000000164e-02
-5.515400000000000164e-02
-5.515400000000000164e-02
-5.515400000000000164e-02
-5.515400000000000164e-02
-5.515400000000000164e-02
-5.515400000000000164e-02
-5.515400000000000164e-02
-5.446750000000000203e-02
-5.446750000000000203e-02
-5.446750000000000203e-02
-5.446750000000000203e-02
-5.446750000000000203e-02
-5.446750000000000203e-02
-5.446750000000000203e-02
-5.446750000000000203e-02
-5.446750000000000203e-02
-5.446750000000000203e-02
-5.446750000000000203e-02
-5.446750000000000203e-02
-5.446750000000000203e-02
-5.446750000000000203e-02
-5.446750000000000203e-02
-5.443499999999999728e-02
-5.443499999999999728e-02
-5.443499999999999728e-02
-5.443499999999999728e-02
-5.443499999999999728e-02
-5.443499999999999728e-02
-5.442650000000000265e-02
-5.441599999999999909e-02
-5.441599999999999909e-02
-5.433799999999999741e-02
-5.411549999999999694e-02
-5.362299999999999706e-02
-5.362299999999999706e-02
-5.362299999999999706e-02
-5.362299999999999706e-02
-5.362299999999999706e-02
-5.362299999999999706e-02
-5.356899999999999856e-02
-5.356899999999999856e-02
-5.356899999999999856e-02
-5.356899999999999856e-02
-5.356899999999999856e-02
-5.356899999999999856e-02
-5.356899999999999856e-02
-5.356899999999999856e-02
-5.355649999999999994e-02
-5.354300000000000032e-02
-5.354300000000000032e-02
-5.352200000000000013e-02
-5.345699999999999757e-02
-5.345699999999999757e-02
-5.334049999999999903e-02
-5.333600000000000146e-02
-5.333600000000000146e-02
-5.333600000000000146e-02
-5.327049999999999841e-02
-5.327049999999999841e-02
-5.326999999999999791e-02
-5.326999999999999791e-02
-5.326999999999999791e-02
-5.326999999999999791e-02
-5.326949999999999741e-02
-5.326949999999999741e-02
-5.321499999999999841e-02
-5.321499999999999841e-02
-5.321499999999999841e-02
-5.321499999999999841e-02
-5.321499999999999841e-02
-5.320649999999999685e-02
-5.320649999999999685e-02
-5.310499999999999943e-02
-5.310499999999999943e-02
-5.305499999999999799e-02
-5.305499999999999799e-02
-5.296549999999999869e-02
-5.296549999999999869e-02
-5.296549999999999869e-02
-5.296549999999999869e-02
-5.296549999999999869e-02
-5.296549999999999869e-02
-5.296549999999999869e-02
-5.296549999999999869e-02
-5.279500000000000165e-02
-5.279500000000000165e-02
-5.279500000000000165e-02
-5.279500000000000165e-02
-5.279500000000000165e-02
-5.279500000000000165e-02
-5.279500000000000165e-02
-5.279500000000000165e-02
-5.279500000000000165e-02
-5.279500000000000165e-02
-5.279500000000000165e-02
-5.279500000000000165e-02
-5.236099999999999782e-02
-5.223400000000000265e-02
-5.223400000000000265e-02
-5.223400000000000265e-02
-5.223400000000000265e-02
-5.217050000000000159e-02
-5.217050000000000159e-02
-5.211149999999999810e-02
-5.211149999999999810e-02
-5.204849999999999755e-02
-5.204849999999999755e-02
-5.203850000000000142e-02
-5.203850000000000142e-02
-5.202899999999999886e-02
-5.202899999999999886e-02
-5.202899999999999886e-02
-5.199050000000000199e-02
-5.197600000000000137e-02
-5.197600000000000137e-02
-5.197600000000000137e-02
-5.196800000000000030e-02
-5.196800000000000030e-02
-5.196800000000000030e-02
-5.192650000000000043e-02
-5.181700000000000195e-02
-5.181700000000000195e-02
-5.134849999999999831e-02
-5.134849999999999831e-02
-5.134849999999999831e-02
-5.134849999999999831e-02
-5.134849999999999831e-02
-5.134849999999999831e-02
-5.134849999999999831e-02
-5.134849999999999831e-02
-5.134849999999999831e-02
-5.134849999999999831e-02
-5.134849999999999831e-02
-5.126399999999999707e-02
-5.126399999999999707e-02
-5.126399999999999707e-02
-5.126399999999999707e-02
-5.123599999999999682e-02
-5.123599999999999682e-02
-5.118450000000000083e-02
-5.118450000000000083e-02
-5.107400000000000134e-02
-5.107400000000000134e-02
-5.100699999999999679e-02
-5.100699999999999679e-02
-5.100149999999999822e-02
-5.093799999999999717e-02
-5.089849999999999930e-02
-5.089849999999999930e-02
-5.089849999999999930e-02
-5.089849999999999930e-02
-5.089849999999999930e-02
-5.089849999999999930e-02
-5.089799999999999880e-02
-5.089799999999999880e-02
-5.089799999999999880e-02
-5.079299999999999787e-02
-5.070050000000000251e-02
-5.068799999999999695e-02
-5.067399999999999682e-02
-5.067399999999999682e-02
-5.064250000000000002e-02
-5.055400000000000171e-02
-5.055400000000000171e-02
-5.055400000000000171e-02
-5.055400000000000171e-02
-5.055400000000000171e-02
-5.055400000000000171e-02
-5.055400000000000171e-02
-5.055400000000000171e-02
-5.055400000000000171e-02
-5.055400000000000171e-02
-5.000550000000000134e-02
-5.000550000000000134e-02
-4.996950000000000003e-02
-4.996950000000000003e-02
-4.996950000000000003e-02
-4.996950000000000003e-02
-4.988950000000000329e-02
-4.988950000000000329e-02
-4.988950000000000329e-02
-4.987649999999999723e-02
-4.987649999999999723e-02
-4.965699999999999975e-02
-4.965699999999999975e-02
-4.958749999999999963e-02
-4.958749999999999963e-02
-4.958749999999999963e-02
-4.958749999999999963e-02
-4.958749999999999963e-02
-4.954399999999999776e-02
-4.954399999999999776e-02
-4.954399999999999776e-02
-4.954399999999999776e-02
-4.953350000000000114e-02
-4.953350000000000114e-02
-4.953350000000000114e-02
-4.952800000000000258e-02
-4.952800000000000258e-02
-4.952600000000000058e-02
-4.952600000000000058e-02
-4.952600000000000058e-02
-4.950349999999999889e-02
-4.945999999999999702e-02
-4.945999999999999702e-02
-4.944849999999999940e-02
-4.944749999999999840e-02
-4.944749999999999840e-02
-4.944649999999999740e-02
-4.944649999999999740e-02
-4.944649999999999740e-02
-4.944649999999999740e-02
-4.706350000000000117e-02
-4.706350000000000117e-02
-4.706350000000000117e-02
-4.706350000000000117e-02
-4.706350000000000117e-02
-4.706350000000000117e-02
-4.706350000000000117e-02
-4.706350000000000117e-02
-4.706350000000000117e-02
-4.706350000000000117e-02
-4.706350000000000117e-02
-4.706350000000000117e-02
-4.706350000000000117e-02
-4.706350000000000117e-02
-4.706350000000000117e-02
-4.706350000000000117e-02
-4.706350000000000117e-02
-4.702900000000000136e-02
-4.702900000000000136e-02
-4.693900000000000156e-02
-4.692650000000000293e-02
-4.692650000000000293e-02
-4.692650000000000293e-02
-4.692650000000000293e-02
-4.692650000000000293e-02
-4.692000000000000337e-02
-4.691499999999999837e-02
-4.691499999999999837e-02
-4.691449999999999787e-02
-4.690300000000000025e-02
-4.690300000000000025e-02
-4.684250000000000219e-02
-4.684250000000000219e-02
-4.684250000000000219e-02
-4.684250000000000219e-02
-4.684250000000000219e-02
-4.684250000000000219e-02
-4.684250000000000219e-02
-4.684250000000000219e-02
-4.684250000000000219e-02
-4.684250000000000219e-02
-4.684250000000000219e-02
-4.671199999999999658e-02
-4.671199999999999658e-02
-4.671199999999999658e-02
-4.671199999999999658e-02
-4.671199999999999658e-02
-4.650850000000000123e-02
-4.650850000000000123e-02
-4.650850000000000123e-02
-4.650850000000000123e-02
-4.650850000000000123e-02
-4.650850000000000123e-02
-4.650850000000000123e-02
-4.650850000000000123e-02
-4.650850000000000123e-02
-4.650850000000000123e-02
-4.650850000000000123e-02
-4.650850000000000123e-02
-4.648050000000000098e-02
-4.648050000000000098e-02
-4.648050000000000098e-02
-4.648050000000000098e-02
-4.648050000000000098e-02
-4.648050000000000098e-02
-4.647249999999999992e-02
-4.647249999999999992e-02
-4.647249999999999992e-02
-4.647249999999999992e-02
-4.642199999999999799e-02
-4.642199999999999799e-02
-4.642199999999999799e-02
-4.642199999999999799e-02
-4.642199999999999799e-02
-4.642199999999999799e-02
-4.642199999999999799e-02
-4.626700000000000257e-02
-4.626700000000000257e-02
-4.626700000000000257e-02
-4.620200000000000001e-02
-4.620200000000000001e-02
-4.620200000000000001e-02
-4.620200000000000001e-02
-4.620200000000000001e-02
-4.620200000000000001e-02
-4.620149999999999951e-02
-4.620149999999999951e-02
-4.620149999999999951e-02
-4.620149999999999951e-02
-4.620149999999999951e-02
-4.618099999999999983e-02
-4.617500000000000077e-02
-4.615350000000000008e-02
-4.615350000000000008e-02
-4.615249999999999908e-02
-4.614549999999999902e-02
-4.614549999999999902e-02
-4.614549999999999902e-02
-4.614549999999999902e-02
-4.614549999999999902e-02
-4.614549999999999902e-02
-4.614499999999999852e-02
-4.614499999999999852e-02
-4.614499999999999852e-02
-4.614499999999999852e-02
-4.614499999999999852e-02
-4.614499999999999852e-02
-4.614499999999999852e-02
-4.614499999999999852e-02
-4.614499999999999852e-02
-4.614499999999999852e-02
-4.614499999999999852e-02
-4.612900000000000333e-02
-4.612900000000000333e-02
-4.612900000000000333e-02
-4.612900000000000333e-02
-4.612900000000000333e-02
-4.612850000000000283e-02
-4.573950000000000238e-02
-4.573950000000000238e-02
-4.573950000000000238e-02
-4.573950000000000238e-02
-4.573950000000000238e-02
-4.573950000000000238e-02
-4.573950000000000238e-02
-4.573950000000000238e-02
-4.573950000000000238e-02
-4.573950000000000238e-02
-4.573950000000000238e-02
-4.573950000000000238e-02
-4.573950000000000238e-02
-4.573950000000000238e-02
-4.573950000000000238e-02
-4.573950000000000238e-02
-4.573950000000000238e-02
-4.573950000000000238e-02
-4.573950000000000238e-02
-4.573950000000000238e-02
-4.573950000000000238e-02
-4.573950000000000238e-02
-4.573950000000000238e-02
-4.570899999999999963e-02
-4.570899999999999963e-02
-4.570899999999999963e-02
-4.570899999999999963e-02
-4.570899999999999963e-02
-4.570899999999999963e-02
-4.570899999999999963e-02
-4.570899999999999963e-02
-4.568500000000000338e-02
-4.568500000000000338e-02
-4.568500000000000338e-02
-4.568500000000000338e-02
-4.568500000000000338e-02
-4.567999999999999838e-02
-4.567999999999999838e-02
-4.567999999999999838e-02
-4.567999999999999838e-02
-4.567999999999999838e-02
-4.567999999999999838e-02
-4.567999999999999838e-02
-4.564499999999999807e-02
-4.564399999999999707e-02
-4.564349999999999657e-02
-4.501700000000000146e-02
-4.501700000000000146e-02
-4.501700000000000146e-02
-4.501700000000000146e-02
-4.501700000000000146e-02
-4.501700000000000146e-02
-4.501700000000000146e-02
-4.501700000000000146e-02
-4.501700000000000146e-02
-4.501700000000000146e-02
-4.488799999999999735e-02
-4.488799999999999735e-02
-4.488799999999999735e-02
-4.488799999999999735e-02
-4.488799999999999735e-02
-4.488799999999999735e-02
-4.488799999999999735e-02
-4.488799999999999735e-02
-4.488799999999999735e-02
-4.488799999999999735e-02
-4.488799999999999735e-02
-4.488799999999999735e-02
-4.488799999999999735e-02
-4.488799999999999735e-02
-4.488799999999999735e-02
-4.488799999999999735e-02
-4.488799999999999735e-02
-4.488799999999999735e-02
-4.488799999999999735e-02
-4.488799999999999735e-02
-4.488799999999999735e-02
-4.488799999999999735e-02
-4.488799999999999735e-02
-4.488799999999999735e-02
-4.488799999999999735e-02
-4.488799999999999735e-02
-4.488799999999999735e-02
-4.488799999999999735e-02
-4.488799999999999735e-02
-4.488799999999999735e-02
-4.488799999999999735e-02
-4.488799999999999735e-02
-4.488799999999999735e-02
-4.488799999999999735e-02
-4.488799999999999735e-02
-4.488799999999999735e-02
-4.488799999999999735e-02
-4.488799999999999735e-02
-4.488799999999999735e-02
-4.488799999999999735e-02
-4.488799999999999735e-02
-4.488799999999999735e-02
-4.488799999999999735e-02
-4.488799999999999735e-02
-4.488799999999999735e-02
-4.486500000000000210e-02
-4.486500000000000210e-02
-4.486500000000000210e-02
-4.486500000000000210e-02
-4.486500000000000210e-02
-4.486500000000000210e-02
-4.486500000000000210e-02
-4.486500000000000210e-02
-4.486500000000000210e-02
-4.486500000000000210e-02
-4.486400000000000110e-02
-4.486400000000000110e-02
-4.486400000000000110e-02
-4.486400000000000110e-02
-4.486400000000000110e-02
-4.485249999999999654e-02
-4.485249999999999654e-02
-4.485249999999999654e-02
-4.471950000000000230e-02
-4.471950000000000230e-02
-4.466649999999999787e-02
-4.466649999999999787e-02
-4.466649999999999787e-02
-4.466649999999999787e-02
-4.466649999999999787e-02
-4.466649999999999787e-02
-4.466649999999999787e-02
-4.466649999999999787e-02
-4.466649999999999787e-02
-4.466649999999999787e-02
-4.466649999999999787e-02
-4.466649999999999787e-02
-4.466649999999999787e-02
-4.466649999999999787e-02
-4.466649999999999787e-02
-4.466649999999999787e-02
-4.466599999999999737e-02
-4.465149999999999675e-02
-4.464400000000000313e-02
-4.464400000000000313e-02
-4.451650000000000051e-02
-4.451650000000000051e-02
-4.449349999999999833e-02
-4.445249999999999896e-02
-4.445249999999999896e-02
-4.445249999999999896e-02
-4.445249999999999896e-02
-4.445000000000000340e-02
-4.444649999999999990e-02
-4.433499999999999941e-02
-4.433499999999999941e-02
-4.433499999999999941e-02
-4.430100000000000010e-02
-4.430100000000000010e-02
-4.430100000000000010e-02
-4.428850000000000148e-02
-4.428850000000000148e-02
-4.428850000000000148e-02
-4.428850000000000148e-02
-4.428850000000000148e-02
-4.428850000000000148e-02
-4.428850000000000148e-02
-4.427099999999999785e-02
-4.427099999999999785e-02
-4.425899999999999973e-02
-4.425450000000000217e-02
-4.425450000000000217e-02
-4.425450000000000217e-02
-4.425450000000000217e-02
-4.425450000000000217e-02
-4.420299999999999924e-02
-4.420299999999999924e-02
-4.418400000000000105e-02
-4.418099999999999805e-02
-4.418099999999999805e-02
-4.414549999999999724e-02
-4.411000000000000337e-02
-4.411000000000000337e-02
-4.411000000000000337e-02
-4.411000000000000337e-02
-4.411000000000000337e-02
-4.411000000000000337e-02
-4.411000000000000337e-02
-4.411000000000000337e-02
-4.411000000000000337e-02
-4.411000000000000337e-02
-4.410950000000000287e-02
-4.376649999999999985e-02
-4.376649999999999985e-02
-4.376649999999999985e-02
-4.376649999999999985e-02
-4.376649999999999985e-02
-4.376649999999999985e-02
-4.376649999999999985e-02
-4.376649999999999985e-02
-4.376649999999999985e-02
-4.376649999999999985e-02
-4.376649999999999985e-02
-4.376649999999999985e-02
-4.376649999999999985e-02
-4.376649999999999985e-02
-4.376649999999999985e-02
-4.376649999999999985e-02
-4.376649999999999985e-02
-4.376649999999999985e-02
-4.373149999999999954e-02
-4.367299999999999655e-02
-4.364549999999999680e-02
-4.363999999999999824e-02
-4.363849999999999674e-02
-4.363849999999999674e-02
-4.363249999999999768e-02
-4.363249999999999768e-02
-4.363249999999999768e-02
-4.363199999999999718e-02
-4.363199999999999718e-02
-4.363199999999999718e-02
-4.363199999999999718e-02
-4.363199999999999718e-02
-4.354600000000000137e-02
-4.353449999999999681e-02
-4.352099999999999719e-02
-4.352099999999999719e-02
-4.352099999999999719e-02
-4.352099999999999719e-02
-4.351349999999999663e-02
-4.351349999999999663e-02
-4.351349999999999663e-02
-4.351250000000000256e-02
-4.351150000000000156e-02
-4.350749999999999756e-02
-4.350500000000000200e-02
-4.338249999999999745e-02
-4.338249999999999745e-02
-4.338249999999999745e-02
-4.338249999999999745e-02
-4.338249999999999745e-02
-4.338249999999999745e-02
-4.338249999999999745e-02
-4.338249999999999745e-02
-4.338249999999999745e-02
-4.338249999999999745e-02
-4.338249999999999745e-02
-4.338249999999999745e-02
-4.338249999999999745e-02
-4.326200000000000184e-02
-4.326200000000000184e-02
-4.326200000000000184e-02
-4.326200000000000184e-02
-4.326200000000000184e-02
-4.326200000000000184e-02
-4.326200000000000184e-02
-4.326200000000000184e-02
-4.326200000000000184e-02
-4.326200000000000184e-02
-4.326200000000000184e-02
-4.326200000000000184e-02
-4.314300000000000079e-02
-4.314300000000000079e-02
-4.314300000000000079e-02
-4.314300000000000079e-02
-4.314300000000000079e-02
-4.314300000000000079e-02
-4.314300000000000079e-02
-4.314300000000000079e-02
-4.314300000000000079e-02
-4.314300000000000079e-02
-4.314300000000000079e-02
-4.301350000000000312e-02
-4.301350000000000312e-02
-4.301350000000000312e-02
-4.301350000000000312e-02
-4.301350000000000312e-02
-4.301350000000000312e-02
-4.301350000000000312e-02
-4.301350000000000312e-02
-4.301350000000000312e-02
-4.301350000000000312e-02
-4.301350000000000312e-02
-4.301350000000000312e-02
-4.301350000000000312e-02
-4.301350000000000312e-02
-4.301350000000000312e-02
-4.301350000000000312e-02
-4.301350000000000312e-02
-4.301350000000000312e-02
-4.301350000000000312e-02
-4.301350000000000312e-02
-4.301350000000000312e-02
