9.937424569527664175e-01
8.996217260612513478e-01
5.866753980054122408e-01
9.977299586889445404e-01
8.989951395265720624e-01
3.917622303196116595e-01
9.979257017752451997e-01
8.681243410476945366e-01
8.398163533997953234e-01
9.980416255783575163e-01
9.105247123430979528e-01
5.973554461671295446e-01
9.991599046028635245e-01
8.998262823925203824e-01
6.746873862359192842e-01
9.989985347936680693e-01
9.660792424691568847e-01
1.114442993317440178e-01
9.990318931781956291e-01
8.761288103396797089e-01
5.138448056863421654e-01
9.950368107097140591e-01
9.163751139276465896e-01
4.406934266705514469e-01
