-1.731699999999999906e-01
-1.731699999999999906e-01
-1.656640000000000057e-01
-1.481000000000000094e-01
-1.361215000000000064e-01
-1.134705000000000019e-01
-8.897149999999999503e-02
-8.897149999999999503e-02
-8.897149999999999503e-02
-8.897149999999999503e-02
-7.899100000000000565e-02
-7.524949999999999695e-02
-7.524949999999999695e-02
-7.524949999999999695e-02
-6.879300000000000692e-02
-6.879300000000000692e-02
-6.879300000000000692e-02
-6.867950000000000443e-02
-6.083750000000000269e-02
-6.083750000000000269e-02
-6.083750000000000269e-02
-6.083750000000000269e-02
-6.019599999999999951e-02
-5.990199999999999692e-02
-5.817750000000000005e-02
-5.817750000000000005e-02
-5.803200000000000025e-02
-5.453299999999999814e-02
-5.422350000000000086e-02
-5.422350000000000086e-02
-5.370300000000000074e-02
-5.370300000000000074e-02
-5.317249999999999754e-02
-5.292600000000000082e-02
-5.026950000000000168e-02
-5.018750000000000294e-02
-4.904750000000000082e-02
-4.892450000000000271e-02
-4.878849999999999854e-02
-4.836100000000000121e-02
-4.625649999999999901e-02
-4.625649999999999901e-02
-4.592099999999999654e-02
-4.592099999999999654e-02
-4.589549999999999880e-02
-4.440949999999999759e-02
-4.440949999999999759e-02
-4.440949999999999759e-02
-4.440949999999999759e-02
-4.440949999999999759e-02
-4.440949999999999759e-02
-4.379149999999999709e-02
-4.339450000000000252e-02
-4.339450000000000252e-02
-4.292549999999999838e-02
-4.292549999999999838e-02
-4.292549999999999838e-02
-4.287350000000000189e-02
-4.275799999999999740e-02
-4.232999999999999957e-02
-4.219500000000000334e-02
-4.219500000000000334e-02
-4.200899999999999773e-02
-4.200899999999999773e-02
-4.200899999999999773e-02
-4.190300000000000274e-02
-4.178849999999999926e-02
-4.139899999999999830e-02
-4.139899999999999830e-02
-4.058599999999999708e-02
-4.058599999999999708e-02
-4.058599999999999708e-02
-4.058599999999999708e-02
-4.057100000000000289e-02
-4.047400000000000303e-02
-4.038250000000000173e-02
-4.019899999999999862e-02
-4.019899999999999862e-02
-4.019899999999999862e-02
-3.997450000000000309e-02
-3.997450000000000309e-02
-3.997450000000000309e-02
-3.997450000000000309e-02
-3.966950000000000337e-02
-3.966950000000000337e-02
-3.966950000000000337e-02
-3.966950000000000337e-02
-3.966950000000000337e-02
-3.912700000000000206e-02
-3.912700000000000206e-02
-3.912700000000000206e-02
-3.912700000000000206e-02
-3.912700000000000206e-02
-3.912700000000000206e-02
-3.885000000000000259e-02
-3.885000000000000259e-02
-3.885000000000000259e-02
-3.885000000000000259e-02
-3.881799999999999834e-02
-3.881799999999999834e-02
-3.853249999999999731e-02
-3.853249999999999731e-02
-3.853249999999999731e-02
-3.847849999999999882e-02
-3.847849999999999882e-02
-3.847849999999999882e-02
-3.843200000000000088e-02
-3.843200000000000088e-02
-3.819850000000000328e-02
-3.813600000000000323e-02
-3.813600000000000323e-02
-3.813600000000000323e-02
-3.813600000000000323e-02
-3.791649999999999882e-02
-3.791649999999999882e-02
-3.791649999999999882e-02
-3.791649999999999882e-02
-3.783149999999999707e-02
-3.768099999999999922e-02
-3.768099999999999922e-02
-3.768099999999999922e-02
-3.768099999999999922e-02
-3.768099999999999922e-02
-3.756700000000000317e-02
-3.756700000000000317e-02
-3.741599999999999787e-02
-3.741599999999999787e-02
-3.741599999999999787e-02
-3.741599999999999787e-02
-3.741599999999999787e-02
-3.737250000000000294e-02
-3.737250000000000294e-02
-3.737250000000000294e-02
-3.727450000000000208e-02
-3.727450000000000208e-02
-3.721200000000000202e-02
-3.712599999999999928e-02
-3.712599999999999928e-02
-3.712599999999999928e-02
-3.710150000000000253e-02
-3.710150000000000253e-02
-3.709599999999999703e-02
-3.709549999999999653e-02
-3.709549999999999653e-02
-3.687399999999999706e-02
-3.687399999999999706e-02
-3.687399999999999706e-02
-3.687399999999999706e-02
-3.687399999999999706e-02
-3.687399999999999706e-02
-3.687399999999999706e-02
-3.687399999999999706e-02
-3.685499999999999887e-02
-3.685499999999999887e-02
-3.685499999999999887e-02
-3.673749999999999932e-02
-3.673749999999999932e-02
-3.673749999999999932e-02
-3.671399999999999664e-02
-3.671399999999999664e-02
-3.671399999999999664e-02
-3.670949999999999908e-02
-3.670949999999999908e-02
-3.670949999999999908e-02
-3.670949999999999908e-02
-3.658200000000000340e-02
-3.658200000000000340e-02
-3.649000000000000160e-02
-3.649000000000000160e-02
-3.649000000000000160e-02
-3.649000000000000160e-02
-3.649000000000000160e-02
-3.649000000000000160e-02
-3.649000000000000160e-02
-3.649000000000000160e-02
-3.649000000000000160e-02
-3.649000000000000160e-02
-3.649000000000000160e-02
-3.649000000000000160e-02
-3.645450000000000079e-02
-3.645450000000000079e-02
-3.645450000000000079e-02
-3.645450000000000079e-02
-3.641149999999999942e-02
-3.641149999999999942e-02
-3.641149999999999942e-02
-3.628950000000000231e-02
-3.628950000000000231e-02
-3.628950000000000231e-02
-3.628950000000000231e-02
-3.623549999999999688e-02
-3.623549999999999688e-02
-3.623549999999999688e-02
-3.623549999999999688e-02
-3.623549999999999688e-02
-3.623549999999999688e-02
-3.623549999999999688e-02
-3.623549999999999688e-02
-3.623250000000000082e-02
-3.597100000000000297e-02
-3.597100000000000297e-02
-3.597100000000000297e-02
-3.597100000000000297e-02
-3.597100000000000297e-02
-3.597100000000000297e-02
-3.597100000000000297e-02
-3.597100000000000297e-02
-3.597100000000000297e-02
-3.597100000000000297e-02
-3.597100000000000297e-02
-3.597100000000000297e-02
-3.597100000000000297e-02
-3.597100000000000297e-02
-3.597100000000000297e-02
-3.596599999999999797e-02
-3.596599999999999797e-02
-3.592999999999999666e-02
-3.587200000000000111e-02
-3.587200000000000111e-02
-3.587200000000000111e-02
-3.587200000000000111e-02
-3.580499999999999655e-02
-3.580499999999999655e-02
-3.580499999999999655e-02
-3.580499999999999655e-02
-3.580499999999999655e-02
-3.580499999999999655e-02
-3.580499999999999655e-02
-3.580499999999999655e-02
-3.580499999999999655e-02
-3.580499999999999655e-02
-3.580499999999999655e-02
-3.573350000000000137e-02
-3.573350000000000137e-02
-3.573350000000000137e-02
-3.573350000000000137e-02
-3.573350000000000137e-02
-3.573350000000000137e-02
-3.573350000000000137e-02
-3.573350000000000137e-02
-3.565600000000000019e-02
-3.565600000000000019e-02
-3.565600000000000019e-02
-3.565600000000000019e-02
-3.565600000000000019e-02
-3.565600000000000019e-02
-3.564549999999999663e-02
-3.564549999999999663e-02
-3.564549999999999663e-02
-3.564549999999999663e-02
-3.564549999999999663e-02
-3.564549999999999663e-02
-3.564549999999999663e-02
-3.564549999999999663e-02
-3.564549999999999663e-02
-3.564549999999999663e-02
-3.564549999999999663e-02
-3.564549999999999663e-02
-3.564549999999999663e-02
-3.564549999999999663e-02
-3.564549999999999663e-02
-3.560800000000000076e-02
-3.560800000000000076e-02
-3.560800000000000076e-02
-3.560800000000000076e-02
-3.560800000000000076e-02
-3.560800000000000076e-02
-3.555149999999999977e-02
-3.555149999999999977e-02
-3.555149999999999977e-02
-3.555149999999999977e-02
-3.555149999999999977e-02
-3.555149999999999977e-02
-3.555149999999999977e-02
-3.555149999999999977e-02
-3.554899999999999727e-02
-3.550650000000000334e-02
-3.547999999999999765e-02
-3.547999999999999765e-02
-3.547999999999999765e-02
-3.547999999999999765e-02
-3.547750000000000209e-02
-3.547750000000000209e-02
-3.547750000000000209e-02
-3.547750000000000209e-02
-3.545600000000000140e-02
-3.545600000000000140e-02
-3.545600000000000140e-02
-3.545600000000000140e-02
-3.545600000000000140e-02
-3.542499999999999816e-02
-3.542499999999999816e-02
-3.542499999999999816e-02
-3.542499999999999816e-02
-3.542499999999999816e-02
-3.542499999999999816e-02
-3.542499999999999816e-02
-3.542499999999999816e-02
-3.542499999999999816e-02
-3.542499999999999816e-02
-3.542499999999999816e-02
-3.542499999999999816e-02
-3.542499999999999816e-02
-3.542499999999999816e-02
-3.542499999999999816e-02
-3.542499999999999816e-02
-3.542499999999999816e-02
-3.542499999999999816e-02
-3.542499999999999816e-02
-3.542499999999999816e-02
-3.542399999999999716e-02
-3.542399999999999716e-02
-3.542399999999999716e-02
-3.542399999999999716e-02
-3.542399999999999716e-02
-3.542399999999999716e-02
-3.541300000000000003e-02
-3.541300000000000003e-02
-3.541300000000000003e-02
-3.541300000000000003e-02
-3.541300000000000003e-02
-3.541300000000000003e-02
-3.541300000000000003e-02
-3.541300000000000003e-02
-3.537850000000000023e-02
-3.537850000000000023e-02
-3.537450000000000316e-02
-3.537450000000000316e-02
-3.537450000000000316e-02
-3.537450000000000316e-02
-3.536050000000000304e-02
-3.536050000000000304e-02
-3.536050000000000304e-02
-3.536050000000000304e-02
-3.536050000000000304e-02
-3.536050000000000304e-02
-3.536050000000000304e-02
-3.536050000000000304e-02
-3.534400000000000042e-02
-3.534400000000000042e-02
-3.534400000000000042e-02
-3.534400000000000042e-02
-3.534400000000000042e-02
-3.534400000000000042e-02
-3.534400000000000042e-02
-3.534400000000000042e-02
-3.534400000000000042e-02
-3.534400000000000042e-02
-3.534400000000000042e-02
-3.534400000000000042e-02
-3.534400000000000042e-02
-3.534400000000000042e-02
-3.534400000000000042e-02
-3.531650000000000067e-02
-3.531650000000000067e-02
-3.531650000000000067e-02
-3.531650000000000067e-02
-3.531650000000000067e-02
-3.531650000000000067e-02
-3.531650000000000067e-02
-3.531650000000000067e-02
-3.531650000000000067e-02
-3.531650000000000067e-02
-3.531650000000000067e-02
-3.528450000000000336e-02
-3.528450000000000336e-02
-3.528450000000000336e-02
-3.528450000000000336e-02
-3.528450000000000336e-02
-3.528450000000000336e-02
-3.528450000000000336e-02
-3.528450000000000336e-02
-3.526350000000000318e-02
-3.526350000000000318e-02
-3.526350000000000318e-02
-3.526350000000000318e-02
-3.526350000000000318e-02
-3.526350000000000318e-02
-3.526350000000000318e-02
-3.526350000000000318e-02
-3.526350000000000318e-02
-3.526350000000000318e-02
-3.526350000000000318e-02
-3.526350000000000318e-02
-3.526350000000000318e-02
-3.526350000000000318e-02
-3.526350000000000318e-02
-3.526350000000000318e-02
-3.526350000000000318e-02
-3.526350000000000318e-02
-3.520449999999999968e-02
-3.520449999999999968e-02
-3.520449999999999968e-02
-3.520449999999999968e-02
-3.519250000000000156e-02
-3.519250000000000156e-02
-3.519250000000000156e-02
-3.519250000000000156e-02
-3.519250000000000156e-02
-3.519250000000000156e-02
-3.519250000000000156e-02
-3.519250000000000156e-02
-3.519250000000000156e-02
-3.519250000000000156e-02
-3.518700000000000300e-02
-3.518700000000000300e-02
-3.518700000000000300e-02
-3.518600000000000200e-02
-3.518600000000000200e-02
-3.518600000000000200e-02
-3.518600000000000200e-02
-3.518600000000000200e-02
-3.518600000000000200e-02
-3.518600000000000200e-02
-3.518600000000000200e-02
-3.518600000000000200e-02
-3.518600000000000200e-02
-3.518600000000000200e-02
-3.516049999999999731e-02
-3.516049999999999731e-02
-3.516049999999999731e-02
-3.516049999999999731e-02
-3.516049999999999731e-02
-3.516049999999999731e-02
-3.516049999999999731e-02
-3.516049999999999731e-02
-3.516049999999999731e-02
-3.516049999999999731e-02
-3.516049999999999731e-02
-3.516049999999999731e-02
-3.516049999999999731e-02
-3.516049999999999731e-02
-3.515700000000000075e-02
-3.515700000000000075e-02
-3.515700000000000075e-02
-3.515700000000000075e-02
-3.515700000000000075e-02
-3.515700000000000075e-02
-3.515700000000000075e-02
-3.515700000000000075e-02
-3.515700000000000075e-02
-3.515700000000000075e-02
-3.515700000000000075e-02
-3.515700000000000075e-02
-3.514649999999999719e-02
-3.514649999999999719e-02
-3.514649999999999719e-02
-3.514649999999999719e-02
-3.514649999999999719e-02
-3.514649999999999719e-02
-3.514649999999999719e-02
-3.514649999999999719e-02
-3.514649999999999719e-02
-3.514649999999999719e-02
-3.514649999999999719e-02
-3.514649999999999719e-02
-3.514649999999999719e-02
-3.514649999999999719e-02
-3.514649999999999719e-02
-3.514649999999999719e-02
-3.514649999999999719e-02
-3.514649999999999719e-02
-3.514649999999999719e-02
-3.514649999999999719e-02
-3.514649999999999719e-02
-3.514649999999999719e-02
-3.514649999999999719e-02
-3.513949999999999713e-02
-3.513949999999999713e-02
-3.513949999999999713e-02
-3.513949999999999713e-02
-3.513949999999999713e-02
-3.513949999999999713e-02
-3.513949999999999713e-02
-3.513949999999999713e-02
-3.513949999999999713e-02
-3.513949999999999713e-02
-3.513949999999999713e-02
-3.513949999999999713e-02
-3.513949999999999713e-02
-3.513949999999999713e-02
-3.513949999999999713e-02
-3.513949999999999713e-02
-3.513949999999999713e-02
-3.511949999999999794e-02
-3.511949999999999794e-02
-3.511949999999999794e-02
-3.511949999999999794e-02
-3.511949999999999794e-02
-3.511949999999999794e-02
-3.511949999999999794e-02
-3.511949999999999794e-02
-3.511949999999999794e-02
-3.511949999999999794e-02
-3.511949999999999794e-02
-3.511949999999999794e-02
-3.511949999999999794e-02
-3.511949999999999794e-02
-3.511949999999999794e-02
-3.511949999999999794e-02
-3.511949999999999794e-02
-3.511949999999999794e-02
-3.511650000000000188e-02
-3.511650000000000188e-02
-3.511650000000000188e-02
-3.511650000000000188e-02
-3.511650000000000188e-02
-3.511650000000000188e-02
-3.511650000000000188e-02
-3.511650000000000188e-02
-3.511650000000000188e-02
-3.511650000000000188e-02
-3.511650000000000188e-02
-3.511650000000000188e-02
-3.511650000000000188e-02
-3.511650000000000188e-02
-3.511650000000000188e-02
-3.511650000000000188e-02
-3.511500000000000038e-02
-3.511500000000000038e-02
-3.511249999999999788e-02
-3.511249999999999788e-02
-3.511249999999999788e-02
-3.510599999999999832e-02
-3.510599999999999832e-02
-3.510599999999999832e-02
-3.510599999999999832e-02
-3.510599999999999832e-02
-3.510599999999999832e-02
-3.510599999999999832e-02
-3.510599999999999832e-02
-3.510599999999999832e-02
-3.510599999999999832e-02
-3.510599999999999832e-02
-3.510599999999999832e-02
-3.510400000000000326e-02
-3.510400000000000326e-02
-3.510400000000000326e-02
-3.510400000000000326e-02
-3.510250000000000176e-02
-3.510250000000000176e-02
-3.510250000000000176e-02
-3.510250000000000176e-02
-3.510250000000000176e-02
-3.510250000000000176e-02
-3.510250000000000176e-02
-3.510250000000000176e-02
-3.510250000000000176e-02
-3.510250000000000176e-02
-3.510250000000000176e-02
-3.510250000000000176e-02
-3.510250000000000176e-02
-3.510250000000000176e-02
-3.510250000000000176e-02
-3.510250000000000176e-02
-3.510250000000000176e-02
-3.510250000000000176e-02
-3.510250000000000176e-02
-3.510250000000000176e-02
-3.510250000000000176e-02
-3.510250000000000176e-02
-3.510250000000000176e-02
-3.510250000000000176e-02
-3.510250000000000176e-02
-3.510250000000000176e-02
-3.510250000000000176e-02
-3.510250000000000176e-02
-3.510250000000000176e-02
-3.510250000000000176e-02
-3.510250000000000176e-02
-3.509799999999999726e-02
-3.509799999999999726e-02
-3.509799999999999726e-02
-3.509799999999999726e-02
-3.509799999999999726e-02
-3.509799999999999726e-02
-3.509799999999999726e-02
-3.509799999999999726e-02
-3.509799999999999726e-02
-3.509799999999999726e-02
-3.509799999999999726e-02
-3.509799999999999726e-02
-3.509799999999999726e-02
-3.509799999999999726e-02
-3.509799999999999726e-02
-3.509799999999999726e-02
-3.509799999999999726e-02
-3.509799999999999726e-02
-3.509799999999999726e-02
-3.509799999999999726e-02
-3.509799999999999726e-02
-3.509799999999999726e-02
-3.509799999999999726e-02
-3.509799999999999726e-02
-3.509799999999999726e-02
-3.509799999999999726e-02
-3.509799999999999726e-02
-3.509799999999999726e-02
-3.509799999999999726e-02
-3.509799999999999726e-02
-3.509799999999999726e-02
-3.509799999999999726e-02
-3.509799999999999726e-02
-3.509799999999999726e-02
-3.509799999999999726e-02
-3.509799999999999726e-02
-3.509799999999999726e-02
-3.509799999999999726e-02
-3.509799999999999726e-02
-3.509799999999999726e-02
-3.509799999999999726e-02
-3.509799999999999726e-02
-3.509799999999999726e-02
-3.509799999999999726e-02
-3.509799999999999726e-02
-3.509799999999999726e-02
-3.509799999999999726e-02
-3.509799999999999726e-02
-3.509799999999999726e-02
-3.509799999999999726e-02
-3.509799999999999726e-02
-3.509799999999999726e-02
-3.509099999999999719e-02
-3.509099999999999719e-02
-3.509099999999999719e-02
-3.509099999999999719e-02
-3.509099999999999719e-02
-3.509099999999999719e-02
-3.509099999999999719e-02
-3.509099999999999719e-02
-3.509099999999999719e-02
-3.508349999999999663e-02
-3.508349999999999663e-02
-3.508349999999999663e-02
-3.508349999999999663e-02
-3.508349999999999663e-02
-3.508349999999999663e-02
-3.508000000000000007e-02
-3.508000000000000007e-02
-3.508000000000000007e-02
-3.508000000000000007e-02
-3.508000000000000007e-02
-3.508000000000000007e-02
-3.508000000000000007e-02
-3.508000000000000007e-02
-3.508000000000000007e-02
-3.508000000000000007e-02
-3.508000000000000007e-02
-3.508000000000000007e-02
-3.508000000000000007e-02
-3.508000000000000007e-02
-3.508000000000000007e-02
-3.508000000000000007e-02
-3.508000000000000007e-02
-3.508000000000000007e-02
-3.508000000000000007e-02
-3.508000000000000007e-02
-3.508000000000000007e-02
-3.508000000000000007e-02
-3.508000000000000007e-02
-3.508000000000000007e-02
-3.508000000000000007e-02
-3.507400000000000101e-02
-3.507400000000000101e-02
-3.507400000000000101e-02
-3.507400000000000101e-02
-3.507400000000000101e-02
-3.507400000000000101e-02
-3.507400000000000101e-02
-3.507400000000000101e-02
-3.507400000000000101e-02
-3.507400000000000101e-02
-3.507400000000000101e-02
-3.507400000000000101e-02
-3.507400000000000101e-02
-3.507400000000000101e-02
-3.507400000000000101e-02
-3.507400000000000101e-02
-3.507400000000000101e-02
-3.507400000000000101e-02
-3.507400000000000101e-02
-3.507400000000000101e-02
-3.507400000000000101e-02
-3.507400000000000101e-02
-3.507400000000000101e-02
-3.507400000000000101e-02
-3.507400000000000101e-02
-3.507400000000000101e-02
-3.507400000000000101e-02
-3.507350000000000051e-02
-3.507350000000000051e-02
-3.507350000000000051e-02
-3.507350000000000051e-02
-3.507350000000000051e-02
-3.507350000000000051e-02
-3.507350000000000051e-02
-3.507350000000000051e-02
-3.507350000000000051e-02
-3.507350000000000051e-02
-3.507350000000000051e-02
-3.507350000000000051e-02
-3.507350000000000051e-02
-3.507350000000000051e-02
-3.507350000000000051e-02
-3.507350000000000051e-02
-3.507350000000000051e-02
-3.507350000000000051e-02
-3.507350000000000051e-02
-3.507350000000000051e-02
-3.507350000000000051e-02
-3.507350000000000051e-02
-3.507350000000000051e-02
-3.507350000000000051e-02
-3.507350000000000051e-02
-3.507350000000000051e-02
-3.507350000000000051e-02
-3.507350000000000051e-02
-3.507350000000000051e-02
-3.507350000000000051e-02
-3.507350000000000051e-02
-3.507350000000000051e-02
-3.507350000000000051e-02
-3.507350000000000051e-02
-3.507350000000000051e-02
-3.507350000000000051e-02
-3.507350000000000051e-02
-3.507350000000000051e-02
-3.507350000000000051e-02
-3.507350000000000051e-02
-3.507350000000000051e-02
-3.507350000000000051e-02
-3.507350000000000051e-02
-3.507350000000000051e-02
-3.507350000000000051e-02
-3.507350000000000051e-02
-3.507350000000000051e-02
-3.507350000000000051e-02
-3.507350000000000051e-02
-3.507350000000000051e-02
-3.507350000000000051e-02
-3.507350000000000051e-02
-3.507350000000000051e-02
-3.507350000000000051e-02
-3.507350000000000051e-02
-3.507350000000000051e-02
-3.507350000000000051e-02
-3.507300000000000001e-02
-3.507300000000000001e-02
-3.507300000000000001e-02
-3.507300000000000001e-02
-3.507300000000000001e-02
-3.507300000000000001e-02
-3.507300000000000001e-02
-3.507300000000000001e-02
-3.507300000000000001e-02
-3.507300000000000001e-02
-3.507300000000000001e-02
-3.507300000000000001e-02
-3.507300000000000001e-02
-3.507300000000000001e-02
-3.507300000000000001e-02
-3.507300000000000001e-02
-3.507300000000000001e-02
-3.507300000000000001e-02
-3.507300000000000001e-02
-3.507300000000000001e-02
-3.507300000000000001e-02
-3.507300000000000001e-02
-3.507300000000000001e-02
-3.507300000000000001e-02
-3.507300000000000001e-02
-3.507300000000000001e-02
-3.507300000000000001e-02
-3.507300000000000001e-02
-3.507300000000000001e-02
-3.507300000000000001e-02
-3.507300000000000001e-02
-3.507300000000000001e-02
-3.507300000000000001e-02
-3.505450000000000232e-02
-3.505450000000000232e-02
-3.505450000000000232e-02
-3.505450000000000232e-02
-3.505450000000000232e-02
-3.505450000000000232e-02
-3.505450000000000232e-02
-3.505450000000000232e-02
-3.505450000000000232e-02
-3.505450000000000232e-02
-3.505450000000000232e-02
-3.505450000000000232e-02
-3.505450000000000232e-02
-3.505450000000000232e-02
-3.505450000000000232e-02
-3.505450000000000232e-02
-3.505450000000000232e-02
-3.505450000000000232e-02
-3.505450000000000232e-02
-3.505450000000000232e-02
-3.505450000000000232e-02
-3.505450000000000232e-02
-3.505450000000000232e-02
-3.505450000000000232e-02
-3.505450000000000232e-02
-3.505450000000000232e-02
-3.505450000000000232e-02
-3.505450000000000232e-02
-3.505450000000000232e-02
-3.505450000000000232e-02
-3.505450000000000232e-02
-3.505450000000000232e-02
-3.505450000000000232e-02
-3.505450000000000232e-02
-3.505450000000000232e-02
-3.505450000000000232e-02
-3.505450000000000232e-02
-3.505450000000000232e-02
-3.505450000000000232e-02
-3.505450000000000232e-02
-3.505450000000000232e-02
-3.505450000000000232e-02
-3.505450000000000232e-02
-3.505450000000000232e-02
-3.504249999999999726e-02
-3.504249999999999726e-02
-3.504249999999999726e-02
-3.504249999999999726e-02
-3.504249999999999726e-02
-3.504249999999999726e-02
-3.504249999999999726e-02
-3.504249999999999726e-02
-3.504249999999999726e-02
-3.504249999999999726e-02
-3.504249999999999726e-02
-3.504249999999999726e-02
-3.504249999999999726e-02
-3.504100000000000270e-02
-3.504100000000000270e-02
-3.504100000000000270e-02
-3.504100000000000270e-02
-3.504100000000000270e-02
-3.504100000000000270e-02
-3.504100000000000270e-02
-3.504100000000000270e-02
-3.504100000000000270e-02
-3.504100000000000270e-02
-3.504100000000000270e-02
-3.504100000000000270e-02
-3.504100000000000270e-02
-3.504100000000000270e-02
-3.504100000000000270e-02
-3.504100000000000270e-02
-3.504100000000000270e-02
-3.504100000000000270e-02
-3.504100000000000270e-02
-3.504100000000000270e-02
-3.504100000000000270e-02
-3.504100000000000270e-02
-3.504100000000000270e-02
-3.504100000000000270e-02
-3.504100000000000270e-02
-3.504100000000000270e-02
-3.504100000000000270e-02
-3.504100000000000270e-02
-3.504100000000000270e-02
-3.504100000000000270e-02
-3.504100000000000270e-02
-3.504100000000000270e-02
-3.504100000000000270e-02
-3.504100000000000270e-02
-3.503350000000000214e-02
-3.503350000000000214e-02
-3.503350000000000214e-02
-3.503350000000000214e-02
-3.503350000000000214e-02
-3.503350000000000214e-02
-3.503350000000000214e-02
-3.503350000000000214e-02
-3.503350000000000214e-02
-3.503350000000000214e-02
-3.503350000000000214e-02
-3.503350000000000214e-02
-3.503350000000000214e-02
-3.503350000000000214e-02
-3.503350000000000214e-02
-3.503350000000000214e-02
-3.503350000000000214e-02
-3.503350000000000214e-02
-3.503350000000000214e-02
-3.503350000000000214e-02
-3.503350000000000214e-02
-3.503350000000000214e-02
-3.503350000000000214e-02
-3.503350000000000214e-02
-3.503350000000000214e-02
-3.503350000000000214e-02
-3.503350000000000214e-02
-3.503350000000000214e-02
-3.503350000000000214e-02
-3.503350000000000214e-02
-3.503350000000000214e-02
-3.503350000000000214e-02
-3.503350000000000214e-02
-3.503049999999999914e-02
-3.503049999999999914e-02
-3.503049999999999914e-02
-3.502999999999999864e-02
-3.502849999999999714e-02
-3.502849999999999714e-02
-3.502849999999999714e-02
-3.502849999999999714e-02
-3.502849999999999714e-02
-3.502849999999999714e-02
-3.502849999999999714e-02
-3.502849999999999714e-02
-3.502849999999999714e-02
-3.502849999999999714e-02
-3.502849999999999714e-02
-3.502849999999999714e-02
-3.502849999999999714e-02
-3.502849999999999714e-02
-3.502849999999999714e-02
-3.502299999999999858e-02
-3.502299999999999858e-02
-3.502299999999999858e-02
-3.502299999999999858e-02
-3.502299999999999858e-02
-3.502299999999999858e-02
-3.502299999999999858e-02
-3.502299999999999858e-02
-3.502099999999999658e-02
-3.502099999999999658e-02
-3.502099999999999658e-02
-3.502099999999999658e-02
-3.502099999999999658e-02
-3.502099999999999658e-02
-3.502099999999999658e-02
-3.502099999999999658e-02
-3.502099999999999658e-02
-3.501950000000000202e-02
-3.501950000000000202e-02
-3.501950000000000202e-02
-3.501950000000000202e-02
-3.501950000000000202e-02
-3.501950000000000202e-02
-3.501950000000000202e-02
-3.501950000000000202e-02
-3.501950000000000202e-02
-3.501950000000000202e-02
-3.501950000000000202e-02
-3.501950000000000202e-02
-3.501950000000000202e-02
-3.501950000000000202e-02
-3.501950000000000202e-02
-3.501950000000000202e-02
-3.501950000000000202e-02
-3.501850000000000102e-02
-3.501850000000000102e-02
-3.501850000000000102e-02
-3.501850000000000102e-02
-3.501850000000000102e-02
-3.501850000000000102e-02
-3.501850000000000102e-02
-3.501850000000000102e-02
-3.501850000000000102e-02
-3.501850000000000102e-02
-3.501850000000000102e-02
-3.501850000000000102e-02
-3.501850000000000102e-02
-3.501850000000000102e-02
-3.501549999999999802e-02
-3.501549999999999802e-02
-3.501549999999999802e-02
-3.501549999999999802e-02
-3.501549999999999802e-02
-3.501549999999999802e-02
-3.501549999999999802e-02
-3.501499999999999752e-02
-3.501499999999999752e-02
-3.501499999999999752e-02
-3.501499999999999752e-02
-3.501499999999999752e-02
-3.501499999999999752e-02
-3.501499999999999752e-02
-3.501499999999999752e-02
-3.501499999999999752e-02
-3.501499999999999752e-02
-3.501499999999999752e-02
-3.501499999999999752e-02
-3.501499999999999752e-02
-3.501499999999999752e-02
-3.501499999999999752e-02
-3.501499999999999752e-02
-3.501499999999999752e-02
-3.501499999999999752e-02
-3.499950000000000283e-02
-3.499950000000000283e-02
-3.499950000000000283e-02
-3.499950000000000283e-02
-3.499950000000000283e-02
