-4.545819999999999861e-01
-4.462510000000000088e-01
-4.436514999999999764e-01
-4.386499999999999844e-01
-4.052045000000000230e-01
-3.931799999999999740e-01
-3.900275000000000269e-01
-3.690585000000000115e-01
-3.690585000000000115e-01
-3.613589999999999858e-01
-3.605129999999999724e-01
-3.601070000000000104e-01
-3.423255000000000048e-01
-3.284770000000000190e-01
-3.284770000000000190e-01
-3.185439999999999938e-01
-3.185439999999999938e-01
-3.100744999999999751e-01
-3.045884999999999843e-01
-3.045884999999999843e-01
-2.977929999999999744e-01
-2.856589999999999963e-01
-2.839320000000000177e-01
-2.839320000000000177e-01
-2.739944999999999742e-01
-2.739944999999999742e-01
-2.526364999999999861e-01
-2.526364999999999861e-01
-2.526364999999999861e-01
-2.447735000000000050e-01
-2.447735000000000050e-01
-2.378945000000000087e-01
-2.378945000000000087e-01
-2.339094999999999924e-01
-2.264839999999999909e-01
-2.264839999999999909e-01
-2.093450000000000033e-01
-2.093450000000000033e-01
-2.065764999999999962e-01
-2.065764999999999962e-01
-2.025524999999999964e-01
-2.020925000000000082e-01
-1.931245000000000045e-01
-1.884490000000000054e-01
-1.853595000000000104e-01
-1.824085000000000012e-01
-1.824085000000000012e-01
-1.759094999999999964e-01
-1.759094999999999964e-01
-1.706475000000000075e-01
-1.698550000000000060e-01
-1.698550000000000060e-01
-1.618475000000000052e-01
-1.618475000000000052e-01
-1.581605000000000094e-01
-1.561339999999999950e-01
-1.482364999999999933e-01
-1.482364999999999933e-01
-1.482364999999999933e-01
-1.329569999999999919e-01
-1.329569999999999919e-01
-1.329569999999999919e-01
-1.329569999999999919e-01
-1.329569999999999919e-01
-1.329569999999999919e-01
-1.316460000000000130e-01
-1.296450000000000102e-01
-1.288515000000000077e-01
-1.239770000000000039e-01
-1.239770000000000039e-01
-1.239770000000000039e-01
-1.239770000000000039e-01
-1.234394999999999937e-01
-1.234394999999999937e-01
-1.144125000000000003e-01
-1.144125000000000003e-01
-1.144125000000000003e-01
-1.144125000000000003e-01
-1.144125000000000003e-01
-1.144125000000000003e-01
-1.144125000000000003e-01
-1.139840000000000020e-01
-1.127024999999999971e-01
-1.052430000000000032e-01
-1.029935000000000017e-01
-1.029935000000000017e-01
-1.029935000000000017e-01
-1.029935000000000017e-01
-1.029935000000000017e-01
-1.013114999999999988e-01
-9.767349999999999643e-02
-9.767349999999999643e-02
-9.767349999999999643e-02
-9.767349999999999643e-02
-9.762149999999999994e-02
-9.505800000000000360e-02
-9.505800000000000360e-02
-9.505800000000000360e-02
-9.505800000000000360e-02
-9.505049999999999610e-02
-9.414450000000000596e-02
-9.414450000000000596e-02
-9.267999999999999849e-02
-9.221550000000000580e-02
-9.221550000000000580e-02
-9.187299999999999633e-02
-8.575699999999999990e-02
-8.575699999999999990e-02
-8.575699999999999990e-02
-8.419000000000000095e-02
-8.419000000000000095e-02
-8.419000000000000095e-02
-8.353349999999999664e-02
-8.325549999999999617e-02
-8.284099999999999797e-02
-7.974599999999999744e-02
-7.974599999999999744e-02
-7.974599999999999744e-02
-7.974599999999999744e-02
-7.974599999999999744e-02
-7.974599999999999744e-02
-7.942849999999999910e-02
-7.904949999999999477e-02
-7.801149999999999751e-02
-7.329650000000000054e-02
-7.329650000000000054e-02
-7.329650000000000054e-02
-7.329650000000000054e-02
-7.329650000000000054e-02
-7.329650000000000054e-02
-7.297599999999999920e-02
-7.297599999999999920e-02
-7.297599999999999920e-02
-7.297599999999999920e-02
-7.297599999999999920e-02
-7.184500000000000608e-02
-6.568899999999999739e-02
-6.568899999999999739e-02
-6.568899999999999739e-02
-6.568899999999999739e-02
-6.568899999999999739e-02
-6.568899999999999739e-02
-6.568899999999999739e-02
-6.568899999999999739e-02
-6.568899999999999739e-02
-6.568899999999999739e-02
-6.567950000000000177e-02
-6.548099999999999754e-02
-6.490500000000000436e-02
-6.482300000000000562e-02
-6.482300000000000562e-02
-6.467000000000000526e-02
-6.198499999999999843e-02
-6.198499999999999843e-02
-6.198499999999999843e-02
-6.198499999999999843e-02
-6.198499999999999843e-02
-6.198499999999999843e-02
-6.198499999999999843e-02
-6.198499999999999843e-02
-6.038899999999999824e-02
-6.038899999999999824e-02
-6.038899999999999824e-02
-6.038899999999999824e-02
-6.021900000000000169e-02
-6.021900000000000169e-02
-6.021250000000000213e-02
-6.018600000000000338e-02
-5.977550000000000224e-02
-5.917150000000000187e-02
-5.917150000000000187e-02
-5.917150000000000187e-02
-5.917150000000000187e-02
-5.882300000000000029e-02
-5.882300000000000029e-02
-5.882300000000000029e-02
-5.757149999999999768e-02
-5.757149999999999768e-02
-5.757149999999999768e-02
-5.757149999999999768e-02
-5.659899999999999654e-02
-5.659899999999999654e-02
-5.659899999999999654e-02
-5.659899999999999654e-02
-5.659899999999999654e-02
-5.659899999999999654e-02
-5.565599999999999714e-02
-5.565599999999999714e-02
-5.565599999999999714e-02
-5.565599999999999714e-02
-5.565599999999999714e-02
-5.565599999999999714e-02
-5.565599999999999714e-02
-5.474199999999999899e-02
-5.361599999999999699e-02
-5.361599999999999699e-02
-5.361599999999999699e-02
-5.361599999999999699e-02
-5.361599999999999699e-02
-5.361599999999999699e-02
-5.337050000000000127e-02
-5.327649999999999747e-02
-5.320649999999999685e-02
-5.281799999999999690e-02
-5.281799999999999690e-02
-5.281799999999999690e-02
-5.261300000000000004e-02
-5.258249999999999730e-02
-5.258249999999999730e-02
-5.157350000000000129e-02
-5.157350000000000129e-02
-5.157350000000000129e-02
-5.157350000000000129e-02
-5.157350000000000129e-02
-5.157350000000000129e-02
-5.157350000000000129e-02
-5.157350000000000129e-02
-5.157350000000000129e-02
-5.157350000000000129e-02
-5.157350000000000129e-02
-5.157350000000000129e-02
-5.157350000000000129e-02
-5.130400000000000238e-02
-5.130400000000000238e-02
-5.115650000000000058e-02
-5.115650000000000058e-02
-5.115650000000000058e-02
-5.115650000000000058e-02
-4.910450000000000231e-02
-4.910450000000000231e-02
-4.910450000000000231e-02
-4.910450000000000231e-02
-4.910450000000000231e-02
-4.909449999999999925e-02
-4.909449999999999925e-02
-4.909449999999999925e-02
-4.909449999999999925e-02
-4.909449999999999925e-02
-4.909449999999999925e-02
-4.909449999999999925e-02
-4.909449999999999925e-02
-4.909449999999999925e-02
-4.909449999999999925e-02
-4.905749999999999694e-02
-4.905749999999999694e-02
-4.905749999999999694e-02
-4.855849999999999750e-02
-4.855849999999999750e-02
-4.851250000000000007e-02
-4.851250000000000007e-02
-4.851250000000000007e-02
-4.851250000000000007e-02
-4.851250000000000007e-02
-4.843449999999999839e-02
-4.843449999999999839e-02
-4.830000000000000265e-02
-4.827599999999999947e-02
-4.827599999999999947e-02
-4.827599999999999947e-02
-4.827599999999999947e-02
-4.827599999999999947e-02
-4.827499999999999847e-02
-4.827499999999999847e-02
-4.763499999999999679e-02
-4.763499999999999679e-02
-4.763499999999999679e-02
-4.743399999999999700e-02
-4.743399999999999700e-02
-4.743399999999999700e-02
-4.743399999999999700e-02
-4.715749999999999803e-02
-4.715749999999999803e-02
-4.715749999999999803e-02
-4.715749999999999803e-02
-4.715749999999999803e-02
-4.715749999999999803e-02
-4.685000000000000275e-02
-4.684399999999999675e-02
-4.684399999999999675e-02
-4.684399999999999675e-02
-4.684399999999999675e-02
-4.651199999999999779e-02
-4.651199999999999779e-02
-4.651199999999999779e-02
-4.651199999999999779e-02
-4.651199999999999779e-02
-4.629550000000000332e-02
-4.629550000000000332e-02
-4.609699999999999909e-02
-4.609699999999999909e-02
-4.609699999999999909e-02
-4.609699999999999909e-02
-4.609699999999999909e-02
-4.609699999999999909e-02
-4.609699999999999909e-02
-4.609699999999999909e-02
-4.609699999999999909e-02
-4.609699999999999909e-02
-4.604799999999999865e-02
-4.604799999999999865e-02
-4.604799999999999865e-02
-4.604799999999999865e-02
-4.591499999999999748e-02
-4.591499999999999748e-02
-4.591499999999999748e-02
-4.591499999999999748e-02
-4.591499999999999748e-02
-4.591499999999999748e-02
-4.591499999999999748e-02
-4.591350000000000292e-02
-4.591350000000000292e-02
-4.540750000000000342e-02
-4.540750000000000342e-02
-4.540750000000000342e-02
-4.540750000000000342e-02
-4.540750000000000342e-02
-4.524750000000000300e-02
-4.524750000000000300e-02
-4.513400000000000051e-02
-4.513400000000000051e-02
-4.513400000000000051e-02
-4.504299999999999971e-02
-4.504299999999999971e-02
-4.504299999999999971e-02
-4.504299999999999971e-02
-4.504299999999999971e-02
-4.504299999999999971e-02
-4.504299999999999971e-02
-4.504299999999999971e-02
-4.504299999999999971e-02
-4.504299999999999971e-02
-4.504299999999999971e-02
-4.504299999999999971e-02
-4.504299999999999971e-02
-4.504299999999999971e-02
-4.497049999999999659e-02
-4.497049999999999659e-02
-4.497049999999999659e-02
-4.497049999999999659e-02
-4.497049999999999659e-02
-4.497049999999999659e-02
-4.497049999999999659e-02
-4.497049999999999659e-02
-4.484049999999999842e-02
-4.484049999999999842e-02
-4.462499999999999800e-02
-4.447149999999999714e-02
-4.447149999999999714e-02
-4.447149999999999714e-02
-4.437599999999999878e-02
-4.431999999999999829e-02
-4.431999999999999829e-02
-4.398900000000000032e-02
-4.398900000000000032e-02
-4.398900000000000032e-02
-4.398900000000000032e-02
-4.398900000000000032e-02
-4.398049999999999876e-02
-4.398049999999999876e-02
-4.398049999999999876e-02
-4.398049999999999876e-02
-4.397600000000000120e-02
-4.397600000000000120e-02
-4.392850000000000227e-02
-4.392850000000000227e-02
-4.392850000000000227e-02
-4.392850000000000227e-02
-4.392850000000000227e-02
-4.392850000000000227e-02
-4.392850000000000227e-02
-4.392850000000000227e-02
-4.392850000000000227e-02
-4.392850000000000227e-02
-4.392850000000000227e-02
-4.365750000000000186e-02
-4.365750000000000186e-02
-4.365750000000000186e-02
-4.365750000000000186e-02
-4.365750000000000186e-02
-4.365750000000000186e-02
-4.365750000000000186e-02
-4.365750000000000186e-02
-4.365750000000000186e-02
-4.365750000000000186e-02
-4.310800000000000048e-02
-4.310800000000000048e-02
-4.310800000000000048e-02
-4.310800000000000048e-02
-4.310800000000000048e-02
-4.310800000000000048e-02
-4.310800000000000048e-02
-4.310800000000000048e-02
-4.310800000000000048e-02
-4.310800000000000048e-02
-4.310800000000000048e-02
-4.310800000000000048e-02
-4.310800000000000048e-02
-4.310800000000000048e-02
-4.310150000000000092e-02
-4.307500000000000218e-02
-4.307500000000000218e-02
-4.307149999999999868e-02
-4.306800000000000211e-02
-4.306349999999999761e-02
-4.304650000000000143e-02
-4.304050000000000237e-02
-4.304050000000000237e-02
-4.304050000000000237e-02
-4.304050000000000237e-02
-4.303350000000000231e-02
-4.303350000000000231e-02
-4.300749999999999712e-02
-4.300699999999999662e-02
-4.300500000000000156e-02
-4.300199999999999856e-02
-4.300199999999999856e-02
-4.300199999999999856e-02
-4.300149999999999806e-02
-4.300149999999999806e-02
-4.299950000000000300e-02
-4.298749999999999793e-02
-4.283349999999999658e-02
-4.283349999999999658e-02
-4.260749999999999954e-02
-4.259899999999999798e-02
-4.259899999999999798e-02
-4.253099999999999936e-02
-4.253099999999999936e-02
-4.253099999999999936e-02
-4.253099999999999936e-02
-4.253099999999999936e-02
-4.213250000000000328e-02
-4.213250000000000328e-02
-4.213250000000000328e-02
-4.213250000000000328e-02
-4.213250000000000328e-02
-4.213250000000000328e-02
-4.213250000000000328e-02
-4.213250000000000328e-02
-4.213250000000000328e-02
-4.213250000000000328e-02
-4.213250000000000328e-02
-4.212849999999999928e-02
-4.212849999999999928e-02
-4.212500000000000272e-02
-4.212500000000000272e-02
-4.212500000000000272e-02
-4.204000000000000098e-02
-4.203950000000000048e-02
-4.203950000000000048e-02
-4.203950000000000048e-02
-4.203950000000000048e-02
-4.203950000000000048e-02
-4.203899999999999998e-02
-4.203899999999999998e-02
-4.199399999999999661e-02
-4.199399999999999661e-02
-4.199399999999999661e-02
-4.153450000000000197e-02
-4.153450000000000197e-02
-4.153450000000000197e-02
-4.153450000000000197e-02
-4.153450000000000197e-02
-4.153450000000000197e-02
-4.153450000000000197e-02
-4.153450000000000197e-02
-4.153450000000000197e-02
-4.153450000000000197e-02
-4.153450000000000197e-02
-4.153450000000000197e-02
-4.153450000000000197e-02
-4.153450000000000197e-02
-4.153450000000000197e-02
-4.153450000000000197e-02
-4.141349999999999892e-02
-4.141349999999999892e-02
-4.141349999999999892e-02
-4.141349999999999892e-02
-4.141349999999999892e-02
-4.141349999999999892e-02
-4.141349999999999892e-02
-4.141349999999999892e-02
-4.141349999999999892e-02
-4.141349999999999892e-02
-4.141000000000000236e-02
-4.139299999999999924e-02
-4.127650000000000069e-02
-4.127650000000000069e-02
-4.127650000000000069e-02
-4.127650000000000069e-02
-4.127650000000000069e-02
-4.127650000000000069e-02
-4.127650000000000069e-02
-4.123600000000000182e-02
-4.123600000000000182e-02
-4.099200000000000066e-02
-4.099200000000000066e-02
-4.099200000000000066e-02
-4.099200000000000066e-02
-4.099200000000000066e-02
-4.099200000000000066e-02
-4.099200000000000066e-02
-4.099200000000000066e-02
-4.088800000000000073e-02
-4.088800000000000073e-02
-4.088800000000000073e-02
-4.088800000000000073e-02
-4.088800000000000073e-02
-4.088800000000000073e-02
-4.088800000000000073e-02
-4.088800000000000073e-02
-4.088800000000000073e-02
-4.082149999999999668e-02
-4.082149999999999668e-02
-4.077200000000000268e-02
-4.077200000000000268e-02
-4.077200000000000268e-02
-4.077200000000000268e-02
-4.077200000000000268e-02
-4.065799999999999970e-02
-4.065799999999999970e-02
-4.065799999999999970e-02
-4.065799999999999970e-02
-4.065799999999999970e-02
-4.065799999999999970e-02
-4.065799999999999970e-02
-4.065799999999999970e-02
-4.065799999999999970e-02
-4.065799999999999970e-02
-4.065799999999999970e-02
-4.065799999999999970e-02
-4.065799999999999970e-02
-4.065799999999999970e-02
-4.065599999999999770e-02
-4.064700000000000257e-02
-4.064650000000000207e-02
-4.064650000000000207e-02
-4.056450000000000333e-02
-4.052750000000000102e-02
-4.052750000000000102e-02
-4.032750000000000223e-02
-4.032750000000000223e-02
-4.032750000000000223e-02
-4.032750000000000223e-02
-4.032750000000000223e-02
-4.032750000000000223e-02
-4.032750000000000223e-02
-4.032750000000000223e-02
-4.032750000000000223e-02
-4.032750000000000223e-02
-4.032750000000000223e-02
-4.032750000000000223e-02
-4.032750000000000223e-02
-4.032750000000000223e-02
-4.032750000000000223e-02
-4.032750000000000223e-02
-4.020300000000000262e-02
-4.020300000000000262e-02
-4.020300000000000262e-02
-4.020300000000000262e-02
-4.020300000000000262e-02
-4.020300000000000262e-02
-4.020300000000000262e-02
-4.020300000000000262e-02
-4.020300000000000262e-02
-4.020300000000000262e-02
-4.020300000000000262e-02
-4.020300000000000262e-02
-4.020300000000000262e-02
-4.020300000000000262e-02
-4.016399999999999831e-02
-4.014449999999999963e-02
-3.992550000000000265e-02
-3.992550000000000265e-02
-3.992550000000000265e-02
-3.992550000000000265e-02
-3.992550000000000265e-02
-3.988200000000000078e-02
-3.988200000000000078e-02
-3.988200000000000078e-02
-3.988200000000000078e-02
-3.988200000000000078e-02
-3.988200000000000078e-02
-3.988200000000000078e-02
-3.953650000000000220e-02
-3.953650000000000220e-02
-3.953650000000000220e-02
-3.953650000000000220e-02
-3.953650000000000220e-02
-3.953650000000000220e-02
-3.945099999999999996e-02
-3.945099999999999996e-02
-3.945099999999999996e-02
-3.945099999999999996e-02
-3.945099999999999996e-02
-3.945099999999999996e-02
-3.945099999999999996e-02
-3.945099999999999996e-02
-3.945099999999999996e-02
-3.945099999999999996e-02
-3.945099999999999996e-02
-3.945099999999999996e-02
-3.945099999999999996e-02
-3.945099999999999996e-02
-3.945099999999999996e-02
-3.945099999999999996e-02
-3.945099999999999996e-02
-3.912849999999999662e-02
-3.912849999999999662e-02
-3.912849999999999662e-02
-3.912849999999999662e-02
-3.912849999999999662e-02
-3.912849999999999662e-02
-3.912849999999999662e-02
-3.912849999999999662e-02
-3.912849999999999662e-02
-3.912849999999999662e-02
-3.912849999999999662e-02
-3.912849999999999662e-02
-3.912849999999999662e-02
-3.912849999999999662e-02
-3.912849999999999662e-02
-3.908849999999999825e-02
-3.908849999999999825e-02
-3.908849999999999825e-02
-3.908849999999999825e-02
-3.908849999999999825e-02
-3.908849999999999825e-02
-3.908849999999999825e-02
-3.908849999999999825e-02
-3.908849999999999825e-02
-3.908849999999999825e-02
-3.908849999999999825e-02
-3.908849999999999825e-02
-3.908849999999999825e-02
-3.908849999999999825e-02
-3.903999999999999831e-02
-3.900300000000000294e-02
-3.894750000000000295e-02
-3.894750000000000295e-02
-3.894750000000000295e-02
-3.894700000000000245e-02
-3.894700000000000245e-02
-3.894650000000000195e-02
-3.894500000000000045e-02
-3.894449999999999995e-02
-3.885000000000000259e-02
-3.842249999999999832e-02
-3.842249999999999832e-02
-3.842249999999999832e-02
-3.842249999999999832e-02
-3.842249999999999832e-02
-3.842249999999999832e-02
-3.842249999999999832e-02
-3.842249999999999832e-02
-3.842249999999999832e-02
-3.842249999999999832e-02
-3.842249999999999832e-02
-3.842249999999999832e-02
-3.842249999999999832e-02
-3.842249999999999832e-02
-3.842249999999999832e-02
-3.842249999999999832e-02
-3.842249999999999832e-02
-3.838300000000000045e-02
-3.838300000000000045e-02
-3.838300000000000045e-02
-3.838300000000000045e-02
-3.838300000000000045e-02
-3.838300000000000045e-02
-3.817000000000000254e-02
-3.817000000000000254e-02
-3.817000000000000254e-02
-3.817000000000000254e-02
-3.817000000000000254e-02
-3.817000000000000254e-02
-3.817000000000000254e-02
-3.817000000000000254e-02
-3.817000000000000254e-02
-3.817000000000000254e-02
-3.816049999999999998e-02
-3.816049999999999998e-02
-3.816049999999999998e-02
-3.816049999999999998e-02
-3.816049999999999998e-02
-3.814700000000000035e-02
-3.812999999999999723e-02
-3.811950000000000061e-02
-3.811950000000000061e-02
-3.811950000000000061e-02
-3.811950000000000061e-02
-3.811950000000000061e-02
-3.802099999999999924e-02
-3.802099999999999924e-02
-3.802049999999999874e-02
-3.802049999999999874e-02
-3.802049999999999874e-02
-3.802049999999999874e-02
-3.801999999999999824e-02
-3.801999999999999824e-02
-3.801999999999999824e-02
-3.801999999999999824e-02
-3.801949999999999774e-02
-3.801949999999999774e-02
-3.796950000000000325e-02
-3.796950000000000325e-02
-3.796950000000000325e-02
-3.796549999999999925e-02
-3.796549999999999925e-02
-3.796549999999999925e-02
-3.796549999999999925e-02
-3.796549999999999925e-02
-3.796549999999999925e-02
-3.796549999999999925e-02
-3.796549999999999925e-02
-3.796549999999999925e-02
-3.794600000000000056e-02
-3.764300000000000285e-02
-3.764300000000000285e-02
-3.764300000000000285e-02
-3.764300000000000285e-02
-3.764300000000000285e-02
-3.764300000000000285e-02
-3.764300000000000285e-02
-3.764300000000000285e-02
-3.764300000000000285e-02
-3.764300000000000285e-02
-3.764300000000000285e-02
-3.764300000000000285e-02
-3.717199999999999671e-02
-3.717199999999999671e-02
-3.717199999999999671e-02
-3.717199999999999671e-02
-3.717199999999999671e-02
-3.717199999999999671e-02
-3.717199999999999671e-02
-3.717199999999999671e-02
-3.717199999999999671e-02
-3.717199999999999671e-02
-3.717199999999999671e-02
-3.717199999999999671e-02
-3.717199999999999671e-02
-3.717199999999999671e-02
-3.717199999999999671e-02
-3.717199999999999671e-02
-3.717199999999999671e-02
-3.717199999999999671e-02
-3.717199999999999671e-02
-3.717199999999999671e-02
-3.717199999999999671e-02
-3.717199999999999671e-02
-3.717199999999999671e-02
-3.717199999999999671e-02
-3.717199999999999671e-02
-3.717199999999999671e-02
-3.717199999999999671e-02
-3.717199999999999671e-02
-3.717199999999999671e-02
-3.717199999999999671e-02
-3.717199999999999671e-02
-3.717199999999999671e-02
-3.717199999999999671e-02
-3.717199999999999671e-02
-3.717199999999999671e-02
-3.717199999999999671e-02
-3.717199999999999671e-02
-3.717199999999999671e-02
-3.717199999999999671e-02
-3.717199999999999671e-02
-3.717199999999999671e-02
-3.717199999999999671e-02
-3.717199999999999671e-02
-3.717199999999999671e-02
-3.717199999999999671e-02
-3.717199999999999671e-02
-3.717199999999999671e-02
-3.717199999999999671e-02
-3.717199999999999671e-02
-3.717199999999999671e-02
-3.717199999999999671e-02
-3.686699999999999700e-02
-3.686699999999999700e-02
-3.686699999999999700e-02
-3.686699999999999700e-02
-3.686699999999999700e-02
-3.686699999999999700e-02
-3.686699999999999700e-02
-3.686699999999999700e-02
-3.686699999999999700e-02
-3.686699999999999700e-02
-3.686699999999999700e-02
-3.686699999999999700e-02
-3.686699999999999700e-02
-3.677300000000000013e-02
-3.677300000000000013e-02
-3.677300000000000013e-02
-3.677300000000000013e-02
-3.677300000000000013e-02
-3.677300000000000013e-02
-3.677300000000000013e-02
-3.677300000000000013e-02
-3.677300000000000013e-02
-3.677300000000000013e-02
-3.677300000000000013e-02
-3.677300000000000013e-02
-3.653100000000000097e-02
-3.653100000000000097e-02
-3.653100000000000097e-02
-3.653100000000000097e-02
-3.653100000000000097e-02
-3.653100000000000097e-02
-3.653100000000000097e-02
-3.653100000000000097e-02
-3.653100000000000097e-02
-3.653100000000000097e-02
-3.653100000000000097e-02
-3.653100000000000097e-02
-3.653100000000000097e-02
-3.653100000000000097e-02
-3.653100000000000097e-02
-3.653100000000000097e-02
-3.653100000000000097e-02
-3.653100000000000097e-02
-3.642150000000000248e-02
-3.624999999999999750e-02
-3.614649999999999808e-02
-3.614649999999999808e-02
-3.614649999999999808e-02
-3.579100000000000337e-02
-3.579100000000000337e-02
-3.579100000000000337e-02
-3.579100000000000337e-02
-3.577199999999999824e-02
-3.577199999999999824e-02
-3.577199999999999824e-02
-3.577199999999999824e-02
-3.577199999999999824e-02
-3.576549999999999868e-02
-3.576499999999999818e-02
-3.576499999999999818e-02
-3.576349999999999668e-02
-3.576000000000000012e-02
-3.576000000000000012e-02
-3.576000000000000012e-02
-3.576000000000000012e-02
-3.575849999999999862e-02
-3.575799999999999812e-02
-3.575799999999999812e-02
-3.575649999999999662e-02
-3.572700000000000181e-02
-3.572700000000000181e-02
-3.572700000000000181e-02
-3.572700000000000181e-02
-3.572700000000000181e-02
-3.559500000000000164e-02
-3.559500000000000164e-02
-3.559500000000000164e-02
-3.559500000000000164e-02
-3.559500000000000164e-02
-3.559500000000000164e-02
-3.559500000000000164e-02
-3.559500000000000164e-02
-3.559500000000000164e-02
-3.559350000000000014e-02
-3.559049999999999714e-02
-3.559049999999999714e-02
-3.559049999999999714e-02
-3.558000000000000052e-02
-3.558000000000000052e-02
-3.558000000000000052e-02
-3.558000000000000052e-02
-3.558000000000000052e-02
-3.558000000000000052e-02
-3.558000000000000052e-02
-3.558000000000000052e-02
-3.557799999999999851e-02
-3.557799999999999851e-02
-3.557799999999999851e-02
-3.557699999999999751e-02
-3.557699999999999751e-02
-3.557699999999999751e-02
-3.534799999999999748e-02
-3.534799999999999748e-02
-3.534799999999999748e-02
-3.534799999999999748e-02
-3.534799999999999748e-02
-3.534799999999999748e-02
-3.534799999999999748e-02
-3.534799999999999748e-02
-3.534799999999999748e-02
-3.534799999999999748e-02
-3.534799999999999748e-02
-3.534799999999999748e-02
-3.534799999999999748e-02
-3.534799999999999748e-02
-3.534799999999999748e-02
-3.534799999999999748e-02
-3.534799999999999748e-02
-3.532350000000000073e-02
-3.531650000000000067e-02
-3.531650000000000067e-02
-3.531200000000000311e-02
-3.531000000000000111e-02
-3.531000000000000111e-02
-3.523799999999999849e-02
-3.523799999999999849e-02
-3.511750000000000288e-02
-3.511750000000000288e-02
-3.509349999999999969e-02
-3.508900000000000213e-02
-3.506700000000000095e-02
-3.506700000000000095e-02
-3.506700000000000095e-02
-3.504000000000000170e-02
-3.502999999999999864e-02
-3.502999999999999864e-02
-3.502999999999999864e-02
-3.502999999999999864e-02
-3.502999999999999864e-02
-3.488299999999999734e-02
-3.480450000000000210e-02
-3.473049999999999748e-02
-3.473049999999999748e-02
-3.473049999999999748e-02
-3.473049999999999748e-02
-3.473049999999999748e-02
-3.473049999999999748e-02
-3.301300000000000068e-02
-3.301300000000000068e-02
-3.301300000000000068e-02
-3.301300000000000068e-02
-3.301300000000000068e-02
-3.301300000000000068e-02
-3.301300000000000068e-02
-3.301300000000000068e-02
-3.301300000000000068e-02
-3.301300000000000068e-02
-3.301300000000000068e-02
-3.301300000000000068e-02
-3.301300000000000068e-02
-3.301300000000000068e-02
-3.301300000000000068e-02
-3.301300000000000068e-02
-3.301300000000000068e-02
-3.301300000000000068e-02
-3.301300000000000068e-02
-3.301300000000000068e-02
-3.301300000000000068e-02
-3.301300000000000068e-02
-3.301300000000000068e-02
-3.301300000000000068e-02
-3.301300000000000068e-02
-3.301300000000000068e-02
-3.301300000000000068e-02
-3.301300000000000068e-02
-3.301300000000000068e-02
-3.301300000000000068e-02
-3.301300000000000068e-02
-3.301300000000000068e-02
-3.301300000000000068e-02
-3.301300000000000068e-02
-3.301300000000000068e-02
-3.301300000000000068e-02
-3.301300000000000068e-02
-3.301300000000000068e-02
-3.301300000000000068e-02
-3.301300000000000068e-02
-3.301300000000000068e-02
-3.301300000000000068e-02
-3.301300000000000068e-02
-3.301300000000000068e-02
-3.301300000000000068e-02
-3.301300000000000068e-02
-3.301300000000000068e-02
-3.301300000000000068e-02
-3.301300000000000068e-02
-3.301300000000000068e-02
-3.301300000000000068e-02
-3.301300000000000068e-02
-3.301300000000000068e-02
-3.301300000000000068e-02
-3.301300000000000068e-02
-3.301300000000000068e-02
-3.301300000000000068e-02
-3.301300000000000068e-02
-3.301300000000000068e-02
-3.301300000000000068e-02
-3.301300000000000068e-02
-3.301300000000000068e-02
-3.301300000000000068e-02
-3.301300000000000068e-02
-3.301300000000000068e-02
-3.301300000000000068e-02
-3.301300000000000068e-02
-3.301300000000000068e-02
-3.301300000000000068e-02
-3.301300000000000068e-02
-3.301300000000000068e-02
-3.301300000000000068e-02
-3.301300000000000068e-02
