9.923000151174588002e-01
6.808524362138643760e-01
8.122668684103696579e-01
9.918459475299359340e-01
6.516350309817856568e-01
9.689651427475324263e-01
9.982998178426856217e-01
7.046726131770524315e-01
2.616810876581653345e-01
9.983608783086337368e-01
7.323909314906209556e-01
2.912771500705175765e-01
9.981277526337943851e-01
6.947571017132319060e-01
3.208720614611365596e-01
9.979167389364291818e-01
8.081140512760888184e-01
4.159392563921274211e-01
9.985364615343360617e-01
7.152439043596957591e-01
3.683297191091949863e-01
9.975868515867782893e-01
7.264595991290238031e-01
5.957022101541935566e-01
9.983947535069883639e-01
7.230972553434726890e-01
5.639994561577754695e-01
9.992847798274300253e-01
7.910163707071529160e-01
5.572478156067458555e-01
