-5.707370000000000498e-01
-5.707370000000000498e-01
-5.707370000000000498e-01
-5.268154999999999921e-01
-2.484030000000000127e-01
-2.484030000000000127e-01
-2.484030000000000127e-01
-2.484030000000000127e-01
-2.484030000000000127e-01
-2.484030000000000127e-01
-2.332214999999999983e-01
-2.332214999999999983e-01
-2.206295000000000062e-01
-2.128805000000000003e-01
-2.128805000000000003e-01
-1.928529999999999966e-01
-1.642315000000000025e-01
-1.642315000000000025e-01
-1.642315000000000025e-01
-1.446314999999999962e-01
-1.446314999999999962e-01
-1.446314999999999962e-01
-1.236534999999999995e-01
-1.098279999999999951e-01
-1.098279999999999951e-01
-8.929900000000000337e-02
-8.929900000000000337e-02
-8.221000000000000529e-02
-8.221000000000000529e-02
-8.221000000000000529e-02
-8.221000000000000529e-02
-8.183400000000000396e-02
-7.690049999999999664e-02
-7.677349999999999453e-02
-6.526650000000000507e-02
-6.526650000000000507e-02
-6.110000000000000153e-02
-6.038899999999999824e-02
-5.910399999999999682e-02
-4.723949999999999677e-02
-4.723949999999999677e-02
-4.723949999999999677e-02
-4.723949999999999677e-02
-4.723949999999999677e-02
-4.723949999999999677e-02
-4.723949999999999677e-02
-4.723949999999999677e-02
-4.723949999999999677e-02
-4.723949999999999677e-02
-4.723949999999999677e-02
-4.723949999999999677e-02
-4.500950000000000090e-02
-4.336799999999999683e-02
-4.308200000000000224e-02
-4.308200000000000224e-02
-3.844399999999999901e-02
-3.844399999999999901e-02
-3.844399999999999901e-02
-3.675699999999999801e-02
-3.609450000000000158e-02
-3.175449999999999801e-02
-3.175449999999999801e-02
-3.052349999999999855e-02
-3.052349999999999855e-02
-3.003350000000000117e-02
-2.823000000000000162e-02
-2.823000000000000162e-02
-2.823000000000000162e-02
-2.823000000000000162e-02
-2.797449999999999937e-02
-2.676749999999999963e-02
-2.676749999999999963e-02
-2.676749999999999963e-02
-2.676749999999999963e-02
-2.676749999999999963e-02
-2.620950000000000016e-02
-2.620950000000000016e-02
-2.523550000000000099e-02
-2.332199999999999898e-02
-2.332199999999999898e-02
-2.332199999999999898e-02
-2.308150000000000132e-02
-2.308150000000000132e-02
-2.308150000000000132e-02
-2.308150000000000132e-02
-2.294900000000000065e-02
-2.281649999999999998e-02
-2.132699999999999874e-02
-1.939899999999999958e-02
-1.821400000000000102e-02
-1.722550000000000123e-02
-1.722550000000000123e-02
-1.722550000000000123e-02
-1.660850000000000173e-02
-1.660850000000000173e-02
-1.660850000000000173e-02
-1.644750000000000031e-02
-1.600949999999999943e-02
-1.600949999999999943e-02
-1.600949999999999943e-02
-1.514249999999999971e-02
-1.463549999999999920e-02
-1.463549999999999920e-02
-1.463549999999999920e-02
-1.463549999999999920e-02
-1.463549999999999920e-02
-1.463549999999999920e-02
-1.463549999999999920e-02
-1.463549999999999920e-02
-1.390800000000000022e-02
-1.390800000000000022e-02
-1.390800000000000022e-02
-1.388900000000000030e-02
-1.388900000000000030e-02
-1.388900000000000030e-02
-1.358350000000000009e-02
-1.358350000000000009e-02
-1.358350000000000009e-02
-1.342950000000000046e-02
-1.324550000000000033e-02
-1.324550000000000033e-02
-1.318300000000000027e-02
-1.318300000000000027e-02
-1.318300000000000027e-02
-1.318300000000000027e-02
-1.316250000000000059e-02
-1.293099999999999979e-02
-1.252550000000000018e-02
-1.252550000000000018e-02
-1.252550000000000018e-02
-1.252550000000000018e-02
-1.252550000000000018e-02
-1.252550000000000018e-02
-1.252550000000000018e-02
-1.252550000000000018e-02
-1.250249999999999972e-02
-1.250249999999999972e-02
-1.250249999999999972e-02
-1.235449999999999916e-02
-1.235449999999999916e-02
-1.235449999999999916e-02
-1.235449999999999916e-02
-1.235449999999999916e-02
-1.233049999999999945e-02
-1.233049999999999945e-02
-1.233049999999999945e-02
-1.233049999999999945e-02
-1.233049999999999945e-02
-1.232250000000000012e-02
-1.204350000000000039e-02
-1.204350000000000039e-02
-1.204350000000000039e-02
-1.204350000000000039e-02
-1.204350000000000039e-02
-1.204350000000000039e-02
-1.204350000000000039e-02
-1.196449999999999944e-02
-1.196449999999999944e-02
-1.185899999999999975e-02
-1.185899999999999975e-02
-1.174550000000000073e-02
-1.174550000000000073e-02
-1.162599999999999918e-02
-1.154299999999999944e-02
-1.154299999999999944e-02
-1.154299999999999944e-02
-1.154299999999999944e-02
-1.154299999999999944e-02
-1.154299999999999944e-02
-1.154299999999999944e-02
-1.154299999999999944e-02
-1.154299999999999944e-02
-1.143150000000000069e-02
-1.138450000000000052e-02
-1.133450000000000082e-02
-1.133450000000000082e-02
-1.133450000000000082e-02
-1.133450000000000082e-02
-1.133450000000000082e-02
-1.133450000000000082e-02
-1.133450000000000082e-02
-1.133450000000000082e-02
-1.133450000000000082e-02
-1.131899999999999920e-02
-1.131650000000000017e-02
-1.131650000000000017e-02
-1.131500000000000040e-02
-1.129600000000000048e-02
-1.129600000000000048e-02
-1.129600000000000048e-02
-1.010050000000000010e-02
-1.010050000000000010e-02
-1.010050000000000010e-02
-1.010050000000000010e-02
-1.010050000000000010e-02
-1.010050000000000010e-02
-1.010050000000000010e-02
-1.010050000000000010e-02
-1.010050000000000010e-02
-1.010050000000000010e-02
-1.010050000000000010e-02
-1.010050000000000010e-02
-1.009449999999999931e-02
-1.009449999999999931e-02
-9.961499999999999869e-03
-9.961499999999999869e-03
-9.961499999999999869e-03
-9.961499999999999869e-03
-9.961499999999999869e-03
-9.961499999999999869e-03
-9.961499999999999869e-03
-9.961499999999999869e-03
-9.961499999999999869e-03
-9.961499999999999869e-03
-9.961499999999999869e-03
-9.961499999999999869e-03
-9.961499999999999869e-03
-9.913500000000000437e-03
-9.913500000000000437e-03
-9.913500000000000437e-03
-9.913500000000000437e-03
-9.913500000000000437e-03
-9.913500000000000437e-03
-9.913500000000000437e-03
-9.913500000000000437e-03
-9.913500000000000437e-03
-9.913500000000000437e-03
-9.913500000000000437e-03
-9.913500000000000437e-03
-9.913500000000000437e-03
-9.913500000000000437e-03
-9.913500000000000437e-03
-9.908999999999999406e-03
-9.908999999999999406e-03
-9.908999999999999406e-03
-9.879499999999999393e-03
-9.879499999999999393e-03
-9.879499999999999393e-03
-9.879499999999999393e-03
-9.879499999999999393e-03
-9.879499999999999393e-03
-9.879499999999999393e-03
-9.816999999999999338e-03
-9.816999999999999338e-03
-9.816999999999999338e-03
-9.816999999999999338e-03
-9.816999999999999338e-03
-9.816999999999999338e-03
-9.816999999999999338e-03
-9.805499999999999980e-03
-9.805499999999999980e-03
-9.805499999999999980e-03
-9.805499999999999980e-03
-9.805499999999999980e-03
-9.805499999999999980e-03
-9.805499999999999980e-03
-9.804000000000000214e-03
-9.804000000000000214e-03
-9.459499999999999159e-03
-9.459499999999999159e-03
-9.459499999999999159e-03
-9.459499999999999159e-03
-9.459499999999999159e-03
-9.459499999999999159e-03
-9.459499999999999159e-03
-9.459499999999999159e-03
-9.459499999999999159e-03
-9.459499999999999159e-03
-9.459499999999999159e-03
-9.459499999999999159e-03
-9.438000000000000209e-03
-9.438000000000000209e-03
-9.438000000000000209e-03
-9.438000000000000209e-03
-9.438000000000000209e-03
-9.433999999999999678e-03
-9.433999999999999678e-03
-9.412500000000000727e-03
-9.400999999999999635e-03
-9.400999999999999635e-03
-9.400999999999999635e-03
-9.400999999999999635e-03
-9.400999999999999635e-03
-9.400999999999999635e-03
-9.400999999999999635e-03
-9.394500000000000073e-03
-9.394500000000000073e-03
-9.394500000000000073e-03
-9.394500000000000073e-03
-9.388499999999999276e-03
-9.388499999999999276e-03
-9.388000000000000511e-03
-9.388000000000000511e-03
-9.388000000000000511e-03
-9.388000000000000511e-03
-9.387500000000000011e-03
-9.383499999999999480e-03
-9.383499999999999480e-03
-9.383499999999999480e-03
-9.383499999999999480e-03
-9.383499999999999480e-03
-9.383499999999999480e-03
-9.030500000000000332e-03
-9.030500000000000332e-03
-9.030500000000000332e-03
-9.030500000000000332e-03
-9.030500000000000332e-03
-9.030500000000000332e-03
-9.030500000000000332e-03
-9.030500000000000332e-03
-9.030500000000000332e-03
-9.030500000000000332e-03
-9.030500000000000332e-03
-9.030500000000000332e-03
-9.030500000000000332e-03
-9.030500000000000332e-03
-9.030500000000000332e-03
-9.030500000000000332e-03
-9.030500000000000332e-03
-9.030500000000000332e-03
-9.030500000000000332e-03
-9.030500000000000332e-03
-9.030500000000000332e-03
-9.030500000000000332e-03
-9.030500000000000332e-03
-9.030500000000000332e-03
-9.030500000000000332e-03
-9.030500000000000332e-03
-9.030500000000000332e-03
-9.030500000000000332e-03
-9.030500000000000332e-03
-9.030500000000000332e-03
-9.030500000000000332e-03
-9.030500000000000332e-03
-9.030500000000000332e-03
-9.030500000000000332e-03
-9.030500000000000332e-03
-9.030500000000000332e-03
-9.030500000000000332e-03
-9.030500000000000332e-03
-9.030500000000000332e-03
-9.030500000000000332e-03
-9.030500000000000332e-03
-9.030500000000000332e-03
-9.030500000000000332e-03
-9.030500000000000332e-03
-9.030500000000000332e-03
-9.030500000000000332e-03
-9.030500000000000332e-03
-9.030500000000000332e-03
-9.030500000000000332e-03
-9.030500000000000332e-03
-9.030500000000000332e-03
-9.030500000000000332e-03
-9.030500000000000332e-03
-9.030500000000000332e-03
-8.720000000000000320e-03
-8.720000000000000320e-03
-8.720000000000000320e-03
-8.720000000000000320e-03
-8.720000000000000320e-03
-8.720000000000000320e-03
-8.720000000000000320e-03
-8.720000000000000320e-03
-8.720000000000000320e-03
-8.720000000000000320e-03
-8.720000000000000320e-03
-8.720000000000000320e-03
-8.720000000000000320e-03
-8.720000000000000320e-03
-8.720000000000000320e-03
-8.720000000000000320e-03
-8.720000000000000320e-03
-8.720000000000000320e-03
-8.720000000000000320e-03
-8.720000000000000320e-03
-8.720000000000000320e-03
-8.720000000000000320e-03
-8.720000000000000320e-03
-8.720000000000000320e-03
-8.720000000000000320e-03
-8.712499999999999759e-03
-8.701499999999999166e-03
-8.701499999999999166e-03
-8.701499999999999166e-03
-8.701499999999999166e-03
-8.701499999999999166e-03
-8.701499999999999166e-03
-8.701499999999999166e-03
-8.701499999999999166e-03
-8.701499999999999166e-03
-8.701499999999999166e-03
-8.701499999999999166e-03
-8.667499999999999857e-03
-8.667499999999999857e-03
-8.665499999999999592e-03
-8.664500000000000327e-03
-8.627499999999999752e-03
-8.627499999999999752e-03
-8.626500000000000487e-03
-8.626500000000000487e-03
-8.626500000000000487e-03
-8.626500000000000487e-03
-8.626500000000000487e-03
-8.626500000000000487e-03
-8.626500000000000487e-03
-8.620499999999999691e-03
-8.620499999999999691e-03
-8.620499999999999691e-03
-8.620499999999999691e-03
-8.620499999999999691e-03
-8.620499999999999691e-03
-8.620499999999999691e-03
-8.620499999999999691e-03
-8.584500000000000117e-03
-8.584500000000000117e-03
-8.584500000000000117e-03
-8.584500000000000117e-03
-8.584500000000000117e-03
-8.584500000000000117e-03
-8.555500000000000604e-03
-8.545999999999999777e-03
-8.537499999999999950e-03
-8.497499999999999845e-03
-8.497499999999999845e-03
-8.497499999999999845e-03
-8.491999999999999549e-03
-8.491999999999999549e-03
-8.489000000000000018e-03
-8.489000000000000018e-03
-8.489000000000000018e-03
-8.489000000000000018e-03
-8.489000000000000018e-03
-8.465999999999999567e-03
-8.465999999999999567e-03
-8.465999999999999567e-03
-8.465999999999999567e-03
-8.462499999999999536e-03
-8.462499999999999536e-03
-8.462499999999999536e-03
-8.462499999999999536e-03
-8.462499999999999536e-03
-8.462499999999999536e-03
-8.462499999999999536e-03
-8.462499999999999536e-03
-8.462499999999999536e-03
-8.462499999999999536e-03
-8.462499999999999536e-03
-8.462000000000000771e-03
-8.462000000000000771e-03
-8.461500000000000271e-03
-8.461500000000000271e-03
-8.461500000000000271e-03
-8.429000000000000728e-03
-8.429000000000000728e-03
-8.429000000000000728e-03
-8.056499999999999426e-03
-8.056499999999999426e-03
-8.056499999999999426e-03
-8.056499999999999426e-03
-8.056499999999999426e-03
-8.056499999999999426e-03
-8.056499999999999426e-03
-8.056499999999999426e-03
-8.056499999999999426e-03
-8.056499999999999426e-03
-8.056499999999999426e-03
-7.575499999999999769e-03
-7.575499999999999769e-03
-7.575499999999999769e-03
-7.575499999999999769e-03
-7.575499999999999769e-03
-7.575499999999999769e-03
-7.575499999999999769e-03
-7.575499999999999769e-03
-7.575499999999999769e-03
-7.575499999999999769e-03
-7.575499999999999769e-03
-7.575499999999999769e-03
-7.575499999999999769e-03
-7.575499999999999769e-03
-7.572999999999999871e-03
-7.572999999999999871e-03
-7.572999999999999871e-03
-7.572999999999999871e-03
-7.572999999999999871e-03
-7.557499999999999982e-03
-7.557499999999999982e-03
-7.557499999999999982e-03
-7.557499999999999982e-03
-7.549000000000000155e-03
-7.486999999999999732e-03
-7.469499999999999577e-03
-7.469499999999999577e-03
-7.463499999999999648e-03
-7.457000000000000087e-03
-7.457000000000000087e-03
-7.457000000000000087e-03
-7.457000000000000087e-03
-7.454500000000000189e-03
