-5.180179999999999785e-01
-5.180179999999999785e-01
-4.972949999999999871e-01
-4.972949999999999871e-01
-4.780964999999999798e-01
-4.780964999999999798e-01
-4.780964999999999798e-01
-4.745099999999999874e-01
-4.745099999999999874e-01
-4.645265000000000088e-01
-4.608875000000000055e-01
-4.339744999999999853e-01
-4.339744999999999853e-01
-4.339744999999999853e-01
-4.337004999999999888e-01
-4.253584999999999727e-01
-4.173069999999999835e-01
-4.173069999999999835e-01
-4.173069999999999835e-01
-4.173069999999999835e-01
-4.129574999999999774e-01
-4.062045000000000239e-01
-4.062045000000000239e-01
-4.020555000000000101e-01
-4.015655000000000197e-01
-3.850100000000000189e-01
-3.850100000000000189e-01
-3.850100000000000189e-01
-3.850100000000000189e-01
-3.833765000000000089e-01
-3.833765000000000089e-01
-3.812524999999999942e-01
-3.791415000000000202e-01
-3.692900000000000071e-01
-3.692900000000000071e-01
-3.692900000000000071e-01
-3.692900000000000071e-01
-3.686165000000000136e-01
-3.686165000000000136e-01
-3.628930000000000211e-01
-3.628930000000000211e-01
-3.628930000000000211e-01
-3.548895000000000244e-01
-3.548895000000000244e-01
-3.548895000000000244e-01
-3.505415000000000059e-01
-3.505415000000000059e-01
-3.505415000000000059e-01
-3.505254999999999899e-01
-3.496420000000000083e-01
-3.457684999999999786e-01
-3.457684999999999786e-01
-3.457684999999999786e-01
-3.457684999999999786e-01
-3.422490000000000254e-01
-3.383134999999999892e-01
-3.383134999999999892e-01
-3.380475000000000008e-01
-3.380475000000000008e-01
-3.380475000000000008e-01
-3.380475000000000008e-01
-3.379719999999999946e-01
-3.342295000000000127e-01
-3.342295000000000127e-01
-3.325080000000000258e-01
-3.325080000000000258e-01
-3.319424999999999737e-01
-3.280870000000000175e-01
-3.278305000000000247e-01
-3.249119999999999786e-01
-3.249119999999999786e-01
-3.249119999999999786e-01
-3.249119999999999786e-01
-3.249119999999999786e-01
-3.249119999999999786e-01
-3.247809999999999864e-01
-3.247809999999999864e-01
-3.217979999999999730e-01
-3.217979999999999730e-01
-3.215565000000000229e-01
-3.215565000000000229e-01
-3.206705000000000250e-01
-3.206705000000000250e-01
-3.206705000000000250e-01
-3.206114999999999937e-01
-3.194339999999999957e-01
-3.194339999999999957e-01
-3.194339999999999957e-01
-3.181700000000000084e-01
-3.159199999999999786e-01
-3.159199999999999786e-01
-3.159199999999999786e-01
-3.159199999999999786e-01
-3.159199999999999786e-01
-3.159199999999999786e-01
-3.159199999999999786e-01
-3.157384999999999775e-01
-3.121169999999999778e-01
-3.121169999999999778e-01
-3.117535000000000167e-01
-3.108934999999999893e-01
-3.108934999999999893e-01
-3.108934999999999893e-01
-3.108934999999999893e-01
-3.108934999999999893e-01
-3.108934999999999893e-01
-3.106975000000000153e-01
-3.106630000000000225e-01
-3.106630000000000225e-01
-3.106630000000000225e-01
-3.094830000000000081e-01
-3.089864999999999973e-01
-3.089864999999999973e-01
-3.089864999999999973e-01
-3.089864999999999973e-01
-3.088845000000000063e-01
-3.087050000000000072e-01
-3.061559999999999837e-01
-3.061559999999999837e-01
-3.054525000000000157e-01
-3.052714999999999734e-01
-3.052714999999999734e-01
-3.052714999999999734e-01
-3.049485000000000112e-01
-3.049485000000000112e-01
-3.024229999999999974e-01
-3.024229999999999974e-01
-3.024229999999999974e-01
-3.024229999999999974e-01
-3.024229999999999974e-01
-3.019864999999999911e-01
-3.019864999999999911e-01
-3.019864999999999911e-01
-3.014959999999999862e-01
-3.007265000000000077e-01
-3.007265000000000077e-01
-3.007265000000000077e-01
-3.007265000000000077e-01
-3.007265000000000077e-01
-3.006765000000000132e-01
-3.006765000000000132e-01
-3.003954999999999820e-01
-3.003954999999999820e-01
-2.986194999999999822e-01
-2.986194999999999822e-01
-2.986194999999999822e-01
-2.986194999999999822e-01
-2.986194999999999822e-01
-2.986194999999999822e-01
-2.980059999999999931e-01
-2.980059999999999931e-01
-2.980059999999999931e-01
-2.980059999999999931e-01
-2.979299999999999726e-01
-2.967730000000000090e-01
-2.967730000000000090e-01
-2.967730000000000090e-01
-2.967730000000000090e-01
-2.967730000000000090e-01
-2.967730000000000090e-01
-2.959069999999999756e-01
-2.959069999999999756e-01
-2.959069999999999756e-01
-2.959069999999999756e-01
-2.959069999999999756e-01
-2.959069999999999756e-01
-2.959069999999999756e-01
-2.959069999999999756e-01
-2.959069999999999756e-01
-2.959069999999999756e-01
-2.958795000000000175e-01
-2.952879999999999949e-01
-2.952879999999999949e-01
-2.952879999999999949e-01
-2.952879999999999949e-01
-2.952879999999999949e-01
-2.952879999999999949e-01
-2.950470000000000037e-01
-2.949809999999999932e-01
-2.949809999999999932e-01
-2.943729999999999958e-01
-2.943729999999999958e-01
-2.943729999999999958e-01
-2.943729999999999958e-01
-2.943729999999999958e-01
-2.943729999999999958e-01
-2.943635000000000002e-01
-2.942235000000000267e-01
-2.942235000000000267e-01
-2.941779999999999951e-01
-2.941779999999999951e-01
-2.939430000000000098e-01
-2.939430000000000098e-01
-2.939430000000000098e-01
-2.933609999999999829e-01
-2.933609999999999829e-01
-2.933609999999999829e-01
-2.932649999999999979e-01
-2.932649999999999979e-01
-2.932649999999999979e-01
-2.932649999999999979e-01
-2.932649999999999979e-01
-2.932305000000000050e-01
-2.932305000000000050e-01
-2.932305000000000050e-01
-2.932305000000000050e-01
-2.931894999999999918e-01
-2.912750000000000061e-01
-2.912750000000000061e-01
-2.912750000000000061e-01
-2.912750000000000061e-01
-2.912750000000000061e-01
-2.912750000000000061e-01
-2.912750000000000061e-01
-2.912750000000000061e-01
-2.912750000000000061e-01
-2.912750000000000061e-01
-2.912750000000000061e-01
-2.912750000000000061e-01
-2.910915000000000030e-01
-2.895579999999999821e-01
-2.895579999999999821e-01
-2.895579999999999821e-01
-2.895579999999999821e-01
-2.895579999999999821e-01
-2.895579999999999821e-01
-2.895579999999999821e-01
-2.895579999999999821e-01
-2.895579999999999821e-01
-2.895579999999999821e-01
-2.895424999999999804e-01
-2.895424999999999804e-01
-2.895424999999999804e-01
-2.895424999999999804e-01
-2.895424999999999804e-01
-2.894079999999999986e-01
-2.894079999999999986e-01
-2.888060000000000072e-01
-2.888060000000000072e-01
-2.888060000000000072e-01
-2.881409999999999805e-01
-2.881409999999999805e-01
-2.881409999999999805e-01
-2.881409999999999805e-01
-2.881389999999999785e-01
-2.881064999999999876e-01
-2.881064999999999876e-01
-2.877615000000000034e-01
-2.877615000000000034e-01
-2.877615000000000034e-01
-2.877615000000000034e-01
-2.877615000000000034e-01
-2.877615000000000034e-01
-2.877615000000000034e-01
-2.877615000000000034e-01
-2.877615000000000034e-01
-2.877615000000000034e-01
-2.877615000000000034e-01
-2.877615000000000034e-01
-2.877615000000000034e-01
-2.877615000000000034e-01
-2.877480000000000038e-01
-2.868519999999999959e-01
-2.868519999999999959e-01
-2.868519999999999959e-01
-2.868519999999999959e-01
-2.868519999999999959e-01
-2.868519999999999959e-01
-2.868375000000000230e-01
-2.868375000000000230e-01
-2.868375000000000230e-01
-2.868375000000000230e-01
-2.868375000000000230e-01
-2.866474999999999995e-01
-2.863935000000000231e-01
-2.863935000000000231e-01
-2.863935000000000231e-01
-2.863935000000000231e-01
-2.863935000000000231e-01
-2.863935000000000231e-01
-2.863935000000000231e-01
-2.863935000000000231e-01
-2.863935000000000231e-01
-2.863935000000000231e-01
-2.863935000000000231e-01
-2.863899999999999779e-01
-2.859785000000000244e-01
-2.859785000000000244e-01
-2.859780000000000100e-01
-2.859780000000000100e-01
-2.859774999999999956e-01
-2.859774999999999956e-01
-2.859774999999999956e-01
-2.859685000000000143e-01
-2.859599999999999920e-01
-2.859599999999999920e-01
-2.858554999999999846e-01
-2.858554999999999846e-01
-2.858554999999999846e-01
-2.856650000000000023e-01
-2.856650000000000023e-01
-2.856650000000000023e-01
-2.855665000000000009e-01
-2.855665000000000009e-01
-2.855665000000000009e-01
-2.855665000000000009e-01
-2.855665000000000009e-01
-2.855665000000000009e-01
-2.855665000000000009e-01
-2.855665000000000009e-01
-2.855665000000000009e-01
-2.855659999999999865e-01
-2.855659999999999865e-01
-2.855659999999999865e-01
-2.855659999999999865e-01
-2.855659999999999865e-01
-2.853660000000000085e-01
-2.853660000000000085e-01
-2.853660000000000085e-01
-2.853660000000000085e-01
-2.853660000000000085e-01
-2.853660000000000085e-01
-2.853660000000000085e-01
-2.853660000000000085e-01
-2.853589999999999738e-01
-2.851150000000000073e-01
-2.851150000000000073e-01
-2.851150000000000073e-01
-2.851150000000000073e-01
-2.851150000000000073e-01
-2.851150000000000073e-01
-2.851150000000000073e-01
-2.851150000000000073e-01
-2.851150000000000073e-01
-2.851009999999999933e-01
-2.851009999999999933e-01
-2.844594999999999763e-01
-2.844594999999999763e-01
-2.844594999999999763e-01
-2.844594999999999763e-01
-2.844594999999999763e-01
-2.844594999999999763e-01
-2.844594999999999763e-01
-2.844594999999999763e-01
-2.844344999999999790e-01
-2.844344999999999790e-01
-2.844344999999999790e-01
-2.844134999999999858e-01
-2.844134999999999858e-01
-2.844134999999999858e-01
-2.842764999999999875e-01
-2.842764999999999875e-01
-2.842764999999999875e-01
-2.842764999999999875e-01
-2.842764999999999875e-01
-2.842764999999999875e-01
-2.842184999999999850e-01
-2.842184999999999850e-01
-2.842184999999999850e-01
-2.842184999999999850e-01
-2.842184999999999850e-01
-2.842184999999999850e-01
-2.842184999999999850e-01
-2.842184999999999850e-01
-2.842120000000000202e-01
-2.842120000000000202e-01
-2.842120000000000202e-01
-2.841949999999999754e-01
-2.841949999999999754e-01
-2.841949999999999754e-01
-2.841794999999999738e-01
-2.841724999999999945e-01
-2.841584999999999805e-01
-2.841584999999999805e-01
-2.841564999999999785e-01
-2.841380000000000017e-01
-2.841090000000000004e-01
-2.840940000000000132e-01
-2.839614999999999778e-01
-2.839614999999999778e-01
-2.839614999999999778e-01
-2.839614999999999778e-01
-2.839614999999999778e-01
-2.839614999999999778e-01
-2.839585000000000026e-01
-2.839585000000000026e-01
-2.839535000000000253e-01
-2.839535000000000253e-01
-2.839535000000000253e-01
-2.839535000000000253e-01
-2.839535000000000253e-01
-2.839535000000000253e-01
-2.839535000000000253e-01
-2.839484999999999926e-01
-2.839484999999999926e-01
-2.839484999999999926e-01
-2.839455000000000173e-01
-2.837560000000000082e-01
-2.837560000000000082e-01
-2.837560000000000082e-01
-2.837560000000000082e-01
-2.837560000000000082e-01
-2.837560000000000082e-01
-2.837354999999999738e-01
-2.837354999999999738e-01
-2.837354999999999738e-01
-2.837275000000000214e-01
-2.837235000000000174e-01
-2.837040000000000117e-01
-2.836819999999999897e-01
-2.836819999999999897e-01
-2.836819999999999897e-01
-2.835610000000000075e-01
-2.835610000000000075e-01
-2.835610000000000075e-01
-2.835610000000000075e-01
-2.835610000000000075e-01
-2.835099999999999842e-01
-2.835099999999999842e-01
-2.835099999999999842e-01
-2.835099999999999842e-01
-2.835099999999999842e-01
-2.835099999999999842e-01
-2.835099999999999842e-01
-2.835099999999999842e-01
-2.835099999999999842e-01
-2.835099999999999842e-01
-2.835099999999999842e-01
-2.835099999999999842e-01
-2.835099999999999842e-01
-2.835099999999999842e-01
-2.835099999999999842e-01
-2.835075000000000234e-01
-2.835075000000000234e-01
-2.835075000000000234e-01
-2.835075000000000234e-01
-2.834904999999999786e-01
-2.834904999999999786e-01
-2.834904999999999786e-01
-2.834904999999999786e-01
-2.834904999999999786e-01
-2.831969999999999765e-01
-2.831969999999999765e-01
-2.831969999999999765e-01
-2.831969999999999765e-01
-2.831969999999999765e-01
-2.831969999999999765e-01
-2.831969999999999765e-01
-2.831969999999999765e-01
-2.831969999999999765e-01
-2.831969999999999765e-01
-2.831969999999999765e-01
-2.831969999999999765e-01
-2.831969999999999765e-01
-2.831969999999999765e-01
-2.831969999999999765e-01
-2.831969999999999765e-01
-2.831969999999999765e-01
-2.831954999999999889e-01
-2.831954999999999889e-01
-2.831954999999999889e-01
-2.831719999999999793e-01
-2.831719999999999793e-01
-2.831719999999999793e-01
-2.831719999999999793e-01
-2.831650000000000000e-01
-2.831650000000000000e-01
-2.830535000000000134e-01
-2.830535000000000134e-01
-2.830535000000000134e-01
-2.830535000000000134e-01
-2.830535000000000134e-01
-2.830535000000000134e-01
-2.830329999999999790e-01
-2.830064999999999942e-01
-2.830019999999999758e-01
-2.830019999999999758e-01
-2.830019999999999758e-01
-2.829825000000000257e-01
-2.829825000000000257e-01
-2.829825000000000257e-01
-2.829825000000000257e-01
-2.829789999999999806e-01
-2.829789999999999806e-01
-2.829780000000000073e-01
-2.829749999999999766e-01
-2.829659999999999953e-01
-2.829659999999999953e-01
-2.829659999999999953e-01
-2.829659999999999953e-01
-2.829654999999999809e-01
-2.829654999999999809e-01
-2.829654999999999809e-01
-2.829654999999999809e-01
-2.829564999999999997e-01
-2.829564999999999997e-01
-2.829524999999999957e-01
-2.829524999999999957e-01
-2.829524999999999957e-01
-2.829524999999999957e-01
-2.829510000000000081e-01
-2.829510000000000081e-01
-2.829510000000000081e-01
-2.829254999999999964e-01
-2.829254999999999964e-01
-2.827664999999999762e-01
-2.827664999999999762e-01
-2.827664999999999762e-01
-2.827664999999999762e-01
-2.827664999999999762e-01
-2.827664999999999762e-01
-2.827664999999999762e-01
-2.827664999999999762e-01
-2.827664999999999762e-01
-2.827664999999999762e-01
-2.827664999999999762e-01
-2.827664999999999762e-01
-2.827664999999999762e-01
-2.827664999999999762e-01
-2.827580000000000093e-01
-2.827520000000000033e-01
-2.827485000000000137e-01
-2.827485000000000137e-01
-2.827465000000000117e-01
-2.827459999999999973e-01
-2.827459999999999973e-01
-2.827454999999999830e-01
-2.827454999999999830e-01
-2.827454999999999830e-01
-2.827394999999999770e-01
-2.827394999999999770e-01
-2.827394999999999770e-01
-2.827374999999999750e-01
-2.827370000000000161e-01
-2.827080000000000148e-01
-2.827005000000000212e-01
-2.827005000000000212e-01
-2.827005000000000212e-01
-2.827005000000000212e-01
-2.827005000000000212e-01
-2.827000000000000068e-01
-2.827000000000000068e-01
-2.827000000000000068e-01
-2.826989999999999781e-01
-2.826940000000000008e-01
-2.826940000000000008e-01
-2.826905000000000112e-01
-2.826870000000000216e-01
-2.826850000000000196e-01
-2.826584999999999792e-01
-2.826584999999999792e-01
-2.826489999999999836e-01
-2.826489999999999836e-01
-2.826489999999999836e-01
-2.826489999999999836e-01
-2.826489999999999836e-01
-2.826489999999999836e-01
-2.826489999999999836e-01
-2.826489999999999836e-01
-2.826489999999999836e-01
-2.826489999999999836e-01
-2.826489999999999836e-01
-2.826489999999999836e-01
-2.826489999999999836e-01
-2.826489999999999836e-01
-2.826489999999999836e-01
-2.826429999999999776e-01
-2.826429999999999776e-01
-2.826429999999999776e-01
-2.826429999999999776e-01
-2.826429999999999776e-01
-2.826429999999999776e-01
-2.826429999999999776e-01
-2.826429999999999776e-01
-2.826429999999999776e-01
-2.826429999999999776e-01
-2.825480000000000214e-01
-2.825480000000000214e-01
-2.825480000000000214e-01
-2.825480000000000214e-01
-2.825480000000000214e-01
-2.825480000000000214e-01
-2.825480000000000214e-01
-2.825480000000000214e-01
-2.825480000000000214e-01
-2.825464999999999782e-01
-2.825464999999999782e-01
-2.825464999999999782e-01
-2.825464999999999782e-01
-2.825464999999999782e-01
-2.825460000000000194e-01
-2.825460000000000194e-01
-2.825424999999999742e-01
-2.825424999999999742e-01
-2.825420000000000154e-01
-2.825405000000000277e-01
-2.825400000000000134e-01
-2.825400000000000134e-01
-2.825400000000000134e-01
-2.825400000000000134e-01
-2.825394999999999990e-01
-2.825394999999999990e-01
-2.825385000000000257e-01
-2.825385000000000257e-01
-2.825385000000000257e-01
-2.825385000000000257e-01
-2.825385000000000257e-01
-2.825385000000000257e-01
-2.825385000000000257e-01
-2.825385000000000257e-01
-2.825385000000000257e-01
-2.825385000000000257e-01
-2.825385000000000257e-01
-2.825385000000000257e-01
-2.825385000000000257e-01
-2.825385000000000257e-01
-2.825334999999999930e-01
-2.825334999999999930e-01
-2.825334999999999930e-01
-2.825334999999999930e-01
-2.825334999999999930e-01
-2.825334999999999930e-01
-2.825334999999999930e-01
-2.825329999999999786e-01
-2.825329999999999786e-01
-2.825329999999999786e-01
-2.825254999999999850e-01
-2.825214999999999810e-01
-2.825214999999999810e-01
-2.825210000000000221e-01
-2.825210000000000221e-01
-2.825205000000000077e-01
-2.825205000000000077e-01
-2.825185000000000057e-01
-2.825179999999999914e-01
-2.825179999999999914e-01
-2.825179999999999914e-01
-2.825179999999999914e-01
-2.825170000000000181e-01
-2.825170000000000181e-01
-2.825170000000000181e-01
-2.825170000000000181e-01
-2.825170000000000181e-01
-2.825170000000000181e-01
-2.825170000000000181e-01
-2.825170000000000181e-01
-2.825170000000000181e-01
-2.825170000000000181e-01
-2.825170000000000181e-01
-2.825170000000000181e-01
-2.825170000000000181e-01
-2.825170000000000181e-01
-2.825170000000000181e-01
-2.825170000000000181e-01
-2.825170000000000181e-01
-2.825170000000000181e-01
-2.825170000000000181e-01
-2.825119999999999854e-01
-2.825119999999999854e-01
-2.825119999999999854e-01
-2.825119999999999854e-01
-2.825119999999999854e-01
-2.825119999999999854e-01
-2.825119999999999854e-01
-2.825119999999999854e-01
-2.825104999999999977e-01
-2.825104999999999977e-01
-2.825104999999999977e-01
-2.825104999999999977e-01
-2.825104999999999977e-01
-2.825104999999999977e-01
-2.825104999999999977e-01
-2.825104999999999977e-01
-2.825104999999999977e-01
-2.825104999999999977e-01
-2.825104999999999977e-01
-2.825104999999999977e-01
-2.825104999999999977e-01
-2.825104999999999977e-01
-2.825104999999999977e-01
-2.825104999999999977e-01
-2.825104999999999977e-01
-2.825104999999999977e-01
-2.825104999999999977e-01
-2.825104999999999977e-01
-2.825104999999999977e-01
-2.825104999999999977e-01
-2.825104999999999977e-01
-2.825104999999999977e-01
-2.825104999999999977e-01
-2.825104999999999977e-01
-2.825104999999999977e-01
-2.825104999999999977e-01
-2.825104999999999977e-01
-2.825104999999999977e-01
-2.825104999999999977e-01
-2.825104999999999977e-01
-2.825104999999999977e-01
-2.825104999999999977e-01
-2.825104999999999977e-01
-2.825104999999999977e-01
-2.825104999999999977e-01
-2.825104999999999977e-01
-2.825104999999999977e-01
-2.825104999999999977e-01
-2.825104999999999977e-01
-2.825104999999999977e-01
-2.825104999999999977e-01
-2.825104999999999977e-01
-2.825104999999999977e-01
-2.825104999999999977e-01
-2.825075000000000225e-01
-2.825075000000000225e-01
-2.825075000000000225e-01
-2.825070000000000081e-01
-2.825064999999999937e-01
-2.825064999999999937e-01
-2.825059999999999794e-01
-2.825059999999999794e-01
-2.825059999999999794e-01
-2.825059999999999794e-01
-2.825059999999999794e-01
-2.825059999999999794e-01
-2.825059999999999794e-01
-2.825055000000000205e-01
-2.825055000000000205e-01
-2.825050000000000061e-01
-2.825050000000000061e-01
-2.825039999999999774e-01
-2.825039999999999774e-01
-2.825035000000000185e-01
-2.825035000000000185e-01
-2.825035000000000185e-01
-2.825035000000000185e-01
-2.825035000000000185e-01
-2.825035000000000185e-01
-2.825035000000000185e-01
-2.825035000000000185e-01
-2.825024999999999897e-01
-2.825024999999999897e-01
-2.825024999999999897e-01
-2.825024999999999897e-01
-2.824825000000000252e-01
-2.824825000000000252e-01
-2.824825000000000252e-01
-2.824825000000000252e-01
-2.824825000000000252e-01
-2.824825000000000252e-01
-2.824825000000000252e-01
-2.824825000000000252e-01
-2.824820000000000109e-01
-2.824820000000000109e-01
-2.824800000000000089e-01
-2.824800000000000089e-01
-2.824785000000000212e-01
-2.824729999999999741e-01
-2.824729999999999741e-01
-2.824729999999999741e-01
-2.824729999999999741e-01
-2.824729999999999741e-01
-2.824729999999999741e-01
-2.824729999999999741e-01
-2.824729999999999741e-01
-2.824725000000000152e-01
-2.824725000000000152e-01
-2.824725000000000152e-01
-2.824725000000000152e-01
-2.824725000000000152e-01
-2.824725000000000152e-01
-2.824720000000000009e-01
-2.824720000000000009e-01
-2.824720000000000009e-01
-2.824720000000000009e-01
-2.824699999999999989e-01
-2.824699999999999989e-01
-2.824699999999999989e-01
-2.824699999999999989e-01
-2.824694999999999845e-01
-2.824694999999999845e-01
-2.824694999999999845e-01
-2.824694999999999845e-01
-2.824694999999999845e-01
-2.824694999999999845e-01
-2.824694999999999845e-01
-2.824679999999999969e-01
-2.824679999999999969e-01
-2.824674999999999825e-01
-2.824674999999999825e-01
-2.824674999999999825e-01
-2.824674999999999825e-01
-2.824674999999999825e-01
-2.824674999999999825e-01
-2.824674999999999825e-01
-2.824674999999999825e-01
-2.824674999999999825e-01
-2.824674999999999825e-01
-2.824674999999999825e-01
-2.824674999999999825e-01
-2.824674999999999825e-01
-2.824674999999999825e-01
-2.824674999999999825e-01
-2.823640000000000039e-01
-2.823640000000000039e-01
-2.823640000000000039e-01
-2.823640000000000039e-01
-2.823640000000000039e-01
-2.823640000000000039e-01
-2.823640000000000039e-01
-2.823640000000000039e-01
-2.823640000000000039e-01
-2.823640000000000039e-01
-2.823640000000000039e-01
-2.823640000000000039e-01
-2.823640000000000039e-01
-2.823640000000000039e-01
-2.823640000000000039e-01
-2.823640000000000039e-01
-2.823640000000000039e-01
-2.823640000000000039e-01
-2.823640000000000039e-01
-2.823640000000000039e-01
-2.823640000000000039e-01
-2.822744999999999838e-01
-2.822744999999999838e-01
-2.822744999999999838e-01
-2.822744999999999838e-01
-2.822744999999999838e-01
-2.822744999999999838e-01
-2.822744999999999838e-01
-2.822744999999999838e-01
-2.822744999999999838e-01
-2.822744999999999838e-01
-2.822744999999999838e-01
-2.822744999999999838e-01
-2.822744999999999838e-01
-2.822744999999999838e-01
-2.822744999999999838e-01
-2.822744999999999838e-01
-2.822744999999999838e-01
-2.822744999999999838e-01
-2.822744999999999838e-01
-2.822744999999999838e-01
-2.822744999999999838e-01
-2.822744999999999838e-01
-2.822744999999999838e-01
-2.822744999999999838e-01
-2.822744999999999838e-01
-2.822744999999999838e-01
-2.822744999999999838e-01
-2.822744999999999838e-01
-2.822744999999999838e-01
-2.822744999999999838e-01
-2.822744999999999838e-01
-2.822744999999999838e-01
-2.822744999999999838e-01
-2.822744999999999838e-01
-2.822744999999999838e-01
-2.822744999999999838e-01
-2.822744999999999838e-01
-2.822744999999999838e-01
-2.822744999999999838e-01
-2.822744999999999838e-01
-2.822744999999999838e-01
-2.822744999999999838e-01
-2.822744999999999838e-01
-2.822744999999999838e-01
-2.822744999999999838e-01
-2.822744999999999838e-01
-2.822744999999999838e-01
-2.822744999999999838e-01
-2.822744999999999838e-01
-2.822744999999999838e-01
-2.822744999999999838e-01
-2.822744999999999838e-01
-2.822744999999999838e-01
-2.822744999999999838e-01
-2.822744999999999838e-01
-2.822744999999999838e-01
-2.822744999999999838e-01
-2.822744999999999838e-01
-2.822744999999999838e-01
-2.822744999999999838e-01
-2.822744999999999838e-01
-2.822729999999999961e-01
-2.822729999999999961e-01
-2.822729999999999961e-01
-2.822729999999999961e-01
-2.822729999999999961e-01
-2.822729999999999961e-01
-2.822729999999999961e-01
-2.822729999999999961e-01
-2.822729999999999961e-01
-2.822729999999999961e-01
-2.822724999999999818e-01
-2.822724999999999818e-01
-2.822724999999999818e-01
-2.822724999999999818e-01
-2.822724999999999818e-01
-2.822724999999999818e-01
-2.822724999999999818e-01
-2.822724999999999818e-01
-2.822724999999999818e-01
-2.822724999999999818e-01
-2.822724999999999818e-01
-2.821254999999999735e-01
-2.821254999999999735e-01
-2.821254999999999735e-01
-2.821254999999999735e-01
-2.821254999999999735e-01
-2.821254999999999735e-01
-2.821254999999999735e-01
-2.821254999999999735e-01
-2.821254999999999735e-01
-2.821254999999999735e-01
-2.821254999999999735e-01
-2.821254999999999735e-01
-2.821254999999999735e-01
-2.821254999999999735e-01
-2.821254999999999735e-01
-2.821245000000000003e-01
-2.821245000000000003e-01
-2.821245000000000003e-01
-2.821239999999999859e-01
-2.821230000000000127e-01
-2.821224999999999983e-01
-2.821224999999999983e-01
-2.821219999999999839e-01
-2.821219999999999839e-01
-2.821199999999999819e-01
-2.821199999999999819e-01
-2.821179999999999799e-01
-2.821179999999999799e-01
-2.821179999999999799e-01
-2.821179999999999799e-01
-2.821179999999999799e-01
-2.821179999999999799e-01
-2.821164999999999923e-01
-2.821155000000000190e-01
-2.821155000000000190e-01
-2.821155000000000190e-01
-2.821155000000000190e-01
-2.821155000000000190e-01
-2.821115000000000150e-01
-2.821110000000000007e-01
-2.821110000000000007e-01
-2.821110000000000007e-01
-2.821110000000000007e-01
-2.821110000000000007e-01
-2.821110000000000007e-01
-2.821110000000000007e-01
-2.821110000000000007e-01
-2.821110000000000007e-01
-2.821110000000000007e-01
-2.821110000000000007e-01
-2.821110000000000007e-01
-2.821110000000000007e-01
-2.821110000000000007e-01
-2.821110000000000007e-01
-2.821110000000000007e-01
-2.821110000000000007e-01
-2.821110000000000007e-01
-2.821110000000000007e-01
-2.821110000000000007e-01
-2.821110000000000007e-01
-2.821110000000000007e-01
-2.821110000000000007e-01
-2.821110000000000007e-01
-2.821110000000000007e-01
-2.821110000000000007e-01
-2.821110000000000007e-01
-2.821110000000000007e-01
-2.821110000000000007e-01
-2.821110000000000007e-01
-2.821110000000000007e-01
-2.821110000000000007e-01
-2.821110000000000007e-01
-2.821110000000000007e-01
-2.821110000000000007e-01
-2.821110000000000007e-01
-2.821110000000000007e-01
-2.821110000000000007e-01
-2.821110000000000007e-01
-2.821110000000000007e-01
-2.821110000000000007e-01
-2.821110000000000007e-01
-2.821110000000000007e-01
-2.821110000000000007e-01
-2.821110000000000007e-01
-2.821110000000000007e-01
-2.821110000000000007e-01
-2.821110000000000007e-01
-2.821110000000000007e-01
-2.821110000000000007e-01
-2.821110000000000007e-01
-2.821110000000000007e-01
-2.821110000000000007e-01
-2.821110000000000007e-01
-2.821110000000000007e-01
-2.821110000000000007e-01
-2.821110000000000007e-01
