-1.914399999999999991e-01
-1.914399999999999991e-01
-1.839345000000000008e-01
-1.663705000000000045e-01
-1.543920000000000015e-01
-1.317405000000000104e-01
-1.072420000000000040e-01
-1.072420000000000040e-01
-1.072420000000000040e-01
-1.072420000000000040e-01
-9.726150000000000073e-02
-9.352050000000000640e-02
-9.352050000000000640e-02
-9.352050000000000640e-02
-8.706350000000000200e-02
-8.706350000000000200e-02
-8.706350000000000200e-02
-8.695050000000000001e-02
-7.910849999999999826e-02
-7.910849999999999826e-02
-7.910849999999999826e-02
-7.910849999999999826e-02
-7.846649999999999459e-02
-7.823449999999999849e-02
-7.628050000000000108e-02
-7.584549999999999625e-02
-7.584549999999999625e-02
-7.369299999999999462e-02
-7.289650000000000296e-02
-7.121600000000000152e-02
-7.121600000000000152e-02
-7.121600000000000152e-02
-7.101000000000000367e-02
-7.072100000000000608e-02
-6.915749999999999675e-02
-6.863850000000000506e-02
-6.811000000000000387e-02
-6.802099999999999813e-02
-6.737650000000000583e-02
-6.637250000000000094e-02
-6.437350000000000017e-02
-6.437350000000000017e-02
-6.425300000000000455e-02
-6.425300000000000455e-02
-6.425300000000000455e-02
-6.282300000000000384e-02
-6.282300000000000384e-02
-6.247849999999999931e-02
-6.247849999999999931e-02
-6.247849999999999931e-02
-6.240149999999999864e-02
-6.187700000000000145e-02
-6.155700000000000061e-02
-6.155700000000000061e-02
-6.125799999999999995e-02
-6.125799999999999995e-02
-6.125799999999999995e-02
-6.076449999999999907e-02
-6.076449999999999907e-02
-6.074050000000000282e-02
-6.047399999999999998e-02
-6.021750000000000019e-02
-5.984799999999999842e-02
-5.984799999999999842e-02
-5.984799999999999842e-02
-5.984799999999999842e-02
-5.984799999999999842e-02
-5.951000000000000040e-02
-5.951000000000000040e-02
-5.928049999999999986e-02
-5.914099999999999913e-02
-5.877149999999999735e-02
-5.877149999999999735e-02
-5.877149999999999735e-02
-5.858499999999999819e-02
-5.858499999999999819e-02
-5.856449999999999850e-02
-5.855799999999999894e-02
-5.852949999999999819e-02
-5.811800000000000299e-02
-5.811800000000000299e-02
-5.811800000000000299e-02
-5.811800000000000299e-02
-5.797700000000000076e-02
-5.797700000000000076e-02
-5.797700000000000076e-02
-5.797700000000000076e-02
-5.796899999999999969e-02
-5.725299999999999834e-02
-5.725299999999999834e-02
-5.725299999999999834e-02
-5.725299999999999834e-02
-5.725299999999999834e-02
-5.725299999999999834e-02
-5.694649999999999712e-02
-5.694649999999999712e-02
-5.694649999999999712e-02
-5.694649999999999712e-02
-5.692649999999999794e-02
-5.692649999999999794e-02
-5.685950000000000032e-02
-5.671799999999999758e-02
-5.664199999999999791e-02
-5.657149999999999679e-02
-5.657149999999999679e-02
-5.657149999999999679e-02
-5.657149999999999679e-02
-5.654649999999999954e-02
-5.654649999999999954e-02
-5.654649999999999954e-02
-5.633350000000000163e-02
-5.633350000000000163e-02
-5.633350000000000163e-02
-5.617250000000000021e-02
-5.617250000000000021e-02
-5.617250000000000021e-02
-5.617250000000000021e-02
-5.607700000000000184e-02
-5.602250000000000285e-02
-5.602250000000000285e-02
-5.602250000000000285e-02
-5.602250000000000285e-02
-5.602250000000000285e-02
-5.578949999999999881e-02
-5.578949999999999881e-02
-5.568200000000000233e-02
-5.568200000000000233e-02
-5.568200000000000233e-02
-5.568200000000000233e-02
-5.568200000000000233e-02
-5.566249999999999670e-02
-5.566249999999999670e-02
-5.562799999999999689e-02
-5.560699999999999671e-02
-5.554900000000000115e-02
-5.554900000000000115e-02
-5.539650000000000130e-02
-5.539650000000000130e-02
-5.539650000000000130e-02
-5.539650000000000130e-02
-5.539650000000000130e-02
-5.539650000000000130e-02
-5.539650000000000130e-02
-5.539650000000000130e-02
-5.531250000000000056e-02
-5.521899999999999725e-02
-5.518449999999999744e-02
-5.518449999999999744e-02
-5.518449999999999744e-02
-5.512750000000000289e-02
-5.512750000000000289e-02
-5.512750000000000289e-02
-5.511549999999999783e-02
-5.511549999999999783e-02
-5.510849999999999776e-02
-5.500250000000000278e-02
-5.500250000000000278e-02
-5.500250000000000278e-02
-5.498499999999999915e-02
-5.498499999999999915e-02
-5.498499999999999915e-02
-5.498499999999999915e-02
-5.498499999999999915e-02
-5.498499999999999915e-02
-5.495900000000000091e-02
-5.491950000000000304e-02
-5.480949999999999711e-02
-5.480949999999999711e-02
-5.480949999999999711e-02
-5.480949999999999711e-02
-5.480949999999999711e-02
-5.480949999999999711e-02
-5.480949999999999711e-02
-5.480949999999999711e-02
-5.480949999999999711e-02
-5.480949999999999711e-02
-5.480949999999999711e-02
-5.480949999999999711e-02
-5.480949999999999711e-02
-5.477800000000000030e-02
-5.477800000000000030e-02
-5.477800000000000030e-02
-5.477800000000000030e-02
-5.472699999999999787e-02
-5.472699999999999787e-02
-5.472699999999999787e-02
-5.459350000000000314e-02
-5.459350000000000314e-02
-5.459350000000000314e-02
-5.459350000000000314e-02
-5.452449999999999658e-02
-5.452449999999999658e-02
-5.452449999999999658e-02
-5.452449999999999658e-02
-5.452449999999999658e-02
-5.452449999999999658e-02
-5.452449999999999658e-02
-5.452449999999999658e-02
-5.451299999999999896e-02
-5.431749999999999773e-02
-5.431749999999999773e-02
-5.431749999999999773e-02
-5.431749999999999773e-02
-5.431749999999999773e-02
-5.431749999999999773e-02
-5.431749999999999773e-02
-5.431749999999999773e-02
-5.431749999999999773e-02
-5.431749999999999773e-02
-5.431749999999999773e-02
-5.431749999999999773e-02
-5.431749999999999773e-02
-5.431749999999999773e-02
-5.431749999999999773e-02
-5.431749999999999773e-02
-5.430349999999999761e-02
-5.420849999999999974e-02
-5.420149999999999968e-02
-5.420149999999999968e-02
-5.420149999999999968e-02
-5.420149999999999968e-02
-5.411599999999999744e-02
-5.411599999999999744e-02
-5.411599999999999744e-02
-5.411599999999999744e-02
-5.411599999999999744e-02
-5.411599999999999744e-02
-5.411599999999999744e-02
-5.411599999999999744e-02
-5.411599999999999744e-02
-5.411599999999999744e-02
-5.411599999999999744e-02
-5.407499999999999807e-02
-5.407499999999999807e-02
-5.407499999999999807e-02
-5.407499999999999807e-02
-5.405800000000000188e-02
-5.405800000000000188e-02
-5.405800000000000188e-02
-5.405800000000000188e-02
-5.391649999999999915e-02
-5.391649999999999915e-02
-5.391649999999999915e-02
-5.391649999999999915e-02
-5.391649999999999915e-02
-5.391649999999999915e-02
-5.391649999999999915e-02
-5.391649999999999915e-02
-5.391649999999999915e-02
-5.391649999999999915e-02
-5.391649999999999915e-02
-5.391649999999999915e-02
-5.391649999999999915e-02
-5.391649999999999915e-02
-5.391649999999999915e-02
-5.391649999999999915e-02
-5.391649999999999915e-02
-5.391649999999999915e-02
-5.391649999999999915e-02
-5.391649999999999915e-02
-5.391649999999999915e-02
-5.389800000000000146e-02
-5.388450000000000184e-02
-5.388450000000000184e-02
-5.388450000000000184e-02
-5.388450000000000184e-02
-5.388450000000000184e-02
-5.380499999999999866e-02
-5.380499999999999866e-02
-5.380499999999999866e-02
-5.380499999999999866e-02
-5.380499999999999866e-02
-5.380499999999999866e-02
-5.380499999999999866e-02
-5.380499999999999866e-02
-5.380499999999999866e-02
-5.375699999999999923e-02
-5.375699999999999923e-02
-5.375699999999999923e-02
-5.375699999999999923e-02
-5.375699999999999923e-02
-5.375699999999999923e-02
-5.375699999999999923e-02
-5.375699999999999923e-02
-5.375699999999999923e-02
-5.375699999999999923e-02
-5.375699999999999923e-02
-5.375699999999999923e-02
-5.375699999999999923e-02
-5.375699999999999923e-02
-5.373250000000000248e-02
-5.371900000000000286e-02
-5.371900000000000286e-02
-5.371900000000000286e-02
-5.371900000000000286e-02
-5.371900000000000286e-02
-5.371900000000000286e-02
-5.371900000000000286e-02
-5.371900000000000286e-02
-5.371900000000000286e-02
-5.371900000000000286e-02
-5.371900000000000286e-02
-5.371900000000000286e-02
-5.371900000000000286e-02
-5.371900000000000286e-02
-5.371900000000000286e-02
-5.371900000000000286e-02
-5.371900000000000286e-02
-5.368200000000000055e-02
-5.368200000000000055e-02
-5.368200000000000055e-02
-5.368200000000000055e-02
-5.368200000000000055e-02
-5.368200000000000055e-02
-5.368200000000000055e-02
-5.368200000000000055e-02
-5.366100000000000037e-02
-5.366100000000000037e-02
-5.366100000000000037e-02
-5.366100000000000037e-02
-5.366100000000000037e-02
-5.366100000000000037e-02
-5.366100000000000037e-02
-5.366100000000000037e-02
-5.361599999999999699e-02
-5.361599999999999699e-02
-5.361599999999999699e-02
-5.361599999999999699e-02
-5.361599999999999699e-02
-5.361599999999999699e-02
-5.359300000000000175e-02
-5.359300000000000175e-02
-5.359300000000000175e-02
-5.359300000000000175e-02
-5.359300000000000175e-02
-5.359300000000000175e-02
-5.359300000000000175e-02
-5.359300000000000175e-02
-5.357900000000000162e-02
-5.357900000000000162e-02
-5.357900000000000162e-02
-5.357900000000000162e-02
-5.357900000000000162e-02
-5.357900000000000162e-02
-5.357900000000000162e-02
-5.357900000000000162e-02
-5.357900000000000162e-02
-5.357900000000000162e-02
-5.357900000000000162e-02
-5.357900000000000162e-02
-5.357900000000000162e-02
-5.357900000000000162e-02
-5.357900000000000162e-02
-5.355300000000000338e-02
-5.355300000000000338e-02
-5.355300000000000338e-02
-5.355300000000000338e-02
-5.355300000000000338e-02
-5.354400000000000132e-02
-5.354400000000000132e-02
-5.354400000000000132e-02
-5.354400000000000132e-02
-5.354400000000000132e-02
-5.354400000000000132e-02
-5.351700000000000207e-02
-5.351700000000000207e-02
-5.351700000000000207e-02
-5.351700000000000207e-02
-5.351700000000000207e-02
-5.351700000000000207e-02
-5.351700000000000207e-02
-5.351700000000000207e-02
-5.351700000000000207e-02
-5.351700000000000207e-02
-5.351700000000000207e-02
-5.351700000000000207e-02
-5.351700000000000207e-02
-5.351299999999999807e-02
-5.349249999999999838e-02
-5.349249999999999838e-02
-5.349249999999999838e-02
-5.349249999999999838e-02
-5.349249999999999838e-02
-5.349249999999999838e-02
-5.349249999999999838e-02
-5.349249999999999838e-02
-5.349249999999999838e-02
-5.349249999999999838e-02
-5.349249999999999838e-02
-5.349249999999999838e-02
-5.349249999999999838e-02
-5.349249999999999838e-02
-5.345450000000000201e-02
-5.345450000000000201e-02
-5.345450000000000201e-02
-5.345450000000000201e-02
-5.345450000000000201e-02
-5.345450000000000201e-02
-5.345450000000000201e-02
-5.345450000000000201e-02
-5.345450000000000201e-02
-5.345450000000000201e-02
-5.345450000000000201e-02
-5.345450000000000201e-02
-5.345450000000000201e-02
-5.345450000000000201e-02
-5.345450000000000201e-02
-5.345450000000000201e-02
-5.345450000000000201e-02
-5.345450000000000201e-02
-5.345450000000000201e-02
-5.345450000000000201e-02
-5.345450000000000201e-02
-5.345450000000000201e-02
-5.345450000000000201e-02
-5.345450000000000201e-02
-5.345450000000000201e-02
-5.345450000000000201e-02
-5.344750000000000195e-02
-5.344750000000000195e-02
-5.344399999999999845e-02
-5.344399999999999845e-02
-5.344399999999999845e-02
-5.344399999999999845e-02
-5.344399999999999845e-02
-5.344399999999999845e-02
-5.344399999999999845e-02
-5.344399999999999845e-02
-5.344399999999999845e-02
-5.344399999999999845e-02
-5.343749999999999889e-02
-5.343749999999999889e-02
-5.343749999999999889e-02
-5.343749999999999889e-02
-5.343749999999999889e-02
-5.343749999999999889e-02
-5.343749999999999889e-02
-5.343749999999999889e-02
-5.343749999999999889e-02
-5.343749999999999889e-02
-5.343749999999999889e-02
-5.343749999999999889e-02
-5.343749999999999889e-02
-5.343749999999999889e-02
-5.343049999999999883e-02
-5.343049999999999883e-02
-5.343049999999999883e-02
-5.343049999999999883e-02
-5.343049999999999883e-02
-5.343049999999999883e-02
-5.342800000000000327e-02
-5.342800000000000327e-02
-5.342800000000000327e-02
-5.342800000000000327e-02
-5.342800000000000327e-02
-5.342800000000000327e-02
-5.342800000000000327e-02
-5.342800000000000327e-02
-5.342800000000000327e-02
-5.342800000000000327e-02
-5.342800000000000327e-02
-5.342500000000000027e-02
-5.342500000000000027e-02
-5.342500000000000027e-02
-5.342500000000000027e-02
-5.342500000000000027e-02
-5.342500000000000027e-02
-5.342500000000000027e-02
-5.342500000000000027e-02
-5.342500000000000027e-02
-5.342500000000000027e-02
-5.342500000000000027e-02
-5.342500000000000027e-02
-5.342500000000000027e-02
-5.342500000000000027e-02
-5.342500000000000027e-02
-5.342500000000000027e-02
-5.342500000000000027e-02
-5.342500000000000027e-02
-5.342500000000000027e-02
-5.342500000000000027e-02
-5.342500000000000027e-02
-5.342500000000000027e-02
-5.342500000000000027e-02
-5.342000000000000220e-02
-5.342000000000000220e-02
-5.342000000000000220e-02
-5.342000000000000220e-02
-5.342000000000000220e-02
-5.342000000000000220e-02
-5.342000000000000220e-02
-5.342000000000000220e-02
-5.342000000000000220e-02
-5.342000000000000220e-02
-5.342000000000000220e-02
-5.342000000000000220e-02
-5.342000000000000220e-02
-5.342000000000000220e-02
-5.342000000000000220e-02
-5.342000000000000220e-02
-5.342000000000000220e-02
-5.342000000000000220e-02
-5.338550000000000240e-02
-5.338550000000000240e-02
-5.338550000000000240e-02
-5.338550000000000240e-02
-5.338550000000000240e-02
-5.338550000000000240e-02
-5.338550000000000240e-02
-5.338550000000000240e-02
-5.338550000000000240e-02
-5.338550000000000240e-02
-5.338550000000000240e-02
-5.338550000000000240e-02
-5.338550000000000240e-02
-5.338550000000000240e-02
-5.338550000000000240e-02
-5.338550000000000240e-02
-5.338550000000000240e-02
-5.338550000000000240e-02
-5.337850000000000233e-02
-5.337850000000000233e-02
-5.337850000000000233e-02
-5.337750000000000133e-02
-5.337750000000000133e-02
-5.337750000000000133e-02
-5.337750000000000133e-02
-5.337750000000000133e-02
-5.337750000000000133e-02
-5.337750000000000133e-02
-5.337750000000000133e-02
-5.337750000000000133e-02
-5.337750000000000133e-02
-5.337750000000000133e-02
-5.337750000000000133e-02
-5.337250000000000327e-02
-5.337250000000000327e-02
-5.337250000000000327e-02
-5.337250000000000327e-02
-5.337250000000000327e-02
-5.337250000000000327e-02
-5.337250000000000327e-02
-5.337250000000000327e-02
-5.337250000000000327e-02
-5.337250000000000327e-02
-5.337250000000000327e-02
-5.337250000000000327e-02
-5.337250000000000327e-02
-5.337250000000000327e-02
-5.337250000000000327e-02
-5.337250000000000327e-02
-5.337250000000000327e-02
-5.337250000000000327e-02
-5.337250000000000327e-02
-5.337250000000000327e-02
-5.337250000000000327e-02
-5.337250000000000327e-02
-5.337250000000000327e-02
-5.337250000000000327e-02
-5.337250000000000327e-02
-5.337250000000000327e-02
-5.337250000000000327e-02
-5.337250000000000327e-02
-5.337250000000000327e-02
-5.337250000000000327e-02
-5.337250000000000327e-02
-5.337250000000000327e-02
-5.337250000000000327e-02
-5.337250000000000327e-02
-5.337250000000000327e-02
-5.337250000000000327e-02
-5.337250000000000327e-02
-5.337250000000000327e-02
-5.337250000000000327e-02
-5.337250000000000327e-02
-5.337250000000000327e-02
-5.337250000000000327e-02
-5.337250000000000327e-02
-5.337250000000000327e-02
-5.337250000000000327e-02
-5.337250000000000327e-02
-5.337250000000000327e-02
-5.337250000000000327e-02
-5.337250000000000327e-02
-5.337250000000000327e-02
-5.337250000000000327e-02
-5.337250000000000327e-02
-5.337250000000000327e-02
-5.337250000000000327e-02
-5.337250000000000327e-02
-5.337250000000000327e-02
-5.337250000000000327e-02
-5.337250000000000327e-02
-5.337250000000000327e-02
-5.337250000000000327e-02
-5.337250000000000327e-02
-5.337250000000000327e-02
-5.337250000000000327e-02
-5.337250000000000327e-02
-5.337250000000000327e-02
-5.337250000000000327e-02
-5.337250000000000327e-02
-5.337250000000000327e-02
-5.337250000000000327e-02
-5.337250000000000327e-02
-5.337250000000000327e-02
-5.337250000000000327e-02
-5.337250000000000327e-02
-5.337250000000000327e-02
-5.337250000000000327e-02
-5.337250000000000327e-02
-5.337250000000000327e-02
-5.337250000000000327e-02
-5.337250000000000327e-02
-5.337250000000000327e-02
-5.337250000000000327e-02
-5.337250000000000327e-02
-5.337250000000000327e-02
-5.337250000000000327e-02
-5.337250000000000327e-02
-5.337250000000000327e-02
-5.337250000000000327e-02
-5.335949999999999721e-02
-5.335949999999999721e-02
-5.335949999999999721e-02
-5.335949999999999721e-02
-5.335949999999999721e-02
-5.335949999999999721e-02
-5.335949999999999721e-02
-5.335949999999999721e-02
-5.335949999999999721e-02
-5.335949999999999721e-02
-5.335949999999999721e-02
-5.335949999999999721e-02
-5.335949999999999721e-02
-5.335949999999999721e-02
-5.335949999999999721e-02
-5.334799999999999959e-02
-5.334799999999999959e-02
-5.334799999999999959e-02
-5.334799999999999959e-02
-5.334799999999999959e-02
-5.334799999999999959e-02
-5.334799999999999959e-02
-5.334799999999999959e-02
-5.334799999999999959e-02
-5.334799999999999959e-02
-5.334799999999999959e-02
-5.334799999999999959e-02
-5.334799999999999959e-02
-5.334799999999999959e-02
-5.334799999999999959e-02
-5.334799999999999959e-02
-5.334799999999999959e-02
-5.334799999999999959e-02
-5.334799999999999959e-02
-5.334799999999999959e-02
-5.334799999999999959e-02
-5.334799999999999959e-02
-5.334799999999999959e-02
-5.334799999999999959e-02
-5.334799999999999959e-02
-5.334049999999999903e-02
-5.334049999999999903e-02
-5.334049999999999903e-02
-5.334049999999999903e-02
-5.334049999999999903e-02
-5.334049999999999903e-02
-5.334049999999999903e-02
-5.334049999999999903e-02
-5.334049999999999903e-02
-5.334049999999999903e-02
-5.334049999999999903e-02
-5.334049999999999903e-02
-5.334049999999999903e-02
-5.334049999999999903e-02
-5.334049999999999903e-02
-5.334049999999999903e-02
-5.334049999999999903e-02
-5.334049999999999903e-02
-5.334049999999999903e-02
-5.334049999999999903e-02
-5.334049999999999903e-02
-5.334049999999999903e-02
-5.334049999999999903e-02
-5.334049999999999903e-02
-5.334049999999999903e-02
-5.334049999999999903e-02
-5.334049999999999903e-02
-5.333500000000000046e-02
-5.333500000000000046e-02
-5.333500000000000046e-02
-5.333500000000000046e-02
-5.333500000000000046e-02
-5.333500000000000046e-02
-5.333500000000000046e-02
-5.333500000000000046e-02
-5.333500000000000046e-02
-5.333500000000000046e-02
-5.333500000000000046e-02
-5.333500000000000046e-02
-5.333500000000000046e-02
-5.333500000000000046e-02
-5.333500000000000046e-02
-5.333500000000000046e-02
-5.333500000000000046e-02
-5.333500000000000046e-02
-5.333500000000000046e-02
-5.333500000000000046e-02
-5.333500000000000046e-02
-5.333500000000000046e-02
-5.333500000000000046e-02
-5.333500000000000046e-02
-5.333500000000000046e-02
-5.333500000000000046e-02
-5.333500000000000046e-02
-5.333500000000000046e-02
-5.333500000000000046e-02
-5.333449999999999996e-02
-5.333449999999999996e-02
-5.333449999999999996e-02
-5.333449999999999996e-02
-5.333449999999999996e-02
-5.333449999999999996e-02
-5.333449999999999996e-02
-5.333449999999999996e-02
-5.333449999999999996e-02
-5.333449999999999996e-02
-5.333449999999999996e-02
-5.333449999999999996e-02
-5.333449999999999996e-02
-5.333449999999999996e-02
-5.333449999999999996e-02
-5.333449999999999996e-02
-5.333449999999999996e-02
-5.333449999999999996e-02
-5.333449999999999996e-02
-5.333449999999999996e-02
-5.333449999999999996e-02
-5.333449999999999996e-02
-5.333449999999999996e-02
-5.333449999999999996e-02
-5.333449999999999996e-02
-5.333449999999999996e-02
-5.333449999999999996e-02
-5.333449999999999996e-02
-5.333399999999999946e-02
-5.333399999999999946e-02
-5.333399999999999946e-02
-5.333399999999999946e-02
-5.333399999999999946e-02
-5.333399999999999946e-02
-5.333399999999999946e-02
-5.333399999999999946e-02
-5.333399999999999946e-02
-5.333399999999999946e-02
-5.333399999999999946e-02
-5.333399999999999946e-02
-5.333399999999999946e-02
-5.333399999999999946e-02
-5.333399999999999946e-02
-5.333399999999999946e-02
-5.333399999999999946e-02
-5.333399999999999946e-02
-5.333399999999999946e-02
-5.333399999999999946e-02
-5.333399999999999946e-02
-5.333399999999999946e-02
-5.333399999999999946e-02
-5.333399999999999946e-02
-5.333399999999999946e-02
-5.333399999999999946e-02
-5.333399999999999946e-02
-5.333399999999999946e-02
-5.333399999999999946e-02
-5.333399999999999946e-02
-5.333399999999999946e-02
-5.333399999999999946e-02
-5.333100000000000340e-02
-5.331550000000000178e-02
-5.331550000000000178e-02
-5.331550000000000178e-02
-5.331550000000000178e-02
-5.331550000000000178e-02
-5.331550000000000178e-02
-5.331550000000000178e-02
-5.331550000000000178e-02
-5.331550000000000178e-02
-5.331550000000000178e-02
-5.331550000000000178e-02
-5.331550000000000178e-02
-5.331550000000000178e-02
-5.331550000000000178e-02
-5.331550000000000178e-02
-5.331550000000000178e-02
-5.331550000000000178e-02
-5.331550000000000178e-02
-5.331550000000000178e-02
-5.331550000000000178e-02
-5.331550000000000178e-02
-5.331550000000000178e-02
-5.331550000000000178e-02
-5.331550000000000178e-02
-5.331550000000000178e-02
-5.331550000000000178e-02
-5.331550000000000178e-02
-5.331550000000000178e-02
-5.331550000000000178e-02
-5.331550000000000178e-02
-5.331550000000000178e-02
-5.331550000000000178e-02
-5.331550000000000178e-02
-5.331550000000000178e-02
-5.331550000000000178e-02
-5.331550000000000178e-02
-5.331550000000000178e-02
-5.331550000000000178e-02
-5.331550000000000178e-02
-5.331550000000000178e-02
-5.331550000000000178e-02
-5.331550000000000178e-02
-5.331550000000000178e-02
-5.331550000000000178e-02
-5.329799999999999816e-02
-5.329799999999999816e-02
-5.329799999999999816e-02
-5.329799999999999816e-02
-5.329799999999999816e-02
-5.329799999999999816e-02
-5.329799999999999816e-02
-5.329799999999999816e-02
-5.329799999999999816e-02
-5.329799999999999816e-02
-5.329799999999999816e-02
-5.329799999999999816e-02
-5.329799999999999816e-02
-5.329799999999999816e-02
-5.329799999999999816e-02
-5.329799999999999816e-02
-5.329799999999999816e-02
-5.329799999999999816e-02
-5.329799999999999816e-02
-5.329799999999999816e-02
-5.329799999999999816e-02
-5.329799999999999816e-02
-5.329799999999999816e-02
-5.329799999999999816e-02
-5.329799999999999816e-02
-5.329799999999999816e-02
-5.329799999999999816e-02
-5.329799999999999816e-02
-5.329799999999999816e-02
-5.329799999999999816e-02
-5.329799999999999816e-02
-5.329799999999999816e-02
-5.329799999999999816e-02
-5.329799999999999816e-02
-5.329799999999999816e-02
-5.329799999999999816e-02
-5.329799999999999816e-02
-5.329799999999999816e-02
-5.329799999999999816e-02
-5.329799999999999816e-02
-5.329799999999999816e-02
-5.329799999999999816e-02
-5.329799999999999816e-02
-5.329799999999999816e-02
-5.329799999999999816e-02
-5.329799999999999816e-02
-5.329799999999999816e-02
-5.329099999999999809e-02
-5.329099999999999809e-02
-5.329099999999999809e-02
-5.329099999999999809e-02
-5.329099999999999809e-02
-5.329099999999999809e-02
-5.329099999999999809e-02
-5.329099999999999809e-02
-5.329099999999999809e-02
-5.329099999999999809e-02
-5.329099999999999809e-02
-5.329099999999999809e-02
-5.329099999999999809e-02
-5.329099999999999809e-02
-5.329099999999999809e-02
-5.329099999999999809e-02
-5.329099999999999809e-02
-5.329099999999999809e-02
-5.329099999999999809e-02
-5.329099999999999809e-02
-5.329099999999999809e-02
-5.329099999999999809e-02
-5.329099999999999809e-02
-5.329099999999999809e-02
-5.329099999999999809e-02
-5.329099999999999809e-02
-5.329099999999999809e-02
-5.329099999999999809e-02
-5.329099999999999809e-02
-5.329099999999999809e-02
-5.329099999999999809e-02
-5.329099999999999809e-02
-5.329099999999999809e-02
-5.328700000000000103e-02
-5.328700000000000103e-02
-5.328700000000000103e-02
-5.328700000000000103e-02
-5.328700000000000103e-02
-5.328700000000000103e-02
-5.328700000000000103e-02
-5.328700000000000103e-02
-5.328700000000000103e-02
-5.328700000000000103e-02
-5.328700000000000103e-02
-5.328700000000000103e-02
-5.328700000000000103e-02
-5.328700000000000103e-02
-5.328700000000000103e-02
-5.328700000000000103e-02
-5.328700000000000103e-02
-5.328700000000000103e-02
-5.328700000000000103e-02
-5.328349999999999753e-02
-5.328349999999999753e-02
-5.328349999999999753e-02
-5.328349999999999753e-02
-5.328349999999999753e-02
-5.328349999999999753e-02
-5.328349999999999753e-02
-5.328349999999999753e-02
-5.328200000000000297e-02
-5.328200000000000297e-02
-5.328200000000000297e-02
-5.328200000000000297e-02
-5.328200000000000297e-02
-5.328200000000000297e-02
-5.328200000000000297e-02
-5.328200000000000297e-02
-5.328200000000000297e-02
-5.328100000000000197e-02
-5.328100000000000197e-02
-5.328100000000000197e-02
-5.328100000000000197e-02
-5.328100000000000197e-02
-5.328100000000000197e-02
-5.328100000000000197e-02
-5.328100000000000197e-02
-5.328100000000000197e-02
-5.328100000000000197e-02
-5.328100000000000197e-02
-5.328100000000000197e-02
-5.328100000000000197e-02
-5.328100000000000197e-02
-5.328100000000000197e-02
-5.328100000000000197e-02
-5.328100000000000197e-02
-5.328100000000000197e-02
-5.328100000000000197e-02
-5.328100000000000197e-02
-5.328100000000000197e-02
-5.328100000000000197e-02
-5.328100000000000197e-02
-5.328100000000000197e-02
-5.328100000000000197e-02
-5.328100000000000197e-02
-5.328100000000000197e-02
-5.328100000000000197e-02
-5.328100000000000197e-02
-5.328100000000000197e-02
-5.328100000000000197e-02
-5.327749999999999847e-02
-5.327749999999999847e-02
-5.327749999999999847e-02
-5.327749999999999847e-02
-5.327749999999999847e-02
-5.327749999999999847e-02
-5.327749999999999847e-02
-5.327649999999999747e-02
-5.327649999999999747e-02
-5.327649999999999747e-02
-5.327649999999999747e-02
-5.327649999999999747e-02
-5.327649999999999747e-02
-5.327649999999999747e-02
-5.327649999999999747e-02
-5.327649999999999747e-02
-5.327649999999999747e-02
-5.327649999999999747e-02
-5.327649999999999747e-02
-5.327649999999999747e-02
-5.327649999999999747e-02
-5.327649999999999747e-02
-5.327649999999999747e-02
-5.327649999999999747e-02
-5.327649999999999747e-02
-5.326650000000000135e-02
-5.326650000000000135e-02
-5.326650000000000135e-02
-5.326650000000000135e-02
-5.326650000000000135e-02
