-7.984014999999999862e-01
-7.984014999999999862e-01
-7.916760000000000463e-01
-7.916760000000000463e-01
-7.916760000000000463e-01
-7.827070000000000416e-01
-7.827070000000000416e-01
-7.827070000000000416e-01
-7.814444999999999864e-01
-7.814444999999999864e-01
-7.641200000000000214e-01
-7.620949999999999669e-01
-7.620949999999999669e-01
-7.620949999999999669e-01
-7.620949999999999669e-01
-7.303815000000000168e-01
-6.831095000000000361e-01
-6.679739999999999567e-01
-6.679739999999999567e-01
-6.679739999999999567e-01
-6.679739999999999567e-01
-6.679739999999999567e-01
-6.679739999999999567e-01
-6.666879999999999473e-01
-6.442875000000000130e-01
-6.370749999999999469e-01
-6.286775000000000002e-01
-6.196705000000000130e-01
-6.196705000000000130e-01
-5.754430000000000378e-01
-5.564894999999999703e-01
-5.564894999999999703e-01
-5.564894999999999703e-01
-5.564894999999999703e-01
-5.020940000000000403e-01
-5.020940000000000403e-01
-5.020940000000000403e-01
-4.743080000000000074e-01
-4.722505000000000175e-01
-4.722505000000000175e-01
-4.679280000000000106e-01
-4.446525000000000061e-01
-4.347035000000000204e-01
-4.183299999999999796e-01
-4.183299999999999796e-01
-4.183299999999999796e-01
-3.966365000000000030e-01
-3.674304999999999932e-01
-3.672079999999999789e-01
-3.477565000000000239e-01
-3.420639999999999792e-01
-3.420639999999999792e-01
-3.420639999999999792e-01
-3.348515000000000241e-01
-3.340775000000000272e-01
-3.340775000000000272e-01
-3.164784999999999959e-01
-3.164784999999999959e-01
-3.064315000000000233e-01
-3.040120000000000045e-01
-3.002969999999999806e-01
-3.002969999999999806e-01
-2.690850000000000186e-01
-2.690850000000000186e-01
-2.690850000000000186e-01
-2.690850000000000186e-01
-2.664219999999999922e-01
-2.664219999999999922e-01
-2.664219999999999922e-01
-2.664219999999999922e-01
-2.629894999999999872e-01
-2.629894999999999872e-01
-2.545454999999999801e-01
-2.545454999999999801e-01
-2.542725000000000124e-01
-2.542725000000000124e-01
-2.490344999999999920e-01
-2.476299999999999890e-01
-2.476299999999999890e-01
-2.476299999999999890e-01
-2.408585000000000031e-01
-2.408585000000000031e-01
-2.396675000000000055e-01
-2.396675000000000055e-01
-2.306124999999999980e-01
-2.306124999999999980e-01
-2.304934999999999901e-01
-2.279190000000000105e-01
-2.260504999999999876e-01
-2.227455000000000129e-01
-2.178229999999999889e-01
-2.178229999999999889e-01
-2.175479999999999914e-01
-2.158889999999999976e-01
-2.114975000000000049e-01
-2.094654999999999989e-01
-2.094654999999999989e-01
-2.094654999999999989e-01
-2.067795000000000050e-01
-2.038260000000000072e-01
-2.037845000000000073e-01
-1.992379999999999984e-01
-1.992379999999999984e-01
-1.992379999999999984e-01
-1.986509999999999942e-01
-1.981525000000000092e-01
-1.981525000000000092e-01
-1.981525000000000092e-01
-1.981525000000000092e-01
-1.962200000000000055e-01
-1.935330000000000106e-01
-1.929800000000000126e-01
-1.929800000000000126e-01
-1.923449999999999882e-01
-1.913084999999999924e-01
-1.880449999999999899e-01
-1.880449999999999899e-01
-1.842364999999999975e-01
-1.842364999999999975e-01
-1.836135000000000128e-01
-1.797070000000000056e-01
-1.797070000000000056e-01
-1.797070000000000056e-01
-1.797070000000000056e-01
-1.797070000000000056e-01
-1.797070000000000056e-01
-1.791925000000000046e-01
-1.791925000000000046e-01
-1.788804999999999978e-01
-1.775515000000000010e-01
-1.775515000000000010e-01
-1.772084999999999910e-01
-1.772084999999999910e-01
-1.755694999999999895e-01
-1.755694999999999895e-01
-1.755694999999999895e-01
-1.755694999999999895e-01
-1.752890000000000004e-01
-1.752890000000000004e-01
-1.739559999999999995e-01
-1.738609999999999878e-01
-1.738609999999999878e-01
-1.738609999999999878e-01
-1.738609999999999878e-01
-1.731520000000000004e-01
-1.731520000000000004e-01
-1.731520000000000004e-01
-1.731520000000000004e-01
-1.731520000000000004e-01
-1.731330000000000091e-01
-1.726409999999999889e-01
-1.726409999999999889e-01
-1.726409999999999889e-01
-1.726199999999999957e-01
-1.726199999999999957e-01
-1.726199999999999957e-01
-1.725399999999999989e-01
-1.719624999999999904e-01
-1.715480000000000060e-01
-1.689549999999999941e-01
-1.689549999999999941e-01
-1.689549999999999941e-01
-1.689549999999999941e-01
-1.689549999999999941e-01
-1.689549999999999941e-01
-1.672750000000000070e-01
-1.672750000000000070e-01
-1.672750000000000070e-01
-1.645975000000000077e-01
-1.645975000000000077e-01
-1.633404999999999996e-01
-1.633404999999999996e-01
-1.633404999999999996e-01
-1.633404999999999996e-01
-1.633404999999999996e-01
-1.633404999999999996e-01
-1.633404999999999996e-01
-1.633404999999999996e-01
-1.633340000000000070e-01
-1.633340000000000070e-01
-1.629474999999999951e-01
-1.629474999999999951e-01
-1.603475000000000039e-01
-1.603475000000000039e-01
-1.603475000000000039e-01
-1.603475000000000039e-01
-1.602719999999999978e-01
-1.587770000000000015e-01
-1.587770000000000015e-01
-1.587770000000000015e-01
-1.587770000000000015e-01
-1.587770000000000015e-01
-1.587770000000000015e-01
-1.587240000000000040e-01
-1.574115000000000097e-01
-1.561349999999999960e-01
-1.561349999999999960e-01
-1.561240000000000128e-01
-1.531250000000000111e-01
-1.531250000000000111e-01
-1.531250000000000111e-01
-1.531250000000000111e-01
-1.531250000000000111e-01
-1.531250000000000111e-01
-1.531250000000000111e-01
-1.531250000000000111e-01
-1.531250000000000111e-01
-1.531250000000000111e-01
-1.531250000000000111e-01
-1.519479999999999997e-01
-1.519479999999999997e-01
-1.519479999999999997e-01
-1.519479999999999997e-01
-1.519479999999999997e-01
-1.519479999999999997e-01
-1.519479999999999997e-01
-1.519479999999999997e-01
-1.519479999999999997e-01
-1.519479999999999997e-01
-1.519479999999999997e-01
-1.519479999999999997e-01
-1.519479999999999997e-01
-1.512080000000000091e-01
-1.512080000000000091e-01
-1.512080000000000091e-01
-1.512080000000000091e-01
-1.496899999999999897e-01
-1.496899999999999897e-01
-1.496899999999999897e-01
-1.496695000000000109e-01
-1.495889999999999997e-01
-1.489344999999999974e-01
-1.489344999999999974e-01
-1.489344999999999974e-01
-1.488645000000000107e-01
-1.488645000000000107e-01
-1.485914999999999875e-01
-1.485914999999999875e-01
-1.485914999999999875e-01
-1.485914999999999875e-01
-1.485914999999999875e-01
-1.485914999999999875e-01
-1.485795000000000032e-01
-1.484445000000000070e-01
-1.484445000000000070e-01
-1.484395000000000020e-01
-1.484274999999999900e-01
-1.484195000000000098e-01
-1.484105000000000008e-01
-1.484105000000000008e-01
-1.483970000000000011e-01
-1.481590000000000129e-01
-1.481590000000000129e-01
-1.478315000000000046e-01
-1.478315000000000046e-01
-1.478315000000000046e-01
-1.478315000000000046e-01
-1.478315000000000046e-01
-1.478315000000000046e-01
-1.478315000000000046e-01
-1.475529999999999897e-01
-1.475529999999999897e-01
-1.475529999999999897e-01
-1.475529999999999897e-01
-1.475529999999999897e-01
-1.475529999999999897e-01
-1.475529999999999897e-01
-1.475529999999999897e-01
-1.475529999999999897e-01
-1.475529999999999897e-01
-1.475529999999999897e-01
-1.475529999999999897e-01
-1.475529999999999897e-01
-1.475019999999999942e-01
-1.468595000000000039e-01
-1.468595000000000039e-01
-1.468029999999999891e-01
-1.467430000000000123e-01
-1.467430000000000123e-01
-1.467430000000000123e-01
-1.464459999999999928e-01
-1.464459999999999928e-01
-1.463490000000000069e-01
-1.462640000000000051e-01
-1.461300000000000099e-01
-1.461300000000000099e-01
-1.461185000000000123e-01
-1.459610000000000074e-01
-1.459610000000000074e-01
-1.458865000000000023e-01
-1.444354999999999944e-01
-1.443834999999999980e-01
-1.443834999999999980e-01
-1.443834999999999980e-01
-1.443834999999999980e-01
-1.443834999999999980e-01
-1.443834999999999980e-01
-1.443834999999999980e-01
-1.443834999999999980e-01
-1.443834999999999980e-01
-1.442384999999999917e-01
-1.442384999999999917e-01
-1.442384999999999917e-01
-1.442384999999999917e-01
-1.442384999999999917e-01
-1.435099999999999987e-01
-1.434954999999999981e-01
-1.434954999999999981e-01
-1.432960000000000067e-01
-1.432960000000000067e-01
-1.432960000000000067e-01
-1.432960000000000067e-01
-1.432960000000000067e-01
-1.432960000000000067e-01
-1.432960000000000067e-01
-1.432960000000000067e-01
-1.432960000000000067e-01
-1.432960000000000067e-01
-1.432960000000000067e-01
-1.432430000000000092e-01
-1.432430000000000092e-01
-1.432430000000000092e-01
-1.432430000000000092e-01
-1.428814999999999946e-01
-1.428814999999999946e-01
-1.428814999999999946e-01
-1.428814999999999946e-01
-1.428814999999999946e-01
-1.428814999999999946e-01
-1.428814999999999946e-01
-1.428814999999999946e-01
-1.428814999999999946e-01
-1.425889999999999935e-01
-1.425645000000000107e-01
-1.425645000000000107e-01
-1.424525000000000097e-01
-1.424525000000000097e-01
-1.424525000000000097e-01
-1.424525000000000097e-01
-1.424525000000000097e-01
-1.424525000000000097e-01
-1.424479999999999913e-01
-1.424479999999999913e-01
-1.424479999999999913e-01
-1.424479999999999913e-01
-1.424479999999999913e-01
-1.424479999999999913e-01
-1.424479999999999913e-01
-1.424479999999999913e-01
-1.416125000000000023e-01
-1.416125000000000023e-01
-1.416125000000000023e-01
-1.416125000000000023e-01
-1.416125000000000023e-01
-1.416125000000000023e-01
-1.416125000000000023e-01
-1.416125000000000023e-01
-1.416125000000000023e-01
-1.416125000000000023e-01
-1.416125000000000023e-01
-1.416125000000000023e-01
-1.416125000000000023e-01
-1.416125000000000023e-01
-1.416125000000000023e-01
-1.416125000000000023e-01
-1.416125000000000023e-01
-1.416125000000000023e-01
-1.416125000000000023e-01
-1.416125000000000023e-01
-1.416125000000000023e-01
-1.416125000000000023e-01
-1.416125000000000023e-01
-1.416125000000000023e-01
-1.416125000000000023e-01
-1.416125000000000023e-01
-1.416125000000000023e-01
-1.416125000000000023e-01
-1.416125000000000023e-01
-1.416125000000000023e-01
-1.416125000000000023e-01
-1.416125000000000023e-01
-1.416119999999999879e-01
-1.416119999999999879e-01
-1.416119999999999879e-01
-1.416119999999999879e-01
-1.415784999999999960e-01
-1.415784999999999960e-01
-1.415784999999999960e-01
-1.415784999999999960e-01
-1.415784999999999960e-01
-1.415784999999999960e-01
-1.415784999999999960e-01
-1.415784999999999960e-01
-1.415784999999999960e-01
-1.415784999999999960e-01
-1.415784999999999960e-01
-1.411630000000000107e-01
-1.411630000000000107e-01
-1.410170000000000035e-01
-1.409970000000000112e-01
-1.409884999999999888e-01
-1.409870000000000012e-01
-1.409870000000000012e-01
-1.409870000000000012e-01
-1.407015000000000071e-01
-1.406129999999999880e-01
-1.406129999999999880e-01
-1.406129999999999880e-01
-1.406129999999999880e-01
-1.406129999999999880e-01
-1.406064999999999954e-01
-1.405554999999999999e-01
-1.405554999999999999e-01
-1.405554999999999999e-01
-1.405554999999999999e-01
-1.405554999999999999e-01
-1.405345000000000066e-01
-1.405345000000000066e-01
-1.405345000000000066e-01
-1.405345000000000066e-01
-1.405345000000000066e-01
-1.405345000000000066e-01
-1.405274999999999996e-01
-1.405220000000000080e-01
-1.405220000000000080e-01
-1.405140000000000000e-01
-1.405140000000000000e-01
-1.405140000000000000e-01
-1.405140000000000000e-01
-1.405085000000000084e-01
-1.404994999999999994e-01
-1.404994999999999994e-01
-1.404960000000000098e-01
-1.404960000000000098e-01
-1.404960000000000098e-01
-1.404960000000000098e-01
-1.404775000000000051e-01
-1.404775000000000051e-01
-1.404775000000000051e-01
-1.404775000000000051e-01
-1.404775000000000051e-01
-1.404620000000000035e-01
-1.404620000000000035e-01
-1.403220000000000023e-01
-1.403220000000000023e-01
-1.402720000000000078e-01
-1.402720000000000078e-01
-1.402210000000000123e-01
-1.402210000000000123e-01
-1.402210000000000123e-01
-1.402210000000000123e-01
-1.402210000000000123e-01
-1.402210000000000123e-01
-1.401930000000000121e-01
-1.401930000000000121e-01
-1.401290000000000036e-01
-1.400405000000000122e-01
-1.400405000000000122e-01
-1.400214999999999932e-01
-1.400214999999999932e-01
-1.400214999999999932e-01
-1.400214999999999932e-01
-1.400214999999999932e-01
-1.400214999999999932e-01
-1.400214999999999932e-01
-1.400214999999999932e-01
-1.400214999999999932e-01
-1.400214999999999932e-01
-1.400214999999999932e-01
-1.400214999999999932e-01
-1.400204999999999922e-01
-1.400204999999999922e-01
-1.391660000000000119e-01
-1.391660000000000119e-01
-1.391660000000000119e-01
-1.391660000000000119e-01
-1.391660000000000119e-01
-1.391570000000000029e-01
-1.391570000000000029e-01
-1.391570000000000029e-01
-1.391570000000000029e-01
-1.391570000000000029e-01
-1.391570000000000029e-01
-1.391570000000000029e-01
-1.391570000000000029e-01
-1.391284999999999883e-01
-1.391284999999999883e-01
-1.390119999999999967e-01
-1.390119999999999967e-01
-1.390119999999999967e-01
-1.388790000000000024e-01
-1.388790000000000024e-01
-1.388790000000000024e-01
-1.388790000000000024e-01
-1.388790000000000024e-01
-1.388790000000000024e-01
-1.388790000000000024e-01
-1.388790000000000024e-01
-1.388790000000000024e-01
-1.388790000000000024e-01
