-5.275115000000000220e-01
-4.948960000000000026e-01
-4.948960000000000026e-01
-4.843799999999999772e-01
-4.382530000000000037e-01
-4.130274999999999919e-01
-3.848475000000000090e-01
-3.550479999999999747e-01
-3.125800000000000245e-01
-3.125800000000000245e-01
-2.865265000000000173e-01
-2.763570000000000193e-01
-2.630914999999999782e-01
-2.585560000000000080e-01
-2.577214999999999923e-01
-2.364549999999999985e-01
-2.364549999999999985e-01
-2.364549999999999985e-01
-2.263519999999999976e-01
-2.116784999999999917e-01
-2.116784999999999917e-01
-2.116784999999999917e-01
-2.116784999999999917e-01
-2.090539999999999898e-01
-2.057245000000000046e-01
-1.978880000000000083e-01
-1.978880000000000083e-01
-1.957635000000000070e-01
-1.900104999999999988e-01
-1.849870000000000125e-01
-1.849870000000000125e-01
-1.827844999999999887e-01
-1.785114999999999896e-01
-1.773474999999999913e-01
-1.741209999999999980e-01
-1.703919999999999879e-01
-1.677045000000000063e-01
-1.677045000000000063e-01
-1.674394999999999911e-01
-1.653900000000000092e-01
-1.627520000000000078e-01
-1.589994999999999881e-01
-1.587304999999999966e-01
-1.550535000000000108e-01
-1.538714999999999944e-01
-1.536669999999999980e-01
-1.522580000000000044e-01
-1.507870000000000044e-01
-1.472054999999999891e-01
-1.470650000000000013e-01
-1.453299999999999870e-01
-1.413484999999999880e-01
-1.378000000000000058e-01
-1.378000000000000058e-01
-1.378000000000000058e-01
-1.337454999999999894e-01
-1.322129999999999972e-01
-1.309655000000000125e-01
-1.309035000000000060e-01
-1.306489999999999874e-01
-1.287075000000000025e-01
-1.287075000000000025e-01
-1.256589999999999929e-01
-1.222265000000000018e-01
-1.219734999999999986e-01
-1.214345000000000008e-01
-1.192870000000000041e-01
-1.127335000000000004e-01
-1.112889999999999990e-01
-1.112889999999999990e-01
-1.112889999999999990e-01
-1.108600000000000002e-01
-1.108600000000000002e-01
-1.098330000000000001e-01
-1.076264999999999999e-01
-1.076264999999999999e-01
-1.071755000000000069e-01
-1.051679999999999976e-01
-1.051679999999999976e-01
-1.039054999999999979e-01
-1.039054999999999979e-01
-1.034705000000000069e-01
-1.007620000000000043e-01
-1.005439999999999945e-01
-1.005439999999999945e-01
-9.866199999999999970e-02
-9.866199999999999970e-02
-9.626550000000000384e-02
-9.626550000000000384e-02
-9.626550000000000384e-02
-9.318400000000000294e-02
-8.941949999999999898e-02
-8.892250000000000154e-02
-8.892250000000000154e-02
-8.821099999999999774e-02
-8.821099999999999774e-02
-8.821099999999999774e-02
-8.807850000000000401e-02
-8.746800000000000408e-02
-8.745749999999999358e-02
-8.695849999999999413e-02
-8.589900000000000313e-02
-8.555849999999999567e-02
-8.555849999999999567e-02
-8.530849999999999544e-02
-8.475900000000000101e-02
-8.359800000000000564e-02
-8.179749999999999521e-02
-8.179749999999999521e-02
-8.179749999999999521e-02
-8.167950000000000210e-02
-7.982400000000000606e-02
-7.859099999999999420e-02
-7.859099999999999420e-02
-7.813050000000000550e-02
-7.813050000000000550e-02
-7.813050000000000550e-02
-7.813050000000000550e-02
-7.659100000000000630e-02
-7.547249999999999792e-02
-7.547249999999999792e-02
-7.547249999999999792e-02
-7.547249999999999792e-02
-7.431949999999999668e-02
-7.431949999999999668e-02
-7.424250000000000294e-02
-7.368349999999999900e-02
-7.368349999999999900e-02
-7.339800000000000491e-02
-7.336099999999999566e-02
-7.219549999999999579e-02
-7.156049999999999911e-02
-7.156049999999999911e-02
-7.127250000000000252e-02
-7.081450000000000244e-02
-7.068599999999999883e-02
-7.032850000000000212e-02
-6.926949999999999774e-02
-6.926949999999999774e-02
-6.926949999999999774e-02
-6.926949999999999774e-02
-6.762600000000000555e-02
-6.762600000000000555e-02
-6.762600000000000555e-02
-6.688299999999999801e-02
-6.664950000000000041e-02
-6.664950000000000041e-02
-6.633849999999999469e-02
-6.582200000000000550e-02
-6.527700000000000169e-02
-6.527700000000000169e-02
-6.493050000000000210e-02
-6.480349999999999999e-02
-6.210700000000000248e-02
-6.210700000000000248e-02
-6.210700000000000248e-02
-6.210700000000000248e-02
-6.210700000000000248e-02
-6.164399999999999741e-02
-6.164399999999999741e-02
-6.164399999999999741e-02
-6.164399999999999741e-02
-6.163550000000000278e-02
-6.132950000000000207e-02
-6.130250000000000282e-02
-6.087299999999999656e-02
-6.056550000000000128e-02
-6.036550000000000249e-02
-5.940249999999999697e-02
-5.928699999999999942e-02
-5.928699999999999942e-02
-5.928699999999999942e-02
-5.928699999999999942e-02
-5.928699999999999942e-02
-5.898500000000000271e-02
-5.898500000000000271e-02
-5.884600000000000247e-02
-5.735250000000000070e-02
-5.735250000000000070e-02
-5.735250000000000070e-02
-5.735250000000000070e-02
-5.735250000000000070e-02
-5.698650000000000243e-02
-5.698650000000000243e-02
-5.671099999999999752e-02
-5.522099999999999925e-02
-5.522099999999999925e-02
-5.522099999999999925e-02
-5.521349999999999869e-02
-5.521349999999999869e-02
-5.506250000000000033e-02
-5.435700000000000254e-02
-5.435700000000000254e-02
-5.418200000000000099e-02
-5.380050000000000110e-02
-5.379250000000000004e-02
-5.326199999999999685e-02
-5.262349999999999667e-02
-5.210700000000000054e-02
-5.210700000000000054e-02
-5.210700000000000054e-02
-5.182149999999999951e-02
-5.182149999999999951e-02
-5.148849999999999955e-02
-5.136550000000000143e-02
-5.131850000000000300e-02
-5.109450000000000103e-02
-5.075600000000000250e-02
-5.063399999999999845e-02
-5.042750000000000010e-02
-5.011100000000000276e-02
-5.011000000000000176e-02
-4.923399999999999999e-02
-4.923399999999999999e-02
-4.923399999999999999e-02
-4.923399999999999999e-02
-4.923399999999999999e-02
-4.923399999999999999e-02
-4.888750000000000040e-02
-4.888750000000000040e-02
-4.855099999999999694e-02
-4.855099999999999694e-02
-4.855099999999999694e-02
-4.830149999999999721e-02
-4.797250000000000125e-02
-4.780399999999999927e-02
-4.741349999999999731e-02
-4.741349999999999731e-02
-4.732650000000000051e-02
-4.649350000000000011e-02
-4.649350000000000011e-02
-4.649350000000000011e-02
-4.649350000000000011e-02
-4.628249999999999725e-02
-4.628249999999999725e-02
-4.578499999999999931e-02
-4.578499999999999931e-02
-4.578499999999999931e-02
-4.576050000000000256e-02
-4.548549999999999816e-02
-4.519949999999999662e-02
-4.487900000000000222e-02
-4.441400000000000209e-02
-4.441400000000000209e-02
-4.408299999999999719e-02
-4.408299999999999719e-02
-4.408299999999999719e-02
-4.408299999999999719e-02
-4.389149999999999996e-02
-4.389149999999999996e-02
-4.366649999999999698e-02
-4.366649999999999698e-02
-4.284650000000000264e-02
-4.284650000000000264e-02
-4.284650000000000264e-02
-4.284650000000000264e-02
-4.284650000000000264e-02
-4.267399999999999666e-02
-4.267399999999999666e-02
-4.267399999999999666e-02
-4.158549999999999747e-02
-4.158549999999999747e-02
-4.158549999999999747e-02
-4.139849999999999780e-02
-4.136050000000000143e-02
-4.133799999999999975e-02
-4.133799999999999975e-02
-4.116600000000000120e-02
-4.079750000000000043e-02
-4.079750000000000043e-02
-4.079750000000000043e-02
-4.079200000000000187e-02
-4.050000000000000128e-02
-4.050000000000000128e-02
-3.997549999999999715e-02
-3.997549999999999715e-02
-3.997549999999999715e-02
-3.997549999999999715e-02
-3.997549999999999715e-02
-3.994000000000000328e-02
-3.994000000000000328e-02
-3.982800000000000229e-02
-3.977449999999999736e-02
-3.958799999999999819e-02
-3.958799999999999819e-02
-3.958799999999999819e-02
-3.940599999999999659e-02
-3.927300000000000235e-02
-3.887700000000000183e-02
-3.887700000000000183e-02
-3.887700000000000183e-02
-3.887700000000000183e-02
-3.887700000000000183e-02
-3.860199999999999743e-02
-3.860199999999999743e-02
-3.859749999999999986e-02
-3.848900000000000238e-02
-3.834649999999999864e-02
-3.826500000000000040e-02
-3.826500000000000040e-02
-3.816449999999999704e-02
-3.811799999999999911e-02
-3.780499999999999833e-02
-3.780499999999999833e-02
-3.780499999999999833e-02
-3.780499999999999833e-02
-3.773850000000000121e-02
-3.764950000000000241e-02
-3.763249999999999929e-02
-3.761149999999999910e-02
-3.759400000000000241e-02
-3.739050000000000012e-02
-3.736149999999999888e-02
-3.698950000000000154e-02
-3.698950000000000154e-02
-3.698950000000000154e-02
-3.698950000000000154e-02
-3.698950000000000154e-02
-3.698950000000000154e-02
-3.665149999999999658e-02
-3.665149999999999658e-02
-3.665149999999999658e-02
-3.665149999999999658e-02
-3.665149999999999658e-02
-3.663799999999999696e-02
-3.656500000000000028e-02
-3.656500000000000028e-02
-3.655549999999999772e-02
-3.599000000000000116e-02
-3.599000000000000116e-02
-3.599000000000000116e-02
-3.599000000000000116e-02
-3.577999999999999931e-02
-3.577999999999999931e-02
-3.577999999999999931e-02
-3.577999999999999931e-02
-3.575949999999999962e-02
-3.565100000000000213e-02
-3.565100000000000213e-02
-3.553499999999999714e-02
-3.553100000000000008e-02
-3.553100000000000008e-02
-3.539250000000000035e-02
-3.536550000000000110e-02
-3.536550000000000110e-02
-3.528799999999999992e-02
-3.523799999999999849e-02
-3.504249999999999726e-02
-3.504249999999999726e-02
-3.504249999999999726e-02
-3.504249999999999726e-02
-3.504249999999999726e-02
-3.491799999999999765e-02
-3.476549999999999779e-02
-3.476549999999999779e-02
-3.476549999999999779e-02
-3.474250000000000255e-02
-3.442800000000000027e-02
-3.441899999999999821e-02
-3.440900000000000208e-02
-3.411949999999999705e-02
-3.411949999999999705e-02
-3.411949999999999705e-02
-3.411949999999999705e-02
-3.411949999999999705e-02
-3.409349999999999881e-02
-3.309850000000000292e-02
-3.309850000000000292e-02
-3.304449999999999749e-02
-3.280650000000000233e-02
-3.279050000000000020e-02
-3.279050000000000020e-02
-3.279050000000000020e-02
-3.273199999999999721e-02
-3.273199999999999721e-02
-3.191800000000000193e-02
-3.191800000000000193e-02
-3.164349999999999802e-02
-3.164349999999999802e-02
-3.164349999999999802e-02
-3.122250000000000025e-02
-3.122250000000000025e-02
-3.122250000000000025e-02
-3.122250000000000025e-02
-3.122250000000000025e-02
-3.122250000000000025e-02
-3.122250000000000025e-02
-3.122250000000000025e-02
-3.122250000000000025e-02
-3.122250000000000025e-02
-3.122250000000000025e-02
-3.099849999999999828e-02
-3.099849999999999828e-02
-3.080700000000000105e-02
-3.080700000000000105e-02
-3.040400000000000047e-02
-3.007900000000000157e-02
-3.007900000000000157e-02
-3.007900000000000157e-02
-3.007900000000000157e-02
-3.007900000000000157e-02
-3.007900000000000157e-02
-2.979599999999999957e-02
-2.979599999999999957e-02
-2.979599999999999957e-02
-2.975950000000000123e-02
-2.975950000000000123e-02
-2.971750000000000086e-02
-2.971750000000000086e-02
-2.971750000000000086e-02
-2.959499999999999978e-02
-2.958799999999999972e-02
-2.939900000000000152e-02
-2.939900000000000152e-02
-2.939900000000000152e-02
-2.928499999999999853e-02
-2.928499999999999853e-02
-2.926049999999999832e-02
-2.926049999999999832e-02
-2.898950000000000138e-02
-2.898950000000000138e-02
-2.898950000000000138e-02
-2.895750000000000060e-02
-2.895400000000000057e-02
-2.895400000000000057e-02
-2.875849999999999934e-02
-2.875250000000000028e-02
-2.865749999999999895e-02
-2.861850000000000158e-02
-2.861850000000000158e-02
-2.861850000000000158e-02
-2.820800000000000043e-02
-2.820800000000000043e-02
-2.820800000000000043e-02
-2.785850000000000132e-02
-2.785850000000000132e-02
-2.785850000000000132e-02
-2.785850000000000132e-02
-2.783199999999999910e-02
-2.783199999999999910e-02
-2.775849999999999845e-02
-2.756600000000000023e-02
-2.756600000000000023e-02
-2.735249999999999834e-02
-2.728900000000000076e-02
-2.728900000000000076e-02
-2.723300000000000026e-02
-2.723300000000000026e-02
-2.723300000000000026e-02
-2.723300000000000026e-02
-2.723300000000000026e-02
-2.717500000000000124e-02
-2.717500000000000124e-02
-2.717500000000000124e-02
-2.717500000000000124e-02
-2.701299999999999882e-02
-2.701299999999999882e-02
-2.701299999999999882e-02
-2.696099999999999886e-02
-2.696099999999999886e-02
-2.692900000000000155e-02
-2.692900000000000155e-02
-2.687749999999999861e-02
-2.684200000000000128e-02
-2.684200000000000128e-02
-2.684200000000000128e-02
-2.683050000000000018e-02
-2.683050000000000018e-02
-2.683050000000000018e-02
-2.664599999999999955e-02
-2.639050000000000076e-02
-2.639050000000000076e-02
-2.639050000000000076e-02
-2.629400000000000140e-02
-2.629400000000000140e-02
-2.629400000000000140e-02
-2.622949999999999934e-02
-2.622949999999999934e-02
-2.618149999999999991e-02
-2.608550000000000105e-02
-2.591900000000000107e-02
-2.591900000000000107e-02
-2.591900000000000107e-02
-2.591200000000000100e-02
-2.591200000000000100e-02
-2.591200000000000100e-02
-2.583950000000000136e-02
-2.583950000000000136e-02
-2.580050000000000052e-02
-2.571450000000000125e-02
-2.571450000000000125e-02
-2.560899999999999982e-02
-2.560899999999999982e-02
-2.560899999999999982e-02
-2.560899999999999982e-02
-2.560899999999999982e-02
-2.554000000000000020e-02
-2.551149999999999946e-02
-2.535950000000000010e-02
-2.535950000000000010e-02
-2.517350000000000143e-02
-2.517350000000000143e-02
-2.513450000000000059e-02
-2.513450000000000059e-02
-2.513450000000000059e-02
-2.513450000000000059e-02
-2.506500000000000047e-02
-2.506500000000000047e-02
-2.506500000000000047e-02
-2.506099999999999994e-02
-2.505949999999999844e-02
-2.505949999999999844e-02
-2.505249999999999838e-02
-2.503949999999999926e-02
-2.483149999999999941e-02
-2.483149999999999941e-02
-2.445750000000000007e-02
-2.445750000000000007e-02
-2.445750000000000007e-02
-2.445750000000000007e-02
-2.445750000000000007e-02
-2.445750000000000007e-02
-2.445750000000000007e-02
-2.430049999999999918e-02
-2.430049999999999918e-02
-2.430049999999999918e-02
-2.422950000000000104e-02
-2.393150000000000138e-02
-2.393150000000000138e-02
-2.393150000000000138e-02
-2.393150000000000138e-02
-2.393150000000000138e-02
-2.388449999999999948e-02
-2.388449999999999948e-02
-2.388449999999999948e-02
-2.388449999999999948e-02
-2.388449999999999948e-02
-2.387449999999999989e-02
-2.386800000000000033e-02
-2.386800000000000033e-02
-2.383300000000000002e-02
-2.370900000000000091e-02
-2.370900000000000091e-02
-2.370900000000000091e-02
-2.363250000000000073e-02
-2.363250000000000073e-02
-2.363250000000000073e-02
-2.363250000000000073e-02
-2.360349999999999948e-02
-2.358800000000000133e-02
-2.358800000000000133e-02
-2.332100000000000145e-02
-2.332100000000000145e-02
-2.332100000000000145e-02
-2.332100000000000145e-02
-2.332100000000000145e-02
-2.326200000000000143e-02
-2.326200000000000143e-02
-2.319049999999999931e-02
-2.319049999999999931e-02
-2.319049999999999931e-02
-2.319049999999999931e-02
-2.310800000000000007e-02
-2.308599999999999888e-02
-2.306249999999999967e-02
-2.306249999999999967e-02
-2.303499999999999992e-02
-2.295250000000000068e-02
-2.295250000000000068e-02
-2.295250000000000068e-02
-2.283100000000000060e-02
-2.283100000000000060e-02
-2.283100000000000060e-02
-2.282899999999999860e-02
-2.270449999999999899e-02
-2.270449999999999899e-02
-2.264499999999999846e-02
-2.263750000000000137e-02
-2.263750000000000137e-02
-2.255100000000000160e-02
-2.255100000000000160e-02
-2.251049999999999926e-02
-2.251049999999999926e-02
-2.251049999999999926e-02
-2.251049999999999926e-02
-2.251049999999999926e-02
-2.236399999999999846e-02
-2.236399999999999846e-02
-2.236399999999999846e-02
-2.236399999999999846e-02
-2.236399999999999846e-02
-2.234850000000000031e-02
-2.234399999999999928e-02
-2.232599999999999862e-02
-2.232599999999999862e-02
-2.231199999999999850e-02
-2.231199999999999850e-02
-2.228849999999999928e-02
-2.228799999999999878e-02
-2.227700000000000166e-02
-2.227600000000000066e-02
-2.227600000000000066e-02
-2.227000000000000160e-02
-2.225550000000000098e-02
-2.225550000000000098e-02
-2.225550000000000098e-02
-2.217449999999999977e-02
-2.217449999999999977e-02
-2.216399999999999967e-02
-2.199999999999999872e-02
-2.199999999999999872e-02
-2.199999999999999872e-02
-2.199950000000000169e-02
-2.199950000000000169e-02
-2.199950000000000169e-02
-2.199950000000000169e-02
-2.199200000000000113e-02
-2.199200000000000113e-02
-2.193900000000000017e-02
-2.186300000000000049e-02
-2.186300000000000049e-02
-2.186300000000000049e-02
-2.186249999999999999e-02
-2.186249999999999999e-02
-2.186050000000000146e-02
-2.183250000000000121e-02
-2.181699999999999959e-02
-2.180249999999999896e-02
-2.178599999999999981e-02
-2.173800000000000038e-02
-2.173800000000000038e-02
-2.173800000000000038e-02
-2.170700000000000060e-02
-2.170700000000000060e-02
-2.161949999999999983e-02
-2.161949999999999983e-02
-2.161949999999999983e-02
-2.151700000000000140e-02
-2.151700000000000140e-02
-2.151700000000000140e-02
-2.150799999999999934e-02
-2.150799999999999934e-02
-2.150799999999999934e-02
-2.150799999999999934e-02
-2.145249999999999935e-02
-2.145249999999999935e-02
-2.128400000000000084e-02
-2.128400000000000084e-02
-2.128400000000000084e-02
-2.128400000000000084e-02
-2.128400000000000084e-02
-2.123150000000000037e-02
-2.123150000000000037e-02
-2.123150000000000037e-02
-2.123150000000000037e-02
-2.123150000000000037e-02
-2.120150000000000159e-02
-2.120150000000000159e-02
-2.120150000000000159e-02
-2.111750000000000085e-02
-2.111750000000000085e-02
-2.109499999999999917e-02
-2.109499999999999917e-02
-2.106550000000000089e-02
-2.106550000000000089e-02
-2.105399999999999980e-02
-2.101750000000000146e-02
-2.099600000000000077e-02
-2.097800000000000012e-02
-2.097800000000000012e-02
-2.097299999999999859e-02
-2.095199999999999840e-02
-2.092899999999999969e-02
-2.092899999999999969e-02
-2.090349999999999847e-02
-2.090349999999999847e-02
-2.090349999999999847e-02
-2.090349999999999847e-02
-2.089349999999999888e-02
-2.089349999999999888e-02
-2.089349999999999888e-02
-2.089349999999999888e-02
-2.089349999999999888e-02
-2.089349999999999888e-02
-2.089349999999999888e-02
-2.089099999999999985e-02
-2.089099999999999985e-02
-2.089099999999999985e-02
-2.089099999999999985e-02
-2.089099999999999985e-02
-2.089049999999999935e-02
-2.087249999999999869e-02
-2.087100000000000066e-02
-2.086949999999999916e-02
-2.086949999999999916e-02
-2.086949999999999916e-02
-2.086949999999999916e-02
-2.078150000000000136e-02
-2.078150000000000136e-02
-2.078150000000000136e-02
-2.078150000000000136e-02
-2.078150000000000136e-02
-2.078150000000000136e-02
-2.078150000000000136e-02
-2.078150000000000136e-02
-2.078150000000000136e-02
-2.078150000000000136e-02
-2.078150000000000136e-02
-2.078150000000000136e-02
-2.064349999999999866e-02
-2.064349999999999866e-02
-2.064349999999999866e-02
-2.064349999999999866e-02
-2.064349999999999866e-02
-2.064349999999999866e-02
-2.064349999999999866e-02
-2.063600000000000156e-02
-2.063600000000000156e-02
-2.063600000000000156e-02
-2.059899999999999926e-02
-2.059899999999999926e-02
-2.058849999999999916e-02
-2.058849999999999916e-02
-2.058849999999999916e-02
-2.058849999999999916e-02
-2.058849999999999916e-02
-2.050599999999999992e-02
-2.050099999999999839e-02
-2.050099999999999839e-02
-2.050099999999999839e-02
-2.046049999999999952e-02
-2.046049999999999952e-02
-2.046049999999999952e-02
-2.046049999999999952e-02
-2.044800000000000090e-02
-2.044800000000000090e-02
-2.044199999999999837e-02
-2.040149999999999950e-02
-2.040149999999999950e-02
-2.040149999999999950e-02
-2.040049999999999850e-02
-2.039449999999999943e-02
-2.039449999999999943e-02
-2.039399999999999893e-02
-2.039399999999999893e-02
-2.039250000000000090e-02
-2.023499999999999951e-02
-2.023499999999999951e-02
-2.023499999999999951e-02
-2.023499999999999951e-02
-2.023499999999999951e-02
-2.023499999999999951e-02
-2.023499999999999951e-02
-2.023499999999999951e-02
-2.023499999999999951e-02
-2.022200000000000039e-02
-2.022200000000000039e-02
-2.015199999999999977e-02
-2.015199999999999977e-02
-2.015199999999999977e-02
-2.015199999999999977e-02
-2.015199999999999977e-02
-2.015199999999999977e-02
-2.014799999999999924e-02
-2.013699999999999865e-02
-2.012500000000000053e-02
-2.010450000000000084e-02
-2.010450000000000084e-02
-2.009999999999999981e-02
-2.009999999999999981e-02
-2.009700000000000028e-02
-2.008400000000000116e-02
-2.007050000000000153e-02
-2.007050000000000153e-02
-2.005499999999999991e-02
-2.005499999999999991e-02
-2.005499999999999991e-02
-2.003749999999999976e-02
-2.003749999999999976e-02
-2.003749999999999976e-02
-2.002649999999999916e-02
-2.002649999999999916e-02
-1.994850000000000095e-02
-1.994850000000000095e-02
-1.994850000000000095e-02
-1.994850000000000095e-02
-1.994850000000000095e-02
-1.991899999999999921e-02
-1.990600000000000008e-02
-1.990600000000000008e-02
-1.990600000000000008e-02
-1.989749999999999852e-02
-1.989749999999999852e-02
-1.989000000000000143e-02
-1.988849999999999993e-02
-1.987749999999999934e-02
-1.987749999999999934e-02
-1.987749999999999934e-02
-1.987749999999999934e-02
-1.987749999999999934e-02
-1.987749999999999934e-02
-1.974050000000000110e-02
-1.974050000000000110e-02
-1.974050000000000110e-02
-1.974050000000000110e-02
-1.974050000000000110e-02
-1.974050000000000110e-02
-1.974050000000000110e-02
-1.974050000000000110e-02
-1.973899999999999960e-02
-1.973000000000000101e-02
-1.973000000000000101e-02
-1.973000000000000101e-02
-1.961900000000000102e-02
-1.961900000000000102e-02
-1.961900000000000102e-02
-1.961900000000000102e-02
-1.961900000000000102e-02
-1.961900000000000102e-02
-1.961900000000000102e-02
-1.961900000000000102e-02
-1.960349999999999940e-02
-1.960349999999999940e-02
-1.959850000000000134e-02
-1.959850000000000134e-02
-1.957450000000000162e-02
-1.957450000000000162e-02
-1.957450000000000162e-02
-1.957450000000000162e-02
-1.954749999999999890e-02
-1.954049999999999884e-02
-1.953749999999999931e-02
-1.953749999999999931e-02
-1.952900000000000122e-02
-1.951349999999999960e-02
-1.951349999999999960e-02
-1.951299999999999910e-02
-1.950700000000000003e-02
-1.950700000000000003e-02
-1.949400000000000091e-02
-1.949400000000000091e-02
-1.949400000000000091e-02
-1.949400000000000091e-02
-1.949400000000000091e-02
-1.949000000000000038e-02
-1.948599999999999985e-02
-1.947400000000000173e-02
-1.947400000000000173e-02
-1.947199999999999973e-02
-1.947199999999999973e-02
-1.947199999999999973e-02
-1.947199999999999973e-02
-1.947199999999999973e-02
-1.947199999999999973e-02
-1.941999999999999976e-02
-1.941999999999999976e-02
-1.941999999999999976e-02
-1.941999999999999976e-02
-1.941999999999999976e-02
-1.934100000000000055e-02
-1.933500000000000149e-02
-1.933500000000000149e-02
-1.933500000000000149e-02
-1.933500000000000149e-02
-1.933500000000000149e-02
-1.933500000000000149e-02
-1.933500000000000149e-02
-1.932499999999999843e-02
-1.932450000000000140e-02
-1.932350000000000040e-02
-1.932249999999999940e-02
-1.932249999999999940e-02
-1.931449999999999834e-02
-1.918250000000000163e-02
-1.918250000000000163e-02
-1.918250000000000163e-02
-1.918250000000000163e-02
-1.918250000000000163e-02
-1.918250000000000163e-02
-1.918250000000000163e-02
-1.918250000000000163e-02
-1.918250000000000163e-02
-1.918250000000000163e-02
-1.917699999999999960e-02
-1.917699999999999960e-02
-1.917699999999999960e-02
-1.917599999999999860e-02
-1.917599999999999860e-02
-1.915299999999999989e-02
-1.915299999999999989e-02
-1.915299999999999989e-02
-1.915299999999999989e-02
-1.904749999999999846e-02
-1.904749999999999846e-02
-1.902749999999999928e-02
-1.902749999999999928e-02
-1.902749999999999928e-02
-1.902749999999999928e-02
-1.902749999999999928e-02
-1.902749999999999928e-02
-1.900800000000000059e-02
-1.900800000000000059e-02
-1.900800000000000059e-02
-1.900750000000000009e-02
-1.900249999999999856e-02
-1.900200000000000153e-02
-1.900200000000000153e-02
-1.900200000000000153e-02
-1.900200000000000153e-02
-1.900200000000000153e-02
-1.900200000000000153e-02
-1.900050000000000003e-02
-1.900050000000000003e-02
-1.896799999999999875e-02
-1.896799999999999875e-02
-1.896799999999999875e-02
-1.894500000000000003e-02
-1.894500000000000003e-02
-1.894500000000000003e-02
-1.894500000000000003e-02
-1.894500000000000003e-02
-1.894500000000000003e-02
-1.894449999999999953e-02
-1.892900000000000138e-02
-1.892599999999999838e-02
-1.892599999999999838e-02
-1.892599999999999838e-02
-1.892599999999999838e-02
-1.892550000000000135e-02
-1.892550000000000135e-02
-1.892550000000000135e-02
-1.890800000000000120e-02
-1.890800000000000120e-02
-1.890800000000000120e-02
-1.890800000000000120e-02
-1.890800000000000120e-02
-1.890800000000000120e-02
-1.890599999999999919e-02
-1.890599999999999919e-02
-1.886200000000000029e-02
-1.886200000000000029e-02
-1.886200000000000029e-02
-1.880750000000000130e-02
-1.878950000000000065e-02
-1.878950000000000065e-02
-1.878950000000000065e-02
-1.878950000000000065e-02
-1.878950000000000065e-02
-1.878950000000000065e-02
-1.878900000000000015e-02
-1.878900000000000015e-02
-1.878900000000000015e-02
-1.878900000000000015e-02
-1.878650000000000111e-02
-1.878650000000000111e-02
-1.878399999999999861e-02
-1.878399999999999861e-02
-1.878000000000000155e-02
-1.878000000000000155e-02
-1.878000000000000155e-02
-1.877500000000000002e-02
-1.877500000000000002e-02
-1.877500000000000002e-02
-1.877500000000000002e-02
-1.877500000000000002e-02
-1.876900000000000096e-02
-1.876900000000000096e-02
-1.876900000000000096e-02
-1.876900000000000096e-02
-1.876550000000000093e-02
-1.876550000000000093e-02
-1.876550000000000093e-02
-1.876550000000000093e-02
-1.876550000000000093e-02
-1.876550000000000093e-02
-1.876550000000000093e-02
-1.875249999999999834e-02
-1.875249999999999834e-02
-1.875249999999999834e-02
-1.875249999999999834e-02
-1.875150000000000081e-02
-1.873850000000000168e-02
-1.868200000000000069e-02
-1.868200000000000069e-02
-1.867100000000000010e-02
-1.866999999999999910e-02
-1.866999999999999910e-02
-1.861099999999999907e-02
-1.861099999999999907e-02
-1.861099999999999907e-02
-1.860650000000000151e-02
-1.860650000000000151e-02
-1.860650000000000151e-02
-1.860449999999999951e-02
-1.844849999999999962e-02
-1.844849999999999962e-02
-1.844849999999999962e-02
-1.844849999999999962e-02
-1.844849999999999962e-02
-1.844849999999999962e-02
-1.844849999999999962e-02
-1.844849999999999962e-02
-1.844849999999999962e-02
-1.844849999999999962e-02
-1.844849999999999962e-02
-1.844849999999999962e-02
-1.844849999999999962e-02
-1.844849999999999962e-02
-1.844849999999999962e-02
-1.844849999999999962e-02
-1.844749999999999862e-02
-1.844749999999999862e-02
-1.844749999999999862e-02
-1.844749999999999862e-02
-1.844700000000000159e-02
-1.844449999999999909e-02
-1.844449999999999909e-02
-1.844399999999999859e-02
-1.844399999999999859e-02
-1.844399999999999859e-02
-1.844200000000000006e-02
-1.844200000000000006e-02
-1.837199999999999944e-02
-1.837199999999999944e-02
-1.834600000000000120e-02
-1.834600000000000120e-02
-1.834600000000000120e-02
-1.834600000000000120e-02
-1.834600000000000120e-02
-1.834600000000000120e-02
-1.834600000000000120e-02
-1.834600000000000120e-02
-1.834600000000000120e-02
-1.834600000000000120e-02
-1.834600000000000120e-02
-1.834600000000000120e-02
-1.834600000000000120e-02
-1.834399999999999920e-02
-1.834200000000000066e-02
-1.833950000000000163e-02
-1.833950000000000163e-02
-1.833850000000000063e-02
-1.833800000000000013e-02
-1.833800000000000013e-02
-1.833699999999999913e-02
-1.833649999999999863e-02
-1.833649999999999863e-02
-1.833550000000000110e-02
-1.833500000000000060e-02
-1.833500000000000060e-02
-1.833500000000000060e-02
-1.833450000000000010e-02
-1.833399999999999960e-02
-1.833349999999999910e-02
-1.826399999999999899e-02
-1.826399999999999899e-02
-1.826399999999999899e-02
-1.826399999999999899e-02
-1.826399999999999899e-02
-1.826399999999999899e-02
-1.826399999999999899e-02
-1.826399999999999899e-02
-1.826399999999999899e-02
-1.826349999999999849e-02
-1.826349999999999849e-02
-1.826349999999999849e-02
-1.826349999999999849e-02
-1.826349999999999849e-02
-1.822899999999999868e-02
-1.822899999999999868e-02
-1.822899999999999868e-02
-1.822899999999999868e-02
-1.822899999999999868e-02
-1.822899999999999868e-02
-1.822750000000000065e-02
-1.822750000000000065e-02
-1.822750000000000065e-02
-1.822700000000000015e-02
-1.820249999999999993e-02
-1.820249999999999993e-02
-1.820249999999999993e-02
-1.817600000000000118e-02
-1.817600000000000118e-02
-1.817600000000000118e-02
-1.817600000000000118e-02
-1.817600000000000118e-02
-1.816150000000000056e-02
-1.816150000000000056e-02
-1.816150000000000056e-02
-1.810200000000000004e-02
-1.808950000000000141e-02
-1.808950000000000141e-02
-1.808950000000000141e-02
-1.808950000000000141e-02
-1.808950000000000141e-02
-1.808950000000000141e-02
-1.805999999999999966e-02
-1.805999999999999966e-02
-1.805999999999999966e-02
-1.805999999999999966e-02
-1.805999999999999966e-02
-1.805999999999999966e-02
-1.803899999999999948e-02
-1.803799999999999848e-02
-1.803799999999999848e-02
-1.803799999999999848e-02
-1.802749999999999839e-02
-1.802749999999999839e-02
-1.802749999999999839e-02
-1.802749999999999839e-02
-1.802749999999999839e-02
-1.802749999999999839e-02
-1.801350000000000173e-02
-1.800049999999999914e-02
-1.800049999999999914e-02
-1.799100000000000005e-02
-1.796849999999999836e-02
-1.796849999999999836e-02
-1.793849999999999958e-02
-1.793849999999999958e-02
-1.793250000000000052e-02
-1.792749999999999899e-02
-1.792399999999999896e-02
-1.792399999999999896e-02
-1.789999999999999925e-02
-1.789800000000000071e-02
-1.789800000000000071e-02
-1.789800000000000071e-02
-1.789800000000000071e-02
-1.786199999999999941e-02
-1.786199999999999941e-02
-1.786199999999999941e-02
-1.785000000000000128e-02
-1.785000000000000128e-02
-1.785000000000000128e-02
-1.785000000000000128e-02
-1.785000000000000128e-02
-1.785000000000000128e-02
-1.785000000000000128e-02
-1.785000000000000128e-02
-1.777600000000000013e-02
-1.777600000000000013e-02
-1.777600000000000013e-02
-1.777600000000000013e-02
-1.777600000000000013e-02
-1.777600000000000013e-02
-1.774449999999999986e-02
-1.774449999999999986e-02
-1.774449999999999986e-02
-1.774449999999999986e-02
-1.774449999999999986e-02
-1.774449999999999986e-02
-1.774250000000000133e-02
-1.774250000000000133e-02
-1.773349999999999926e-02
-1.773349999999999926e-02
-1.773349999999999926e-02
-1.773299999999999876e-02
-1.771850000000000161e-02
-1.771850000000000161e-02
-1.771850000000000161e-02
-1.771850000000000161e-02
-1.771850000000000161e-02
-1.771850000000000161e-02
-1.771850000000000161e-02
-1.771850000000000161e-02
-1.771450000000000108e-02
-1.770549999999999902e-02
-1.770299999999999999e-02
-1.770299999999999999e-02
-1.770199999999999899e-02
-1.770199999999999899e-02
-1.770199999999999899e-02
-1.770199999999999899e-02
-1.769750000000000142e-02
-1.769750000000000142e-02
-1.769750000000000142e-02
-1.768950000000000036e-02
-1.768950000000000036e-02
-1.768950000000000036e-02
-1.768950000000000036e-02
-1.768899999999999986e-02
-1.768899999999999986e-02
-1.768899999999999986e-02
-1.768899999999999986e-02
-1.768899999999999986e-02
-1.767950000000000077e-02
-1.767950000000000077e-02
-1.767950000000000077e-02
-1.767350000000000171e-02
-1.767350000000000171e-02
-1.767350000000000171e-02
-1.767300000000000121e-02
-1.767300000000000121e-02
-1.767200000000000021e-02
-1.765900000000000108e-02
-1.765800000000000008e-02
-1.765699999999999908e-02
-1.763649999999999940e-02
-1.763649999999999940e-02
-1.763599999999999890e-02
-1.763549999999999840e-02
-1.763549999999999840e-02
-1.763450000000000087e-02
-1.763349999999999987e-02
-1.762899999999999884e-02
-1.762400000000000078e-02
-1.762400000000000078e-02
-1.762400000000000078e-02
-1.762149999999999828e-02
-1.762149999999999828e-02
-1.762050000000000075e-02
-1.762050000000000075e-02
-1.762050000000000075e-02
-1.762050000000000075e-02
-1.762050000000000075e-02
-1.762050000000000075e-02
-1.761599999999999971e-02
-1.761599999999999971e-02
-1.759749999999999856e-02
-1.759749999999999856e-02
-1.759749999999999856e-02
-1.759749999999999856e-02
-1.759749999999999856e-02
-1.759749999999999856e-02
-1.759749999999999856e-02
-1.759049999999999850e-02
-1.759049999999999850e-02
-1.759049999999999850e-02
-1.758900000000000047e-02
-1.758149999999999991e-02
-1.758149999999999991e-02
-1.758149999999999991e-02
-1.758149999999999991e-02
-1.758149999999999991e-02
-1.758149999999999991e-02
-1.758149999999999991e-02
-1.757999999999999841e-02
-1.757749999999999937e-02
-1.757600000000000134e-02
-1.757600000000000134e-02
-1.757600000000000134e-02
-1.757550000000000084e-02
-1.757449999999999984e-02
-1.757349999999999884e-02
-1.757349999999999884e-02
-1.757349999999999884e-02
-1.757349999999999884e-02
-1.757250000000000131e-02
-1.757250000000000131e-02
-1.757250000000000131e-02
-1.757150000000000031e-02
-1.757150000000000031e-02
-1.757150000000000031e-02
-1.757150000000000031e-02
-1.757099999999999981e-02
-1.757049999999999931e-02
-1.757049999999999931e-02
-1.756999999999999881e-02
-1.756999999999999881e-02
-1.756999999999999881e-02
-1.756999999999999881e-02
-1.755100000000000063e-02
-1.755100000000000063e-02
-1.755100000000000063e-02
-1.749550000000000063e-02
-1.749550000000000063e-02
-1.749550000000000063e-02
-1.749550000000000063e-02
-1.749550000000000063e-02
-1.749550000000000063e-02
-1.749550000000000063e-02
-1.749550000000000063e-02
-1.749550000000000063e-02
-1.749099999999999960e-02
-1.748850000000000057e-02
-1.748850000000000057e-02
-1.748850000000000057e-02
-1.748850000000000057e-02
-1.748850000000000057e-02
-1.748850000000000057e-02
-1.748850000000000057e-02
-1.748850000000000057e-02
-1.748550000000000104e-02
-1.748550000000000104e-02
-1.748550000000000104e-02
-1.748550000000000104e-02
-1.748550000000000104e-02
-1.748450000000000004e-02
-1.748450000000000004e-02
-1.746500000000000136e-02
-1.745249999999999926e-02
-1.745249999999999926e-02
-1.744800000000000170e-02
-1.744800000000000170e-02
-1.744800000000000170e-02
-1.744800000000000170e-02
-1.744750000000000120e-02
-1.744700000000000070e-02
-1.744499999999999870e-02
-1.743849999999999914e-02
-1.733000000000000165e-02
-1.733000000000000165e-02
-1.733000000000000165e-02
-1.733000000000000165e-02
-1.733000000000000165e-02
-1.733000000000000165e-02
-1.733000000000000165e-02
-1.733000000000000165e-02
-1.732349999999999862e-02
-1.731900000000000106e-02
-1.730100000000000041e-02
-1.721550000000000163e-02
-1.721550000000000163e-02
-1.719149999999999845e-02
-1.719149999999999845e-02
-1.719149999999999845e-02
-1.719149999999999845e-02
-1.718650000000000039e-02
-1.718650000000000039e-02
-1.718350000000000086e-02
-1.717950000000000033e-02
-1.717199999999999976e-02
-1.717199999999999976e-02
-1.716900000000000023e-02
-1.716900000000000023e-02
-1.716700000000000170e-02
-1.716600000000000070e-02
-1.716449999999999920e-02
-1.715650000000000161e-02
-1.715650000000000161e-02
-1.715349999999999861e-02
-1.715349999999999861e-02
-1.715349999999999861e-02
-1.715349999999999861e-02
-1.715349999999999861e-02
-1.715349999999999861e-02
-1.715300000000000158e-02
-1.715250000000000108e-02
-1.715250000000000108e-02
-1.709000000000000102e-02
-1.709000000000000102e-02
-1.709000000000000102e-02
-1.709000000000000102e-02
-1.709000000000000102e-02
-1.709000000000000102e-02
-1.709000000000000102e-02
-1.709000000000000102e-02
-1.709000000000000102e-02
-1.709000000000000102e-02
-1.709000000000000102e-02
-1.709000000000000102e-02
-1.709000000000000102e-02
-1.709000000000000102e-02
-1.709000000000000102e-02
-1.709000000000000102e-02
-1.705250000000000168e-02
-1.705250000000000168e-02
-1.705250000000000168e-02
-1.705250000000000168e-02
-1.705250000000000168e-02
-1.704999999999999918e-02
-1.704999999999999918e-02
-1.704949999999999868e-02
-1.704949999999999868e-02
-1.704949999999999868e-02
-1.704949999999999868e-02
-1.704050000000000009e-02
-1.704050000000000009e-02
-1.704050000000000009e-02
-1.704050000000000009e-02
-1.704050000000000009e-02
-1.704050000000000009e-02
-1.704050000000000009e-02
-1.703999999999999959e-02
-1.703649999999999956e-02
-1.703599999999999906e-02
-1.703199999999999853e-02
-1.703199999999999853e-02
-1.702750000000000097e-02
-1.702350000000000044e-02
-1.702350000000000044e-02
-1.702350000000000044e-02
-1.702100000000000141e-02
-1.702100000000000141e-02
-1.702100000000000141e-02
-1.702100000000000141e-02
-1.702100000000000141e-02
-1.702100000000000141e-02
-1.702100000000000141e-02
-1.702050000000000091e-02
-1.702050000000000091e-02
-1.702050000000000091e-02
-1.702050000000000091e-02
-1.702050000000000091e-02
-1.702050000000000091e-02
-1.702050000000000091e-02
-1.702050000000000091e-02
-1.701899999999999941e-02
-1.701849999999999891e-02
-1.701849999999999891e-02
-1.701849999999999891e-02
-1.701799999999999841e-02
-1.701799999999999841e-02
-1.701499999999999888e-02
-1.701499999999999888e-02
-1.701499999999999888e-02
-1.699799999999999922e-02
-1.699799999999999922e-02
-1.699799999999999922e-02
-1.699799999999999922e-02
-1.699799999999999922e-02
-1.699799999999999922e-02
-1.699449999999999919e-02
-1.699449999999999919e-02
-1.699449999999999919e-02
-1.698449999999999960e-02
-1.698449999999999960e-02
-1.698449999999999960e-02
-1.698150000000000007e-02
-1.698150000000000007e-02
-1.698150000000000007e-02
-1.698150000000000007e-02
-1.698150000000000007e-02
-1.698150000000000007e-02
-1.698150000000000007e-02
-1.698150000000000007e-02
-1.698150000000000007e-02
-1.698099999999999957e-02
-1.694999999999999979e-02
-1.694999999999999979e-02
-1.694999999999999979e-02
-1.694949999999999929e-02
-1.694800000000000126e-02
-1.694800000000000126e-02
-1.694800000000000126e-02
-1.694800000000000126e-02
-1.694649999999999976e-02
-1.694649999999999976e-02
-1.694649999999999976e-02
-1.694500000000000173e-02
-1.694350000000000023e-02
-1.694350000000000023e-02
-1.694350000000000023e-02
-1.694350000000000023e-02
-1.694249999999999923e-02
-1.694249999999999923e-02
-1.694249999999999923e-02
-1.694199999999999873e-02
-1.694199999999999873e-02
-1.692199999999999954e-02
-1.692199999999999954e-02
-1.692199999999999954e-02
-1.692199999999999954e-02
-1.692199999999999954e-02
-1.692199999999999954e-02
-1.692199999999999954e-02
-1.692199999999999954e-02
-1.691700000000000148e-02
-1.691449999999999898e-02
-1.690900000000000042e-02
-1.690900000000000042e-02
-1.690849999999999992e-02
-1.686450000000000102e-02
-1.686450000000000102e-02
-1.686450000000000102e-02
-1.686450000000000102e-02
-1.686450000000000102e-02
-1.686450000000000102e-02
-1.686450000000000102e-02
-1.686450000000000102e-02
-1.686450000000000102e-02
-1.686450000000000102e-02
-1.686450000000000102e-02
-1.686450000000000102e-02
-1.685000000000000039e-02
-1.685000000000000039e-02
-1.685000000000000039e-02
-1.682900000000000021e-02
-1.682900000000000021e-02
-1.682900000000000021e-02
-1.682900000000000021e-02
-1.682900000000000021e-02
-1.682749999999999871e-02
-1.681449999999999959e-02
-1.681300000000000155e-02
-1.680600000000000149e-02
-1.679800000000000043e-02
-1.674250000000000044e-02
-1.669500000000000151e-02
-1.669500000000000151e-02
-1.669199999999999851e-02
-1.667750000000000135e-02
-1.666499999999999926e-02
-1.666499999999999926e-02
-1.666499999999999926e-02
-1.665799999999999920e-02
-1.661599999999999883e-02
-1.661299999999999930e-02
-1.654250000000000165e-02
-1.652999999999999955e-02
-1.652999999999999955e-02
-1.652999999999999955e-02
-1.650899999999999937e-02
-1.650899999999999937e-02
-1.650149999999999881e-02
-1.649950000000000028e-02
-1.649899999999999978e-02
-1.649899999999999978e-02
-1.649899999999999978e-02
-1.649899999999999978e-02
-1.649199999999999972e-02
-1.649199999999999972e-02
-1.649199999999999972e-02
-1.649199999999999972e-02
-1.649199999999999972e-02
-1.648900000000000018e-02
-1.648600000000000065e-02
-1.648600000000000065e-02
-1.648600000000000065e-02
-1.648600000000000065e-02
-1.648600000000000065e-02
-1.648600000000000065e-02
-1.648600000000000065e-02
-1.648550000000000015e-02
-1.648399999999999865e-02
-1.648399999999999865e-02
-1.648399999999999865e-02
-1.646250000000000144e-02
-1.646250000000000144e-02
-1.646250000000000144e-02
-1.635299999999999948e-02
-1.635299999999999948e-02
-1.635299999999999948e-02
-1.634700000000000042e-02
-1.634700000000000042e-02
-1.634199999999999889e-02
-1.634199999999999889e-02
-1.631350000000000161e-02
-1.629649999999999849e-02
-1.629649999999999849e-02
-1.629649999999999849e-02
-1.627999999999999933e-02
-1.624199999999999949e-02
-1.624000000000000096e-02
-1.624000000000000096e-02
-1.624000000000000096e-02
-1.624000000000000096e-02
-1.623749999999999846e-02
-1.622149999999999981e-02
-1.622149999999999981e-02
-1.622149999999999981e-02
-1.621449999999999975e-02
-1.621449999999999975e-02
-1.621200000000000072e-02
-1.621200000000000072e-02
-1.621200000000000072e-02
-1.620950000000000168e-02
-1.620950000000000168e-02
-1.620500000000000065e-02
-1.619850000000000109e-02
-1.619850000000000109e-02
-1.619750000000000009e-02
-1.619649999999999909e-02
-1.619349999999999956e-02
-1.619349999999999956e-02
-1.619299999999999906e-02
-1.619200000000000153e-02
-1.619050000000000003e-02
-1.619050000000000003e-02
-1.619050000000000003e-02
-1.619050000000000003e-02
-1.619050000000000003e-02
-1.618899999999999853e-02
-1.618899999999999853e-02
-1.618899999999999853e-02
-1.618899999999999853e-02
-1.618899999999999853e-02
-1.618899999999999853e-02
-1.618850000000000150e-02
-1.618850000000000150e-02
-1.618850000000000150e-02
-1.618800000000000100e-02
-1.618800000000000100e-02
-1.618800000000000100e-02
-1.618800000000000100e-02
-1.618500000000000147e-02
-1.618500000000000147e-02
-1.618500000000000147e-02
-1.618500000000000147e-02
-1.618249999999999897e-02
-1.618249999999999897e-02
-1.618050000000000044e-02
-1.618050000000000044e-02
-1.618050000000000044e-02
-1.618050000000000044e-02
-1.618050000000000044e-02
-1.618050000000000044e-02
-1.618050000000000044e-02
-1.618050000000000044e-02
-1.617999999999999994e-02
-1.617999999999999994e-02
-1.617999999999999994e-02
-1.617999999999999994e-02
-1.617999999999999994e-02
-1.617999999999999994e-02
-1.617999999999999994e-02
-1.617999999999999994e-02
-1.617999999999999994e-02
-1.617999999999999994e-02
-1.617999999999999994e-02
-1.617050000000000085e-02
-1.616249999999999978e-02
-1.616149999999999878e-02
-1.616050000000000125e-02
-1.616050000000000125e-02
-1.616050000000000125e-02
-1.614900000000000016e-02
-1.614650000000000113e-02
-1.614650000000000113e-02
-1.614550000000000013e-02
-1.614399999999999863e-02
-1.614399999999999863e-02
-1.614399999999999863e-02
-1.614399999999999863e-02
-1.613900000000000057e-02
-1.613900000000000057e-02
-1.613900000000000057e-02
-1.613900000000000057e-02
-1.613449999999999954e-02
-1.613449999999999954e-02
-1.613449999999999954e-02
-1.613399999999999904e-02
-1.613399999999999904e-02
-1.613200000000000051e-02
-1.613200000000000051e-02
-1.613200000000000051e-02
-1.613099999999999951e-02
-1.612999999999999851e-02
-1.612999999999999851e-02
-1.612950000000000148e-02
-1.612950000000000148e-02
-1.612950000000000148e-02
-1.612950000000000148e-02
-1.612399999999999944e-02
-1.611999999999999891e-02
-1.611999999999999891e-02
-1.611999999999999891e-02
-1.611949999999999841e-02
-1.611850000000000088e-02
-1.611850000000000088e-02
-1.610599999999999879e-02
-1.610599999999999879e-02
-1.610549999999999829e-02
-1.610549999999999829e-02
-1.610549999999999829e-02
-1.610450000000000076e-02
-1.610450000000000076e-02
-1.609050000000000064e-02
-1.609050000000000064e-02
-1.609000000000000014e-02
-1.608899999999999914e-02
-1.608899999999999914e-02
-1.608650000000000010e-02
-1.608599999999999960e-02
-1.608599999999999960e-02
-1.608599999999999960e-02
-1.608599999999999960e-02
-1.608549999999999910e-02
-1.608549999999999910e-02
-1.608549999999999910e-02
-1.608549999999999910e-02
-1.608549999999999910e-02
-1.608350000000000057e-02
-1.608350000000000057e-02
-1.608350000000000057e-02
-1.608199999999999907e-02
-1.608199999999999907e-02
-1.608199999999999907e-02
-1.608199999999999907e-02
-1.608199999999999907e-02
-1.608149999999999857e-02
-1.608050000000000104e-02
-1.607750000000000151e-02
-1.607750000000000151e-02
-1.607750000000000151e-02
-1.607750000000000151e-02
-1.607750000000000151e-02
-1.607750000000000151e-02
-1.607750000000000151e-02
-1.607750000000000151e-02
-1.607650000000000051e-02
-1.607650000000000051e-02
-1.607650000000000051e-02
-1.607650000000000051e-02
-1.606799999999999895e-02
-1.606799999999999895e-02
-1.606799999999999895e-02
-1.602699999999999958e-02
-1.602699999999999958e-02
-1.602699999999999958e-02
-1.602699999999999958e-02
-1.601850000000000149e-02
-1.601850000000000149e-02
-1.601850000000000149e-02
-1.601850000000000149e-02
-1.601850000000000149e-02
-1.601850000000000149e-02
-1.601850000000000149e-02
-1.601850000000000149e-02
-1.601800000000000099e-02
-1.601699999999999999e-02
-1.601699999999999999e-02
-1.601699999999999999e-02
-1.601699999999999999e-02
-1.601699999999999999e-02
-1.601699999999999999e-02
-1.597650000000000112e-02
-1.597650000000000112e-02
-1.597650000000000112e-02
-1.597650000000000112e-02
-1.597650000000000112e-02
-1.597600000000000062e-02
-1.597550000000000012e-02
-1.597449999999999912e-02
-1.597449999999999912e-02
-1.597449999999999912e-02
-1.597449999999999912e-02
-1.597449999999999912e-02
-1.597449999999999912e-02
-1.597449999999999912e-02
-1.597449999999999912e-02
-1.597449999999999912e-02
-1.597449999999999912e-02
-1.597049999999999859e-02
-1.597049999999999859e-02
-1.597049999999999859e-02
-1.597049999999999859e-02
-1.596749999999999906e-02
-1.596749999999999906e-02
-1.596500000000000002e-02
-1.596349999999999852e-02
-1.596300000000000149e-02
-1.596300000000000149e-02
-1.596300000000000149e-02
-1.596250000000000099e-02
-1.595150000000000040e-02
-1.594249999999999834e-02
-1.594249999999999834e-02
-1.594049999999999981e-02
-1.593899999999999831e-02
-1.593599999999999878e-02
-1.593599999999999878e-02
-1.593450000000000075e-02
-1.593450000000000075e-02
-1.593349999999999975e-02
-1.593349999999999975e-02
-1.593349999999999975e-02
-1.593349999999999975e-02
-1.592999999999999972e-02
-1.592850000000000169e-02
-1.592850000000000169e-02
-1.592000000000000012e-02
-1.592000000000000012e-02
-1.592000000000000012e-02
-1.591450000000000156e-02
-1.591450000000000156e-02
-1.591450000000000156e-02
-1.591450000000000156e-02
-1.591450000000000156e-02
-1.591450000000000156e-02
-1.591450000000000156e-02
-1.591400000000000106e-02
-1.591400000000000106e-02
-1.591300000000000006e-02
-1.591300000000000006e-02
-1.589250000000000038e-02
-1.589250000000000038e-02
-1.589250000000000038e-02
-1.585400000000000004e-02
-1.585400000000000004e-02
-1.585200000000000151e-02
-1.585200000000000151e-02
-1.584199999999999844e-02
-1.584199999999999844e-02
-1.584199999999999844e-02
-1.581600000000000020e-02
-1.581600000000000020e-02
-1.580900000000000014e-02
-1.580900000000000014e-02
-1.580900000000000014e-02
-1.580900000000000014e-02
-1.580900000000000014e-02
-1.580900000000000014e-02
-1.580900000000000014e-02
-1.580900000000000014e-02
-1.580900000000000014e-02
-1.580900000000000014e-02
-1.580849999999999964e-02
-1.580849999999999964e-02
-1.580849999999999964e-02
-1.573849999999999902e-02
-1.573849999999999902e-02
-1.573849999999999902e-02
-1.573849999999999902e-02
-1.573849999999999902e-02
-1.573849999999999902e-02
-1.573849999999999902e-02
-1.573849999999999902e-02
-1.573849999999999902e-02
-1.573849999999999902e-02
-1.573849999999999902e-02
-1.573849999999999902e-02
-1.573849999999999902e-02
-1.573849999999999902e-02
-1.573449999999999849e-02
-1.573449999999999849e-02
-1.573449999999999849e-02
-1.573449999999999849e-02
-1.573099999999999846e-02
-1.573050000000000143e-02
-1.572849999999999943e-02
-1.572749999999999843e-02
-1.572700000000000140e-02
-1.572700000000000140e-02
-1.572700000000000140e-02
-1.572399999999999839e-02
-1.572350000000000136e-02
-1.572350000000000136e-02
-1.572350000000000136e-02
-1.572149999999999936e-02
-1.572099999999999886e-02
-1.571900000000000033e-02
-1.571799999999999933e-02
-1.571749999999999883e-02
-1.571749999999999883e-02
-1.571749999999999883e-02
-1.571600000000000080e-02
-1.571600000000000080e-02
-1.571600000000000080e-02
-1.571600000000000080e-02
-1.571600000000000080e-02
-1.571600000000000080e-02
-1.571600000000000080e-02
-1.571600000000000080e-02
-1.571600000000000080e-02
-1.569850000000000065e-02
-1.569850000000000065e-02
-1.569850000000000065e-02
-1.569850000000000065e-02
-1.569850000000000065e-02
-1.569850000000000065e-02
-1.569850000000000065e-02
-1.569850000000000065e-02
-1.569850000000000065e-02
-1.569850000000000065e-02
-1.569550000000000112e-02
-1.569550000000000112e-02
-1.569550000000000112e-02
-1.569550000000000112e-02
-1.569299999999999862e-02
-1.569299999999999862e-02
-1.568949999999999859e-02
-1.568450000000000052e-02
-1.568450000000000052e-02
-1.568450000000000052e-02
-1.568450000000000052e-02
-1.568400000000000002e-02
-1.568400000000000002e-02
-1.568400000000000002e-02
-1.568400000000000002e-02
-1.568400000000000002e-02
-1.568400000000000002e-02
-1.568400000000000002e-02
-1.568349999999999952e-02
-1.567800000000000096e-02
-1.567649999999999946e-02
-1.567450000000000093e-02
-1.567450000000000093e-02
-1.565799999999999831e-02
-1.565799999999999831e-02
-1.565799999999999831e-02
-1.565799999999999831e-02
-1.565799999999999831e-02
-1.565799999999999831e-02
-1.565799999999999831e-02
-1.565799999999999831e-02
-1.565750000000000128e-02
-1.565750000000000128e-02
-1.565750000000000128e-02
-1.563550000000000009e-02
-1.563550000000000009e-02
-1.563550000000000009e-02
-1.563550000000000009e-02
-1.563550000000000009e-02
-1.563550000000000009e-02
-1.563550000000000009e-02
-1.563300000000000106e-02
-1.562149999999999997e-02
-1.562149999999999997e-02
-1.562149999999999997e-02
-1.562149999999999997e-02
-1.562000000000000020e-02
-1.562000000000000020e-02
-1.562000000000000020e-02
-1.561700000000000067e-02
-1.561700000000000067e-02
-1.561700000000000067e-02
-1.561300000000000014e-02
-1.561300000000000014e-02
-1.561300000000000014e-02
-1.561300000000000014e-02
-1.561249999999999964e-02
-1.561249999999999964e-02
-1.561249999999999964e-02
-1.561249999999999964e-02
-1.561049999999999938e-02
-1.561000000000000061e-02
-1.560549999999999958e-02
-1.560450000000000031e-02
-1.560250000000000005e-02
-1.560250000000000005e-02
-1.560199999999999955e-02
-1.560199999999999955e-02
-1.560199999999999955e-02
-1.560150000000000078e-02
-1.560100000000000028e-02
-1.560100000000000028e-02
-1.560100000000000028e-02
-1.560100000000000028e-02
-1.560100000000000028e-02
-1.560100000000000028e-02
-1.559600000000000049e-02
-1.559600000000000049e-02
-1.559600000000000049e-02
-1.559600000000000049e-02
-1.559600000000000049e-02
-1.559549999999999999e-02
-1.559549999999999999e-02
-1.559199999999999996e-02
-1.559100000000000069e-02
-1.558649999999999966e-02
-1.558649999999999966e-02
-1.558299999999999963e-02
-1.558299999999999963e-02
-1.558299999999999963e-02
-1.558299999999999963e-02
-1.558299999999999963e-02
-1.558299999999999963e-02
-1.558299999999999963e-02
-1.558050000000000060e-02
-1.558050000000000060e-02
-1.557799999999999983e-02
-1.557749999999999933e-02
-1.557749999999999933e-02
-1.554600000000000079e-02
-1.554600000000000079e-02
-1.554600000000000079e-02
-1.554600000000000079e-02
-1.554600000000000079e-02
-1.554600000000000079e-02
-1.554600000000000079e-02
-1.554600000000000079e-02
-1.554600000000000079e-02
-1.554600000000000079e-02
-1.554600000000000079e-02
-1.554600000000000079e-02
-1.554400000000000052e-02
-1.554400000000000052e-02
-1.554400000000000052e-02
-1.554400000000000052e-02
-1.554400000000000052e-02
-1.554400000000000052e-02
-1.554400000000000052e-02
-1.553749999999999923e-02
-1.553749999999999923e-02
-1.553749999999999923e-02
-1.553749999999999923e-02
-1.553749999999999923e-02
-1.553749999999999923e-02
-1.553749999999999923e-02
-1.553749999999999923e-02
-1.553749999999999923e-02
-1.553550000000000070e-02
-1.553550000000000070e-02
-1.553550000000000070e-02
-1.553550000000000070e-02
-1.553550000000000070e-02
-1.553550000000000070e-02
-1.553500000000000020e-02
-1.553500000000000020e-02
-1.553500000000000020e-02
-1.553500000000000020e-02
-1.553500000000000020e-02
-1.553500000000000020e-02
-1.553500000000000020e-02
-1.553500000000000020e-02
-1.553500000000000020e-02
-1.553500000000000020e-02
-1.553500000000000020e-02
