6.622339779394297299e-01
9.147919442689462777e-01
9.974880389699634087e-01
7.280074287270084099e-01
8.422626211346424530e-01
9.993757956169015966e-01
7.293088722216236608e-01
5.058158919527350195e-02
9.965704352500077690e-01
7.200946061351505278e-01
7.850191750004847924e-01
9.983511389636201550e-01
7.566233120598702122e-01
1.093311717355077983e-01
9.972185543110125838e-01
7.646921390545935449e-01
2.360343305981203454e-01
9.951703461558534247e-01
7.160685330526022074e-01
8.904158398937018770e-01
9.990683670428170959e-01
7.508545876195007462e-01
9.318347488811866419e-02
9.985014050749694281e-01
7.801343466358954259e-01
2.386906838534640640e-01
9.983979037113084321e-01
7.128924309274711213e-01
2.863707290613737300e-01
9.969260012837781737e-01
7.653428840651841369e-01
1.782371151935454590e-01
9.994248900344173681e-01
7.432847637005499664e-01
3.096411183378275367e-01
9.999075851670602422e-01
7.553117080223401558e-01
3.627344770647523697e-01
9.997457716583684206e-01
6.669511200565104714e-01
4.888082055575390106e-01
9.992048480727186988e-01
7.576469465734876341e-01
2.502443610431327459e-01
9.949968115605715147e-01
7.972070694004189662e-01
4.051723414923571465e-01
9.992963059337456322e-01
7.718945693167379440e-01
4.449937998340517398e-01
9.993528900952926008e-01
8.104204139150621433e-01
4.550380823925325169e-01
9.991864236676470945e-01
7.314964350739729948e-01
5.797661452316915653e-01
9.971713120495950822e-01
7.248508277451330972e-01
4.057660282608899771e-01
9.977700509950255814e-01
7.482173215197380767e-01
4.942569588617488074e-01
9.945574620828747658e-01
7.112999205460479590e-01
3.449389779586962135e-01
9.990414556288278458e-01
7.236950345118360328e-01
6.661159568973853418e-01
9.989708589951193929e-01
7.372523952089440336e-01
5.513125482410081712e-01
9.997489019980831948e-01
7.193634096424565971e-01
5.638949698253457044e-01
9.972579372186949342e-01
7.346044044364576919e-01
5.503575073875723866e-01
