-4.162440000000000029e-01
-4.162440000000000029e-01
-4.150975000000000081e-01
-4.150975000000000081e-01
-3.997985000000000011e-01
-3.936915000000000275e-01
-3.891649999999999832e-01
-3.820439999999999947e-01
-3.697949999999999848e-01
-3.645455000000000223e-01
-3.645455000000000223e-01
-3.431690000000000018e-01
-3.431690000000000018e-01
-3.230069999999999886e-01
-3.230069999999999886e-01
-3.230069999999999886e-01
-3.195979999999999932e-01
-3.155654999999999988e-01
-3.119859999999999856e-01
-3.107289999999999774e-01
-3.042759999999999909e-01
-3.011840000000000073e-01
-3.011840000000000073e-01
-2.973605000000000276e-01
-2.934410000000000074e-01
-2.934410000000000074e-01
-2.743240000000000123e-01
-2.743240000000000123e-01
-2.735549999999999926e-01
-2.717010000000000258e-01
-2.560569999999999791e-01
-2.560569999999999791e-01
-2.560569999999999791e-01
-2.546959999999999780e-01
-2.517209999999999726e-01
-2.497304999999999942e-01
-2.353179999999999994e-01
-2.298949999999999882e-01
-2.298949999999999882e-01
-2.298949999999999882e-01
-2.255665000000000031e-01
-2.182910000000000128e-01
-2.182910000000000128e-01
-2.182910000000000128e-01
-2.165515000000000079e-01
-2.156460000000000043e-01
-2.156460000000000043e-01
-2.105460000000000109e-01
-2.105460000000000109e-01
-2.060130000000000017e-01
-1.968624999999999958e-01
-1.956869999999999998e-01
-1.956869999999999998e-01
-1.858589999999999964e-01
-1.858589999999999964e-01
-1.858589999999999964e-01
-1.858589999999999964e-01
-1.858589999999999964e-01
-1.858589999999999964e-01
-1.726934999999999998e-01
-1.726934999999999998e-01
-1.706040000000000056e-01
-1.706040000000000056e-01
-1.706040000000000056e-01
-1.637925000000000075e-01
-1.637925000000000075e-01
-1.637925000000000075e-01
-1.637925000000000075e-01
-1.609625000000000083e-01
-1.609625000000000083e-01
-1.607800000000000062e-01
-1.573680000000000079e-01
-1.557699999999999918e-01
-1.550070000000000059e-01
-1.516359999999999930e-01
-1.516359999999999930e-01
-1.506740000000000024e-01
-1.506740000000000024e-01
-1.500620000000000009e-01
-1.475430000000000075e-01
-1.475430000000000075e-01
-1.475430000000000075e-01
-1.438534999999999953e-01
-1.438534999999999953e-01
-1.405824999999999991e-01
-1.405824999999999991e-01
-1.405824999999999991e-01
-1.405824999999999991e-01
-1.405824999999999991e-01
-1.382164999999999921e-01
-1.351195000000000035e-01
-1.351195000000000035e-01
-1.351195000000000035e-01
-1.341755000000000031e-01
-1.330894999999999995e-01
-1.327639999999999931e-01
-1.327639999999999931e-01
-1.317399999999999960e-01
-1.317399999999999960e-01
-1.317399999999999960e-01
-1.317399999999999960e-01
-1.307264999999999955e-01
-1.307264999999999955e-01
-1.291184999999999972e-01
-1.291184999999999972e-01
-1.287635000000000030e-01
-1.251939999999999997e-01
-1.251939999999999997e-01
-1.251939999999999997e-01
-1.251939999999999997e-01
-1.251939999999999997e-01
-1.251939999999999997e-01
-1.235200000000000048e-01
-1.231850000000000028e-01
-1.231850000000000028e-01
-1.220620000000000038e-01
-1.220620000000000038e-01
-1.212114999999999998e-01
-1.196915000000000062e-01
-1.196915000000000062e-01
-1.192460000000000048e-01
-1.192460000000000048e-01
-1.191590000000000010e-01
-1.166594999999999993e-01
-1.123274999999999968e-01
-1.123274999999999968e-01
-1.123274999999999968e-01
-1.123274999999999968e-01
-1.122650000000000037e-01
-1.122650000000000037e-01
-1.122650000000000037e-01
-1.122650000000000037e-01
-1.122650000000000037e-01
-1.122650000000000037e-01
-1.122650000000000037e-01
-1.121779999999999999e-01
-1.080694999999999989e-01
-1.080694999999999989e-01
-1.067570000000000047e-01
-1.067570000000000047e-01
-1.067570000000000047e-01
-1.067570000000000047e-01
-1.067570000000000047e-01
-1.067570000000000047e-01
-1.067570000000000047e-01
-1.067570000000000047e-01
-1.033120000000000011e-01
-1.033120000000000011e-01
-1.033120000000000011e-01
-1.031470000000000026e-01
-1.031470000000000026e-01
-1.031470000000000026e-01
-1.022694999999999993e-01
-1.009219999999999978e-01
-1.009020000000000056e-01
-9.963099999999999734e-02
-9.963099999999999734e-02
-9.963099999999999734e-02
-9.963099999999999734e-02
-9.963099999999999734e-02
-9.514799999999999647e-02
-9.514799999999999647e-02
-9.514799999999999647e-02
-9.514799999999999647e-02
-9.514799999999999647e-02
-9.514799999999999647e-02
-9.514799999999999647e-02
-9.514799999999999647e-02
-9.497949999999999449e-02
-9.448750000000000204e-02
-9.448750000000000204e-02
-9.448750000000000204e-02
-9.448750000000000204e-02
-9.448750000000000204e-02
-9.362600000000000089e-02
-9.362600000000000089e-02
-9.171700000000000685e-02
-9.171700000000000685e-02
-9.171700000000000685e-02
-9.164300000000000224e-02
-9.164300000000000224e-02
-9.038499999999999313e-02
-8.988799999999999568e-02
-8.988799999999999568e-02
-8.988799999999999568e-02
-8.988799999999999568e-02
-8.807800000000000351e-02
-8.746299999999999908e-02
-8.746299999999999908e-02
-8.744150000000000533e-02
-8.744150000000000533e-02
-8.731250000000000122e-02
-8.689600000000000102e-02
-8.657149999999999568e-02
-8.472699999999999676e-02
-8.472699999999999676e-02
-8.472699999999999676e-02
-8.436849999999999905e-02
-8.436849999999999905e-02
-8.436849999999999905e-02
-8.436849999999999905e-02
-8.436849999999999905e-02
-8.436849999999999905e-02
-8.284850000000000547e-02
-8.284850000000000547e-02
-8.284850000000000547e-02
-8.284850000000000547e-02
-8.284850000000000547e-02
-8.284850000000000547e-02
-8.209400000000000031e-02
-8.209400000000000031e-02
-8.209400000000000031e-02
-8.209400000000000031e-02
-8.209400000000000031e-02
-8.209400000000000031e-02
-8.209400000000000031e-02
-8.209400000000000031e-02
-8.209400000000000031e-02
-8.209400000000000031e-02
-8.209400000000000031e-02
-8.193350000000000632e-02
-8.193350000000000632e-02
-8.138950000000000351e-02
-8.138950000000000351e-02
-8.138950000000000351e-02
-8.137850000000000639e-02
-8.115700000000000691e-02
-8.028499999999999526e-02
-7.958700000000000496e-02
-7.958700000000000496e-02
-7.904949999999999477e-02
-7.904949999999999477e-02
-7.904949999999999477e-02
-7.904949999999999477e-02
-7.904949999999999477e-02
-7.904949999999999477e-02
-7.904949999999999477e-02
-7.874200000000000643e-02
-7.874200000000000643e-02
-7.874200000000000643e-02
-7.874200000000000643e-02
-7.874200000000000643e-02
-7.874200000000000643e-02
-7.860999999999999932e-02
-7.860999999999999932e-02
-7.860999999999999932e-02
-7.860999999999999932e-02
-7.860999999999999932e-02
-7.816199999999999537e-02
-7.816199999999999537e-02
-7.816199999999999537e-02
-7.816199999999999537e-02
-7.816199999999999537e-02
-7.816199999999999537e-02
-7.816199999999999537e-02
-7.816199999999999537e-02
-7.816199999999999537e-02
-7.816199999999999537e-02
-7.816199999999999537e-02
-7.816199999999999537e-02
-7.816199999999999537e-02
-7.804350000000000176e-02
-7.804350000000000176e-02
-7.726249999999999785e-02
-7.726249999999999785e-02
-7.726249999999999785e-02
-7.726249999999999785e-02
-7.726249999999999785e-02
-7.726249999999999785e-02
-7.726249999999999785e-02
-7.633550000000000058e-02
-7.633550000000000058e-02
-7.633550000000000058e-02
-7.633550000000000058e-02
-7.633550000000000058e-02
-7.633550000000000058e-02
-7.633550000000000058e-02
-7.607049999999999923e-02
-7.607049999999999923e-02
-7.607049999999999923e-02
-7.584349999999999425e-02
-7.546350000000000280e-02
-7.546350000000000280e-02
-7.546350000000000280e-02
-7.546350000000000280e-02
-7.546350000000000280e-02
-7.546350000000000280e-02
-7.538499999999999368e-02
-7.432249999999999968e-02
-7.432249999999999968e-02
-7.432249999999999968e-02
-7.432249999999999968e-02
-7.432249999999999968e-02
-7.432249999999999968e-02
-7.432249999999999968e-02
-7.432249999999999968e-02
-7.432249999999999968e-02
-7.432249999999999968e-02
-7.432249999999999968e-02
-7.432249999999999968e-02
-7.432249999999999968e-02
-7.411950000000000482e-02
-7.401950000000000196e-02
-7.401950000000000196e-02
-7.401950000000000196e-02
-7.401950000000000196e-02
-7.401950000000000196e-02
-7.401950000000000196e-02
-7.401950000000000196e-02
-7.401950000000000196e-02
-7.397950000000000359e-02
-7.286499999999999921e-02
-7.286499999999999921e-02
-7.286499999999999921e-02
-7.286499999999999921e-02
-7.286499999999999921e-02
-7.255899999999999850e-02
-7.247599999999999876e-02
-7.247599999999999876e-02
-7.247599999999999876e-02
-7.247599999999999876e-02
-7.247599999999999876e-02
-7.247599999999999876e-02
-7.247599999999999876e-02
-7.247599999999999876e-02
-7.247599999999999876e-02
-7.247599999999999876e-02
-7.233150000000000690e-02
-7.233150000000000690e-02
-7.233150000000000690e-02
-7.233150000000000690e-02
-7.233150000000000690e-02
-7.233150000000000690e-02
-7.233150000000000690e-02
-7.233150000000000690e-02
-7.233150000000000690e-02
-7.233150000000000690e-02
-7.231550000000000478e-02
-7.231550000000000478e-02
-7.231550000000000478e-02
-7.231550000000000478e-02
-7.231550000000000478e-02
-7.231550000000000478e-02
-7.207149999999999668e-02
-7.207149999999999668e-02
-7.187949999999999895e-02
-7.161599999999999910e-02
-7.161599999999999910e-02
-7.161599999999999910e-02
-7.161599999999999910e-02
-7.161599999999999910e-02
-7.161599999999999910e-02
-7.127999999999999614e-02
-7.127999999999999614e-02
-7.127999999999999614e-02
-7.053950000000000498e-02
-7.048799999999999510e-02
-7.048799999999999510e-02
-7.048799999999999510e-02
-7.048799999999999510e-02
-7.029249999999999388e-02
-7.029249999999999388e-02
-7.026899999999999813e-02
-7.023999999999999688e-02
-7.022599999999999676e-02
-7.019050000000000289e-02
-7.010399999999999965e-02
-7.006999999999999340e-02
-6.973999999999999644e-02
-6.973999999999999644e-02
-6.973999999999999644e-02
-6.959949999999999470e-02
-6.959949999999999470e-02
-6.959949999999999470e-02
-6.959949999999999470e-02
-6.959949999999999470e-02
-6.923799999999999399e-02
-6.923799999999999399e-02
-6.923799999999999399e-02
-6.923799999999999399e-02
-6.923799999999999399e-02
-6.923799999999999399e-02
-6.900549999999999740e-02
-6.900549999999999740e-02
-6.840150000000000396e-02
-6.840150000000000396e-02
-6.840150000000000396e-02
-6.840150000000000396e-02
-6.840150000000000396e-02
-6.840150000000000396e-02
-6.840150000000000396e-02
-6.840150000000000396e-02
-6.840150000000000396e-02
-6.840150000000000396e-02
-6.840150000000000396e-02
-6.840150000000000396e-02
-6.840150000000000396e-02
-6.838750000000000384e-02
-6.838500000000000134e-02
-6.837150000000000172e-02
-6.837150000000000172e-02
-6.832449999999999635e-02
-6.832449999999999635e-02
-6.832449999999999635e-02
-6.832050000000000622e-02
-6.832050000000000622e-02
-6.830749999999999322e-02
-6.830749999999999322e-02
-6.830749999999999322e-02
-6.830749999999999322e-02
-6.830749999999999322e-02
-6.827199999999999935e-02
-6.827099999999999835e-02
-6.825950000000000073e-02
-6.825549999999999673e-02
-6.825549999999999673e-02
-6.824600000000000111e-02
-6.824449999999999961e-02
-6.824449999999999961e-02
-6.824449999999999961e-02
-6.824449999999999961e-02
-6.774900000000000366e-02
-6.774900000000000366e-02
-6.774900000000000366e-02
-6.774900000000000366e-02
-6.774900000000000366e-02
-6.774900000000000366e-02
-6.774900000000000366e-02
-6.774900000000000366e-02
-6.732849999999999946e-02
-6.732849999999999946e-02
-6.729699999999999571e-02
-6.729699999999999571e-02
-6.729699999999999571e-02
-6.729699999999999571e-02
-6.719650000000000623e-02
-6.719650000000000623e-02
-6.719650000000000623e-02
-6.719650000000000623e-02
-6.719650000000000623e-02
-6.707449999999999524e-02
-6.707449999999999524e-02
-6.704200000000000437e-02
-6.704200000000000437e-02
-6.700649999999999662e-02
-6.700649999999999662e-02
-6.691049999999999776e-02
-6.691049999999999776e-02
-6.663900000000000379e-02
-6.663900000000000379e-02
-6.663900000000000379e-02
-6.663900000000000379e-02
-6.663900000000000379e-02
-6.663900000000000379e-02
-6.663900000000000379e-02
-6.663900000000000379e-02
-6.663900000000000379e-02
-6.650449999999999418e-02
-6.529150000000000231e-02
-6.529150000000000231e-02
-6.529150000000000231e-02
-6.529150000000000231e-02
-6.529150000000000231e-02
-6.529150000000000231e-02
-6.529150000000000231e-02
-6.529150000000000231e-02
-6.529150000000000231e-02
-6.529150000000000231e-02
-6.529150000000000231e-02
-6.529150000000000231e-02
-6.529150000000000231e-02
-6.529150000000000231e-02
-6.529150000000000231e-02
-6.518549999999999345e-02
-6.502750000000000197e-02
-6.502750000000000197e-02
-6.502750000000000197e-02
-6.502750000000000197e-02
-6.502750000000000197e-02
-6.502750000000000197e-02
-6.502750000000000197e-02
-6.502750000000000197e-02
-6.502750000000000197e-02
-6.491550000000000098e-02
-6.488299999999999623e-02
-6.477349999999999774e-02
-6.469750000000000500e-02
-6.468500000000000638e-02
-6.461699999999999389e-02
-6.451550000000000340e-02
-6.451550000000000340e-02
-6.451550000000000340e-02
-6.451550000000000340e-02
-6.412149999999999794e-02
-6.412149999999999794e-02
-6.412149999999999794e-02
-6.407599999999999407e-02
-6.402499999999999858e-02
-6.365550000000000375e-02
-6.355149999999999688e-02
-6.349950000000000039e-02
-6.315800000000000580e-02
-6.315800000000000580e-02
-6.315800000000000580e-02
-6.310749999999999693e-02
-6.309599999999999931e-02
-6.309599999999999931e-02
-6.293749999999999345e-02
-6.293749999999999345e-02
-6.288000000000000533e-02
-6.277699999999999947e-02
-6.277699999999999947e-02
-6.272350000000000148e-02
-6.272350000000000148e-02
-6.229200000000000015e-02
-6.229200000000000015e-02
-6.229200000000000015e-02
-6.229200000000000015e-02
-6.229200000000000015e-02
-6.229200000000000015e-02
-6.226349999999999940e-02
-6.226349999999999940e-02
-6.226349999999999940e-02
-6.226349999999999940e-02
-6.226349999999999940e-02
-6.226349999999999940e-02
-6.226349999999999940e-02
-6.226349999999999940e-02
-6.226349999999999940e-02
-6.208899999999999836e-02
-6.208899999999999836e-02
-6.193599999999999800e-02
-6.193599999999999800e-02
-6.193599999999999800e-02
-6.193599999999999800e-02
-6.193599999999999800e-02
-6.193599999999999800e-02
-6.176299999999999846e-02
-6.172799999999999815e-02
-6.172799999999999815e-02
-6.128050000000000164e-02
-6.128050000000000164e-02
-6.128050000000000164e-02
-6.128050000000000164e-02
-6.128050000000000164e-02
-6.128050000000000164e-02
-6.128050000000000164e-02
-6.128050000000000164e-02
-6.128050000000000164e-02
-6.128050000000000164e-02
-6.128050000000000164e-02
-6.128050000000000164e-02
-6.128050000000000164e-02
-6.128050000000000164e-02
-6.128050000000000164e-02
-6.128050000000000164e-02
-6.105000000000000010e-02
-6.105000000000000010e-02
-6.105000000000000010e-02
-6.105000000000000010e-02
-6.092299999999999799e-02
-6.092299999999999799e-02
-6.092299999999999799e-02
-6.092299999999999799e-02
-6.092299999999999799e-02
-6.090500000000000080e-02
-6.090500000000000080e-02
-6.090500000000000080e-02
-6.090500000000000080e-02
-6.090500000000000080e-02
-6.069850000000000245e-02
-6.062900000000000234e-02
-6.033899999999999680e-02
-6.033899999999999680e-02
-6.033899999999999680e-02
-6.033899999999999680e-02
-6.033899999999999680e-02
-6.033899999999999680e-02
-6.027350000000000069e-02
-6.027350000000000069e-02
-6.022399999999999975e-02
-6.021150000000000113e-02
-6.021150000000000113e-02
-6.000099999999999878e-02
-5.990850000000000342e-02
-5.990850000000000342e-02
-5.990850000000000342e-02
-5.990850000000000342e-02
-5.990850000000000342e-02
-5.990850000000000342e-02
-5.990850000000000342e-02
-5.990850000000000342e-02
-5.990850000000000342e-02
-5.987549999999999817e-02
-5.987549999999999817e-02
-5.987549999999999817e-02
-5.987549999999999817e-02
-5.987549999999999817e-02
-5.987549999999999817e-02
-5.978300000000000280e-02
-5.966500000000000276e-02
-5.966500000000000276e-02
-5.966500000000000276e-02
-5.966500000000000276e-02
-5.966500000000000276e-02
-5.966500000000000276e-02
-5.966500000000000276e-02
-5.947299999999999809e-02
-5.947299999999999809e-02
-5.947299999999999809e-02
-5.947299999999999809e-02
-5.947299999999999809e-02
-5.947299999999999809e-02
-5.947299999999999809e-02
-5.947299999999999809e-02
-5.947299999999999809e-02
-5.947299999999999809e-02
-5.947299999999999809e-02
-5.946699999999999903e-02
-5.946699999999999903e-02
-5.945500000000000090e-02
-5.945500000000000090e-02
-5.943099999999999772e-02
-5.916849999999999887e-02
-5.910250000000000226e-02
-5.908349999999999713e-02
-5.908349999999999713e-02
-5.906600000000000045e-02
-5.906549999999999995e-02
-5.901050000000000045e-02
-5.901050000000000045e-02
-5.900999999999999995e-02
-5.900999999999999995e-02
-5.900999999999999995e-02
-5.900999999999999995e-02
-5.900999999999999995e-02
-5.900999999999999995e-02
-5.900999999999999995e-02
-5.900799999999999795e-02
-5.900500000000000189e-02
-5.898300000000000071e-02
-5.888800000000000284e-02
-5.888800000000000284e-02
-5.888800000000000284e-02
-5.887850000000000028e-02
-5.887850000000000028e-02
-5.887850000000000028e-02
-5.818000000000000255e-02
-5.818000000000000255e-02
-5.818000000000000255e-02
-5.818000000000000255e-02
-5.818000000000000255e-02
-5.818000000000000255e-02
-5.818000000000000255e-02
-5.818000000000000255e-02
-5.810950000000000143e-02
-5.810950000000000143e-02
-5.682349999999999901e-02
-5.682349999999999901e-02
-5.682349999999999901e-02
-5.658450000000000285e-02
-5.658450000000000285e-02
-5.658450000000000285e-02
-5.658450000000000285e-02
-5.658099999999999935e-02
-5.658099999999999935e-02
-5.621349999999999958e-02
-5.621349999999999958e-02
-5.621349999999999958e-02
-5.621349999999999958e-02
-5.585749999999999743e-02
-5.585749999999999743e-02
-5.585749999999999743e-02
-5.585749999999999743e-02
-5.585749999999999743e-02
-5.585749999999999743e-02
-5.585749999999999743e-02
-5.585749999999999743e-02
-5.585749999999999743e-02
-5.585749999999999743e-02
-5.583099999999999868e-02
-5.583049999999999818e-02
-5.565450000000000258e-02
-5.560450000000000115e-02
-5.560450000000000115e-02
-5.559650000000000009e-02
-5.558400000000000146e-02
-5.555750000000000272e-02
-5.555750000000000272e-02
-5.554950000000000165e-02
-5.554950000000000165e-02
-5.554800000000000015e-02
-5.554800000000000015e-02
-5.554350000000000259e-02
-5.550050000000000122e-02
-5.547950000000000104e-02
-5.547950000000000104e-02
-5.547950000000000104e-02
-5.547950000000000104e-02
-5.547950000000000104e-02
-5.547950000000000104e-02
-5.547950000000000104e-02
-5.542300000000000004e-02
-5.542199999999999904e-02
-5.541499999999999898e-02
-5.541299999999999698e-02
-5.537249999999999811e-02
-5.537249999999999811e-02
-5.537249999999999811e-02
-5.536699999999999955e-02
-5.536699999999999955e-02
-5.530700000000000199e-02
-5.530700000000000199e-02
-5.530700000000000199e-02
-5.530700000000000199e-02
-5.530700000000000199e-02
-5.530700000000000199e-02
-5.475150000000000156e-02
-5.475150000000000156e-02
-5.475150000000000156e-02
-5.475150000000000156e-02
-5.475150000000000156e-02
-5.475150000000000156e-02
-5.475150000000000156e-02
-5.475150000000000156e-02
-5.475150000000000156e-02
-5.475150000000000156e-02
-5.475150000000000156e-02
-5.475150000000000156e-02
-5.475150000000000156e-02
-5.470450000000000312e-02
-5.470450000000000312e-02
-5.470450000000000312e-02
-5.470250000000000112e-02
-5.470250000000000112e-02
-5.470150000000000012e-02
-5.467299999999999938e-02
-5.464850000000000263e-02
-5.464850000000000263e-02
-5.464850000000000263e-02
-5.464700000000000113e-02
-5.464700000000000113e-02
-5.464700000000000113e-02
-5.464700000000000113e-02
-5.464700000000000113e-02
-5.464700000000000113e-02
-5.464700000000000113e-02
-5.464700000000000113e-02
-5.464700000000000113e-02
-5.464700000000000113e-02
-5.464100000000000207e-02
-5.464100000000000207e-02
-5.464100000000000207e-02
-5.464100000000000207e-02
-5.464100000000000207e-02
-5.464100000000000207e-02
-5.464100000000000207e-02
-5.464100000000000207e-02
-5.464100000000000207e-02
-5.464100000000000207e-02
-5.460199999999999776e-02
-5.460199999999999776e-02
-5.457499999999999851e-02
-5.457499999999999851e-02
-5.457499999999999851e-02
-5.445099999999999940e-02
-5.445099999999999940e-02
-5.445099999999999940e-02
-5.445099999999999940e-02
-5.445099999999999940e-02
-5.445099999999999940e-02
-5.445099999999999940e-02
-5.445099999999999940e-02
-5.445099999999999940e-02
-5.445099999999999940e-02
-5.445099999999999940e-02
-5.445099999999999940e-02
-5.445099999999999940e-02
-5.445099999999999940e-02
-5.445099999999999940e-02
-5.445099999999999940e-02
-5.445099999999999940e-02
-5.445099999999999940e-02
-5.445099999999999940e-02
-5.445099999999999940e-02
-5.445099999999999940e-02
-5.445099999999999940e-02
-5.445099999999999940e-02
-5.445099999999999940e-02
-5.445099999999999940e-02
-5.445049999999999890e-02
-5.419399999999999912e-02
-5.419399999999999912e-02
-5.419399999999999912e-02
-5.419399999999999912e-02
-5.419399999999999912e-02
-5.419399999999999912e-02
-5.419399999999999912e-02
-5.419399999999999912e-02
-5.419399999999999912e-02
-5.419249999999999762e-02
-5.418800000000000006e-02
-5.418800000000000006e-02
-5.418800000000000006e-02
-5.418800000000000006e-02
-5.418800000000000006e-02
-5.412200000000000344e-02
-5.412200000000000344e-02
-5.410650000000000182e-02
-5.410650000000000182e-02
-5.409300000000000219e-02
-5.409300000000000219e-02
-5.409300000000000219e-02
-5.395799999999999902e-02
-5.395799999999999902e-02
-5.395799999999999902e-02
-5.395799999999999902e-02
-5.395799999999999902e-02
-5.395350000000000146e-02
-5.395350000000000146e-02
-5.395149999999999946e-02
-5.395149999999999946e-02
-5.395149999999999946e-02
-5.395099999999999896e-02
-5.394999999999999796e-02
-5.394999999999999796e-02
-5.394899999999999696e-02
-5.394750000000000240e-02
-5.394750000000000240e-02
-5.394750000000000240e-02
-5.394750000000000240e-02
-5.394750000000000240e-02
-5.394600000000000090e-02
-5.388300000000000034e-02
-5.388300000000000034e-02
-5.388300000000000034e-02
-5.388300000000000034e-02
-5.388300000000000034e-02
-5.388199999999999934e-02
-5.388199999999999934e-02
-5.388199999999999934e-02
-5.388099999999999834e-02
-5.388099999999999834e-02
-5.388099999999999834e-02
-5.388099999999999834e-02
-5.384150000000000047e-02
-5.384150000000000047e-02
-5.384150000000000047e-02
-5.384150000000000047e-02
-5.383999999999999897e-02
-5.383999999999999897e-02
-5.383999999999999897e-02
-5.383999999999999897e-02
-5.383999999999999897e-02
-5.375549999999999773e-02
-5.375549999999999773e-02
-5.375549999999999773e-02
-5.375549999999999773e-02
-5.357100000000000056e-02
-5.357100000000000056e-02
-5.357100000000000056e-02
-5.357100000000000056e-02
-5.357100000000000056e-02
-5.357100000000000056e-02
-5.357100000000000056e-02
-5.357100000000000056e-02
-5.357100000000000056e-02
-5.357100000000000056e-02
-5.357100000000000056e-02
-5.357100000000000056e-02
-5.357100000000000056e-02
-5.357100000000000056e-02
-5.351249999999999757e-02
-5.351249999999999757e-02
-5.351249999999999757e-02
-5.351249999999999757e-02
-5.351249999999999757e-02
-5.351249999999999757e-02
-5.351249999999999757e-02
-5.351249999999999757e-02
-5.351249999999999757e-02
-5.350450000000000345e-02
-5.349999999999999895e-02
-5.349999999999999895e-02
-5.349550000000000138e-02
-5.348399999999999682e-02
-5.348399999999999682e-02
-5.348399999999999682e-02
-5.348399999999999682e-02
-5.344750000000000195e-02
-5.344750000000000195e-02
-5.344700000000000145e-02
-5.344700000000000145e-02
-5.344700000000000145e-02
-5.344700000000000145e-02
-5.344650000000000095e-02
-5.343149999999999983e-02
-5.343149999999999983e-02
-5.343149999999999983e-02
-5.341900000000000120e-02
-5.332150000000000084e-02
-5.330900000000000222e-02
-5.330900000000000222e-02
-5.329400000000000109e-02
-5.329400000000000109e-02
-5.329400000000000109e-02
-5.329400000000000109e-02
-5.329400000000000109e-02
-5.329199999999999909e-02
-5.329049999999999759e-02
-5.329049999999999759e-02
-5.328600000000000003e-02
-5.325649999999999828e-02
-5.325200000000000072e-02
-5.325150000000000022e-02
-5.325150000000000022e-02
-5.325150000000000022e-02
-5.323950000000000210e-02
-5.321399999999999741e-02
-5.321399999999999741e-02
-5.321399999999999741e-02
-5.315550000000000136e-02
-5.315550000000000136e-02
-5.315550000000000136e-02
-5.315550000000000136e-02
-5.315550000000000136e-02
-5.315349999999999936e-02
-5.315299999999999886e-02
-5.315299999999999886e-02
-5.315299999999999886e-02
-5.315299999999999886e-02
-5.301800000000000263e-02
-5.301499999999999962e-02
-5.301050000000000206e-02
-5.300799999999999956e-02
-5.300799999999999956e-02
-5.300799999999999956e-02
-5.298200000000000132e-02
-5.298200000000000132e-02
-5.297199999999999825e-02
-5.297199999999999825e-02
-5.297199999999999825e-02
-5.293950000000000045e-02
-5.292899999999999688e-02
-5.286199999999999927e-02
-5.286199999999999927e-02
-5.278549999999999909e-02
-5.278549999999999909e-02
-5.278549999999999909e-02
-5.277600000000000346e-02
-5.277600000000000346e-02
-5.277600000000000346e-02
-5.277600000000000346e-02
-5.277600000000000346e-02
-5.277600000000000346e-02
-5.277600000000000346e-02
-5.277450000000000196e-02
-5.277450000000000196e-02
-5.277049999999999796e-02
-5.266699999999999854e-02
-5.266699999999999854e-02
-5.265650000000000192e-02
-5.265650000000000192e-02
-5.265650000000000192e-02
-5.265399999999999942e-02
-5.265399999999999942e-02
-5.265000000000000235e-02
-5.263149999999999773e-02
-5.261899999999999911e-02
-5.261600000000000305e-02
-5.261600000000000305e-02
-5.261500000000000205e-02
-5.261500000000000205e-02
-5.261500000000000205e-02
-5.261500000000000205e-02
-5.258850000000000330e-02
-5.258850000000000330e-02
-5.257450000000000317e-02
-5.257350000000000217e-02
-5.257350000000000217e-02
-5.254249999999999893e-02
-5.254249999999999893e-02
-5.253000000000000030e-02
-5.253000000000000030e-02
-5.253000000000000030e-02
-5.251150000000000262e-02
-5.251150000000000262e-02
-5.251150000000000262e-02
-5.251150000000000262e-02
-5.251150000000000262e-02
-5.251150000000000262e-02
-5.245799999999999769e-02
-5.245799999999999769e-02
-5.245799999999999769e-02
-5.245799999999999769e-02
-5.242549999999999988e-02
-5.242549999999999988e-02
-5.242549999999999988e-02
-5.242549999999999988e-02
-5.242549999999999988e-02
