9.988419726617923100e-01
9.321814912477712767e-01
6.044544903393795909e-01
9.934011844700370020e-01
9.498241109791536463e-01
7.392074571105327063e-01
9.981431067145465352e-01
9.177202707750011790e-01
6.936388352541972280e-01
9.992833147878705802e-01
9.358834213360063270e-01
6.631402679841784664e-01
9.973964381083462172e-01
8.732648681909966903e-01
7.457022404039792551e-01
9.967365217041601611e-01
9.020715182202423410e-01
6.507129210423880927e-01
9.977752870077560843e-01
9.348963086094099761e-01
5.275242483070852195e-01
9.980810049091999314e-01
8.819830090726523686e-01
3.515702950460788401e-01
9.997021699430344022e-01
9.196895304239784963e-01
7.395204999190452266e-01
9.991021840327214409e-01
9.532587587241441174e-01
5.737050864809647432e-01
