-5.315419999999999590e-01
-5.315419999999999590e-01
-5.315419999999999590e-01
-5.267129999999999868e-01
-5.244934999999999459e-01
-5.198319999999999608e-01
-5.029799999999999827e-01
-5.003370000000000317e-01
-4.975235000000000074e-01
-4.851360000000000117e-01
-4.719694999999999863e-01
-4.719694999999999863e-01
-4.658005000000000062e-01
-4.568189999999999751e-01
-4.441714999999999969e-01
-4.345269999999999966e-01
-4.302684999999999982e-01
-4.252619999999999734e-01
-4.098235000000000072e-01
-4.098235000000000072e-01
-4.098235000000000072e-01
-4.098235000000000072e-01
-4.081524999999999737e-01
-3.949765000000000081e-01
-3.949765000000000081e-01
-3.882869999999999933e-01
-3.829905000000000115e-01
-3.809124999999999872e-01
-3.809124999999999872e-01
-3.776169999999999805e-01
-3.742550000000000043e-01
-3.686820000000000097e-01
-3.684275000000000189e-01
-3.621269999999999767e-01
-3.539074999999999860e-01
-3.539074999999999860e-01
-3.536615000000000175e-01
-3.446055000000000090e-01
-3.390130000000000088e-01
-3.390130000000000088e-01
-3.367839999999999723e-01
-3.367839999999999723e-01
-3.321945000000000037e-01
-3.303964999999999819e-01
-3.279954999999999954e-01
-3.206189999999999873e-01
-3.206189999999999873e-01
-3.172110000000000207e-01
-3.145129999999999870e-01
-3.145129999999999870e-01
-3.089095000000000035e-01
-3.089095000000000035e-01
-3.065740000000000132e-01
-3.060629999999999740e-01
-2.982659999999999756e-01
-2.982659999999999756e-01
-2.982659999999999756e-01
-2.941325000000000189e-01
-2.941325000000000189e-01
-2.757375000000000242e-01
-2.757375000000000242e-01
-2.756179999999999741e-01
-2.756179999999999741e-01
-2.756179999999999741e-01
-2.726644999999999763e-01
-2.726644999999999763e-01
-2.722749999999999893e-01
-2.722749999999999893e-01
-2.658860000000000112e-01
-2.609690000000000065e-01
-2.607545000000000002e-01
-2.603869999999999796e-01
-2.583615000000000217e-01
-2.558524999999999827e-01
-2.516900000000000248e-01
-2.516900000000000248e-01
-2.516900000000000248e-01
-2.516900000000000248e-01
-2.516900000000000248e-01
-2.466544999999999987e-01
-2.466544999999999987e-01
-2.440400000000000069e-01
-2.440400000000000069e-01
-2.371564999999999923e-01
-2.371564999999999923e-01
-2.371564999999999923e-01
-2.362569999999999948e-01
-2.362569999999999948e-01
-2.356304999999999927e-01
-2.319515000000000049e-01
-2.317015000000000047e-01
-2.301259999999999972e-01
-2.301259999999999972e-01
-2.295065000000000022e-01
-2.295065000000000022e-01
-2.221394999999999897e-01
-2.221394999999999897e-01
-2.221394999999999897e-01
-2.221394999999999897e-01
-2.221394999999999897e-01
-2.221394999999999897e-01
-2.221394999999999897e-01
-2.216879999999999962e-01
-2.196315000000000073e-01
-2.196315000000000073e-01
-2.196315000000000073e-01
-2.126889999999999892e-01
-2.126889999999999892e-01
-2.126889999999999892e-01
-2.106820000000000082e-01
-2.106820000000000082e-01
-2.106820000000000082e-01
-2.106820000000000082e-01
-2.106099999999999917e-01
-2.106099999999999917e-01
-2.082104999999999928e-01
-2.082104999999999928e-01
-2.078814999999999968e-01
-2.057410000000000072e-01
-2.057410000000000072e-01
-2.057025000000000103e-01
-2.026445000000000052e-01
-2.017805000000000015e-01
-2.017805000000000015e-01
-2.002464999999999939e-01
-2.002464999999999939e-01
-2.002464999999999939e-01
-1.992095000000000116e-01
-1.992095000000000116e-01
-1.979110000000000036e-01
-1.973769999999999969e-01
-1.973769999999999969e-01
-1.973769999999999969e-01
-1.973624999999999963e-01
-1.973624999999999963e-01
-1.956755000000000022e-01
-1.901720000000000077e-01
-1.901720000000000077e-01
-1.896180000000000088e-01
-1.896180000000000088e-01
-1.896180000000000088e-01
-1.896180000000000088e-01
-1.893940000000000068e-01
-1.893940000000000068e-01
-1.885080000000000089e-01
-1.885080000000000089e-01
-1.870044999999999902e-01
-1.870044999999999902e-01
-1.850874999999999881e-01
-1.850874999999999881e-01
-1.850874999999999881e-01
-1.841575000000000017e-01
-1.825285000000000102e-01
-1.825285000000000102e-01
-1.825285000000000102e-01
-1.817149999999999876e-01
-1.817149999999999876e-01
-1.817149999999999876e-01
-1.817149999999999876e-01
-1.817149999999999876e-01
-1.787584999999999869e-01
-1.787584999999999869e-01
-1.787584999999999869e-01
-1.787584999999999869e-01
-1.786830000000000085e-01
-1.786830000000000085e-01
-1.786790000000000045e-01
-1.786185000000000134e-01
-1.781254999999999922e-01
-1.770160000000000067e-01
-1.770160000000000067e-01
-1.770160000000000067e-01
-1.770160000000000067e-01
-1.768845000000000001e-01
-1.767074999999999896e-01
-1.767074999999999896e-01
-1.743570000000000120e-01
-1.743570000000000120e-01
-1.743570000000000120e-01
-1.743570000000000120e-01
-1.743570000000000120e-01
-1.734094999999999942e-01
-1.734094999999999942e-01
-1.718425000000000091e-01
-1.718425000000000091e-01
-1.718425000000000091e-01
-1.714990000000000125e-01
-1.714990000000000125e-01
-1.713999999999999968e-01
-1.713999999999999968e-01
-1.713999999999999968e-01
-1.713465000000000127e-01
-1.712480000000000113e-01
-1.711274999999999880e-01
-1.688500000000000001e-01
-1.688500000000000001e-01
-1.676614999999999911e-01
-1.676614999999999911e-01
-1.676614999999999911e-01
-1.676614999999999911e-01
-1.676614999999999911e-01
-1.676614999999999911e-01
-1.676614999999999911e-01
-1.662184999999999913e-01
-1.662184999999999913e-01
-1.662184999999999913e-01
-1.662184999999999913e-01
-1.662184999999999913e-01
-1.657694999999999863e-01
-1.654309999999999947e-01
-1.654309999999999947e-01
-1.654309999999999947e-01
-1.648119999999999863e-01
-1.648119999999999863e-01
-1.648119999999999863e-01
-1.648119999999999863e-01
-1.648119999999999863e-01
-1.646160000000000123e-01
-1.644410000000000038e-01
-1.642840000000000134e-01
-1.636180000000000134e-01
-1.636164999999999980e-01
-1.630745000000000111e-01
-1.630745000000000111e-01
-1.621724999999999972e-01
-1.621724999999999972e-01
-1.621724999999999972e-01
-1.621724999999999972e-01
-1.608459999999999890e-01
-1.608100000000000085e-01
-1.608100000000000085e-01
-1.608100000000000085e-01
-1.608100000000000085e-01
-1.599424999999999875e-01
-1.599424999999999875e-01
-1.599424999999999875e-01
-1.599424999999999875e-01
-1.599424999999999875e-01
-1.599424999999999875e-01
-1.599424999999999875e-01
-1.599424999999999875e-01
-1.599424999999999875e-01
-1.599424999999999875e-01
-1.599424999999999875e-01
-1.591420000000000057e-01
-1.591420000000000057e-01
-1.590419999999999889e-01
-1.590419999999999889e-01
-1.590100000000000124e-01
-1.590100000000000124e-01
-1.590100000000000124e-01
-1.582510000000000028e-01
-1.582510000000000028e-01
-1.582510000000000028e-01
-1.576974999999999905e-01
-1.576974999999999905e-01
-1.576974999999999905e-01
-1.576974999999999905e-01
-1.576944999999999875e-01
-1.573239999999999916e-01
-1.573239999999999916e-01
-1.569959999999999967e-01
-1.569959999999999967e-01
-1.568559999999999954e-01
-1.565060000000000062e-01
-1.565060000000000062e-01
-1.565060000000000062e-01
-1.565060000000000062e-01
-1.565060000000000062e-01
-1.564580000000000137e-01
-1.551234999999999975e-01
-1.551234999999999975e-01
-1.551234999999999975e-01
-1.551234999999999975e-01
-1.551234999999999975e-01
-1.551234999999999975e-01
-1.549550000000000094e-01
-1.549550000000000094e-01
-1.549169999999999991e-01
-1.549169999999999991e-01
-1.549169999999999991e-01
-1.548074999999999868e-01
-1.548074999999999868e-01
-1.546164999999999901e-01
-1.546164999999999901e-01
-1.546164999999999901e-01
-1.540175000000000016e-01
-1.540175000000000016e-01
-1.528654999999999875e-01
-1.528654999999999875e-01
-1.528654999999999875e-01
-1.528654999999999875e-01
-1.528295000000000070e-01
-1.528295000000000070e-01
-1.528295000000000070e-01
-1.528295000000000070e-01
-1.528295000000000070e-01
-1.528295000000000070e-01
-1.528295000000000070e-01
-1.528295000000000070e-01
-1.528295000000000070e-01
-1.528295000000000070e-01
-1.528295000000000070e-01
-1.526754999999999918e-01
-1.526754999999999918e-01
-1.523599999999999954e-01
-1.523599999999999954e-01
-1.523599999999999954e-01
-1.523599999999999954e-01
-1.523599999999999954e-01
-1.523599999999999954e-01
-1.512370000000000103e-01
-1.512370000000000103e-01
-1.512370000000000103e-01
-1.512370000000000103e-01
-1.512370000000000103e-01
-1.512370000000000103e-01
-1.508315000000000072e-01
-1.508315000000000072e-01
-1.508315000000000072e-01
-1.508315000000000072e-01
-1.508315000000000072e-01
-1.508315000000000072e-01
-1.508315000000000072e-01
-1.508315000000000072e-01
-1.508315000000000072e-01
-1.508315000000000072e-01
-1.506399999999999961e-01
-1.506399999999999961e-01
-1.506399999999999961e-01
-1.506399999999999961e-01
-1.506399999999999961e-01
-1.506399999999999961e-01
-1.506260000000000099e-01
-1.505954999999999933e-01
-1.505585000000000118e-01
-1.505444999999999978e-01
-1.504284999999999928e-01
-1.501145000000000118e-01
-1.501145000000000118e-01
-1.501145000000000118e-01
-1.500605000000000133e-01
-1.500605000000000133e-01
-1.500605000000000133e-01
-1.500605000000000133e-01
-1.496129999999999960e-01
-1.492749999999999910e-01
-1.492749999999999910e-01
-1.492749999999999910e-01
-1.492749999999999910e-01
-1.492749999999999910e-01
-1.492749999999999910e-01
-1.489505000000000134e-01
-1.489505000000000134e-01
-1.489505000000000134e-01
-1.483385000000000120e-01
-1.482960000000000111e-01
-1.482960000000000111e-01
-1.482960000000000111e-01
-1.482300000000000006e-01
-1.482300000000000006e-01
-1.480910000000000004e-01
-1.480910000000000004e-01
-1.478565000000000018e-01
-1.478565000000000018e-01
-1.478565000000000018e-01
-1.478565000000000018e-01
-1.476659999999999917e-01
-1.476659999999999917e-01
-1.476659999999999917e-01
-1.476659999999999917e-01
-1.476659999999999917e-01
-1.472479999999999900e-01
-1.472074999999999911e-01
-1.469445000000000057e-01
-1.469445000000000057e-01
-1.469445000000000057e-01
-1.469445000000000057e-01
-1.469004999999999894e-01
-1.468349999999999933e-01
-1.467310000000000003e-01
-1.467310000000000003e-01
-1.467310000000000003e-01
-1.466544999999999932e-01
-1.459229999999999972e-01
-1.459229999999999972e-01
-1.459229999999999972e-01
-1.455710000000000059e-01
-1.455710000000000059e-01
-1.455710000000000059e-01
-1.455710000000000059e-01
-1.455710000000000059e-01
-1.455710000000000059e-01
-1.455710000000000059e-01
-1.455710000000000059e-01
-1.455710000000000059e-01
-1.455710000000000059e-01
-1.454425000000000023e-01
-1.454425000000000023e-01
-1.454425000000000023e-01
-1.454425000000000023e-01
-1.454425000000000023e-01
-1.454425000000000023e-01
-1.452114999999999934e-01
-1.452114999999999934e-01
-1.452114999999999934e-01
-1.452114999999999934e-01
-1.452114999999999934e-01
-1.452050000000000007e-01
-1.451514999999999889e-01
-1.451514999999999889e-01
-1.451514999999999889e-01
-1.451514999999999889e-01
-1.451409999999999922e-01
-1.449944999999999984e-01
-1.449489999999999945e-01
-1.449489999999999945e-01
-1.449284999999999879e-01
-1.449284999999999879e-01
-1.449004999999999876e-01
-1.448919999999999930e-01
-1.441284999999999927e-01
-1.441284999999999927e-01
-1.441284999999999927e-01
-1.441284999999999927e-01
-1.441284999999999927e-01
-1.441284999999999927e-01
-1.441284999999999927e-01
-1.441284999999999927e-01
-1.432344999999999868e-01
-1.432344999999999868e-01
-1.432344999999999868e-01
-1.431900000000000117e-01
-1.431900000000000117e-01
-1.431900000000000117e-01
-1.430559999999999887e-01
-1.430559999999999887e-01
-1.430559999999999887e-01
-1.430500000000000105e-01
-1.430500000000000105e-01
-1.430500000000000105e-01
-1.430464999999999931e-01
-1.430464999999999931e-01
-1.430464999999999931e-01
-1.430355000000000099e-01
-1.430355000000000099e-01
-1.430355000000000099e-01
-1.430339999999999945e-01
-1.430339999999999945e-01
-1.429110000000000102e-01
-1.429110000000000102e-01
-1.429110000000000102e-01
-1.429110000000000102e-01
-1.425265000000000004e-01
-1.425265000000000004e-01
-1.425265000000000004e-01
-1.425250000000000128e-01
-1.425250000000000128e-01
-1.416040000000000076e-01
-1.416040000000000076e-01
-1.416040000000000076e-01
-1.416040000000000076e-01
-1.416040000000000076e-01
-1.416040000000000076e-01
-1.416040000000000076e-01
-1.416040000000000076e-01
-1.416040000000000076e-01
-1.416040000000000076e-01
-1.416040000000000076e-01
-1.416040000000000076e-01
-1.415909999999999946e-01
-1.415909999999999946e-01
-1.412829999999999919e-01
-1.412829999999999919e-01
-1.411515000000000131e-01
-1.411515000000000131e-01
-1.411515000000000131e-01
-1.411485000000000101e-01
-1.411485000000000101e-01
-1.411485000000000101e-01
-1.411485000000000101e-01
-1.408909999999999885e-01
-1.408909999999999885e-01
-1.408909999999999885e-01
-1.408909999999999885e-01
-1.408909999999999885e-01
-1.408909999999999885e-01
-1.408909999999999885e-01
-1.408909999999999885e-01
-1.408909999999999885e-01
-1.408909999999999885e-01
-1.408639999999999892e-01
-1.403715000000000102e-01
-1.403715000000000102e-01
-1.403715000000000102e-01
-1.403705000000000092e-01
-1.403705000000000092e-01
-1.403705000000000092e-01
-1.403540000000000065e-01
-1.403540000000000065e-01
-1.403540000000000065e-01
-1.403375000000000039e-01
-1.403109999999999913e-01
-1.403010000000000090e-01
-1.403010000000000090e-01
-1.402845000000000064e-01
-1.402519999999999878e-01
-1.402519999999999878e-01
-1.402474999999999972e-01
-1.402474999999999972e-01
-1.401145000000000029e-01
-1.401145000000000029e-01
-1.400849999999999873e-01
-1.400820000000000121e-01
-1.397855000000000070e-01
-1.397855000000000070e-01
-1.397855000000000070e-01
-1.397855000000000070e-01
-1.397855000000000070e-01
-1.397855000000000070e-01
-1.397805000000000020e-01
-1.397805000000000020e-01
-1.397805000000000020e-01
-1.397805000000000020e-01
-1.397805000000000020e-01
-1.397704999999999920e-01
-1.397374999999999867e-01
-1.397374999999999867e-01
-1.397170000000000079e-01
-1.397170000000000079e-01
-1.397170000000000079e-01
-1.397164999999999935e-01
-1.396685000000000010e-01
-1.396409999999999874e-01
-1.396364999999999967e-01
-1.396120000000000139e-01
-1.396120000000000139e-01
-1.395865000000000022e-01
-1.395840000000000136e-01
-1.395200000000000051e-01
-1.394205000000000028e-01
-1.394205000000000028e-01
-1.394205000000000028e-01
-1.394205000000000028e-01
-1.394205000000000028e-01
-1.394205000000000028e-01
-1.394124999999999948e-01
-1.394124999999999948e-01
-1.394124999999999948e-01
-1.393959999999999921e-01
-1.393959999999999921e-01
-1.393860000000000099e-01
-1.393860000000000099e-01
-1.393860000000000099e-01
-1.393844999999999945e-01
-1.393790000000000029e-01
-1.391300000000000037e-01
-1.391300000000000037e-01
-1.391300000000000037e-01
-1.391300000000000037e-01
-1.391300000000000037e-01
-1.391300000000000037e-01
-1.391300000000000037e-01
-1.391300000000000037e-01
-1.391300000000000037e-01
-1.391300000000000037e-01
-1.391300000000000037e-01
-1.390889999999999904e-01
-1.390889999999999904e-01
-1.390889999999999904e-01
-1.389019999999999977e-01
-1.388794999999999891e-01
-1.388550000000000062e-01
-1.388459999999999972e-01
-1.388459999999999972e-01
-1.388240000000000030e-01
-1.388034999999999963e-01
-1.388034999999999963e-01
-1.388034999999999963e-01
-1.387905000000000111e-01
-1.387905000000000111e-01
-1.387144999999999906e-01
-1.387144999999999906e-01
-1.387144999999999906e-01
-1.382710000000000050e-01
-1.382710000000000050e-01
-1.382710000000000050e-01
-1.382710000000000050e-01
-1.382710000000000050e-01
-1.382710000000000050e-01
-1.382710000000000050e-01
-1.382710000000000050e-01
-1.382710000000000050e-01
-1.382710000000000050e-01
-1.382710000000000050e-01
-1.382710000000000050e-01
-1.382710000000000050e-01
-1.382710000000000050e-01
-1.382525000000000004e-01
-1.382525000000000004e-01
-1.382525000000000004e-01
-1.381630000000000080e-01
-1.381469999999999920e-01
-1.381469999999999920e-01
-1.381469999999999920e-01
-1.381040000000000045e-01
-1.381040000000000045e-01
-1.381040000000000045e-01
-1.381040000000000045e-01
-1.380750000000000033e-01
-1.380750000000000033e-01
-1.380750000000000033e-01
-1.380750000000000033e-01
-1.380079999999999918e-01
-1.380079999999999918e-01
-1.380079999999999918e-01
-1.380079999999999918e-01
-1.380079999999999918e-01
-1.380004999999999982e-01
-1.380004999999999982e-01
-1.380004999999999982e-01
-1.380004999999999982e-01
-1.377059999999999951e-01
-1.377059999999999951e-01
-1.377059999999999951e-01
-1.377059999999999951e-01
-1.377059999999999951e-01
-1.377059999999999951e-01
-1.377059999999999951e-01
-1.377059999999999951e-01
-1.377059999999999951e-01
-1.377059999999999951e-01
-1.377059999999999951e-01
-1.377059999999999951e-01
-1.377059999999999951e-01
-1.377059999999999951e-01
-1.377059999999999951e-01
-1.376799999999999968e-01
-1.376799999999999968e-01
-1.376799999999999968e-01
-1.376799999999999968e-01
-1.376799999999999968e-01
-1.376799999999999968e-01
-1.376795000000000102e-01
-1.376795000000000102e-01
-1.376725000000000032e-01
-1.376725000000000032e-01
-1.368350000000000122e-01
-1.368350000000000122e-01
-1.368350000000000122e-01
-1.368350000000000122e-01
-1.368350000000000122e-01
-1.368350000000000122e-01
-1.368350000000000122e-01
-1.368350000000000122e-01
-1.368350000000000122e-01
-1.368350000000000122e-01
-1.368350000000000122e-01
-1.368350000000000122e-01
-1.368350000000000122e-01
-1.368350000000000122e-01
-1.368350000000000122e-01
-1.368350000000000122e-01
-1.368350000000000122e-01
-1.368350000000000122e-01
-1.367859999999999909e-01
-1.367859999999999909e-01
-1.367849999999999899e-01
-1.367815000000000003e-01
-1.367804999999999993e-01
-1.366489999999999927e-01
-1.366489999999999927e-01
-1.366489999999999927e-01
-1.366285000000000138e-01
-1.366285000000000138e-01
-1.366285000000000138e-01
-1.366285000000000138e-01
-1.366285000000000138e-01
-1.366285000000000138e-01
-1.366285000000000138e-01
-1.365000000000000102e-01
-1.365000000000000102e-01
-1.365000000000000102e-01
-1.363564999999999916e-01
-1.363564999999999916e-01
-1.363564999999999916e-01
-1.363564999999999916e-01
-1.363564999999999916e-01
-1.363564999999999916e-01
-1.363564999999999916e-01
-1.363564999999999916e-01
-1.363564999999999916e-01
-1.363564999999999916e-01
-1.363564999999999916e-01
-1.362984999999999891e-01
-1.362984999999999891e-01
-1.362984999999999891e-01
-1.362984999999999891e-01
-1.362984999999999891e-01
-1.362945000000000129e-01
-1.362935000000000119e-01
-1.362935000000000119e-01
-1.362935000000000119e-01
-1.362905000000000089e-01
-1.362875000000000059e-01
-1.362819999999999865e-01
-1.362819999999999865e-01
-1.362819999999999865e-01
-1.362819999999999865e-01
-1.362700000000000022e-01
-1.362700000000000022e-01
-1.362545000000000006e-01
-1.362424999999999886e-01
-1.362424999999999886e-01
-1.362424999999999886e-01
-1.361950000000000105e-01
-1.361950000000000105e-01
-1.356179999999999886e-01
-1.356179999999999886e-01
-1.356179999999999886e-01
-1.356179999999999886e-01
-1.356179999999999886e-01
-1.356179999999999886e-01
-1.356179999999999886e-01
-1.356179999999999886e-01
-1.356179999999999886e-01
-1.356179999999999886e-01
-1.356179999999999886e-01
-1.356179999999999886e-01
-1.356179999999999886e-01
-1.356179999999999886e-01
-1.356179999999999886e-01
-1.356179999999999886e-01
-1.356179999999999886e-01
-1.355810000000000071e-01
-1.355810000000000071e-01
-1.355810000000000071e-01
-1.355810000000000071e-01
-1.355810000000000071e-01
-1.355810000000000071e-01
-1.355810000000000071e-01
-1.355810000000000071e-01
-1.355810000000000071e-01
-1.355760000000000021e-01
-1.355760000000000021e-01
-1.355760000000000021e-01
-1.355760000000000021e-01
-1.355520000000000058e-01
-1.355494999999999894e-01
-1.355494999999999894e-01
-1.355494999999999894e-01
-1.355494999999999894e-01
-1.355389999999999928e-01
-1.355389999999999928e-01
-1.355389999999999928e-01
-1.355389999999999928e-01
-1.355139999999999956e-01
-1.355139999999999956e-01
-1.355139999999999956e-01
-1.355139999999999956e-01
-1.355139999999999956e-01
-1.354954999999999909e-01
-1.354944999999999899e-01
-1.354879999999999973e-01
-1.354879999999999973e-01
-1.353614999999999957e-01
-1.353614999999999957e-01
-1.353614999999999957e-01
-1.353614999999999957e-01
-1.353614999999999957e-01
-1.353614999999999957e-01
-1.353614999999999957e-01
-1.353614999999999957e-01
-1.353614999999999957e-01
-1.353614999999999957e-01
-1.353614999999999957e-01
-1.353614999999999957e-01
-1.353614999999999957e-01
-1.353614999999999957e-01
-1.351439999999999864e-01
-1.351439999999999864e-01
-1.351439999999999864e-01
-1.351439999999999864e-01
-1.351439999999999864e-01
-1.351439999999999864e-01
-1.351439999999999864e-01
-1.351439999999999864e-01
-1.351439999999999864e-01
-1.351439999999999864e-01
-1.351439999999999864e-01
-1.351439999999999864e-01
-1.350169999999999981e-01
-1.350169999999999981e-01
-1.350169999999999981e-01
-1.350169999999999981e-01
-1.350169999999999981e-01
-1.350169999999999981e-01
-1.350169999999999981e-01
-1.350169999999999981e-01
-1.350169999999999981e-01
-1.350169999999999981e-01
-1.350169999999999981e-01
-1.350169999999999981e-01
-1.350169999999999981e-01
-1.350169999999999981e-01
-1.350169999999999981e-01
-1.350169999999999981e-01
-1.350169999999999981e-01
-1.350169999999999981e-01
-1.350169999999999981e-01
-1.349609999999999976e-01
-1.348985000000000045e-01
-1.348945000000000005e-01
-1.348945000000000005e-01
-1.348945000000000005e-01
-1.348834999999999895e-01
-1.348834999999999895e-01
-1.348834999999999895e-01
-1.348820000000000019e-01
-1.348814999999999875e-01
-1.348600000000000076e-01
-1.348544999999999883e-01
-1.348544999999999883e-01
-1.348524999999999863e-01
-1.348300000000000054e-01
-1.348300000000000054e-01
-1.348274999999999890e-01
-1.348235000000000128e-01
-1.348235000000000128e-01
-1.348169999999999924e-01
-1.348169999999999924e-01
-1.348169999999999924e-01
-1.348169999999999924e-01
-1.348169999999999924e-01
-1.348169999999999924e-01
-1.348169999999999924e-01
-1.348169999999999924e-01
-1.348090000000000122e-01
-1.348090000000000122e-01
-1.347955000000000125e-01
-1.347780000000000089e-01
-1.347780000000000089e-01
-1.347780000000000089e-01
-1.347774999999999945e-01
-1.347774999999999945e-01
-1.347609999999999919e-01
-1.347589999999999899e-01
-1.347579999999999889e-01
-1.347579999999999889e-01
-1.347524999999999973e-01
-1.347524999999999973e-01
-1.347520000000000107e-01
-1.347355000000000080e-01
-1.347244999999999970e-01
-1.346944999999999948e-01
-1.346755000000000035e-01
-1.346755000000000035e-01
-1.346755000000000035e-01
-1.345625000000000016e-01
-1.345625000000000016e-01
-1.345625000000000016e-01
-1.345625000000000016e-01
-1.345625000000000016e-01
-1.345625000000000016e-01
-1.345625000000000016e-01
-1.345625000000000016e-01
-1.345609999999999862e-01
-1.345560000000000089e-01
-1.345560000000000089e-01
-1.345560000000000089e-01
-1.345480000000000009e-01
-1.345480000000000009e-01
-1.345480000000000009e-01
-1.345480000000000009e-01
-1.345455000000000123e-01
-1.345345000000000013e-01
-1.345345000000000013e-01
-1.345254999999999923e-01
-1.345244999999999913e-01
-1.345244999999999913e-01
-1.345244999999999913e-01
-1.345244999999999913e-01
-1.345244999999999913e-01
-1.345204999999999873e-01
-1.345200000000000007e-01
-1.345194999999999863e-01
-1.345194999999999863e-01
-1.345179999999999987e-01
-1.345175000000000121e-01
-1.345159999999999967e-01
-1.345159999999999967e-01
-1.345159999999999967e-01
-1.344855000000000078e-01
-1.344855000000000078e-01
-1.344855000000000078e-01
-1.344644999999999868e-01
-1.344644999999999868e-01
-1.344644999999999868e-01
-1.344609999999999972e-01
-1.344609999999999972e-01
-1.344464999999999966e-01
-1.344464999999999966e-01
-1.344450000000000089e-01
-1.344450000000000089e-01
-1.344420000000000059e-01
-1.344420000000000059e-01
-1.344414999999999916e-01
-1.344414999999999916e-01
-1.344400000000000039e-01
-1.344400000000000039e-01
-1.344400000000000039e-01
-1.344400000000000039e-01
-1.344400000000000039e-01
-1.344269999999999909e-01
-1.344265000000000043e-01
-1.344265000000000043e-01
-1.344265000000000043e-01
-1.344265000000000043e-01
-1.344265000000000043e-01
-1.344265000000000043e-01
-1.344100000000000017e-01
-1.344100000000000017e-01
-1.344100000000000017e-01
-1.343914999999999971e-01
-1.343644999999999978e-01
-1.343560000000000032e-01
-1.343505000000000116e-01
-1.343439999999999912e-01
-1.343439999999999912e-01
-1.343439999999999912e-01
-1.343435000000000046e-01
-1.343435000000000046e-01
-1.343435000000000046e-01
-1.343435000000000046e-01
-1.343205000000000093e-01
-1.343205000000000093e-01
-1.343054999999999943e-01
-1.343054999999999943e-01
-1.343054999999999943e-01
-1.343054999999999943e-01
-1.343054999999999943e-01
-1.343054999999999943e-01
-1.343054999999999943e-01
-1.343054999999999943e-01
-1.343054999999999943e-01
-1.343054999999999943e-01
-1.342595000000000038e-01
-1.342595000000000038e-01
-1.342595000000000038e-01
-1.342119999999999980e-01
-1.342119999999999980e-01
-1.342119999999999980e-01
-1.342119999999999980e-01
-1.342119999999999980e-01
-1.342119999999999980e-01
-1.342119999999999980e-01
-1.342119999999999980e-01
-1.342119999999999980e-01
-1.342079999999999940e-01
-1.342079999999999940e-01
-1.342079999999999940e-01
-1.342079999999999940e-01
-1.342075000000000073e-01
-1.342069999999999930e-01
-1.342069999999999930e-01
-1.342069999999999930e-01
-1.342059999999999920e-01
-1.342059999999999920e-01
-1.342059999999999920e-01
-1.342055000000000053e-01
-1.342055000000000053e-01
-1.342055000000000053e-01
-1.342055000000000053e-01
-1.342055000000000053e-01
-1.342055000000000053e-01
-1.342055000000000053e-01
-1.342055000000000053e-01
-1.342035000000000033e-01
-1.342035000000000033e-01
-1.342035000000000033e-01
-1.342035000000000033e-01
-1.342035000000000033e-01
-1.341994999999999993e-01
-1.341960000000000097e-01
-1.341739999999999877e-01
-1.341739999999999877e-01
-1.341739999999999877e-01
-1.341739999999999877e-01
-1.341739999999999877e-01
-1.341739999999999877e-01
-1.341739999999999877e-01
-1.341164999999999996e-01
-1.341164999999999996e-01
-1.341164999999999996e-01
-1.341164999999999996e-01
-1.340649999999999897e-01
-1.340649999999999897e-01
-1.340649999999999897e-01
-1.340649999999999897e-01
-1.340649999999999897e-01
