9.988419726617923100e-01
9.874487346371285668e-01
5.666673228947544105e-01
9.977958571793492659e-01
9.818252804566819369e-01
6.304695253210781392e-01
9.984298399732538520e-01
9.745107081045355502e-01
6.310044269957533203e-01
9.991370374373389485e-01
9.673233010979787050e-01
6.908754015405667026e-01
9.983376856630550300e-01
9.659820689806219995e-01
6.636245626986856383e-01
9.971605614704905918e-01
9.576825062590281767e-01
5.576416420343246472e-01
9.978007150110442813e-01
9.855427316240925606e-01
5.761381052228655708e-01
9.992860126959104416e-01
9.791585304292513836e-01
2.560342150051693744e-01
9.986775563327190408e-01
9.795372086673346246e-01
7.006440460830014594e-01
9.989069047319421024e-01
9.622752713341401476e-01
5.212858699873803570e-01
