-4.141819999999999946e-01
-4.141819999999999946e-01
-4.141819999999999946e-01
-4.141819999999999946e-01
-4.074754999999999905e-01
-4.031604999999999772e-01
-4.031604999999999772e-01
-4.031604999999999772e-01
-4.031604999999999772e-01
-4.023240000000000149e-01
-4.009400000000000186e-01
-3.984909999999999841e-01
-3.984909999999999841e-01
-3.962629999999999764e-01
-3.910870000000000180e-01
-3.910870000000000180e-01
-3.878099999999999881e-01
-3.878099999999999881e-01
-3.878099999999999881e-01
-3.878099999999999881e-01
-3.878099999999999881e-01
-3.877924999999999844e-01
-3.865655000000000063e-01
-3.849825000000000053e-01
-3.819945000000000146e-01
-3.819945000000000146e-01
-3.819945000000000146e-01
-3.792614999999999736e-01
-3.792614999999999736e-01
-3.792614999999999736e-01
-3.788455000000000017e-01
-3.788455000000000017e-01
-3.785815000000000152e-01
-3.778865000000000141e-01
-3.772894999999999999e-01
-3.757519999999999749e-01
-3.749190000000000023e-01
-3.748664999999999914e-01
-3.746794999999999987e-01
-3.746794999999999987e-01
-3.734350000000000169e-01
-3.709069999999999867e-01
-3.709069999999999867e-01
-3.705689999999999817e-01
-3.698584999999999789e-01
-3.694675000000000042e-01
-3.694675000000000042e-01
-3.684600000000000097e-01
-3.684600000000000097e-01
-3.669554999999999900e-01
-3.669554999999999900e-01
-3.669554999999999900e-01
-3.665324999999999833e-01
-3.662090000000000067e-01
-3.657515000000000072e-01
-3.657515000000000072e-01
-3.656070000000000153e-01
-3.644965000000000011e-01
-3.644965000000000011e-01
-3.644965000000000011e-01
-3.628554999999999975e-01
-3.628554999999999975e-01
-3.628554999999999975e-01
-3.624434999999999740e-01
-3.621174999999999811e-01
-3.607400000000000051e-01
-3.600550000000000139e-01
-3.597474999999999978e-01
-3.597474999999999978e-01
-3.597474999999999978e-01
-3.596615000000000228e-01
-3.595625000000000071e-01
-3.585214999999999930e-01
-3.585214999999999930e-01
-3.580875000000000030e-01
-3.579375000000000195e-01
-3.574809999999999932e-01
-3.567190000000000083e-01
-3.567190000000000083e-01
-3.566885000000000194e-01
-3.557750000000000079e-01
-3.557750000000000079e-01
-3.556714999999999738e-01
-3.543574999999999919e-01
-3.543574999999999919e-01
-3.535305000000000253e-01
-3.533049999999999802e-01
-3.532124999999999848e-01
-3.527520000000000100e-01
-3.524074999999999847e-01
-3.523775000000000102e-01
-3.522095000000000087e-01
-3.504820000000000157e-01
-3.504820000000000157e-01
-3.500880000000000103e-01
-3.500880000000000103e-01
-3.493569999999999731e-01
-3.493569999999999731e-01
-3.486084999999999878e-01
-3.481064999999999854e-01
-3.481064999999999854e-01
-3.477724999999999844e-01
-3.470010000000000039e-01
-3.468169999999999864e-01
-3.468169999999999864e-01
-3.465544999999999876e-01
-3.462259999999999782e-01
-3.462259999999999782e-01
-3.455550000000000010e-01
-3.453855000000000119e-01
-3.439349999999999907e-01
-3.437915000000000276e-01
-3.432264999999999899e-01
-3.432264999999999899e-01
-3.430690000000000128e-01
-3.422065000000000246e-01
-3.422065000000000246e-01
-3.416494999999999949e-01
-3.416494999999999949e-01
-3.414869999999999850e-01
-3.409634999999999749e-01
-3.407220000000000248e-01
-3.399015000000000231e-01
-3.399015000000000231e-01
-3.396370000000000222e-01
-3.396370000000000222e-01
-3.392919999999999825e-01
-3.380004999999999815e-01
-3.380004999999999815e-01
-3.379495000000000138e-01
-3.376239999999999797e-01
-3.367620000000000058e-01
-3.367620000000000058e-01
-3.367505000000000082e-01
-3.363360000000000238e-01
-3.363360000000000238e-01
-3.356669999999999932e-01
-3.356669999999999932e-01
-3.354814999999999880e-01
-3.353650000000000242e-01
-3.353650000000000242e-01
-3.346644999999999759e-01
-3.346644999999999759e-01
-3.338614999999999777e-01
-3.338614999999999777e-01
-3.338614999999999777e-01
-3.338614999999999777e-01
-3.338614999999999777e-01
-3.335170000000000079e-01
-3.330370000000000275e-01
-3.329165000000000041e-01
-3.324484999999999801e-01
-3.320474999999999954e-01
-3.320474999999999954e-01
-3.318265000000000242e-01
-3.312499999999999889e-01
-3.312499999999999889e-01
-3.312499999999999889e-01
-3.308130000000000237e-01
-3.300750000000000073e-01
-3.300750000000000073e-01
-3.300675000000000137e-01
-3.300675000000000137e-01
-3.298829999999999818e-01
-3.293269999999999809e-01
-3.293269999999999809e-01
-3.292085000000000150e-01
-3.285100000000000242e-01
-3.285100000000000242e-01
-3.279520000000000213e-01
-3.279520000000000213e-01
-3.274529999999999941e-01
-3.274529999999999941e-01
-3.274529999999999941e-01
-3.271000000000000019e-01
-3.271000000000000019e-01
-3.271000000000000019e-01
-3.269299999999999984e-01
-3.266569999999999752e-01
-3.263874999999999971e-01
-3.263874999999999971e-01
-3.256990000000000163e-01
-3.256990000000000163e-01
-3.250945000000000085e-01
-3.250945000000000085e-01
-3.249814999999999787e-01
-3.249135000000000217e-01
-3.248745000000000105e-01
-3.244799999999999907e-01
-3.241930000000000089e-01
-3.232769999999999810e-01
-3.232769999999999810e-01
-3.232769999999999810e-01
-3.232769999999999810e-01
-3.231795000000000084e-01
-3.216010000000000257e-01
-3.216010000000000257e-01
-3.216010000000000257e-01
-3.216010000000000257e-01
-3.216010000000000257e-01
-3.216010000000000257e-01
-3.216010000000000257e-01
-3.216010000000000257e-01
-3.214069999999999983e-01
-3.214069999999999983e-01
-3.211990000000000123e-01
-3.211014999999999842e-01
-3.211014999999999842e-01
-3.211014999999999842e-01
-3.208210000000000228e-01
-3.207774999999999932e-01
-3.202389999999999959e-01
-3.197639999999999927e-01
-3.197639999999999927e-01
-3.197639999999999927e-01
-3.197639999999999927e-01
-3.193975000000000009e-01
-3.193975000000000009e-01
-3.193975000000000009e-01
-3.192864999999999731e-01
-3.191620000000000013e-01
-3.187754999999999894e-01
-3.187754999999999894e-01
-3.184894999999999810e-01
-3.184894999999999810e-01
-3.184894999999999810e-01
-3.184894999999999810e-01
-3.183905000000000207e-01
-3.181919999999999749e-01
-3.181149999999999811e-01
-3.181149999999999811e-01
-3.179195000000000215e-01
-3.179195000000000215e-01
-3.176439999999999819e-01
-3.176439999999999819e-01
-3.176439999999999819e-01
-3.174509999999999832e-01
-3.174509999999999832e-01
-3.173329999999999762e-01
-3.170490000000000252e-01
-3.170490000000000252e-01
-3.160390000000000144e-01
-3.160390000000000144e-01
-3.160390000000000144e-01
-3.160390000000000144e-01
-3.160390000000000144e-01
-3.160390000000000144e-01
-3.160390000000000144e-01
-3.160390000000000144e-01
-3.160390000000000144e-01
-3.157409999999999939e-01
-3.157409999999999939e-01
-3.157409999999999939e-01
-3.156909999999999994e-01
-3.156390000000000029e-01
-3.151745000000000241e-01
-3.151745000000000241e-01
-3.150364999999999971e-01
-3.150054999999999938e-01
-3.150045000000000206e-01
-3.150045000000000206e-01
-3.146570000000000200e-01
-3.146570000000000200e-01
-3.143029999999999990e-01
-3.142995000000000094e-01
-3.142699999999999938e-01
-3.142699999999999938e-01
-3.140025000000000177e-01
-3.140025000000000177e-01
-3.136990000000000056e-01
-3.136990000000000056e-01
-3.134109999999999951e-01
-3.134109999999999951e-01
-3.133759999999999879e-01
-3.133759999999999879e-01
-3.133759999999999879e-01
-3.132759999999999989e-01
-3.132759999999999989e-01
-3.132240000000000024e-01
-3.129810000000000092e-01
-3.129810000000000092e-01
-3.128405000000000213e-01
-3.128405000000000213e-01
-3.128405000000000213e-01
-3.127039999999999820e-01
-3.122044999999999959e-01
-3.121205000000000229e-01
-3.121134999999999882e-01
-3.119580000000000131e-01
-3.119580000000000131e-01
-3.119580000000000131e-01
-3.119580000000000131e-01
-3.113859999999999961e-01
-3.113859999999999961e-01
-3.113465000000000260e-01
-3.113465000000000260e-01
-3.112170000000000214e-01
-3.112170000000000214e-01
-3.110844999999999860e-01
-3.110379999999999812e-01
-3.109925000000000050e-01
-3.107935000000000003e-01
-3.107935000000000003e-01
-3.106094999999999828e-01
-3.106094999999999828e-01
-3.106094999999999828e-01
-3.104600000000000137e-01
-3.104410000000000225e-01
-3.100724999999999731e-01
-3.100724999999999731e-01
-3.100724999999999731e-01
-3.100724999999999731e-01
-3.100724999999999731e-01
-3.099759999999999738e-01
-3.099759999999999738e-01
-3.099759999999999738e-01
-3.099759999999999738e-01
-3.099759999999999738e-01
-3.099080000000000168e-01
-3.098084999999999867e-01
-3.097539999999999738e-01
-3.095975000000000255e-01
-3.094430000000000236e-01
-3.094430000000000236e-01
-3.093555000000000055e-01
-3.093555000000000055e-01
-3.093555000000000055e-01
-3.093555000000000055e-01
-3.093555000000000055e-01
-3.092690000000000161e-01
-3.088015000000000065e-01
-3.088015000000000065e-01
-3.088015000000000065e-01
-3.088015000000000065e-01
-3.088015000000000065e-01
-3.087960000000000149e-01
-3.087305000000000188e-01
-3.087305000000000188e-01
-3.086010000000000142e-01
-3.086010000000000142e-01
-3.085669999999999802e-01
-3.085605000000000153e-01
-3.085175000000000001e-01
-3.085175000000000001e-01
-3.084875000000000256e-01
-3.084740000000000260e-01
-3.082615000000000216e-01
-3.082615000000000216e-01
-3.081335000000000046e-01
-3.079275000000000206e-01
-3.079275000000000206e-01
-3.079275000000000206e-01
-3.079045000000000254e-01
-3.078465000000000229e-01
-3.076280000000000125e-01
-3.075399999999999801e-01
-3.075049999999999728e-01
-3.075049999999999728e-01
-3.072570000000000023e-01
-3.072570000000000023e-01
-3.071535000000000237e-01
-3.071535000000000237e-01
-3.071535000000000237e-01
-3.071535000000000237e-01
-3.070224999999999760e-01
-3.068370000000000264e-01
-3.066205000000000180e-01
-3.066205000000000180e-01
-3.066205000000000180e-01
-3.066169999999999729e-01
-3.066169999999999729e-01
-3.065999999999999837e-01
-3.065999999999999837e-01
-3.065140000000000087e-01
-3.063949999999999729e-01
-3.063949999999999729e-01
-3.063949999999999729e-01
-3.063949999999999729e-01
-3.063949999999999729e-01
-3.062139999999999862e-01
-3.061324999999999741e-01
-3.060329999999999995e-01
-3.060329999999999995e-01
-3.060329999999999995e-01
-3.060329999999999995e-01
-3.060329999999999995e-01
-3.057885000000000186e-01
-3.057885000000000186e-01
-3.056749999999999745e-01
-3.056749999999999745e-01
-3.056749999999999745e-01
-3.055134999999999934e-01
-3.054005000000000192e-01
-3.054005000000000192e-01
-3.054005000000000192e-01
-3.054005000000000192e-01
-3.054005000000000192e-01
-3.052544999999999842e-01
-3.052544999999999842e-01
-3.052349999999999786e-01
-3.052349999999999786e-01
-3.051030000000000131e-01
-3.051030000000000131e-01
-3.049529999999999741e-01
-3.049529999999999741e-01
-3.049529999999999741e-01
-3.049529999999999741e-01
-3.049529999999999741e-01
-3.048434999999999895e-01
-3.048434999999999895e-01
-3.048434999999999895e-01
-3.048434999999999895e-01
-3.046119999999999939e-01
-3.046119999999999939e-01
-3.046119999999999939e-01
-3.046119999999999939e-01
-3.045169999999999821e-01
-3.045169999999999821e-01
-3.045169999999999821e-01
-3.045169999999999821e-01
-3.043544999999999723e-01
-3.043544999999999723e-01
-3.042664999999999953e-01
-3.042664999999999953e-01
-3.042664999999999953e-01
-3.042664999999999953e-01
-3.042515000000000081e-01
-3.042515000000000081e-01
-3.040944999999999898e-01
-3.040944999999999898e-01
-3.040944999999999898e-01
-3.039760000000000240e-01
-3.037560000000000260e-01
-3.037560000000000260e-01
-3.037560000000000260e-01
-3.037560000000000260e-01
-3.037560000000000260e-01
-3.037560000000000260e-01
-3.036039999999999850e-01
-3.036039999999999850e-01
-3.036039999999999850e-01
-3.036039999999999850e-01
-3.035340000000000260e-01
-3.033620000000000205e-01
-3.033620000000000205e-01
-3.033620000000000205e-01
-3.033620000000000205e-01
-3.033620000000000205e-01
-3.032205000000000039e-01
-3.032205000000000039e-01
-3.032205000000000039e-01
-3.032205000000000039e-01
-3.031579999999999830e-01
-3.031579999999999830e-01
-3.031579999999999830e-01
-3.031579999999999830e-01
-3.031555000000000222e-01
-3.028739999999999766e-01
-3.028739999999999766e-01
-3.028739999999999766e-01
-3.028739999999999766e-01
-3.028739999999999766e-01
-3.028739999999999766e-01
-3.028739999999999766e-01
-3.026734999999999842e-01
-3.026734999999999842e-01
-3.026734999999999842e-01
-3.026734999999999842e-01
-3.026734999999999842e-01
-3.026734999999999842e-01
-3.025364999999999860e-01
-3.025364999999999860e-01
-3.025364999999999860e-01
-3.024085000000000245e-01
-3.024069999999999814e-01
-3.024069999999999814e-01
-3.024069999999999814e-01
-3.024069999999999814e-01
-3.023629999999999929e-01
-3.023629999999999929e-01
-3.023629999999999929e-01
-3.023629999999999929e-01
-3.022349999999999759e-01
-3.021885000000000265e-01
-3.021885000000000265e-01
-3.021305000000000240e-01
-3.020984999999999920e-01
-3.020855000000000068e-01
-3.020165000000000211e-01
-3.020165000000000211e-01
-3.020165000000000211e-01
-3.019809999999999994e-01
-3.019554999999999878e-01
-3.016989999999999950e-01
-3.016969999999999930e-01
-3.016969999999999930e-01
-3.016969999999999930e-01
-3.016969999999999930e-01
-3.015725000000000211e-01
-3.015725000000000211e-01
-3.014735000000000054e-01
-3.014735000000000054e-01
-3.014735000000000054e-01
-3.014445000000000041e-01
-3.014094999999999969e-01
-3.014094999999999969e-01
-3.014094999999999969e-01
-3.014094999999999969e-01
-3.013449999999999740e-01
-3.013449999999999740e-01
-3.013449999999999740e-01
-3.013339999999999907e-01
-3.011935000000000029e-01
-3.011935000000000029e-01
-3.011935000000000029e-01
-3.010605000000000087e-01
-3.010605000000000087e-01
-3.010605000000000087e-01
-3.010605000000000087e-01
-3.010605000000000087e-01
-3.010605000000000087e-01
-3.009344999999999937e-01
-3.009344999999999937e-01
-3.009344999999999937e-01
-3.009344999999999937e-01
-3.007560000000000233e-01
-3.007560000000000233e-01
-3.007560000000000233e-01
-3.007560000000000233e-01
-3.007560000000000233e-01
-3.007560000000000233e-01
-3.007560000000000233e-01
-3.006880000000000108e-01
-3.006575000000000220e-01
-3.006575000000000220e-01
-3.006495000000000140e-01
-3.006384999999999752e-01
-3.006205000000000127e-01
-3.006205000000000127e-01
-3.006205000000000127e-01
-3.006194999999999840e-01
-3.005999999999999783e-01
-3.005665000000000142e-01
-3.005665000000000142e-01
-3.005665000000000142e-01
-3.005245000000000277e-01
-3.004625000000000212e-01
-3.003149999999999986e-01
-3.003149999999999986e-01
-3.003149999999999986e-01
-3.003149999999999986e-01
-3.002994999999999970e-01
-3.001659999999999884e-01
-3.001659999999999884e-01
-3.001484999999999848e-01
-3.001484999999999848e-01
-3.001484999999999848e-01
-3.001444999999999808e-01
-3.001150000000000206e-01
-3.001150000000000206e-01
-3.001150000000000206e-01
-3.000895000000000090e-01
-3.000369999999999981e-01
-3.000369999999999981e-01
-3.000369999999999981e-01
-3.000369999999999981e-01
-3.000369999999999981e-01
-2.999474999999999780e-01
-2.999474999999999780e-01
-2.999474999999999780e-01
-2.999474999999999780e-01
-2.999474999999999780e-01
-2.999474999999999780e-01
-2.999224999999999808e-01
-2.999224999999999808e-01
-2.998035000000000005e-01
-2.998035000000000005e-01
-2.998035000000000005e-01
-2.998035000000000005e-01
-2.998035000000000005e-01
-2.998035000000000005e-01
-2.998035000000000005e-01
-2.997389999999999777e-01
-2.997389999999999777e-01
-2.997389999999999777e-01
-2.997389999999999777e-01
-2.997389999999999777e-01
-2.997389999999999777e-01
-2.997389999999999777e-01
-2.997389999999999777e-01
-2.997104999999999908e-01
-2.996949999999999892e-01
-2.996949999999999892e-01
-2.996949999999999892e-01
-2.996949999999999892e-01
-2.996924999999999728e-01
-2.996639999999999859e-01
-2.996639999999999859e-01
-2.996500000000000274e-01
-2.995154999999999901e-01
-2.995154999999999901e-01
-2.995154999999999901e-01
-2.995154999999999901e-01
-2.995154999999999901e-01
-2.995154999999999901e-01
-2.995120000000000005e-01
-2.994370000000000087e-01
-2.994370000000000087e-01
-2.994229999999999947e-01
-2.993720000000000270e-01
-2.993720000000000270e-01
-2.993720000000000270e-01
-2.993299999999999850e-01
-2.993299999999999850e-01
-2.992159999999999820e-01
-2.992159999999999820e-01
-2.992159999999999820e-01
-2.992159999999999820e-01
-2.992159999999999820e-01
-2.992159999999999820e-01
-2.992159999999999820e-01
-2.992159999999999820e-01
-2.992159999999999820e-01
-2.992070000000000007e-01
-2.992070000000000007e-01
-2.992060000000000275e-01
-2.991894999999999971e-01
-2.991395000000000026e-01
-2.990625000000000089e-01
-2.990625000000000089e-01
-2.990625000000000089e-01
-2.990625000000000089e-01
-2.990519999999999845e-01
-2.990519999999999845e-01
-2.990490000000000093e-01
-2.990275000000000016e-01
-2.989359999999999795e-01
-2.989359999999999795e-01
-2.989355000000000206e-01
-2.989355000000000206e-01
-2.989355000000000206e-01
-2.989310000000000023e-01
-2.989310000000000023e-01
-2.987934999999999897e-01
-2.987934999999999897e-01
-2.987934999999999897e-01
-2.987934999999999897e-01
-2.987934999999999897e-01
-2.987934999999999897e-01
-2.987934999999999897e-01
-2.987310000000000243e-01
-2.987310000000000243e-01
-2.987310000000000243e-01
-2.987310000000000243e-01
-2.987310000000000243e-01
-2.987199999999999855e-01
-2.987199999999999855e-01
-2.987150000000000083e-01
-2.987060000000000271e-01
-2.985349999999999948e-01
-2.985324999999999784e-01
-2.985324999999999784e-01
-2.985324999999999784e-01
-2.985214999999999952e-01
-2.985094999999999832e-01
-2.984450000000000158e-01
-2.984450000000000158e-01
-2.984450000000000158e-01
-2.984450000000000158e-01
-2.984450000000000158e-01
-2.984450000000000158e-01
-2.984450000000000158e-01
-2.984335000000000182e-01
-2.982885000000000120e-01
-2.982885000000000120e-01
-2.982885000000000120e-01
-2.982885000000000120e-01
-2.982885000000000120e-01
-2.982885000000000120e-01
-2.982885000000000120e-01
-2.982879999999999976e-01
-2.982879999999999976e-01
-2.982879999999999976e-01
-2.982234999999999747e-01
-2.982234999999999747e-01
-2.981269999999999754e-01
-2.981269999999999754e-01
-2.981269999999999754e-01
-2.981254999999999877e-01
-2.981254999999999877e-01
-2.979570000000000274e-01
-2.979570000000000274e-01
-2.979570000000000274e-01
-2.979570000000000274e-01
-2.979570000000000274e-01
-2.979570000000000274e-01
-2.979570000000000274e-01
-2.979570000000000274e-01
-2.979570000000000274e-01
-2.979260000000000241e-01
-2.979260000000000241e-01
-2.979260000000000241e-01
-2.979260000000000241e-01
-2.979260000000000241e-01
-2.979224999999999790e-01
-2.979224999999999790e-01
-2.977845000000000075e-01
-2.977845000000000075e-01
-2.977845000000000075e-01
-2.977845000000000075e-01
-2.977845000000000075e-01
-2.977845000000000075e-01
-2.977845000000000075e-01
-2.976920000000000122e-01
-2.976920000000000122e-01
-2.976920000000000122e-01
-2.976920000000000122e-01
-2.976920000000000122e-01
-2.976920000000000122e-01
-2.976920000000000122e-01
-2.976920000000000122e-01
-2.976920000000000122e-01
-2.976920000000000122e-01
-2.976920000000000122e-01
-2.976920000000000122e-01
-2.976750000000000229e-01
-2.976750000000000229e-01
-2.976750000000000229e-01
-2.975510000000000099e-01
-2.975510000000000099e-01
-2.975510000000000099e-01
-2.975510000000000099e-01
-2.975389999999999979e-01
-2.975389999999999979e-01
-2.975384999999999835e-01
-2.975369999999999959e-01
-2.975214999999999943e-01
-2.975214999999999943e-01
-2.975214999999999943e-01
-2.975214999999999943e-01
-2.975214999999999943e-01
-2.975085000000000091e-01
-2.974970000000000114e-01
-2.974955000000000238e-01
-2.974944999999999951e-01
-2.974215000000000053e-01
-2.974215000000000053e-01
-2.974215000000000053e-01
-2.974189999999999889e-01
-2.974125000000000241e-01
-2.974125000000000241e-01
-2.974125000000000241e-01
-2.973965000000000081e-01
-2.973894999999999733e-01
-2.973894999999999733e-01
-2.972910000000000275e-01
-2.972910000000000275e-01
-2.972910000000000275e-01
-2.972910000000000275e-01
-2.972854999999999803e-01
-2.972854999999999803e-01
-2.972854999999999803e-01
-2.972854999999999803e-01
-2.972639999999999727e-01
-2.972639999999999727e-01
-2.972639999999999727e-01
-2.972639999999999727e-01
-2.972440000000000082e-01
-2.972339999999999982e-01
-2.972339999999999982e-01
-2.971655000000000268e-01
-2.971579999999999777e-01
-2.971440000000000192e-01
-2.971440000000000192e-01
-2.971440000000000192e-01
-2.971440000000000192e-01
-2.971280000000000032e-01
-2.971154999999999768e-01
-2.971154999999999768e-01
-2.971010000000000040e-01
-2.971010000000000040e-01
-2.970924999999999816e-01
-2.970924999999999816e-01
-2.970829999999999860e-01
-2.970464999999999911e-01
-2.970464999999999911e-01
-2.970430000000000015e-01
-2.970424999999999871e-01
-2.970260000000000122e-01
-2.970079999999999942e-01
-2.970079999999999942e-01
-2.970010000000000150e-01
-2.970010000000000150e-01
-2.970010000000000150e-01
-2.969315000000000149e-01
-2.969315000000000149e-01
-2.969315000000000149e-01
-2.969315000000000149e-01
-2.969315000000000149e-01
-2.969315000000000149e-01
-2.969315000000000149e-01
-2.969315000000000149e-01
-2.969315000000000149e-01
-2.968979999999999952e-01
-2.968925000000000036e-01
-2.968925000000000036e-01
-2.968894999999999729e-01
-2.968890000000000140e-01
-2.968835000000000224e-01
-2.968799999999999772e-01
-2.968605000000000271e-01
-2.968574999999999964e-01
-2.968135000000000079e-01
-2.968135000000000079e-01
-2.968115000000000059e-01
-2.968115000000000059e-01
-2.968115000000000059e-01
-2.968115000000000059e-01
-2.968100000000000183e-01
-2.968095000000000039e-01
-2.968025000000000246e-01
-2.968020000000000103e-01
-2.967409999999999770e-01
-2.967409999999999770e-01
-2.966550000000000020e-01
-2.966550000000000020e-01
-2.966550000000000020e-01
-2.966550000000000020e-01
-2.966550000000000020e-01
-2.966550000000000020e-01
-2.966550000000000020e-01
-2.966550000000000020e-01
-2.966550000000000020e-01
-2.966550000000000020e-01
-2.966550000000000020e-01
-2.966380000000000128e-01
-2.966380000000000128e-01
-2.966380000000000128e-01
-2.966380000000000128e-01
-2.966380000000000128e-01
-2.966079999999999828e-01
-2.966079999999999828e-01
-2.966079999999999828e-01
-2.966079999999999828e-01
-2.965110000000000245e-01
-2.965110000000000245e-01
-2.965110000000000245e-01
-2.965110000000000245e-01
-2.965110000000000245e-01
-2.965110000000000245e-01
-2.965019999999999878e-01
-2.964820000000000233e-01
-2.964789999999999925e-01
-2.964789999999999925e-01
-2.964780000000000193e-01
-2.964780000000000193e-01
-2.964780000000000193e-01
-2.964780000000000193e-01
-2.964780000000000193e-01
-2.964490000000000181e-01
-2.964490000000000181e-01
-2.964490000000000181e-01
-2.964399999999999813e-01
-2.964120000000000088e-01
-2.964120000000000088e-01
-2.964120000000000088e-01
-2.963649999999999896e-01
-2.963649999999999896e-01
-2.963649999999999896e-01
-2.963614999999999999e-01
-2.963374999999999759e-01
-2.963374999999999759e-01
-2.963374999999999759e-01
-2.963374999999999759e-01
-2.963374999999999759e-01
-2.963374999999999759e-01
-2.963374999999999759e-01
-2.962899999999999978e-01
-2.962899999999999978e-01
-2.962899999999999978e-01
-2.962899999999999978e-01
-2.962899999999999978e-01
-2.962899999999999978e-01
-2.962899999999999978e-01
-2.962899999999999978e-01
-2.962899999999999978e-01
-2.962480000000000113e-01
-2.962480000000000113e-01
-2.962480000000000113e-01
-2.962319999999999953e-01
-2.962319999999999953e-01
-2.962319999999999953e-01
-2.962319999999999953e-01
-2.962319999999999953e-01
-2.961110000000000131e-01
-2.961110000000000131e-01
-2.961110000000000131e-01
-2.961110000000000131e-01
-2.961110000000000131e-01
-2.961110000000000131e-01
-2.961110000000000131e-01
-2.961110000000000131e-01
-2.961110000000000131e-01
-2.961110000000000131e-01
-2.961110000000000131e-01
-2.961110000000000131e-01
-2.960740000000000038e-01
-2.960740000000000038e-01
-2.960740000000000038e-01
-2.960740000000000038e-01
-2.960740000000000038e-01
-2.960105000000000097e-01
-2.960105000000000097e-01
-2.960105000000000097e-01
-2.960105000000000097e-01
-2.960105000000000097e-01
-2.960105000000000097e-01
-2.960105000000000097e-01
-2.960054999999999770e-01
-2.959435000000000260e-01
-2.959435000000000260e-01
-2.959435000000000260e-01
-2.959435000000000260e-01
-2.959435000000000260e-01
-2.959435000000000260e-01
-2.959435000000000260e-01
-2.959435000000000260e-01
-2.959315000000000140e-01
-2.959315000000000140e-01
-2.959315000000000140e-01
-2.959315000000000140e-01
-2.959315000000000140e-01
-2.959224999999999772e-01
-2.959224999999999772e-01
-2.959224999999999772e-01
-2.959224999999999772e-01
-2.959224999999999772e-01
-2.959224999999999772e-01
-2.959105000000000207e-01
-2.959045000000000147e-01
-2.959045000000000147e-01
-2.958759999999999724e-01
-2.957890000000000241e-01
-2.957890000000000241e-01
-2.957890000000000241e-01
-2.957890000000000241e-01
-2.957890000000000241e-01
-2.957890000000000241e-01
-2.957555000000000045e-01
-2.957555000000000045e-01
-2.957555000000000045e-01
-2.957555000000000045e-01
-2.957555000000000045e-01
-2.957555000000000045e-01
-2.957555000000000045e-01
-2.957555000000000045e-01
-2.957555000000000045e-01
-2.957555000000000045e-01
-2.957555000000000045e-01
-2.957540000000000169e-01
-2.957540000000000169e-01
-2.957540000000000169e-01
-2.956880000000000064e-01
-2.956880000000000064e-01
-2.956880000000000064e-01
-2.956880000000000064e-01
-2.956880000000000064e-01
-2.956880000000000064e-01
-2.956880000000000064e-01
-2.956880000000000064e-01
-2.956880000000000064e-01
-2.956774999999999820e-01
-2.956774999999999820e-01
-2.956774999999999820e-01
-2.956774999999999820e-01
-2.956774999999999820e-01
-2.956529999999999991e-01
-2.956529999999999991e-01
-2.956504999999999828e-01
-2.956504999999999828e-01
-2.955300000000000149e-01
-2.955300000000000149e-01
-2.955300000000000149e-01
-2.955300000000000149e-01
-2.955300000000000149e-01
-2.955300000000000149e-01
-2.955300000000000149e-01
-2.955229999999999801e-01
-2.955229999999999801e-01
-2.955229999999999801e-01
-2.955229999999999801e-01
-2.955229999999999801e-01
-2.955110000000000237e-01
-2.954844999999999833e-01
-2.954844999999999833e-01
-2.954824999999999813e-01
-2.954824999999999813e-01
-2.954809999999999937e-01
-2.954725000000000268e-01
-2.954680000000000084e-01
