9.881791075674022373e-01
1.558097660901614293e-02
7.530391497844839410e-01
9.912791749162283006e-01
1.398214883165860810e-02
3.172750311821333491e-01
9.898106859285205061e-01
2.008826473953706851e-02
7.680375279268664146e-01
9.819797731269799268e-01
3.613056010355281122e-02
7.615202041056647886e-01
9.935713198865722129e-01
2.906733292611220904e-02
6.578042989469921054e-01
9.891418707527180887e-01
2.604339744961891093e-02
5.597875491665305070e-01
9.878009165009777881e-01
1.280312639683513221e-02
5.206404046090802318e-01
9.924095797666777630e-01
1.681984051119813847e-02
5.068870957133446709e-01
9.779884932838305289e-01
2.741258049330147148e-02
4.457604996466931202e-01
9.927296292174548897e-01
1.396008844713603203e-02
6.009880627634045513e-01
9.928537374419694750e-01
1.907395235383340520e-02
7.160834965493819704e-01
9.815659253119568550e-01
3.086779685087397487e-02
5.889057261367706131e-01
9.890125210460884997e-01
2.442699752575920244e-02
7.749550388616512908e-01
9.972220465470399420e-01
1.780824532170536753e-02
4.027611247984108078e-01
9.940171805555555462e-01
9.440387096719673674e-03
3.695521743008921556e-01
9.812366383618638110e-01
2.130172607840662841e-02
3.601021777951816660e-01
9.963343215066622349e-01
3.446588275124102402e-02
2.655067374565854288e-01
9.907451398666777820e-01
3.092541994846381703e-02
4.289119278508918831e-01
9.846487343714878104e-01
1.246206962544217645e-02
2.836632361942087455e-01
9.936603273306616746e-01
2.297355354975872538e-02
1.828973251040038606e-01
9.920597121795395879e-01
1.380877694044226230e-02
3.274741434413746544e-01
9.970406223484387098e-01
7.762250313306604671e-03
3.344124182086577468e-01
9.884784355680424905e-01
2.710593649730267882e-02
3.802686322574977407e-01
9.765279693374453451e-01
4.033677573306466285e-02
5.273285770250285553e-01
