-3.170200000000000101e-02
-2.963299999999999962e-02
-2.963299999999999962e-02
-2.502549999999999913e-02
-2.502549999999999913e-02
-1.907700000000000021e-02
-1.907700000000000021e-02
-1.720549999999999857e-02
-1.720549999999999857e-02
-1.720549999999999857e-02
-1.720549999999999857e-02
-1.580900000000000014e-02
-1.471500000000000065e-02
-1.471500000000000065e-02
-1.471500000000000065e-02
-1.326199999999999948e-02
-1.123799999999999973e-02
-1.123799999999999973e-02
-1.054199999999999929e-02
-9.297500000000000209e-03
-9.297500000000000209e-03
-8.899499999999999425e-03
-8.899499999999999425e-03
-8.899499999999999425e-03
-8.732500000000000678e-03
-8.597499999999999240e-03
-8.485499999999999987e-03
-8.485499999999999987e-03
-8.485499999999999987e-03
-8.485499999999999987e-03
-8.481499999999999456e-03
-8.439500000000000821e-03
-8.429000000000000728e-03
-8.425999999999999462e-03
-8.425999999999999462e-03
-8.400499999999999981e-03
-8.400499999999999981e-03
-8.400499999999999981e-03
-8.400499999999999981e-03
-8.400499999999999981e-03
-8.400499999999999981e-03
-8.400499999999999981e-03
-8.400499999999999981e-03
-8.400499999999999981e-03
-8.400499999999999981e-03
-8.375999999999999765e-03
-8.375999999999999765e-03
-8.373000000000000234e-03
-8.372499999999999734e-03
-8.372499999999999734e-03
-8.372499999999999734e-03
-8.372499999999999734e-03
-8.372499999999999734e-03
-8.372499999999999734e-03
-8.372499999999999734e-03
-8.371999999999999234e-03
-8.371999999999999234e-03
-8.371999999999999234e-03
-8.371999999999999234e-03
-8.371999999999999234e-03
-8.371500000000000469e-03
-8.371500000000000469e-03
-8.371500000000000469e-03
-8.371500000000000469e-03
-8.371500000000000469e-03
-8.371500000000000469e-03
-8.371500000000000469e-03
-8.371500000000000469e-03
-8.371500000000000469e-03
-8.371500000000000469e-03
-8.371500000000000469e-03
-8.371500000000000469e-03
-8.371500000000000469e-03
-8.371500000000000469e-03
-8.371500000000000469e-03
-8.371500000000000469e-03
-8.371500000000000469e-03
-8.371500000000000469e-03
-8.371500000000000469e-03
-8.371500000000000469e-03
-8.371500000000000469e-03
-8.371500000000000469e-03
-8.371500000000000469e-03
-8.371500000000000469e-03
-8.371500000000000469e-03
-8.371500000000000469e-03
-8.371500000000000469e-03
-8.371500000000000469e-03
-8.371500000000000469e-03
-8.371500000000000469e-03
-8.371500000000000469e-03
-8.371500000000000469e-03
-8.371500000000000469e-03
-8.371500000000000469e-03
-8.371500000000000469e-03
-8.371500000000000469e-03
-8.371500000000000469e-03
-8.371500000000000469e-03
-8.371500000000000469e-03
-8.371500000000000469e-03
-8.371500000000000469e-03
-8.371500000000000469e-03
-8.371500000000000469e-03
-8.371500000000000469e-03
-8.371500000000000469e-03
-8.371500000000000469e-03
-8.371500000000000469e-03
-8.371500000000000469e-03
-8.371500000000000469e-03
-8.371500000000000469e-03
-8.371500000000000469e-03
-8.371500000000000469e-03
-8.371500000000000469e-03
-8.371500000000000469e-03
-8.371500000000000469e-03
-8.371500000000000469e-03
-8.371500000000000469e-03
-8.371500000000000469e-03
-8.371500000000000469e-03
-8.371500000000000469e-03
-8.371500000000000469e-03
-8.371500000000000469e-03
-8.371500000000000469e-03
-8.371500000000000469e-03
-8.371500000000000469e-03
-8.371500000000000469e-03
-8.371500000000000469e-03
-8.371500000000000469e-03
-8.371500000000000469e-03
-8.371500000000000469e-03
-8.371500000000000469e-03
-8.371500000000000469e-03
-8.371500000000000469e-03
-8.371500000000000469e-03
-8.371500000000000469e-03
-8.371500000000000469e-03
-8.371500000000000469e-03
-8.371500000000000469e-03
-8.371500000000000469e-03
-8.371500000000000469e-03
-8.371500000000000469e-03
-8.371500000000000469e-03
-8.371500000000000469e-03
-8.371500000000000469e-03
-8.371500000000000469e-03
-8.371500000000000469e-03
-8.371500000000000469e-03
-8.371500000000000469e-03
-8.371500000000000469e-03
-8.371500000000000469e-03
-8.371500000000000469e-03
-8.371500000000000469e-03
-8.371500000000000469e-03
-8.371500000000000469e-03
-8.371500000000000469e-03
-8.371500000000000469e-03
-8.371500000000000469e-03
-8.371500000000000469e-03
-8.371500000000000469e-03
-8.371500000000000469e-03
-8.371500000000000469e-03
-8.371500000000000469e-03
-8.371500000000000469e-03
-8.371500000000000469e-03
-8.371500000000000469e-03
-8.371500000000000469e-03
-8.371500000000000469e-03
-8.371500000000000469e-03
-8.371500000000000469e-03
-8.371500000000000469e-03
-8.371500000000000469e-03
-8.371500000000000469e-03
-8.371500000000000469e-03
-8.371500000000000469e-03
-8.371500000000000469e-03
-8.371500000000000469e-03
-8.371500000000000469e-03
-8.371500000000000469e-03
-8.371500000000000469e-03
-8.371500000000000469e-03
-8.371500000000000469e-03
-8.371500000000000469e-03
-8.371500000000000469e-03
-8.371500000000000469e-03
-8.371500000000000469e-03
-8.371500000000000469e-03
-8.371500000000000469e-03
-8.371500000000000469e-03
-8.371500000000000469e-03
-8.371500000000000469e-03
-8.371500000000000469e-03
-8.371500000000000469e-03
-8.371500000000000469e-03
-8.371500000000000469e-03
-8.371500000000000469e-03
-8.371500000000000469e-03
-8.371500000000000469e-03
-8.371500000000000469e-03
-8.371500000000000469e-03
-8.371500000000000469e-03
-8.371500000000000469e-03
-8.371500000000000469e-03
-8.371500000000000469e-03
-8.371500000000000469e-03
-8.371500000000000469e-03
-8.371500000000000469e-03
-8.371500000000000469e-03
-8.371500000000000469e-03
-8.371500000000000469e-03
-8.371500000000000469e-03
-8.371500000000000469e-03
-8.371500000000000469e-03
-8.371500000000000469e-03
-8.371500000000000469e-03
-8.371500000000000469e-03
-8.371500000000000469e-03
-8.371500000000000469e-03
-8.371500000000000469e-03
-8.371500000000000469e-03
-8.371500000000000469e-03
-8.371500000000000469e-03
-8.371500000000000469e-03
-8.371500000000000469e-03
-8.371500000000000469e-03
-8.371500000000000469e-03
-8.371500000000000469e-03
-8.371500000000000469e-03
-8.371500000000000469e-03
-8.371500000000000469e-03
-8.371500000000000469e-03
-8.371500000000000469e-03
-8.371500000000000469e-03
-8.371500000000000469e-03
-8.371500000000000469e-03
-8.371500000000000469e-03
-8.371500000000000469e-03
-8.371500000000000469e-03
-8.371500000000000469e-03
-8.371500000000000469e-03
-8.371500000000000469e-03
-8.371500000000000469e-03
-8.371500000000000469e-03
-8.371500000000000469e-03
-8.371500000000000469e-03
-8.371500000000000469e-03
-8.371500000000000469e-03
-8.371500000000000469e-03
-8.371500000000000469e-03
-8.371500000000000469e-03
-8.371500000000000469e-03
-8.371500000000000469e-03
-8.371500000000000469e-03
-8.371500000000000469e-03
-8.371500000000000469e-03
-8.371500000000000469e-03
-8.371500000000000469e-03
-8.371500000000000469e-03
-8.371500000000000469e-03
-8.371500000000000469e-03
-8.371500000000000469e-03
-8.371500000000000469e-03
-8.371500000000000469e-03
-8.371500000000000469e-03
-8.371500000000000469e-03
-8.371500000000000469e-03
-8.371500000000000469e-03
-8.371500000000000469e-03
-8.371500000000000469e-03
-8.371500000000000469e-03
-8.371500000000000469e-03
-8.371500000000000469e-03
-8.371500000000000469e-03
-8.371500000000000469e-03
-8.371500000000000469e-03
-8.371500000000000469e-03
-8.371500000000000469e-03
-8.371500000000000469e-03
-8.371500000000000469e-03
-8.371500000000000469e-03
-8.371500000000000469e-03
-8.371500000000000469e-03
-8.371500000000000469e-03
-8.371500000000000469e-03
-8.371500000000000469e-03
-8.371500000000000469e-03
-8.371500000000000469e-03
-8.371500000000000469e-03
-8.371500000000000469e-03
-8.371500000000000469e-03
-8.371500000000000469e-03
-8.371500000000000469e-03
-8.371500000000000469e-03
-8.371500000000000469e-03
-8.371500000000000469e-03
-8.371500000000000469e-03
-8.371500000000000469e-03
-8.371500000000000469e-03
-8.371500000000000469e-03
-8.371500000000000469e-03
-8.371500000000000469e-03
-8.371500000000000469e-03
-8.371500000000000469e-03
-8.371500000000000469e-03
-8.371500000000000469e-03
-8.371500000000000469e-03
-8.371500000000000469e-03
-8.371500000000000469e-03
-8.371500000000000469e-03
-8.371500000000000469e-03
-8.371500000000000469e-03
-8.371500000000000469e-03
-8.371500000000000469e-03
-8.371500000000000469e-03
-8.371500000000000469e-03
-8.371500000000000469e-03
-8.371500000000000469e-03
-8.371500000000000469e-03
-8.371500000000000469e-03
-8.371500000000000469e-03
-8.371500000000000469e-03
-8.371500000000000469e-03
-8.371500000000000469e-03
-8.371500000000000469e-03
-8.371500000000000469e-03
-8.371500000000000469e-03
-8.371500000000000469e-03
-8.371500000000000469e-03
-8.371500000000000469e-03
-8.371500000000000469e-03
-8.371500000000000469e-03
-8.371500000000000469e-03
-8.371500000000000469e-03
-8.371500000000000469e-03
-8.371500000000000469e-03
-8.371500000000000469e-03
-8.371500000000000469e-03
-8.371500000000000469e-03
-8.371500000000000469e-03
-8.371500000000000469e-03
-8.371500000000000469e-03
-8.371500000000000469e-03
-8.371500000000000469e-03
-8.371500000000000469e-03
-8.371500000000000469e-03
-8.371500000000000469e-03
-8.371500000000000469e-03
-8.371500000000000469e-03
-8.371500000000000469e-03
-8.371500000000000469e-03
-8.371500000000000469e-03
-8.371500000000000469e-03
-8.371500000000000469e-03
-8.371500000000000469e-03
-8.371500000000000469e-03
-8.371500000000000469e-03
-8.371500000000000469e-03
-8.371500000000000469e-03
-8.371500000000000469e-03
-8.371500000000000469e-03
-8.371500000000000469e-03
-8.371500000000000469e-03
-8.371500000000000469e-03
-8.371500000000000469e-03
-8.371500000000000469e-03
-8.371500000000000469e-03
-8.371500000000000469e-03
-8.371500000000000469e-03
-8.371500000000000469e-03
-8.371500000000000469e-03
-8.371500000000000469e-03
-8.371500000000000469e-03
-8.371500000000000469e-03
-8.371500000000000469e-03
-8.371500000000000469e-03
-8.371500000000000469e-03
-8.371500000000000469e-03
-8.371500000000000469e-03
-8.371500000000000469e-03
-8.371500000000000469e-03
-8.371500000000000469e-03
-8.371500000000000469e-03
-8.371500000000000469e-03
-8.371500000000000469e-03
-8.371500000000000469e-03
-8.371500000000000469e-03
-8.371500000000000469e-03
-8.371500000000000469e-03
-8.371500000000000469e-03
-8.371500000000000469e-03
-8.371500000000000469e-03
-8.371500000000000469e-03
-8.371500000000000469e-03
-8.371500000000000469e-03
-8.371500000000000469e-03
-8.371500000000000469e-03
-8.371500000000000469e-03
-8.371500000000000469e-03
-8.371500000000000469e-03
-8.371500000000000469e-03
-8.371500000000000469e-03
-8.371500000000000469e-03
-8.371500000000000469e-03
-8.371500000000000469e-03
-8.371500000000000469e-03
-8.371500000000000469e-03
-8.371500000000000469e-03
-8.371500000000000469e-03
-8.371500000000000469e-03
-8.371500000000000469e-03
-8.371500000000000469e-03
-8.371500000000000469e-03
-8.371500000000000469e-03
-8.371500000000000469e-03
-8.371500000000000469e-03
-8.371500000000000469e-03
-8.371500000000000469e-03
-8.371500000000000469e-03
-8.371500000000000469e-03
-8.371500000000000469e-03
-8.371500000000000469e-03
-8.371500000000000469e-03
-8.371500000000000469e-03
-8.371500000000000469e-03
-8.371500000000000469e-03
-8.371500000000000469e-03
-8.371500000000000469e-03
-8.371500000000000469e-03
-8.371500000000000469e-03
-8.371500000000000469e-03
-8.371500000000000469e-03
-8.371500000000000469e-03
-8.371500000000000469e-03
-8.371500000000000469e-03
-8.371500000000000469e-03
-8.371500000000000469e-03
-8.371500000000000469e-03
-8.371500000000000469e-03
-8.371500000000000469e-03
-8.371500000000000469e-03
-8.371500000000000469e-03
-8.371500000000000469e-03
-8.371500000000000469e-03
-8.371500000000000469e-03
-8.371500000000000469e-03
-8.371500000000000469e-03
-8.371500000000000469e-03
-8.371500000000000469e-03
-8.371500000000000469e-03
-8.371500000000000469e-03
-8.371500000000000469e-03
-8.371500000000000469e-03
-8.371500000000000469e-03
-8.371500000000000469e-03
-8.371500000000000469e-03
-8.371500000000000469e-03
-8.371500000000000469e-03
-8.371500000000000469e-03
-8.371500000000000469e-03
-8.371500000000000469e-03
-8.371500000000000469e-03
-8.371500000000000469e-03
-8.371500000000000469e-03
-8.371500000000000469e-03
-8.371500000000000469e-03
-8.371500000000000469e-03
-8.371500000000000469e-03
-8.371500000000000469e-03
-8.371500000000000469e-03
-8.371500000000000469e-03
-8.371500000000000469e-03
-8.371500000000000469e-03
-8.371500000000000469e-03
-8.371500000000000469e-03
-8.371500000000000469e-03
-8.371500000000000469e-03
-8.371500000000000469e-03
-8.371500000000000469e-03
-8.371500000000000469e-03
-8.371500000000000469e-03
-8.371500000000000469e-03
-8.371500000000000469e-03
-8.371500000000000469e-03
-8.371500000000000469e-03
-8.371500000000000469e-03
-8.371500000000000469e-03
-8.371500000000000469e-03
-8.371500000000000469e-03
-8.371500000000000469e-03
-8.371500000000000469e-03
-8.371500000000000469e-03
-8.371500000000000469e-03
-8.371500000000000469e-03
-8.371500000000000469e-03
-8.371500000000000469e-03
-8.371500000000000469e-03
-8.371500000000000469e-03
-8.371500000000000469e-03
-8.371500000000000469e-03
-8.371500000000000469e-03
-8.371500000000000469e-03
-8.371500000000000469e-03
-8.371500000000000469e-03
-8.371500000000000469e-03
-8.371500000000000469e-03
-8.371500000000000469e-03
-8.371500000000000469e-03
-8.371500000000000469e-03
-8.371500000000000469e-03
-8.371500000000000469e-03
-8.371500000000000469e-03
-8.371500000000000469e-03
-8.371500000000000469e-03
-8.371500000000000469e-03
-8.371500000000000469e-03
-8.371500000000000469e-03
-8.371500000000000469e-03
-8.371500000000000469e-03
-8.371500000000000469e-03
-8.371500000000000469e-03
-8.371500000000000469e-03
-8.371500000000000469e-03
-8.371500000000000469e-03
-8.371500000000000469e-03
-8.371500000000000469e-03
-8.371500000000000469e-03
-8.371500000000000469e-03
-8.371500000000000469e-03
-8.371500000000000469e-03
-8.371500000000000469e-03
-8.371500000000000469e-03
-8.371500000000000469e-03
-8.371500000000000469e-03
-8.371500000000000469e-03
-8.371500000000000469e-03
-8.371500000000000469e-03
-8.371500000000000469e-03
-8.371500000000000469e-03
-8.371500000000000469e-03
-8.371500000000000469e-03
-8.371500000000000469e-03
-8.371500000000000469e-03
-8.371500000000000469e-03
-8.371500000000000469e-03
-8.371500000000000469e-03
-8.371500000000000469e-03
-8.371500000000000469e-03
-8.371500000000000469e-03
-8.371500000000000469e-03
-8.371500000000000469e-03
-8.371500000000000469e-03
-8.371500000000000469e-03
-8.371500000000000469e-03
-8.371500000000000469e-03
-8.371500000000000469e-03
-8.371500000000000469e-03
-8.371500000000000469e-03
-8.371500000000000469e-03
-8.371500000000000469e-03
-8.371500000000000469e-03
-8.371500000000000469e-03
-8.371500000000000469e-03
-8.371500000000000469e-03
-8.371500000000000469e-03
-8.371500000000000469e-03
-8.371500000000000469e-03
-8.371500000000000469e-03
-8.371500000000000469e-03
-8.371500000000000469e-03
-8.371500000000000469e-03
-8.371500000000000469e-03
-8.371500000000000469e-03
-8.371500000000000469e-03
-8.371500000000000469e-03
-8.371500000000000469e-03
-8.371500000000000469e-03
-8.371500000000000469e-03
-8.371500000000000469e-03
-8.371500000000000469e-03
-8.371500000000000469e-03
-8.371500000000000469e-03
-8.371500000000000469e-03
-8.371500000000000469e-03
-8.371500000000000469e-03
-8.371500000000000469e-03
-8.371500000000000469e-03
-8.371500000000000469e-03
-8.371500000000000469e-03
-8.371500000000000469e-03
-8.371500000000000469e-03
-8.371500000000000469e-03
-8.371500000000000469e-03
-8.371500000000000469e-03
-8.371500000000000469e-03
-8.371500000000000469e-03
-8.371500000000000469e-03
-8.371500000000000469e-03
-8.371500000000000469e-03
-8.371500000000000469e-03
-8.371500000000000469e-03
-8.371500000000000469e-03
-8.371500000000000469e-03
-8.371500000000000469e-03
-8.371500000000000469e-03
-8.371500000000000469e-03
-8.371500000000000469e-03
-8.371500000000000469e-03
-8.371500000000000469e-03
-8.371500000000000469e-03
-8.371500000000000469e-03
-8.371500000000000469e-03
-8.371500000000000469e-03
-8.371500000000000469e-03
-8.371500000000000469e-03
-8.371500000000000469e-03
-8.371500000000000469e-03
-8.371500000000000469e-03
-8.371500000000000469e-03
-8.371500000000000469e-03
-8.371500000000000469e-03
-8.371500000000000469e-03
-8.371500000000000469e-03
-8.371500000000000469e-03
-8.371500000000000469e-03
-8.371500000000000469e-03
-8.371500000000000469e-03
-8.371500000000000469e-03
-8.371500000000000469e-03
-8.371500000000000469e-03
-8.371500000000000469e-03
-8.371500000000000469e-03
-8.371500000000000469e-03
-8.371500000000000469e-03
-8.371500000000000469e-03
-8.371500000000000469e-03
-8.371500000000000469e-03
-8.371500000000000469e-03
-8.371500000000000469e-03
-8.371500000000000469e-03
-8.371500000000000469e-03
-8.371500000000000469e-03
-8.371500000000000469e-03
-8.371500000000000469e-03
-8.371500000000000469e-03
-8.371500000000000469e-03
-8.371500000000000469e-03
-8.371500000000000469e-03
-8.371500000000000469e-03
-8.371500000000000469e-03
-8.371500000000000469e-03
-8.371500000000000469e-03
-8.371500000000000469e-03
-8.371500000000000469e-03
-8.371500000000000469e-03
-8.371500000000000469e-03
-8.371500000000000469e-03
-8.371500000000000469e-03
-8.371500000000000469e-03
-8.371500000000000469e-03
-8.371500000000000469e-03
-8.371500000000000469e-03
-8.371500000000000469e-03
-8.371500000000000469e-03
-8.371500000000000469e-03
-8.371500000000000469e-03
-8.371500000000000469e-03
-8.371500000000000469e-03
-8.371500000000000469e-03
-8.371500000000000469e-03
-8.371500000000000469e-03
-8.371500000000000469e-03
-8.371500000000000469e-03
-8.371500000000000469e-03
-8.371500000000000469e-03
-8.371500000000000469e-03
-8.371500000000000469e-03
-8.371500000000000469e-03
-8.371500000000000469e-03
-8.371500000000000469e-03
-8.371500000000000469e-03
-8.371500000000000469e-03
-8.371500000000000469e-03
-8.371500000000000469e-03
-8.371500000000000469e-03
-8.371500000000000469e-03
-8.371500000000000469e-03
-8.371500000000000469e-03
-8.371500000000000469e-03
-8.371500000000000469e-03
-8.371500000000000469e-03
-8.371500000000000469e-03
-8.371500000000000469e-03
-8.371500000000000469e-03
-8.371500000000000469e-03
-8.371500000000000469e-03
-8.371500000000000469e-03
-8.371500000000000469e-03
-8.371500000000000469e-03
-8.371500000000000469e-03
-8.371500000000000469e-03
-8.371500000000000469e-03
-8.371500000000000469e-03
-8.371500000000000469e-03
-8.371500000000000469e-03
-8.371500000000000469e-03
-8.371500000000000469e-03
-8.371500000000000469e-03
-8.371500000000000469e-03
-8.371500000000000469e-03
-8.371500000000000469e-03
-8.371500000000000469e-03
-8.371500000000000469e-03
-8.371500000000000469e-03
-8.371500000000000469e-03
-8.371500000000000469e-03
-8.371500000000000469e-03
-8.371500000000000469e-03
-8.371500000000000469e-03
-8.371500000000000469e-03
-8.371500000000000469e-03
-8.371500000000000469e-03
-8.371500000000000469e-03
-8.371500000000000469e-03
-8.371500000000000469e-03
-8.371500000000000469e-03
-8.371500000000000469e-03
-8.371500000000000469e-03
-8.371500000000000469e-03
-8.371500000000000469e-03
-8.371500000000000469e-03
-8.371500000000000469e-03
-8.371500000000000469e-03
-8.371500000000000469e-03
-8.371500000000000469e-03
-8.371500000000000469e-03
-8.371500000000000469e-03
-8.371500000000000469e-03
-8.371500000000000469e-03
-8.371500000000000469e-03
-8.371500000000000469e-03
-8.371500000000000469e-03
-8.371500000000000469e-03
-8.371500000000000469e-03
-8.371500000000000469e-03
-8.371500000000000469e-03
-8.371500000000000469e-03
-8.371500000000000469e-03
-8.371500000000000469e-03
-8.371500000000000469e-03
-8.371500000000000469e-03
-8.371500000000000469e-03
-8.371500000000000469e-03
-8.371500000000000469e-03
-8.371500000000000469e-03
-8.371500000000000469e-03
-8.371500000000000469e-03
-8.371500000000000469e-03
-8.371500000000000469e-03
-8.371500000000000469e-03
-8.371500000000000469e-03
-8.371500000000000469e-03
-8.371500000000000469e-03
-8.371500000000000469e-03
-8.371500000000000469e-03
-8.371500000000000469e-03
-8.371500000000000469e-03
-8.371500000000000469e-03
-8.371500000000000469e-03
-8.371500000000000469e-03
-8.371500000000000469e-03
-8.371500000000000469e-03
-8.371500000000000469e-03
-8.371500000000000469e-03
-8.371500000000000469e-03
-8.371500000000000469e-03
-8.371500000000000469e-03
-8.371500000000000469e-03
-8.371500000000000469e-03
-8.371500000000000469e-03
-8.371500000000000469e-03
-8.371500000000000469e-03
-8.371500000000000469e-03
-8.371500000000000469e-03
-8.371500000000000469e-03
-8.371500000000000469e-03
-8.371500000000000469e-03
-8.371500000000000469e-03
-8.371500000000000469e-03
-8.371500000000000469e-03
-8.371500000000000469e-03
-8.371500000000000469e-03
-8.371500000000000469e-03
-8.371500000000000469e-03
-8.371500000000000469e-03
-8.371500000000000469e-03
-8.371500000000000469e-03
-8.371500000000000469e-03
-8.371500000000000469e-03
-8.371500000000000469e-03
-8.371500000000000469e-03
-8.371500000000000469e-03
-8.371500000000000469e-03
-8.371500000000000469e-03
-8.371500000000000469e-03
-8.371500000000000469e-03
-8.371500000000000469e-03
-8.371500000000000469e-03
-8.371500000000000469e-03
-8.371500000000000469e-03
-8.371500000000000469e-03
-8.371500000000000469e-03
-8.371500000000000469e-03
-8.371500000000000469e-03
-8.371500000000000469e-03
-8.371500000000000469e-03
-8.371500000000000469e-03
-8.371500000000000469e-03
-8.371500000000000469e-03
-8.371500000000000469e-03
-8.371500000000000469e-03
-8.371500000000000469e-03
-8.371500000000000469e-03
-8.371500000000000469e-03
-8.371500000000000469e-03
-8.371500000000000469e-03
-8.371500000000000469e-03
-8.371500000000000469e-03
-8.371500000000000469e-03
-8.371500000000000469e-03
-8.371500000000000469e-03
-8.371500000000000469e-03
-8.371500000000000469e-03
-8.371500000000000469e-03
-8.370000000000000703e-03
-8.370000000000000703e-03
-8.370000000000000703e-03
-8.370000000000000703e-03
-8.370000000000000703e-03
-8.370000000000000703e-03
-8.370000000000000703e-03
-8.370000000000000703e-03
-8.370000000000000703e-03
-8.370000000000000703e-03
-8.370000000000000703e-03
-8.370000000000000703e-03
-8.370000000000000703e-03
-8.370000000000000703e-03
-8.370000000000000703e-03
-8.370000000000000703e-03
-8.370000000000000703e-03
-8.370000000000000703e-03
-8.370000000000000703e-03
-8.370000000000000703e-03
-8.369500000000000203e-03
-8.369500000000000203e-03
-8.369500000000000203e-03
-8.369500000000000203e-03
-8.369500000000000203e-03
-8.369500000000000203e-03
-8.369500000000000203e-03
-8.369500000000000203e-03
-8.369500000000000203e-03
-8.369500000000000203e-03
-8.369500000000000203e-03
-8.369500000000000203e-03
-8.369500000000000203e-03
-8.369500000000000203e-03
-8.369500000000000203e-03
-8.369500000000000203e-03
-8.369500000000000203e-03
-8.369500000000000203e-03
-8.369500000000000203e-03
-8.369500000000000203e-03
-8.369500000000000203e-03
-8.369500000000000203e-03
-8.369500000000000203e-03
-8.369500000000000203e-03
-8.369500000000000203e-03
-8.369500000000000203e-03
-8.369500000000000203e-03
-8.369500000000000203e-03
-8.369500000000000203e-03
-8.369500000000000203e-03
-8.369500000000000203e-03
-8.369500000000000203e-03
-8.369500000000000203e-03
-8.369500000000000203e-03
-8.369500000000000203e-03
-8.369500000000000203e-03
-8.369500000000000203e-03
-8.369500000000000203e-03
-8.369500000000000203e-03
-8.369500000000000203e-03
-8.369500000000000203e-03
-8.369500000000000203e-03
-8.369500000000000203e-03
-8.369500000000000203e-03
-8.369500000000000203e-03
-8.369500000000000203e-03
-8.369500000000000203e-03
-8.369500000000000203e-03
-8.369500000000000203e-03
-8.369500000000000203e-03
-8.369500000000000203e-03
-8.369500000000000203e-03
-8.369500000000000203e-03
-8.369500000000000203e-03
-8.369500000000000203e-03
-8.369500000000000203e-03
-8.369500000000000203e-03
-8.369500000000000203e-03
-8.369500000000000203e-03
-8.369500000000000203e-03
-8.369500000000000203e-03
-8.369500000000000203e-03
-8.369500000000000203e-03
-8.369500000000000203e-03
-8.369500000000000203e-03
-8.369500000000000203e-03
-8.369500000000000203e-03
-8.369500000000000203e-03
-8.369500000000000203e-03
-8.369500000000000203e-03
-8.369500000000000203e-03
-8.369500000000000203e-03
-8.369500000000000203e-03
-8.369500000000000203e-03
-8.369500000000000203e-03
-8.369500000000000203e-03
-8.369500000000000203e-03
-8.369500000000000203e-03
-8.369500000000000203e-03
-8.369500000000000203e-03
-8.369500000000000203e-03
-8.369500000000000203e-03
-8.369500000000000203e-03
-8.369500000000000203e-03
-8.369500000000000203e-03
-8.369500000000000203e-03
-8.369500000000000203e-03
-8.369500000000000203e-03
-8.369500000000000203e-03
-8.369500000000000203e-03
-8.369500000000000203e-03
-8.369500000000000203e-03
-8.369500000000000203e-03
-8.369500000000000203e-03
-8.369500000000000203e-03
-8.369500000000000203e-03
-8.369500000000000203e-03
-8.369500000000000203e-03
-8.369500000000000203e-03
-8.369500000000000203e-03
-8.369500000000000203e-03
-8.369500000000000203e-03
-8.369500000000000203e-03
-8.369500000000000203e-03
-8.369500000000000203e-03
-8.369500000000000203e-03
-8.369500000000000203e-03
-8.369500000000000203e-03
-8.369500000000000203e-03
-8.369500000000000203e-03
-8.369500000000000203e-03
-8.369500000000000203e-03
-8.369500000000000203e-03
-8.369500000000000203e-03
-8.369500000000000203e-03
-8.369500000000000203e-03
-8.369500000000000203e-03
-8.369500000000000203e-03
-8.369500000000000203e-03
-8.369500000000000203e-03
-8.369500000000000203e-03
-8.369500000000000203e-03
-8.369500000000000203e-03
-8.369500000000000203e-03
-8.369500000000000203e-03
-8.369500000000000203e-03
-8.369500000000000203e-03
-8.369500000000000203e-03
-8.369500000000000203e-03
-8.369500000000000203e-03
-8.369500000000000203e-03
-8.369500000000000203e-03
-8.369500000000000203e-03
-8.369500000000000203e-03
-8.369500000000000203e-03
-8.369500000000000203e-03
-8.369500000000000203e-03
-8.369500000000000203e-03
-8.369500000000000203e-03
-8.369500000000000203e-03
-8.369500000000000203e-03
-8.369500000000000203e-03
-8.369500000000000203e-03
-8.369500000000000203e-03
-8.369500000000000203e-03
-8.369500000000000203e-03
-8.369500000000000203e-03
-8.369500000000000203e-03
