4.903357983528527919e-01
3.414137932700524458e-01
5.851046875516030532e-01
4.259030868098572231e-01
8.206770083536649718e-01
6.834018001158322919e-01
5.230365030236043822e-01
5.638666137328091077e-01
5.984466005765636254e-01
2.888625146902577545e-01
5.382527107618420015e-01
4.968799111050774542e-01
3.522111097809265678e-01
4.776459995355811783e-01
4.836040167817065027e-01
6.762164472332814480e-01
7.533807514457402377e-01
5.078763118324290948e-01
5.093459530428726678e-01
6.629927835378980339e-01
3.629393438110551928e-01
4.882269134455203830e-01
7.179536622609478114e-01
3.292914682473301324e-01
