2.102475730400814036e-01
2.562534008505425454e-01
1.920360443254665039e-01
8.282919420557186552e-01
4.953064501306335687e-01
5.020239891246038866e-01
6.319546767118624508e-01
3.905378735658727174e-01
7.773755906958761397e-01
2.327691313336158752e-01
5.392881970324392427e-01
4.396390560125770786e-01
4.986342943988643084e-01
4.989474393474900848e-01
4.054881228723870024e-01
6.715446050873129513e-01
3.678821494144454696e-01
8.706623885472629665e-01
7.034048843764744152e-01
8.230764209204295412e-01
4.949284117232277680e-01
4.989574217879713114e-01
5.302745769445635915e-01
4.559315764328092380e-01
3.384922566989799764e-01
1.157164421177219876e-01
2.891585408653099543e-01
5.460696061567493764e-01
4.978137217279746674e-01
5.006032213897162464e-01
4.725086216442104803e-01
7.832967532793817522e-01
3.613139333653199170e-01
6.155480821309131656e-01
4.807178430442139438e-01
7.914530400682313616e-01
4.975769752074010177e-01
5.025089514039944305e-01
5.548332349220711501e-01
6.965786418902608634e-01
6.345136163279310182e-01
8.763339034696432384e-01
3.996430807790528617e-01
8.521561288975461057e-01
4.966800586895444569e-01
7.492100762757590848e-01
6.878415728583844313e-01
3.868615670849432364e-01
4.288836249069762907e-01
3.514183279599147336e-01
6.639980816913282347e-01
3.209208581467767329e-01
4.979524722722512009e-01
4.977021972254887516e-01
3.797042618436430317e-01
6.398282795464679262e-01
2.204238831223221950e-01
3.412528432719788007e-01
4.910274277186280623e-01
6.009556397326643040e-01
4.983443448342002591e-01
2.509557152763240429e-01
5.786688699838169470e-01
6.252421555844848156e-01
6.176944128889102492e-01
4.806961318447521281e-01
6.089489432926850077e-01
3.159400741640944199e-01
4.949080480101131219e-01
5.002716989659603541e-01
8.100859307193406522e-01
7.380234690028726341e-01
2.237357785302968027e-01
3.245497794751406873e-01
3.533647506990656995e-01
8.603734054140477205e-01
4.953021339880395724e-01
2.494775464485961824e-01
6.367797858205581640e-01
1.372098542458587422e-01
3.262492027196841615e-01
2.258445996293251268e-01
7.632608811381906833e-01
5.707767519396964584e-01
4.980137988770876323e-01
2.482694448092143680e-01
3.840914148540159889e-01
4.727506673476432608e-01
8.065651840431760089e-01
1.263337585632696158e-01
2.651092572203376241e-01
7.261218821966596293e-01
4.964664154175085775e-01
7.524209742009144719e-01
2.776987367234359239e-01
6.186788560168154927e-01
7.173260452715717328e-01
1.262736031581990215e-01
3.760006454511898299e-01
5.964729247166411508e-01
7.691243010983164208e-01
4.944154402135834125e-01
4.642906895718266203e-01
2.889165878408391230e-01
8.160160966805878324e-01
8.376980554795263600e-01
6.312941937725402575e-01
6.113644471958267212e-01
9.921067844029638483e-01
4.782530966101145586e-01
4.742022859957620851e-01
3.363330020208613602e-01
2.209788636200371026e-01
8.506019943047764542e-01
2.721246263829169010e-01
5.395018970224910726e-01
5.017713885531186468e-01
2.715018310679009460e-03
4.083929477049589307e-01
1.479393214753138008e-01
4.813220922044276762e-01
1.937849991078647027e-01
2.893831380471977299e-01
3.563763694075842703e-01
4.962856279757473232e-01
5.002701052370007728e-01
5.884698162419916834e-01
6.905238974793652673e-01
7.339339065621641733e-01
3.414434626543172424e-01
5.732224890121673244e-01
6.458689748649346640e-01
5.032751423597805474e-01
2.484118259775520976e-01
3.622662842684297724e-01
4.263652316843771217e-01
4.643095851004897523e-01
1.405227513768745606e-01
4.144464273960336564e-01
4.187454578102920433e-01
8.771829822127773929e-03
6.091685559549802065e-01
5.227716743874688543e-01
3.534896598776021692e-01
6.017944605320900697e-01
8.361868588041202477e-01
6.725242913679857493e-01
4.534322107267945157e-01
5.028748796518445197e-01
2.524827450254482075e-01
2.697732189473581732e-01
3.259120090765411648e-01
1.376889684337113118e-01
2.773244034029416216e-01
7.312224854777669147e-01
4.481672850319595724e-01
4.977448831511079308e-01
7.473716108301913241e-01
2.095959639826466270e-01
4.012438834225234841e-01
6.461911052914706133e-01
1.799735269644497093e-01
3.565162718923775564e-01
3.315378509230085813e-01
1.021952520031614575e-02
4.582321894503189608e-01
6.019219111796365596e-01
3.529344455929266378e-01
6.154415097758140218e-01
8.404853244558880832e-01
8.017212131030444500e-01
3.993761701969093525e-01
4.966782329979397836e-01
7.492544529905829087e-01
3.175076709827056587e-01
3.050687381158255218e-01
2.288885866039924999e-01
2.564953443339474948e-01
6.274485604946244965e-01
4.804002984277596089e-01
5.002922319328859668e-01
2.414898427373741822e-03
8.995204526039564108e-01
6.734706322732180173e-01
8.034639337850721375e-02
1.864913181234499895e-01
5.675703248626604580e-01
5.693221182091321442e-01
