-6.992494999999999683e-01
-6.992494999999999683e-01
-6.986624999999999641e-01
-6.986624999999999641e-01
-6.986624999999999641e-01
-6.986419999999999852e-01
-6.984234999999999749e-01
-6.984234999999999749e-01
-6.983015000000000194e-01
-6.983015000000000194e-01
-6.981000000000000538e-01
-6.981000000000000538e-01
-6.978765000000000107e-01
-6.978765000000000107e-01
-6.978765000000000107e-01
-6.961884999999999879e-01
-6.961884999999999879e-01
-6.961884999999999879e-01
-6.961884999999999879e-01
-6.961884999999999879e-01
-6.961884999999999879e-01
-6.961884999999999879e-01
-6.961870000000000003e-01
-6.961870000000000003e-01
-6.958739999999999926e-01
-6.958739999999999926e-01
-6.958739999999999926e-01
-6.957185000000000175e-01
-6.955974999999999797e-01
-6.955974999999999797e-01
-6.955345000000000555e-01
-6.955145000000000355e-01
-6.954624999999999835e-01
-6.952230000000000354e-01
-6.952205000000000190e-01
-6.951129999999999809e-01
-6.951129999999999809e-01
-6.951129999999999809e-01
-6.950585000000000235e-01
-6.950585000000000235e-01
-6.950585000000000235e-01
-6.950469999999999704e-01
-6.950469999999999704e-01
-6.950450000000000239e-01
-6.949680000000000302e-01
-6.949355000000000393e-01
-6.949334999999999818e-01
-6.949334999999999818e-01
-6.949334999999999818e-01
-6.949260000000000437e-01
-6.949180000000000357e-01
-6.948914999999999953e-01
-6.948914999999999953e-01
-6.948914999999999953e-01
-6.948914999999999953e-01
-6.948914999999999953e-01
-6.948895000000000488e-01
-6.948860000000000037e-01
-6.948739999999999917e-01
-6.948735000000000328e-01
-6.948680000000000412e-01
-6.948674999999999713e-01
-6.948665000000000536e-01
-6.948665000000000536e-01
-6.948665000000000536e-01
-6.948575000000000168e-01
-6.948575000000000168e-01
-6.948575000000000168e-01
-6.948575000000000168e-01
-6.948520000000000252e-01
-6.948520000000000252e-01
-6.948520000000000252e-01
-6.948520000000000252e-01
-6.948509999999999964e-01
-6.948339999999999517e-01
-6.948339999999999517e-01
-6.948339999999999517e-01
-6.948339999999999517e-01
-6.948339999999999517e-01
-6.948339999999999517e-01
-6.948339999999999517e-01
-6.948339999999999517e-01
-6.948290000000000299e-01
-6.948290000000000299e-01
-6.948290000000000299e-01
-6.948290000000000299e-01
-6.948290000000000299e-01
-6.947950000000000514e-01
-6.947950000000000514e-01
-6.947950000000000514e-01
-6.947950000000000514e-01
-6.947950000000000514e-01
-6.947950000000000514e-01
-6.947950000000000514e-01
-6.947950000000000514e-01
-6.947950000000000514e-01
-6.947950000000000514e-01
-6.947950000000000514e-01
-6.947950000000000514e-01
-6.947950000000000514e-01
-6.947950000000000514e-01
-6.947925000000000351e-01
-6.947925000000000351e-01
-6.947925000000000351e-01
-6.947925000000000351e-01
-6.947875000000000023e-01
-6.947875000000000023e-01
-6.947870000000000434e-01
-6.947864999999999736e-01
-6.947860000000000147e-01
-6.947845000000000271e-01
-6.947845000000000271e-01
-6.947830000000000394e-01
-6.947830000000000394e-01
-6.947830000000000394e-01
-6.947824999999999696e-01
-6.947824999999999696e-01
-6.947809999999999819e-01
-6.947794999999999943e-01
-6.947794999999999943e-01
-6.947790000000000354e-01
-6.947790000000000354e-01
-6.947790000000000354e-01
-6.947790000000000354e-01
-6.947790000000000354e-01
-6.947780000000000067e-01
-6.947780000000000067e-01
-6.947780000000000067e-01
-6.947780000000000067e-01
-6.947780000000000067e-01
-6.947780000000000067e-01
-6.947780000000000067e-01
-6.947780000000000067e-01
-6.947780000000000067e-01
-6.947775000000000478e-01
-6.947775000000000478e-01
-6.947775000000000478e-01
-6.947775000000000478e-01
-6.947775000000000478e-01
-6.947775000000000478e-01
-6.947775000000000478e-01
-6.947775000000000478e-01
-6.947775000000000478e-01
-6.947775000000000478e-01
-6.947775000000000478e-01
-6.947775000000000478e-01
-6.947775000000000478e-01
-6.947775000000000478e-01
-6.947775000000000478e-01
-6.947775000000000478e-01
-6.947775000000000478e-01
-6.947775000000000478e-01
-6.947775000000000478e-01
-6.947775000000000478e-01
-6.947775000000000478e-01
-6.947775000000000478e-01
-6.947775000000000478e-01
-6.947775000000000478e-01
-6.947775000000000478e-01
-6.947775000000000478e-01
-6.947775000000000478e-01
-6.947775000000000478e-01
-6.947775000000000478e-01
-6.947775000000000478e-01
-6.947775000000000478e-01
-6.947775000000000478e-01
-6.947775000000000478e-01
-6.947775000000000478e-01
-6.947775000000000478e-01
-6.947775000000000478e-01
-6.947775000000000478e-01
-6.947775000000000478e-01
-6.947775000000000478e-01
-6.947775000000000478e-01
-6.947775000000000478e-01
-6.947775000000000478e-01
-6.947775000000000478e-01
-6.947775000000000478e-01
-6.947775000000000478e-01
-6.947775000000000478e-01
-6.947775000000000478e-01
-6.947775000000000478e-01
-6.947775000000000478e-01
-6.947775000000000478e-01
-6.947775000000000478e-01
-6.947775000000000478e-01
-6.947765000000000191e-01
-6.947765000000000191e-01
-6.947765000000000191e-01
-6.947765000000000191e-01
-6.947765000000000191e-01
-6.947765000000000191e-01
-6.947765000000000191e-01
-6.947754999999999903e-01
-6.947754999999999903e-01
-6.947664999999999536e-01
-6.947664999999999536e-01
-6.947664999999999536e-01
-6.947664999999999536e-01
-6.947664999999999536e-01
-6.947664999999999536e-01
-6.947664999999999536e-01
-6.947664999999999536e-01
-6.947664999999999536e-01
-6.947664999999999536e-01
-6.947664999999999536e-01
-6.947664999999999536e-01
-6.947664999999999536e-01
-6.947664999999999536e-01
-6.947664999999999536e-01
-6.947664999999999536e-01
-6.947664999999999536e-01
-6.947664999999999536e-01
-6.947664999999999536e-01
-6.947664999999999536e-01
-6.947664999999999536e-01
-6.947664999999999536e-01
-6.947664999999999536e-01
-6.947664999999999536e-01
-6.947664999999999536e-01
-6.947664999999999536e-01
-6.947664999999999536e-01
-6.947664999999999536e-01
-6.947664999999999536e-01
-6.947664999999999536e-01
-6.947664999999999536e-01
-6.947664999999999536e-01
-6.947664999999999536e-01
-6.947664999999999536e-01
-6.947664999999999536e-01
-6.947664999999999536e-01
-6.947664999999999536e-01
-6.947664999999999536e-01
-6.947664999999999536e-01
-6.947664999999999536e-01
-6.947664999999999536e-01
-6.947664999999999536e-01
-6.947664999999999536e-01
-6.947664999999999536e-01
-6.947664999999999536e-01
-6.947664999999999536e-01
-6.947664999999999536e-01
-6.947664999999999536e-01
-6.947664999999999536e-01
-6.947664999999999536e-01
-6.947664999999999536e-01
-6.947664999999999536e-01
-6.947664999999999536e-01
-6.947664999999999536e-01
-6.947664999999999536e-01
-6.947664999999999536e-01
-6.947664999999999536e-01
-6.947664999999999536e-01
-6.947664999999999536e-01
-6.947664999999999536e-01
-6.947664999999999536e-01
-6.947664999999999536e-01
-6.947664999999999536e-01
-6.947664999999999536e-01
-6.947664999999999536e-01
-6.947664999999999536e-01
-6.947664999999999536e-01
-6.947664999999999536e-01
-6.947664999999999536e-01
-6.947664999999999536e-01
-6.947664999999999536e-01
-6.947664999999999536e-01
-6.947664999999999536e-01
-6.947664999999999536e-01
-6.947664999999999536e-01
-6.947664999999999536e-01
-6.947664999999999536e-01
-6.947664999999999536e-01
-6.947664999999999536e-01
-6.947664999999999536e-01
-6.947664999999999536e-01
-6.947664999999999536e-01
-6.947664999999999536e-01
-6.947664999999999536e-01
-6.947664999999999536e-01
-6.947664999999999536e-01
-6.947664999999999536e-01
-6.947664999999999536e-01
-6.947664999999999536e-01
-6.947664999999999536e-01
-6.947664999999999536e-01
-6.947664999999999536e-01
-6.947664999999999536e-01
-6.947664999999999536e-01
-6.947664999999999536e-01
-6.947664999999999536e-01
-6.947664999999999536e-01
-6.947664999999999536e-01
-6.947664999999999536e-01
-6.947664999999999536e-01
-6.947664999999999536e-01
-6.947664999999999536e-01
-6.947664999999999536e-01
-6.947664999999999536e-01
-6.947664999999999536e-01
-6.947664999999999536e-01
-6.947664999999999536e-01
-6.947664999999999536e-01
-6.947664999999999536e-01
-6.947664999999999536e-01
-6.947664999999999536e-01
-6.947664999999999536e-01
-6.947664999999999536e-01
-6.947664999999999536e-01
-6.947664999999999536e-01
-6.947664999999999536e-01
-6.947664999999999536e-01
-6.947664999999999536e-01
-6.947664999999999536e-01
-6.947664999999999536e-01
-6.947664999999999536e-01
-6.947664999999999536e-01
-6.947664999999999536e-01
-6.947664999999999536e-01
-6.947664999999999536e-01
-6.947664999999999536e-01
-6.947664999999999536e-01
-6.947664999999999536e-01
-6.947664999999999536e-01
-6.947664999999999536e-01
-6.947664999999999536e-01
-6.947664999999999536e-01
-6.947664999999999536e-01
-6.947664999999999536e-01
-6.947664999999999536e-01
-6.947664999999999536e-01
-6.947664999999999536e-01
-6.947664999999999536e-01
-6.947664999999999536e-01
-6.947664999999999536e-01
-6.947664999999999536e-01
-6.947664999999999536e-01
-6.947664999999999536e-01
-6.947664999999999536e-01
-6.947664999999999536e-01
-6.947664999999999536e-01
-6.947664999999999536e-01
-6.947664999999999536e-01
-6.947664999999999536e-01
-6.947664999999999536e-01
-6.947664999999999536e-01
-6.947664999999999536e-01
-6.947664999999999536e-01
-6.947664999999999536e-01
-6.947664999999999536e-01
-6.947664999999999536e-01
-6.947664999999999536e-01
-6.947664999999999536e-01
-6.947664999999999536e-01
-6.947664999999999536e-01
-6.947664999999999536e-01
-6.947664999999999536e-01
-6.947664999999999536e-01
-6.947664999999999536e-01
-6.947664999999999536e-01
-6.947664999999999536e-01
-6.947664999999999536e-01
-6.947664999999999536e-01
-6.947664999999999536e-01
-6.947664999999999536e-01
-6.947664999999999536e-01
-6.947664999999999536e-01
-6.947664999999999536e-01
-6.947664999999999536e-01
-6.947664999999999536e-01
-6.947664999999999536e-01
-6.947664999999999536e-01
-6.947664999999999536e-01
-6.947664999999999536e-01
-6.947664999999999536e-01
-6.947664999999999536e-01
-6.947664999999999536e-01
-6.947664999999999536e-01
-6.947664999999999536e-01
-6.947664999999999536e-01
-6.947664999999999536e-01
-6.947664999999999536e-01
-6.947664999999999536e-01
-6.947664999999999536e-01
-6.947664999999999536e-01
-6.947664999999999536e-01
-6.947664999999999536e-01
-6.947664999999999536e-01
-6.947664999999999536e-01
-6.947664999999999536e-01
-6.947664999999999536e-01
-6.947664999999999536e-01
-6.947664999999999536e-01
-6.947664999999999536e-01
-6.947664999999999536e-01
-6.947664999999999536e-01
-6.947664999999999536e-01
-6.947664999999999536e-01
-6.947664999999999536e-01
-6.947664999999999536e-01
-6.947664999999999536e-01
-6.947664999999999536e-01
-6.947664999999999536e-01
-6.947664999999999536e-01
-6.947664999999999536e-01
-6.947664999999999536e-01
-6.947664999999999536e-01
-6.947664999999999536e-01
-6.947664999999999536e-01
-6.947664999999999536e-01
-6.947664999999999536e-01
-6.947664999999999536e-01
-6.947664999999999536e-01
-6.947664999999999536e-01
-6.947664999999999536e-01
-6.947664999999999536e-01
-6.947664999999999536e-01
-6.947664999999999536e-01
-6.947664999999999536e-01
-6.947664999999999536e-01
-6.947664999999999536e-01
-6.947664999999999536e-01
-6.947664999999999536e-01
-6.947664999999999536e-01
-6.947664999999999536e-01
-6.947664999999999536e-01
-6.947664999999999536e-01
-6.947664999999999536e-01
-6.947664999999999536e-01
-6.947664999999999536e-01
-6.947664999999999536e-01
-6.947664999999999536e-01
-6.947664999999999536e-01
-6.947664999999999536e-01
-6.947664999999999536e-01
-6.947664999999999536e-01
-6.947649999999999659e-01
-6.947649999999999659e-01
-6.947649999999999659e-01
-6.947649999999999659e-01
-6.947649999999999659e-01
-6.947649999999999659e-01
-6.947649999999999659e-01
-6.947649999999999659e-01
-6.947649999999999659e-01
-6.947649999999999659e-01
-6.947649999999999659e-01
-6.947649999999999659e-01
-6.947649999999999659e-01
-6.947649999999999659e-01
-6.947649999999999659e-01
-6.947649999999999659e-01
-6.947649999999999659e-01
-6.947649999999999659e-01
-6.947649999999999659e-01
-6.947649999999999659e-01
-6.947649999999999659e-01
-6.947649999999999659e-01
-6.947649999999999659e-01
-6.947649999999999659e-01
-6.947649999999999659e-01
-6.947649999999999659e-01
-6.947649999999999659e-01
-6.947649999999999659e-01
-6.947649999999999659e-01
-6.947649999999999659e-01
-6.947649999999999659e-01
-6.947649999999999659e-01
-6.947649999999999659e-01
-6.947649999999999659e-01
-6.947649999999999659e-01
-6.947649999999999659e-01
-6.947649999999999659e-01
-6.947649999999999659e-01
-6.947649999999999659e-01
-6.947649999999999659e-01
-6.947649999999999659e-01
-6.947649999999999659e-01
-6.947649999999999659e-01
-6.947649999999999659e-01
-6.947649999999999659e-01
-6.947649999999999659e-01
-6.947649999999999659e-01
-6.947649999999999659e-01
-6.947649999999999659e-01
-6.947649999999999659e-01
-6.947649999999999659e-01
-6.947649999999999659e-01
-6.947649999999999659e-01
-6.947649999999999659e-01
-6.947649999999999659e-01
-6.947649999999999659e-01
-6.947649999999999659e-01
-6.947649999999999659e-01
-6.947649999999999659e-01
-6.947649999999999659e-01
-6.947649999999999659e-01
-6.947649999999999659e-01
-6.947649999999999659e-01
-6.947649999999999659e-01
-6.947649999999999659e-01
-6.947649999999999659e-01
-6.947649999999999659e-01
-6.947649999999999659e-01
-6.947649999999999659e-01
-6.947649999999999659e-01
-6.947649999999999659e-01
-6.947649999999999659e-01
-6.947649999999999659e-01
-6.947649999999999659e-01
-6.947649999999999659e-01
-6.947649999999999659e-01
-6.947649999999999659e-01
-6.947649999999999659e-01
-6.947649999999999659e-01
-6.947649999999999659e-01
-6.947649999999999659e-01
-6.947649999999999659e-01
-6.947649999999999659e-01
-6.947649999999999659e-01
-6.947649999999999659e-01
-6.947649999999999659e-01
-6.947649999999999659e-01
-6.947649999999999659e-01
-6.947649999999999659e-01
-6.947649999999999659e-01
-6.947649999999999659e-01
-6.947649999999999659e-01
-6.947649999999999659e-01
-6.947649999999999659e-01
-6.947649999999999659e-01
-6.947649999999999659e-01
-6.947649999999999659e-01
-6.947649999999999659e-01
-6.947649999999999659e-01
-6.947649999999999659e-01
-6.947649999999999659e-01
-6.947649999999999659e-01
-6.947649999999999659e-01
-6.947649999999999659e-01
-6.947649999999999659e-01
-6.947649999999999659e-01
-6.947649999999999659e-01
-6.947649999999999659e-01
-6.947649999999999659e-01
-6.947649999999999659e-01
-6.947649999999999659e-01
-6.947649999999999659e-01
-6.947649999999999659e-01
-6.947649999999999659e-01
-6.947649999999999659e-01
-6.947649999999999659e-01
-6.947649999999999659e-01
-6.947649999999999659e-01
-6.947649999999999659e-01
-6.947649999999999659e-01
-6.947649999999999659e-01
-6.947649999999999659e-01
-6.947649999999999659e-01
-6.947649999999999659e-01
-6.947649999999999659e-01
-6.947649999999999659e-01
-6.947649999999999659e-01
-6.947649999999999659e-01
-6.947649999999999659e-01
-6.947649999999999659e-01
-6.947649999999999659e-01
-6.947649999999999659e-01
-6.947649999999999659e-01
-6.947649999999999659e-01
-6.947649999999999659e-01
-6.947649999999999659e-01
-6.947649999999999659e-01
-6.947649999999999659e-01
-6.947649999999999659e-01
-6.947649999999999659e-01
-6.947649999999999659e-01
-6.947649999999999659e-01
-6.947649999999999659e-01
-6.947649999999999659e-01
-6.947649999999999659e-01
-6.947649999999999659e-01
-6.947649999999999659e-01
-6.947649999999999659e-01
-6.947649999999999659e-01
-6.947649999999999659e-01
-6.947649999999999659e-01
-6.947649999999999659e-01
-6.947649999999999659e-01
-6.947649999999999659e-01
-6.947649999999999659e-01
-6.947649999999999659e-01
-6.947649999999999659e-01
-6.947649999999999659e-01
-6.947649999999999659e-01
-6.947649999999999659e-01
-6.947649999999999659e-01
-6.947649999999999659e-01
-6.947649999999999659e-01
-6.947649999999999659e-01
-6.947649999999999659e-01
-6.947649999999999659e-01
-6.947649999999999659e-01
-6.947649999999999659e-01
-6.947649999999999659e-01
-6.947649999999999659e-01
-6.947649999999999659e-01
-6.947649999999999659e-01
-6.947649999999999659e-01
-6.947649999999999659e-01
-6.947649999999999659e-01
-6.947649999999999659e-01
-6.947649999999999659e-01
-6.947649999999999659e-01
-6.947649999999999659e-01
-6.947649999999999659e-01
-6.947649999999999659e-01
-6.947649999999999659e-01
-6.947649999999999659e-01
-6.947649999999999659e-01
-6.947649999999999659e-01
-6.947649999999999659e-01
-6.947649999999999659e-01
-6.947649999999999659e-01
-6.947649999999999659e-01
-6.947649999999999659e-01
-6.947649999999999659e-01
-6.947649999999999659e-01
-6.947649999999999659e-01
-6.947649999999999659e-01
-6.947649999999999659e-01
-6.947649999999999659e-01
-6.947649999999999659e-01
-6.947649999999999659e-01
-6.947649999999999659e-01
-6.947649999999999659e-01
-6.947649999999999659e-01
-6.947649999999999659e-01
-6.947649999999999659e-01
-6.947649999999999659e-01
-6.947649999999999659e-01
-6.947649999999999659e-01
-6.947649999999999659e-01
-6.947649999999999659e-01
-6.947649999999999659e-01
-6.947649999999999659e-01
-6.947649999999999659e-01
-6.947649999999999659e-01
-6.947649999999999659e-01
-6.947649999999999659e-01
-6.947649999999999659e-01
-6.947649999999999659e-01
-6.947649999999999659e-01
-6.947645000000000071e-01
-6.947645000000000071e-01
-6.947645000000000071e-01
-6.947640000000000482e-01
-6.947640000000000482e-01
-6.947640000000000482e-01
-6.947640000000000482e-01
-6.947640000000000482e-01
-6.947640000000000482e-01
-6.947640000000000482e-01
-6.947640000000000482e-01
-6.947640000000000482e-01
-6.947640000000000482e-01
-6.947640000000000482e-01
-6.947640000000000482e-01
-6.947640000000000482e-01
-6.947640000000000482e-01
-6.947640000000000482e-01
-6.947640000000000482e-01
-6.947640000000000482e-01
-6.947640000000000482e-01
-6.947640000000000482e-01
-6.947640000000000482e-01
-6.947640000000000482e-01
-6.947640000000000482e-01
-6.947640000000000482e-01
-6.947640000000000482e-01
-6.947640000000000482e-01
-6.947640000000000482e-01
-6.947640000000000482e-01
-6.947640000000000482e-01
-6.947640000000000482e-01
-6.947640000000000482e-01
-6.947640000000000482e-01
-6.947640000000000482e-01
-6.947640000000000482e-01
-6.947640000000000482e-01
-6.947640000000000482e-01
-6.947640000000000482e-01
-6.947640000000000482e-01
-6.947640000000000482e-01
-6.947640000000000482e-01
-6.947640000000000482e-01
-6.947640000000000482e-01
-6.947640000000000482e-01
-6.947640000000000482e-01
-6.947640000000000482e-01
-6.947640000000000482e-01
-6.947640000000000482e-01
-6.947640000000000482e-01
-6.947640000000000482e-01
-6.947640000000000482e-01
-6.947640000000000482e-01
-6.947640000000000482e-01
-6.947640000000000482e-01
-6.947640000000000482e-01
-6.947640000000000482e-01
-6.947640000000000482e-01
-6.947640000000000482e-01
-6.947640000000000482e-01
-6.947640000000000482e-01
-6.947640000000000482e-01
-6.947640000000000482e-01
-6.947640000000000482e-01
-6.947640000000000482e-01
-6.947640000000000482e-01
-6.947640000000000482e-01
-6.947640000000000482e-01
-6.947640000000000482e-01
-6.947640000000000482e-01
-6.947640000000000482e-01
-6.947640000000000482e-01
-6.947640000000000482e-01
-6.947640000000000482e-01
-6.947640000000000482e-01
-6.947640000000000482e-01
-6.947640000000000482e-01
-6.947640000000000482e-01
-6.947640000000000482e-01
-6.947640000000000482e-01
-6.947640000000000482e-01
-6.947640000000000482e-01
-6.947640000000000482e-01
-6.947640000000000482e-01
-6.947640000000000482e-01
-6.947640000000000482e-01
-6.947640000000000482e-01
-6.947640000000000482e-01
-6.947640000000000482e-01
-6.947640000000000482e-01
-6.947640000000000482e-01
-6.947640000000000482e-01
-6.947640000000000482e-01
-6.947640000000000482e-01
-6.947640000000000482e-01
-6.947640000000000482e-01
-6.947640000000000482e-01
-6.947640000000000482e-01
-6.947640000000000482e-01
-6.947640000000000482e-01
-6.947640000000000482e-01
-6.947640000000000482e-01
-6.947640000000000482e-01
-6.947640000000000482e-01
-6.947640000000000482e-01
-6.947640000000000482e-01
-6.947640000000000482e-01
-6.947640000000000482e-01
-6.947640000000000482e-01
-6.947640000000000482e-01
-6.947640000000000482e-01
-6.947640000000000482e-01
-6.947640000000000482e-01
-6.947640000000000482e-01
-6.947640000000000482e-01
-6.947640000000000482e-01
-6.947640000000000482e-01
-6.947640000000000482e-01
-6.947640000000000482e-01
-6.947640000000000482e-01
-6.947640000000000482e-01
-6.947640000000000482e-01
-6.947640000000000482e-01
-6.947640000000000482e-01
-6.947640000000000482e-01
-6.947640000000000482e-01
-6.947640000000000482e-01
-6.947640000000000482e-01
-6.947640000000000482e-01
-6.947640000000000482e-01
-6.947640000000000482e-01
-6.947640000000000482e-01
-6.947640000000000482e-01
-6.947640000000000482e-01
-6.947640000000000482e-01
-6.947640000000000482e-01
-6.947640000000000482e-01
-6.947640000000000482e-01
-6.947640000000000482e-01
-6.947640000000000482e-01
-6.947640000000000482e-01
-6.947640000000000482e-01
-6.947640000000000482e-01
-6.947640000000000482e-01
-6.947640000000000482e-01
-6.947640000000000482e-01
-6.947640000000000482e-01
-6.947640000000000482e-01
-6.947640000000000482e-01
-6.947640000000000482e-01
-6.947640000000000482e-01
-6.947640000000000482e-01
-6.947640000000000482e-01
-6.947640000000000482e-01
-6.947640000000000482e-01
-6.947640000000000482e-01
-6.947640000000000482e-01
-6.947640000000000482e-01
-6.947640000000000482e-01
-6.947640000000000482e-01
-6.947640000000000482e-01
-6.947640000000000482e-01
-6.947640000000000482e-01
-6.947640000000000482e-01
-6.947640000000000482e-01
-6.947640000000000482e-01
-6.947640000000000482e-01
-6.947640000000000482e-01
-6.947640000000000482e-01
-6.947640000000000482e-01
-6.947640000000000482e-01
-6.947640000000000482e-01
-6.947640000000000482e-01
-6.947640000000000482e-01
-6.947640000000000482e-01
-6.947640000000000482e-01
-6.947640000000000482e-01
-6.947640000000000482e-01
-6.947640000000000482e-01
-6.947640000000000482e-01
-6.947640000000000482e-01
-6.947640000000000482e-01
-6.947640000000000482e-01
-6.947640000000000482e-01
-6.947640000000000482e-01
-6.947640000000000482e-01
-6.947640000000000482e-01
-6.947640000000000482e-01
-6.947640000000000482e-01
-6.947640000000000482e-01
-6.947640000000000482e-01
-6.947640000000000482e-01
-6.947640000000000482e-01
-6.947640000000000482e-01
-6.947640000000000482e-01
-6.947640000000000482e-01
-6.947640000000000482e-01
-6.947640000000000482e-01
-6.947640000000000482e-01
-6.947640000000000482e-01
-6.947640000000000482e-01
-6.947640000000000482e-01
-6.947640000000000482e-01
-6.947640000000000482e-01
-6.947640000000000482e-01
-6.947640000000000482e-01
-6.947640000000000482e-01
-6.947640000000000482e-01
-6.947640000000000482e-01
-6.947640000000000482e-01
-6.947640000000000482e-01
-6.947640000000000482e-01
-6.947640000000000482e-01
-6.947640000000000482e-01
-6.947640000000000482e-01
-6.947640000000000482e-01
-6.947640000000000482e-01
-6.947640000000000482e-01
-6.947640000000000482e-01
-6.947640000000000482e-01
-6.947640000000000482e-01
-6.947640000000000482e-01
-6.947640000000000482e-01
-6.947640000000000482e-01
-6.947640000000000482e-01
-6.947640000000000482e-01
-6.947640000000000482e-01
-6.947640000000000482e-01
-6.947640000000000482e-01
-6.947640000000000482e-01
-6.947640000000000482e-01
-6.947640000000000482e-01
-6.947640000000000482e-01
-6.947640000000000482e-01
-6.947640000000000482e-01
-6.947640000000000482e-01
-6.947640000000000482e-01
-6.947640000000000482e-01
-6.947640000000000482e-01
-6.947640000000000482e-01
-6.947640000000000482e-01
-6.947640000000000482e-01
-6.947640000000000482e-01
-6.947640000000000482e-01
-6.947640000000000482e-01
-6.947640000000000482e-01
-6.947640000000000482e-01
-6.947640000000000482e-01
-6.947640000000000482e-01
-6.947640000000000482e-01
-6.947640000000000482e-01
-6.947640000000000482e-01
-6.947640000000000482e-01
-6.947640000000000482e-01
-6.947640000000000482e-01
-6.947640000000000482e-01
-6.947640000000000482e-01
-6.947640000000000482e-01
-6.947640000000000482e-01
-6.947640000000000482e-01
-6.947640000000000482e-01
-6.947640000000000482e-01
-6.947640000000000482e-01
-6.947640000000000482e-01
-6.947640000000000482e-01
-6.947640000000000482e-01
-6.947640000000000482e-01
-6.947640000000000482e-01
-6.947640000000000482e-01
-6.947640000000000482e-01
-6.947640000000000482e-01
-6.947640000000000482e-01
-6.947640000000000482e-01
-6.947640000000000482e-01
-6.947640000000000482e-01
-6.947640000000000482e-01
-6.947640000000000482e-01
-6.947640000000000482e-01
-6.947640000000000482e-01
-6.947640000000000482e-01
-6.947640000000000482e-01
-6.947640000000000482e-01
-6.947640000000000482e-01
-6.947640000000000482e-01
-6.947640000000000482e-01
-6.947640000000000482e-01
-6.947640000000000482e-01
-6.947640000000000482e-01
-6.947640000000000482e-01
-6.947640000000000482e-01
-6.947640000000000482e-01
-6.947640000000000482e-01
-6.947640000000000482e-01
-6.947640000000000482e-01
-6.947640000000000482e-01
-6.947640000000000482e-01
-6.947640000000000482e-01
-6.947640000000000482e-01
-6.947640000000000482e-01
-6.947640000000000482e-01
-6.947640000000000482e-01
-6.947640000000000482e-01
-6.947640000000000482e-01
-6.947640000000000482e-01
-6.947640000000000482e-01
-6.947640000000000482e-01
-6.947640000000000482e-01
-6.947640000000000482e-01
-6.947640000000000482e-01
-6.947640000000000482e-01
-6.947640000000000482e-01
-6.947640000000000482e-01
-6.947640000000000482e-01
-6.947640000000000482e-01
-6.947640000000000482e-01
-6.947640000000000482e-01
-6.947640000000000482e-01
-6.947640000000000482e-01
-6.947640000000000482e-01
-6.947640000000000482e-01
-6.947640000000000482e-01
-6.947640000000000482e-01
-6.947640000000000482e-01
-6.947640000000000482e-01
-6.947640000000000482e-01
-6.947640000000000482e-01
-6.947640000000000482e-01
-6.947640000000000482e-01
-6.947640000000000482e-01
-6.947640000000000482e-01
-6.947640000000000482e-01
-6.947640000000000482e-01
-6.947640000000000482e-01
-6.947640000000000482e-01
-6.947640000000000482e-01
-6.947640000000000482e-01
-6.947640000000000482e-01
-6.947640000000000482e-01
-6.947640000000000482e-01
-6.947640000000000482e-01
-6.947640000000000482e-01
-6.947640000000000482e-01
-6.947640000000000482e-01
-6.947640000000000482e-01
-6.947640000000000482e-01
-6.947640000000000482e-01
-6.947640000000000482e-01
