-3.730594999999999883e-01
-3.730594999999999883e-01
-3.730594999999999883e-01
-3.054310000000000080e-01
-3.054310000000000080e-01
-3.054310000000000080e-01
-3.003644999999999787e-01
-2.921075000000000199e-01
-2.921075000000000199e-01
-2.921075000000000199e-01
-2.912270000000000136e-01
-2.896794999999999787e-01
-2.860389999999999877e-01
-2.744519999999999738e-01
-2.668245000000000200e-01
-2.590244999999999909e-01
-2.557280000000000109e-01
-2.477810000000000012e-01
-2.456760000000000055e-01
-2.452940000000000120e-01
-2.452940000000000120e-01
-2.331640000000000101e-01
-2.331640000000000101e-01
-2.256090000000000040e-01
-2.256090000000000040e-01
-2.256090000000000040e-01
-2.221825000000000050e-01
-2.151254999999999973e-01
-2.090654999999999875e-01
-2.090654999999999875e-01
-2.015655000000000086e-01
-2.015655000000000086e-01
-2.015655000000000086e-01
-1.957250000000000101e-01
-1.920765000000000111e-01
-1.918989999999999863e-01
-1.918989999999999863e-01
-1.867514999999999870e-01
-1.822785000000000100e-01
-1.750605000000000078e-01
-1.738159999999999983e-01
-1.738159999999999983e-01
-1.710105000000000097e-01
-1.710105000000000097e-01
-1.661755000000000038e-01
-1.644059999999999966e-01
-1.642569999999999864e-01
-1.525690000000000102e-01
-1.525690000000000102e-01
-1.525690000000000102e-01
-1.468625000000000069e-01
-1.468625000000000069e-01
-1.468625000000000069e-01
-1.468625000000000069e-01
-1.468625000000000069e-01
-1.468625000000000069e-01
-1.464350000000000096e-01
-1.463059999999999916e-01
-1.454455000000000053e-01
-1.313110000000000110e-01
-1.311660000000000048e-01
-1.311660000000000048e-01
-1.311660000000000048e-01
-1.311660000000000048e-01
-1.268035000000000134e-01
-1.268035000000000134e-01
-1.261114999999999875e-01
-1.237675000000000025e-01
-1.150769999999999987e-01
-1.150769999999999987e-01
-1.150769999999999987e-01
-1.150769999999999987e-01
-1.150769999999999987e-01
-1.150769999999999987e-01
-1.102125000000000049e-01
-1.102125000000000049e-01
-1.085794999999999955e-01
-1.085794999999999955e-01
-1.085794999999999955e-01
-1.084500000000000047e-01
-1.084500000000000047e-01
-1.083955000000000057e-01
-1.041784999999999933e-01
-1.017625000000000057e-01
-1.017625000000000057e-01
-9.880150000000000043e-02
-9.880150000000000043e-02
-9.880150000000000043e-02
-9.880150000000000043e-02
-9.748400000000000121e-02
-9.677399999999999891e-02
-9.242250000000000465e-02
-9.242250000000000465e-02
-9.242250000000000465e-02
-9.138200000000000489e-02
-9.138200000000000489e-02
-9.138200000000000489e-02
-9.050450000000000161e-02
-9.050450000000000161e-02
-9.050450000000000161e-02
-9.050450000000000161e-02
-9.048399999999999499e-02
-9.048399999999999499e-02
-8.813849999999999463e-02
-8.813849999999999463e-02
-8.813849999999999463e-02
-8.613250000000000073e-02
-8.613250000000000073e-02
-8.613250000000000073e-02
-8.319699999999999318e-02
-8.319699999999999318e-02
-8.319699999999999318e-02
-8.319699999999999318e-02
-8.182050000000000434e-02
-8.071200000000000596e-02
-8.071200000000000596e-02
-8.071200000000000596e-02
-7.654450000000000143e-02
-7.654450000000000143e-02
-7.654450000000000143e-02
-7.654450000000000143e-02
-7.544549999999999867e-02
-7.544549999999999867e-02
-7.406550000000000633e-02
-7.340850000000000153e-02
-7.340850000000000153e-02
-7.340850000000000153e-02
-7.340850000000000153e-02
-7.340850000000000153e-02
-7.340850000000000153e-02
-7.171399999999999997e-02
-7.171399999999999997e-02
-7.171399999999999997e-02
-7.171399999999999997e-02
-7.171399999999999997e-02
-7.132900000000000351e-02
-7.132900000000000351e-02
-7.132900000000000351e-02
-6.964850000000000207e-02
-6.964850000000000207e-02
-6.957850000000000146e-02
-6.957850000000000146e-02
-6.957850000000000146e-02
-6.957850000000000146e-02
-6.957850000000000146e-02
-6.930550000000000599e-02
-6.805049999999999988e-02
-6.805049999999999988e-02
-6.794799999999999451e-02
-6.794799999999999451e-02
-6.794799999999999451e-02
-6.594450000000000311e-02
-6.205000000000000099e-02
-6.205000000000000099e-02
-6.205000000000000099e-02
-6.205000000000000099e-02
-6.205000000000000099e-02
-6.205000000000000099e-02
-6.205000000000000099e-02
-6.205000000000000099e-02
-6.169449999999999934e-02
-6.169449999999999934e-02
-6.169449999999999934e-02
-6.169449999999999934e-02
-6.153949999999999698e-02
-6.153949999999999698e-02
-6.153949999999999698e-02
-6.153949999999999698e-02
-6.153949999999999698e-02
-5.995299999999999935e-02
-5.995299999999999935e-02
-5.995299999999999935e-02
-5.995299999999999935e-02
-5.995299999999999935e-02
-5.995299999999999935e-02
-5.995299999999999935e-02
-5.883700000000000041e-02
-5.883700000000000041e-02
-5.883700000000000041e-02
-5.883700000000000041e-02
-5.883700000000000041e-02
-5.883700000000000041e-02
-5.883700000000000041e-02
-5.803450000000000275e-02
-5.803450000000000275e-02
-5.803450000000000275e-02
-5.647950000000000192e-02
-5.647950000000000192e-02
-5.647950000000000192e-02
-5.647950000000000192e-02
-5.647950000000000192e-02
-5.647950000000000192e-02
-5.647950000000000192e-02
-5.647950000000000192e-02
-5.639849999999999725e-02
-5.639849999999999725e-02
-5.355549999999999894e-02
-5.355549999999999894e-02
-5.355549999999999894e-02
-5.355549999999999894e-02
-5.355549999999999894e-02
-5.355549999999999894e-02
-5.355549999999999894e-02
-5.336699999999999777e-02
-5.336699999999999777e-02
-5.336699999999999777e-02
-5.336699999999999777e-02
-5.336699999999999777e-02
-5.336699999999999777e-02
-5.181999999999999801e-02
-5.181999999999999801e-02
-5.181999999999999801e-02
-5.181999999999999801e-02
-5.181999999999999801e-02
-5.181999999999999801e-02
-5.181999999999999801e-02
-5.181999999999999801e-02
-5.126700000000000007e-02
-5.111700000000000271e-02
-5.111700000000000271e-02
-5.111700000000000271e-02
-5.111700000000000271e-02
-5.092599999999999905e-02
-5.092599999999999905e-02
-5.077899999999999775e-02
-5.077899999999999775e-02
-5.039049999999999779e-02
-5.039049999999999779e-02
-4.955249999999999932e-02
-4.955249999999999932e-02
-4.955249999999999932e-02
-4.955249999999999932e-02
-4.955249999999999932e-02
-4.955249999999999932e-02
-4.955249999999999932e-02
-4.955249999999999932e-02
-4.955249999999999932e-02
-4.893000000000000127e-02
-4.893000000000000127e-02
-4.893000000000000127e-02
-4.893000000000000127e-02
-4.893000000000000127e-02
-4.893000000000000127e-02
-4.893000000000000127e-02
-4.893000000000000127e-02
-4.893000000000000127e-02
-4.893000000000000127e-02
-4.893000000000000127e-02
-4.885649999999999715e-02
-4.885649999999999715e-02
-4.885649999999999715e-02
-4.851899999999999963e-02
-4.851899999999999963e-02
-4.851899999999999963e-02
-4.851899999999999963e-02
-4.851899999999999963e-02
-4.851899999999999963e-02
-4.851899999999999963e-02
-4.851899999999999963e-02
-4.687050000000000244e-02
-4.687050000000000244e-02
-4.608750000000000346e-02
-4.608750000000000346e-02
-4.608750000000000346e-02
-4.608750000000000346e-02
-4.608750000000000346e-02
-4.608399999999999996e-02
-4.604849999999999915e-02
-4.604849999999999915e-02
-4.604849999999999915e-02
-4.520550000000000263e-02
-4.520550000000000263e-02
-4.520550000000000263e-02
-4.520550000000000263e-02
-4.520550000000000263e-02
-4.520550000000000263e-02
-4.499399999999999927e-02
-4.481700000000000267e-02
-4.481700000000000267e-02
-4.481700000000000267e-02
-4.449600000000000083e-02
-4.431149999999999672e-02
-4.431149999999999672e-02
-4.362449999999999661e-02
-4.362449999999999661e-02
-4.362449999999999661e-02
-4.308549999999999880e-02
-4.308549999999999880e-02
-4.230949999999999989e-02
-4.230949999999999989e-02
-4.230949999999999989e-02
-4.230949999999999989e-02
-4.230949999999999989e-02
-4.230949999999999989e-02
-4.230949999999999989e-02
-4.230949999999999989e-02
-4.230949999999999989e-02
-4.230949999999999989e-02
-4.230949999999999989e-02
-4.229549999999999976e-02
-4.229549999999999976e-02
-4.220850000000000296e-02
-4.201799999999999979e-02
-4.201799999999999979e-02
-4.201799999999999979e-02
-4.196350000000000080e-02
-4.193349999999999855e-02
-4.193349999999999855e-02
-4.193349999999999855e-02
-4.183749999999999969e-02
-4.179499999999999882e-02
-4.064949999999999813e-02
-4.064949999999999813e-02
-4.064949999999999813e-02
-4.064949999999999813e-02
-4.064949999999999813e-02
-4.064949999999999813e-02
-4.062249999999999889e-02
-4.062249999999999889e-02
-4.062249999999999889e-02
-4.062249999999999889e-02
-4.062249999999999889e-02
-4.062249999999999889e-02
-4.062249999999999889e-02
-4.062249999999999889e-02
-4.062249999999999889e-02
-4.062249999999999889e-02
-4.027499999999999830e-02
-4.027499999999999830e-02
-4.027499999999999830e-02
-4.027499999999999830e-02
-4.027499999999999830e-02
-4.027499999999999830e-02
-4.027499999999999830e-02
-4.027499999999999830e-02
-4.003450000000000064e-02
-4.003450000000000064e-02
-4.003450000000000064e-02
-4.003450000000000064e-02
-4.003450000000000064e-02
-4.003450000000000064e-02
-4.002100000000000102e-02
-4.002100000000000102e-02
-4.002100000000000102e-02
-4.002100000000000102e-02
-3.984850000000000197e-02
-3.938649999999999790e-02
-3.938649999999999790e-02
-3.938649999999999790e-02
-3.938649999999999790e-02
-3.938649999999999790e-02
-3.938649999999999790e-02
-3.938649999999999790e-02
-3.938649999999999790e-02
-3.938649999999999790e-02
-3.938649999999999790e-02
-3.938649999999999790e-02
-3.938649999999999790e-02
-3.938649999999999790e-02
-3.938649999999999790e-02
-3.938649999999999790e-02
-3.938649999999999790e-02
-3.937399999999999928e-02
-3.931899999999999978e-02
-3.931899999999999978e-02
-3.931400000000000172e-02
-3.931400000000000172e-02
-3.930999999999999772e-02
-3.929450000000000304e-02
-3.928199999999999747e-02
-3.926049999999999679e-02
-3.926049999999999679e-02
-3.925900000000000223e-02
-3.908500000000000169e-02
-3.908500000000000169e-02
-3.908500000000000169e-02
-3.908500000000000169e-02
-3.908500000000000169e-02
-3.908500000000000169e-02
-3.908500000000000169e-02
-3.908500000000000169e-02
-3.908500000000000169e-02
-3.908500000000000169e-02
-3.908500000000000169e-02
-3.831249999999999933e-02
-3.831249999999999933e-02
-3.831249999999999933e-02
-3.815149999999999791e-02
-3.815149999999999791e-02
-3.815149999999999791e-02
-3.815149999999999791e-02
-3.815149999999999791e-02
-3.815149999999999791e-02
-3.815149999999999791e-02
-3.815149999999999791e-02
-3.815149999999999791e-02
-3.815149999999999791e-02
-3.815149999999999791e-02
-3.815149999999999791e-02
-3.815149999999999791e-02
-3.815149999999999791e-02
-3.815149999999999791e-02
-3.815149999999999791e-02
-3.810750000000000248e-02
-3.810199999999999698e-02
-3.810199999999999698e-02
-3.810050000000000242e-02
-3.806799999999999767e-02
-3.806799999999999767e-02
-3.806799999999999767e-02
-3.806799999999999767e-02
-3.806799999999999767e-02
-3.806799999999999767e-02
-3.806799999999999767e-02
-3.806799999999999767e-02
-3.806799999999999767e-02
-3.806799999999999767e-02
-3.806799999999999767e-02
-3.806799999999999767e-02
-3.805900000000000255e-02
-3.805150000000000199e-02
-3.748400000000000343e-02
-3.748400000000000343e-02
-3.748400000000000343e-02
-3.748400000000000343e-02
-3.748400000000000343e-02
-3.748400000000000343e-02
-3.748400000000000343e-02
-3.748400000000000343e-02
-3.723200000000000121e-02
-3.723200000000000121e-02
-3.723200000000000121e-02
-3.723200000000000121e-02
-3.723200000000000121e-02
-3.723200000000000121e-02
-3.723200000000000121e-02
-3.723200000000000121e-02
-3.723200000000000121e-02
-3.719449999999999840e-02
-3.719449999999999840e-02
-3.715799999999999659e-02
-3.715799999999999659e-02
-3.715799999999999659e-02
-3.715799999999999659e-02
-3.714350000000000290e-02
-3.714350000000000290e-02
-3.714350000000000290e-02
-3.714350000000000290e-02
-3.714350000000000290e-02
-3.714350000000000290e-02
-3.713849999999999790e-02
-3.713849999999999790e-02
-3.713849999999999790e-02
-3.712100000000000122e-02
-3.712100000000000122e-02
-3.712100000000000122e-02
-3.712100000000000122e-02
-3.712100000000000122e-02
-3.631100000000000300e-02
-3.631100000000000300e-02
-3.631100000000000300e-02
-3.631100000000000300e-02
-3.631100000000000300e-02
-3.631100000000000300e-02
-3.631100000000000300e-02
-3.631100000000000300e-02
-3.631100000000000300e-02
-3.631100000000000300e-02
-3.631100000000000300e-02
-3.630049999999999943e-02
-3.629050000000000331e-02
-3.628800000000000081e-02
-3.628050000000000025e-02
-3.627799999999999775e-02
-3.612250000000000183e-02
-3.612250000000000183e-02
-3.612250000000000183e-02
-3.612250000000000183e-02
-3.612250000000000183e-02
-3.612250000000000183e-02
-3.612250000000000183e-02
-3.612250000000000183e-02
-3.612250000000000183e-02
-3.612250000000000183e-02
-3.605300000000000171e-02
-3.605300000000000171e-02
-3.604750000000000315e-02
-3.604450000000000015e-02
-3.604149999999999715e-02
-3.604050000000000309e-02
-3.604050000000000309e-02
-3.515100000000000169e-02
-3.515100000000000169e-02
-3.515100000000000169e-02
-3.515100000000000169e-02
-3.515100000000000169e-02
-3.515100000000000169e-02
-3.515100000000000169e-02
-3.515100000000000169e-02
-3.515100000000000169e-02
-3.515100000000000169e-02
-3.515100000000000169e-02
-3.513999999999999763e-02
-3.511299999999999838e-02
-3.511299999999999838e-02
-3.511299999999999838e-02
-3.511299999999999838e-02
-3.511299999999999838e-02
-3.511299999999999838e-02
-3.511299999999999838e-02
-3.511299999999999838e-02
-3.473799999999999805e-02
-3.473799999999999805e-02
-3.473799999999999805e-02
-3.473799999999999805e-02
-3.473799999999999805e-02
-3.471799999999999886e-02
-3.471799999999999886e-02
-3.471799999999999886e-02
-3.471799999999999886e-02
-3.469649999999999818e-02
-3.469649999999999818e-02
-3.469649999999999818e-02
-3.469450000000000311e-02
-3.468899999999999761e-02
-3.468899999999999761e-02
-3.468899999999999761e-02
-3.468650000000000205e-02
-3.468500000000000055e-02
-3.465649999999999981e-02
-3.465649999999999981e-02
-3.465649999999999981e-02
-3.465649999999999981e-02
-3.462350000000000150e-02
-3.460350000000000231e-02
-3.459949999999999831e-02
-3.459650000000000225e-02
-3.456399999999999750e-02
-3.429050000000000153e-02
-3.429050000000000153e-02
-3.429050000000000153e-02
-3.429050000000000153e-02
-3.429050000000000153e-02
-3.429050000000000153e-02
-3.429050000000000153e-02
-3.429050000000000153e-02
-3.429050000000000153e-02
-3.429050000000000153e-02
-3.429050000000000153e-02
-3.429050000000000153e-02
-3.429050000000000153e-02
-3.429050000000000153e-02
-3.429050000000000153e-02
-3.429050000000000153e-02
-3.429050000000000153e-02
-3.429050000000000153e-02
-3.424100000000000060e-02
-3.424100000000000060e-02
-3.424100000000000060e-02
-3.410450000000000287e-02
-3.410450000000000287e-02
-3.410450000000000287e-02
-3.410450000000000287e-02
-3.410450000000000287e-02
-3.410450000000000287e-02
-3.402700000000000169e-02
-3.386499999999999927e-02
-3.386499999999999927e-02
-3.386499999999999927e-02
-3.386499999999999927e-02
-3.386499999999999927e-02
-3.386499999999999927e-02
-3.370599999999999985e-02
-3.370599999999999985e-02
-3.370599999999999985e-02
-3.370599999999999985e-02
-3.370599999999999985e-02
-3.366750000000000298e-02
-3.366750000000000298e-02
-3.366050000000000292e-02
-3.366050000000000292e-02
-3.364000000000000323e-02
-3.362049999999999761e-02
-3.362049999999999761e-02
-3.336250000000000326e-02
-3.336250000000000326e-02
-3.336250000000000326e-02
-3.336250000000000326e-02
-3.336250000000000326e-02
-3.336250000000000326e-02
-3.336250000000000326e-02
-3.336250000000000326e-02
-3.336250000000000326e-02
-3.336250000000000326e-02
-3.336250000000000326e-02
-3.335300000000000070e-02
-3.334499999999999964e-02
-3.334000000000000158e-02
-3.333799999999999958e-02
-3.333799999999999958e-02
-3.333749999999999908e-02
-3.333749999999999908e-02
-3.333649999999999808e-02
-3.333300000000000152e-02
-3.333300000000000152e-02
-3.333300000000000152e-02
-3.333300000000000152e-02
-3.330550000000000177e-02
-3.330550000000000177e-02
-3.330550000000000177e-02
-3.330550000000000177e-02
-3.330550000000000177e-02
-3.330550000000000177e-02
-3.330550000000000177e-02
-3.330550000000000177e-02
-3.330550000000000177e-02
-3.330550000000000177e-02
-3.330550000000000177e-02
-3.330550000000000177e-02
-3.322699999999999959e-02
-3.322699999999999959e-02
-3.322699999999999959e-02
-3.322549999999999809e-02
-3.322499999999999759e-02
-3.322499999999999759e-02
-3.322499999999999759e-02
-3.322449999999999709e-02
-3.304350000000000342e-02
-3.304350000000000342e-02
-3.304350000000000342e-02
-3.298199999999999743e-02
-3.298199999999999743e-02
-3.298199999999999743e-02
-3.298199999999999743e-02
-3.298199999999999743e-02
-3.298199999999999743e-02
-3.290049999999999919e-02
-3.283950000000000063e-02
-3.280450000000000033e-02
-3.280450000000000033e-02
-3.280450000000000033e-02
-3.280450000000000033e-02
-3.280450000000000033e-02
-3.280450000000000033e-02
-3.280450000000000033e-02
-3.280450000000000033e-02
-3.280450000000000033e-02
-3.239949999999999775e-02
-3.239949999999999775e-02
-3.239949999999999775e-02
-3.239949999999999775e-02
-3.239949999999999775e-02
-3.239949999999999775e-02
-3.239949999999999775e-02
-3.239949999999999775e-02
-3.239949999999999775e-02
-3.239949999999999775e-02
-3.239949999999999775e-02
-3.239949999999999775e-02
-3.219650000000000289e-02
-3.218399999999999733e-02
-3.218399999999999733e-02
-3.218399999999999733e-02
-3.218399999999999733e-02
-3.217600000000000321e-02
-3.215699999999999809e-02
-3.210049999999999709e-02
-3.207399999999999834e-02
-3.207349999999999784e-02
-3.207349999999999784e-02
-3.185700000000000337e-02
-3.185700000000000337e-02
-3.185700000000000337e-02
-3.185700000000000337e-02
-3.185700000000000337e-02
-3.185700000000000337e-02
-3.185700000000000337e-02
-3.185700000000000337e-02
-3.185700000000000337e-02
-3.185700000000000337e-02
-3.185700000000000337e-02
-3.185700000000000337e-02
-3.185700000000000337e-02
-3.185199999999999837e-02
-3.185199999999999837e-02
-3.185199999999999837e-02
-3.185199999999999837e-02
-3.185049999999999687e-02
-3.185049999999999687e-02
-3.185049999999999687e-02
-3.185049999999999687e-02
-3.183899999999999925e-02
-3.183899999999999925e-02
-3.183899999999999925e-02
-3.183899999999999925e-02
-3.183899999999999925e-02
-3.183899999999999925e-02
-3.183899999999999925e-02
-3.183849999999999875e-02
-3.183849999999999875e-02
-3.183849999999999875e-02
-3.172799999999999926e-02
-3.172799999999999926e-02
-3.172799999999999926e-02
-3.172649999999999776e-02
-3.172350000000000170e-02
-3.172350000000000170e-02
-3.172350000000000170e-02
-3.172350000000000170e-02
-3.172350000000000170e-02
-3.172350000000000170e-02
-3.170049999999999951e-02
-3.170049999999999951e-02
-3.168499999999999789e-02
-3.168250000000000233e-02
-3.167899999999999883e-02
-3.167249999999999927e-02
-3.152649999999999897e-02
-3.152649999999999897e-02
-3.152649999999999897e-02
-3.152649999999999897e-02
-3.152649999999999897e-02
-3.151600000000000235e-02
-3.151600000000000235e-02
-3.151600000000000235e-02
-3.147300000000000098e-02
-3.147300000000000098e-02
-3.146349999999999841e-02
-3.146349999999999841e-02
-3.146349999999999841e-02
-3.146050000000000235e-02
-3.146050000000000235e-02
-3.146050000000000235e-02
-3.146050000000000235e-02
-3.146050000000000235e-02
-3.146050000000000235e-02
-3.146050000000000235e-02
-3.146050000000000235e-02
-3.146050000000000235e-02
-3.146050000000000235e-02
-3.146050000000000235e-02
-3.146050000000000235e-02
-3.146050000000000235e-02
-3.145749999999999935e-02
-3.144899999999999779e-02
-3.144899999999999779e-02
-3.144899999999999779e-02
-3.140149999999999886e-02
-3.140149999999999886e-02
-3.140149999999999886e-02
-3.140149999999999886e-02
-3.140149999999999886e-02
-3.140149999999999886e-02
-3.140149999999999886e-02
-3.140149999999999886e-02
-3.140149999999999886e-02
-3.140149999999999886e-02
-3.140149999999999886e-02
-3.140149999999999886e-02
-3.140149999999999886e-02
-3.131749999999999812e-02
-3.131749999999999812e-02
-3.131749999999999812e-02
-3.131749999999999812e-02
-3.131749999999999812e-02
-3.131749999999999812e-02
-3.131749999999999812e-02
-3.131749999999999812e-02
-3.131749999999999812e-02
-3.131749999999999812e-02
-3.131749999999999812e-02
-3.126949999999999869e-02
-3.126949999999999869e-02
-3.126949999999999869e-02
-3.126949999999999869e-02
-3.126949999999999869e-02
-3.126949999999999869e-02
-3.126949999999999869e-02
-3.126949999999999869e-02
-3.126949999999999869e-02
-3.126949999999999869e-02
-3.126949999999999869e-02
-3.126949999999999869e-02
-3.126949999999999869e-02
-3.126949999999999869e-02
-3.126949999999999869e-02
-3.126949999999999869e-02
-3.126949999999999869e-02
-3.126949999999999869e-02
-3.126949999999999869e-02
-3.126949999999999869e-02
-3.109050000000000008e-02
-3.109050000000000008e-02
-3.109050000000000008e-02
-3.109050000000000008e-02
-3.109050000000000008e-02
-3.109050000000000008e-02
-3.109050000000000008e-02
-3.109050000000000008e-02
-3.109050000000000008e-02
-3.109050000000000008e-02
-3.109050000000000008e-02
-3.109050000000000008e-02
-3.109050000000000008e-02
-3.109050000000000008e-02
-3.109050000000000008e-02
-3.109050000000000008e-02
-3.109050000000000008e-02
-3.109050000000000008e-02
-3.109050000000000008e-02
-3.109050000000000008e-02
-3.109050000000000008e-02
-3.109050000000000008e-02
-3.105549999999999977e-02
-3.105449999999999877e-02
-3.105449999999999877e-02
-3.105449999999999877e-02
-3.105449999999999877e-02
-3.105399999999999827e-02
-3.105399999999999827e-02
-3.105399999999999827e-02
-3.105399999999999827e-02
-3.105399999999999827e-02
-3.105399999999999827e-02
-3.105399999999999827e-02
-3.105399999999999827e-02
-3.105399999999999827e-02
-3.105399999999999827e-02
-3.099150000000000169e-02
-3.099150000000000169e-02
-3.099150000000000169e-02
-3.099150000000000169e-02
-3.099150000000000169e-02
-3.099150000000000169e-02
-3.099150000000000169e-02
-3.099150000000000169e-02
-3.099150000000000169e-02
-3.099150000000000169e-02
-3.099150000000000169e-02
-3.099150000000000169e-02
-3.099150000000000169e-02
-3.099150000000000169e-02
-3.099150000000000169e-02
-3.099150000000000169e-02
-3.099150000000000169e-02
-3.099150000000000169e-02
-3.094399999999999928e-02
-3.092999999999999916e-02
-3.092999999999999916e-02
-3.092900000000000163e-02
-3.092900000000000163e-02
-3.092900000000000163e-02
-3.092900000000000163e-02
-3.092900000000000163e-02
-3.092400000000000010e-02
-3.092400000000000010e-02
-3.092400000000000010e-02
-3.092400000000000010e-02
-3.068449999999999997e-02
-3.068449999999999997e-02
-3.068449999999999997e-02
-3.068449999999999997e-02
-3.068449999999999997e-02
-3.068449999999999997e-02
-3.068449999999999997e-02
-3.068449999999999997e-02
-3.068449999999999997e-02
-3.068449999999999997e-02
-3.068449999999999997e-02
-3.068449999999999997e-02
-3.068449999999999997e-02
-3.068449999999999997e-02
-3.068200000000000094e-02
-3.066299999999999928e-02
-3.066299999999999928e-02
-3.066299999999999928e-02
-3.064650000000000013e-02
-3.064650000000000013e-02
-3.064350000000000060e-02
-3.064350000000000060e-02
-3.064350000000000060e-02
-3.064350000000000060e-02
-3.062650000000000095e-02
-3.062650000000000095e-02
-3.062650000000000095e-02
-3.062650000000000095e-02
-3.061250000000000082e-02
-3.061250000000000082e-02
-3.061149999999999982e-02
-3.059999999999999873e-02
-3.059999999999999873e-02
-3.058949999999999864e-02
-3.058949999999999864e-02
-3.058949999999999864e-02
-3.058949999999999864e-02
-3.058949999999999864e-02
-3.058949999999999864e-02
-3.058949999999999864e-02
-3.058949999999999864e-02
-3.058949999999999864e-02
-3.058949999999999864e-02
-3.058949999999999864e-02
-3.058949999999999864e-02
-3.058949999999999864e-02
-3.058450000000000057e-02
-3.058450000000000057e-02
-3.058450000000000057e-02
-3.058450000000000057e-02
-3.058450000000000057e-02
-3.058450000000000057e-02
-3.058450000000000057e-02
-3.058450000000000057e-02
-3.058450000000000057e-02
-3.058450000000000057e-02
-3.058450000000000057e-02
-3.058450000000000057e-02
-3.056599999999999942e-02
-3.056599999999999942e-02
-3.056599999999999942e-02
-3.056599999999999942e-02
-3.056599999999999942e-02
-3.056599999999999942e-02
-3.056549999999999892e-02
-3.056549999999999892e-02
-3.049150000000000124e-02
-3.049150000000000124e-02
-3.043950000000000128e-02
-3.040299999999999947e-02
-3.040100000000000094e-02
-3.039800000000000141e-02
-3.039750000000000091e-02
-3.039750000000000091e-02
-3.039549999999999891e-02
-3.039549999999999891e-02
-3.039549999999999891e-02
-3.039199999999999888e-02
-3.038400000000000128e-02
-3.038400000000000128e-02
-3.038199999999999928e-02
-3.030100000000000154e-02
-3.030100000000000154e-02
-3.030100000000000154e-02
-3.030100000000000154e-02
-3.029400000000000148e-02
-3.027049999999999880e-02
-3.027049999999999880e-02
-3.026950000000000127e-02
-3.026749999999999927e-02
-3.026749999999999927e-02
-3.019149999999999959e-02
-3.019149999999999959e-02
-3.019149999999999959e-02
-3.019149999999999959e-02
-3.019149999999999959e-02
-3.019149999999999959e-02
-3.019149999999999959e-02
-3.019149999999999959e-02
-3.019149999999999959e-02
-3.019149999999999959e-02
-3.019149999999999959e-02
-3.019149999999999959e-02
-3.019149999999999959e-02
-3.019149999999999959e-02
-3.019149999999999959e-02
-3.019149999999999959e-02
-3.019149999999999959e-02
-3.019149999999999959e-02
-3.019149999999999959e-02
-3.019149999999999959e-02
-3.018500000000000003e-02
-3.018500000000000003e-02
-3.018500000000000003e-02
-3.018500000000000003e-02
-3.016800000000000037e-02
-3.016800000000000037e-02
-3.016800000000000037e-02
-3.016749999999999987e-02
-3.016749999999999987e-02
-3.016649999999999887e-02
-3.016399999999999984e-02
-3.016299999999999884e-02
-3.016249999999999834e-02
-3.016150000000000081e-02
-3.015999999999999931e-02
-3.015999999999999931e-02
-3.015999999999999931e-02
-3.015999999999999931e-02
-3.015999999999999931e-02
-3.015999999999999931e-02
-3.015999999999999931e-02
-3.015999999999999931e-02
-3.014999999999999972e-02
-3.014999999999999972e-02
-3.014999999999999972e-02
-3.014999999999999972e-02
-3.005700000000000038e-02
-3.005700000000000038e-02
-3.005700000000000038e-02
-3.005700000000000038e-02
-3.005700000000000038e-02
