9.988419726617923100e-01
8.721249530663870431e-01
4.561608620929347158e-01
9.983309486971263524e-01
8.761695480149587212e-01
7.690311231036957018e-01
9.970824344402053896e-01
9.516119520190444714e-01
6.555449471782393012e-01
9.976961883031305600e-01
8.631126260448189758e-01
5.502696073721271564e-01
9.982195712366406237e-01
8.729433589222270751e-01
6.481738981319118409e-01
9.983942715448743677e-01
8.709957208992186173e-01
6.242446351820680750e-01
9.984853532279756028e-01
8.565697615867171599e-01
5.163887118845149615e-01
9.992892497361191007e-01
9.037145781223625551e-01
4.995076934813442726e-01
9.994050417079360926e-01
8.840834102833761143e-01
4.936556817899551142e-01
9.991878242795484422e-01
8.640750326635538991e-01
3.252818804351456095e-01
