-1.823305000000000065e-01
-1.823305000000000065e-01
-1.766514999999999891e-01
-1.766514999999999891e-01
-1.446765000000000134e-01
-1.446765000000000134e-01
-1.366024999999999878e-01
-1.357230000000000103e-01
-1.357230000000000103e-01
-1.286259999999999903e-01
-1.220234999999999931e-01
-1.180685000000000068e-01
-1.170265000000000055e-01
-9.610849999999999949e-02
-9.610849999999999949e-02
-9.610849999999999949e-02
-8.688999999999999502e-02
-7.804500000000000326e-02
-7.804500000000000326e-02
-7.804500000000000326e-02
-6.877149999999999930e-02
-6.330149999999999666e-02
-5.871950000000000086e-02
-4.855000000000000288e-02
-4.729599999999999776e-02
-4.503250000000000308e-02
-4.004100000000000020e-02
-4.004100000000000020e-02
-3.123400000000000135e-02
-3.123400000000000135e-02
-3.123400000000000135e-02
-2.887699999999999989e-02
-2.887699999999999989e-02
-2.784949999999999926e-02
-2.784949999999999926e-02
-2.221499999999999864e-02
-2.221499999999999864e-02
-2.156550000000000133e-02
-2.016350000000000087e-02
-2.016350000000000087e-02
-2.016350000000000087e-02
-1.911300000000000152e-02
-1.911300000000000152e-02
-1.911300000000000152e-02
-1.911300000000000152e-02
-1.855300000000000005e-02
-1.855300000000000005e-02
-1.855300000000000005e-02
-1.855300000000000005e-02
-1.855300000000000005e-02
-1.855300000000000005e-02
-1.855300000000000005e-02
-1.855300000000000005e-02
-1.847000000000000031e-02
-1.847000000000000031e-02
-1.843850000000000003e-02
-1.843699999999999853e-02
-1.840200000000000169e-02
-1.840200000000000169e-02
-1.840200000000000169e-02
-1.840200000000000169e-02
-1.837750000000000147e-02
-1.833600000000000160e-02
-1.827449999999999908e-02
-1.810200000000000004e-02
-1.810200000000000004e-02
-1.810200000000000004e-02
-1.796400000000000080e-02
-1.796400000000000080e-02
-1.769000000000000086e-02
-1.686599999999999905e-02
-1.686599999999999905e-02
-1.686599999999999905e-02
-1.686599999999999905e-02
-1.686599999999999905e-02
-1.686599999999999905e-02
-1.686599999999999905e-02
-1.686599999999999905e-02
-1.686599999999999905e-02
-1.680500000000000049e-02
-1.680500000000000049e-02
-1.680500000000000049e-02
-1.680500000000000049e-02
-1.605900000000000036e-02
-1.584150000000000141e-02
-1.584150000000000141e-02
-1.584150000000000141e-02
-1.567100000000000090e-02
-1.567100000000000090e-02
-1.567100000000000090e-02
-1.567100000000000090e-02
-1.561599999999999967e-02
-1.559100000000000069e-02
-1.558999999999999969e-02
-1.558999999999999969e-02
-1.558999999999999969e-02
-1.558999999999999969e-02
-1.558999999999999969e-02
-1.556950000000000001e-02
-1.556450000000000021e-02
-1.556450000000000021e-02
-1.553299999999999993e-02
-1.553299999999999993e-02
-1.549649999999999986e-02
-1.549649999999999986e-02
-1.547699999999999944e-02
-1.547699999999999944e-02
-1.547699999999999944e-02
-1.547699999999999944e-02
-1.547699999999999944e-02
-1.547699999999999944e-02
-1.547549999999999967e-02
-1.547549999999999967e-02
-1.545149999999999996e-02
-1.545149999999999996e-02
-1.545149999999999996e-02
-1.544449999999999990e-02
-1.543300000000000054e-02
-1.543300000000000054e-02
-1.543300000000000054e-02
-1.543300000000000054e-02
-1.540200000000000076e-02
-1.540200000000000076e-02
-1.540200000000000076e-02
-1.540200000000000076e-02
-1.540200000000000076e-02
-1.540200000000000076e-02
-1.540200000000000076e-02
-1.540200000000000076e-02
-1.538800000000000064e-02
-1.538800000000000064e-02
-1.538250000000000034e-02
-1.538250000000000034e-02
-1.536999999999999998e-02
-1.536999999999999998e-02
-1.536999999999999998e-02
-1.536700000000000045e-02
-1.536700000000000045e-02
-1.536200000000000065e-02
-1.536200000000000065e-02
-1.536200000000000065e-02
-1.535249999999999983e-02
-1.535049999999999956e-02
-1.534800000000000053e-02
-1.534750000000000003e-02
-1.534499999999999927e-02
-1.534499999999999927e-02
-1.534499999999999927e-02
-1.534499999999999927e-02
-1.534499999999999927e-02
-1.534499999999999927e-02
-1.534499999999999927e-02
-1.534499999999999927e-02
-1.534499999999999927e-02
-1.534499999999999927e-02
-1.534499999999999927e-02
-1.534499999999999927e-02
-1.534499999999999927e-02
-1.534499999999999927e-02
-1.534499999999999927e-02
-1.534100000000000047e-02
-1.534100000000000047e-02
-1.534100000000000047e-02
-1.534100000000000047e-02
-1.534100000000000047e-02
-1.534100000000000047e-02
-1.534049999999999997e-02
-1.534049999999999997e-02
-1.534049999999999997e-02
-1.534049999999999997e-02
-1.534049999999999997e-02
-1.534049999999999997e-02
-1.534049999999999997e-02
-1.534049999999999997e-02
-1.534049999999999997e-02
-1.534049999999999997e-02
-1.534049999999999997e-02
-1.534049999999999997e-02
-1.534049999999999997e-02
-1.530250000000000013e-02
-1.530250000000000013e-02
-1.530250000000000013e-02
-1.530250000000000013e-02
-1.530250000000000013e-02
-1.530250000000000013e-02
-1.530250000000000013e-02
-1.530250000000000013e-02
-1.530250000000000013e-02
-1.530250000000000013e-02
-1.530250000000000013e-02
-1.530250000000000013e-02
-1.530250000000000013e-02
-1.530199999999999963e-02
-1.530199999999999963e-02
-1.530199999999999963e-02
-1.530199999999999963e-02
-1.530199999999999963e-02
-1.530199999999999963e-02
-1.530199999999999963e-02
-1.530199999999999963e-02
-1.530199999999999963e-02
-1.530199999999999963e-02
-1.530199999999999963e-02
-1.530199999999999963e-02
-1.530199999999999963e-02
-1.529450000000000080e-02
-1.529450000000000080e-02
-1.529450000000000080e-02
-1.529450000000000080e-02
-1.529450000000000080e-02
-1.529450000000000080e-02
-1.529450000000000080e-02
-1.527350000000000062e-02
-1.527350000000000062e-02
-1.526699999999999932e-02
-1.526699999999999932e-02
-1.526699999999999932e-02
-1.526699999999999932e-02
-1.526699999999999932e-02
-1.526600000000000006e-02
-1.526600000000000006e-02
-1.526600000000000006e-02
-1.526600000000000006e-02
-1.526600000000000006e-02
-1.526600000000000006e-02
-1.526600000000000006e-02
-1.526549999999999956e-02
-1.526549999999999956e-02
-1.526549999999999956e-02
-1.526549999999999956e-02
-1.526549999999999956e-02
-1.526100000000000026e-02
-1.526100000000000026e-02
-1.526100000000000026e-02
-1.526100000000000026e-02
-1.526100000000000026e-02
-1.526100000000000026e-02
-1.526100000000000026e-02
-1.526100000000000026e-02
-1.526100000000000026e-02
-1.526100000000000026e-02
-1.525999999999999926e-02
-1.525750000000000023e-02
-1.525750000000000023e-02
-1.525750000000000023e-02
-1.525750000000000023e-02
-1.525750000000000023e-02
-1.525600000000000046e-02
-1.525600000000000046e-02
-1.525600000000000046e-02
-1.525600000000000046e-02
-1.525600000000000046e-02
-1.525549999999999996e-02
-1.525549999999999996e-02
-1.525549999999999996e-02
-1.525549999999999996e-02
-1.524550000000000037e-02
-1.524550000000000037e-02
-1.524550000000000037e-02
-1.522599999999999995e-02
-1.522599999999999995e-02
-1.521899999999999989e-02
-1.521849999999999939e-02
-1.521650000000000086e-02
-1.521650000000000086e-02
-1.521549999999999986e-02
-1.521549999999999986e-02
-1.521549999999999986e-02
-1.521549999999999986e-02
-1.517899999999999978e-02
-1.517899999999999978e-02
-1.517899999999999978e-02
-1.517650000000000075e-02
-1.517650000000000075e-02
-1.517549999999999975e-02
-1.514350000000000071e-02
-1.512649999999999932e-02
-1.512649999999999932e-02
-1.512649999999999932e-02
-1.512450000000000079e-02
-1.512450000000000079e-02
-1.512450000000000079e-02
-1.512450000000000079e-02
-1.512450000000000079e-02
-1.512450000000000079e-02
-1.512400000000000029e-02
-1.512400000000000029e-02
-1.512400000000000029e-02
-1.512400000000000029e-02
-1.512400000000000029e-02
-1.512299999999999929e-02
-1.512299999999999929e-02
-1.512299999999999929e-02
-1.512299999999999929e-02
-1.512299999999999929e-02
-1.512299999999999929e-02
-1.512299999999999929e-02
-1.512299999999999929e-02
-1.512299999999999929e-02
-1.512299999999999929e-02
-1.512299999999999929e-02
-1.512299999999999929e-02
-1.512299999999999929e-02
-1.512299999999999929e-02
-1.512299999999999929e-02
-1.512299999999999929e-02
-1.512299999999999929e-02
-1.512299999999999929e-02
-1.512299999999999929e-02
-1.512299999999999929e-02
-1.512299999999999929e-02
-1.512299999999999929e-02
-1.511050000000000067e-02
-1.511050000000000067e-02
-1.511050000000000067e-02
-1.511050000000000067e-02
-1.511050000000000067e-02
-1.511050000000000067e-02
-1.511050000000000067e-02
-1.511050000000000067e-02
-1.511050000000000067e-02
-1.511000000000000017e-02
-1.511000000000000017e-02
-1.511000000000000017e-02
-1.511000000000000017e-02
-1.511000000000000017e-02
-1.511000000000000017e-02
-1.511000000000000017e-02
-1.511000000000000017e-02
-1.511000000000000017e-02
-1.511000000000000017e-02
-1.511000000000000017e-02
-1.511000000000000017e-02
-1.511000000000000017e-02
-1.511000000000000017e-02
-1.511000000000000017e-02
-1.511000000000000017e-02
-1.511000000000000017e-02
-1.511000000000000017e-02
-1.511000000000000017e-02
-1.511000000000000017e-02
-1.511000000000000017e-02
-1.511000000000000017e-02
-1.511000000000000017e-02
-1.511000000000000017e-02
-1.511000000000000017e-02
-1.511000000000000017e-02
-1.511000000000000017e-02
-1.511000000000000017e-02
-1.511000000000000017e-02
-1.511000000000000017e-02
-1.511000000000000017e-02
-1.511000000000000017e-02
-1.511000000000000017e-02
-1.511000000000000017e-02
-1.511000000000000017e-02
-1.511000000000000017e-02
-1.511000000000000017e-02
-1.511000000000000017e-02
-1.511000000000000017e-02
-1.511000000000000017e-02
-1.511000000000000017e-02
-1.511000000000000017e-02
-1.511000000000000017e-02
-1.511000000000000017e-02
-1.511000000000000017e-02
-1.505249999999999991e-02
-1.501850000000000060e-02
-1.501850000000000060e-02
-1.501850000000000060e-02
-1.501749999999999960e-02
-1.501749999999999960e-02
-1.501749999999999960e-02
-1.501749999999999960e-02
-1.501700000000000083e-02
-1.501700000000000083e-02
-1.501700000000000083e-02
-1.501700000000000083e-02
-1.501700000000000083e-02
-1.501700000000000083e-02
-1.501700000000000083e-02
-1.501700000000000083e-02
-1.501700000000000083e-02
-1.501700000000000083e-02
-1.499750000000000041e-02
-1.499750000000000041e-02
-1.499750000000000041e-02
-1.499750000000000041e-02
-1.499750000000000041e-02
-1.499750000000000041e-02
-1.499750000000000041e-02
-1.499750000000000041e-02
-1.499750000000000041e-02
-1.499750000000000041e-02
-1.499750000000000041e-02
-1.499750000000000041e-02
-1.499750000000000041e-02
-1.499750000000000041e-02
-1.499750000000000041e-02
-1.499750000000000041e-02
-1.499750000000000041e-02
-1.499750000000000041e-02
-1.499750000000000041e-02
-1.499699999999999991e-02
-1.499699999999999991e-02
-1.499699999999999991e-02
-1.499699999999999991e-02
-1.499699999999999991e-02
-1.499699999999999991e-02
-1.499699999999999991e-02
-1.499699999999999991e-02
-1.499699999999999991e-02
-1.499699999999999991e-02
-1.499699999999999991e-02
-1.499699999999999991e-02
-1.499699999999999991e-02
-1.499349999999999988e-02
-1.499349999999999988e-02
-1.499349999999999988e-02
-1.499349999999999988e-02
-1.499299999999999938e-02
-1.499299999999999938e-02
-1.499250000000000062e-02
-1.498999999999999985e-02
-1.498999999999999985e-02
-1.498949999999999935e-02
-1.498900000000000059e-02
-1.498900000000000059e-02
-1.498900000000000059e-02
-1.498900000000000059e-02
-1.498900000000000059e-02
-1.498900000000000059e-02
-1.498900000000000059e-02
-1.498900000000000059e-02
-1.498900000000000059e-02
-1.498900000000000059e-02
-1.498900000000000059e-02
-1.498900000000000059e-02
-1.498900000000000059e-02
-1.498900000000000059e-02
-1.498900000000000059e-02
-1.498900000000000059e-02
-1.498900000000000059e-02
-1.498900000000000059e-02
-1.498900000000000059e-02
-1.498900000000000059e-02
-1.498900000000000059e-02
-1.498900000000000059e-02
-1.498900000000000059e-02
-1.498900000000000059e-02
-1.498900000000000059e-02
-1.498900000000000059e-02
-1.498900000000000059e-02
-1.498900000000000059e-02
-1.498900000000000059e-02
-1.498900000000000059e-02
-1.498900000000000059e-02
-1.498900000000000059e-02
-1.498900000000000059e-02
-1.498900000000000059e-02
-1.498900000000000059e-02
-1.498900000000000059e-02
-1.498900000000000059e-02
-1.498900000000000059e-02
-1.498900000000000059e-02
-1.498900000000000059e-02
-1.498900000000000059e-02
-1.498900000000000059e-02
-1.498900000000000059e-02
-1.498900000000000059e-02
-1.498900000000000059e-02
-1.498900000000000059e-02
-1.498900000000000059e-02
-1.498900000000000059e-02
-1.498900000000000059e-02
-1.498900000000000059e-02
-1.498900000000000059e-02
-1.498900000000000059e-02
-1.498900000000000059e-02
-1.498900000000000059e-02
-1.498900000000000059e-02
-1.498900000000000059e-02
-1.498900000000000059e-02
-1.498900000000000059e-02
-1.498900000000000059e-02
-1.498900000000000059e-02
-1.498900000000000059e-02
-1.498900000000000059e-02
-1.498900000000000059e-02
-1.498900000000000059e-02
-1.498900000000000059e-02
-1.498900000000000059e-02
-1.498900000000000059e-02
-1.498900000000000059e-02
-1.498900000000000059e-02
-1.498900000000000059e-02
-1.498900000000000059e-02
-1.498900000000000059e-02
-1.498900000000000059e-02
-1.498900000000000059e-02
-1.498900000000000059e-02
-1.498900000000000059e-02
-1.498900000000000059e-02
-1.498900000000000059e-02
-1.498900000000000059e-02
-1.498900000000000059e-02
-1.498900000000000059e-02
-1.498900000000000059e-02
-1.498900000000000059e-02
-1.498900000000000059e-02
-1.498900000000000059e-02
-1.498900000000000059e-02
-1.498900000000000059e-02
-1.498900000000000059e-02
-1.498900000000000059e-02
-1.498900000000000059e-02
-1.498900000000000059e-02
-1.498900000000000059e-02
-1.498900000000000059e-02
-1.498900000000000059e-02
-1.498900000000000059e-02
-1.498900000000000059e-02
-1.498900000000000059e-02
-1.498900000000000059e-02
-1.498900000000000059e-02
-1.498900000000000059e-02
-1.498900000000000059e-02
-1.498900000000000059e-02
-1.498900000000000059e-02
-1.498900000000000059e-02
-1.498900000000000059e-02
-1.498900000000000059e-02
-1.498900000000000059e-02
-1.498900000000000059e-02
-1.498900000000000059e-02
-1.498900000000000059e-02
-1.498900000000000059e-02
-1.498900000000000059e-02
-1.498900000000000059e-02
-1.498900000000000059e-02
-1.498900000000000059e-02
-1.498900000000000059e-02
-1.498900000000000059e-02
-1.498900000000000059e-02
-1.498900000000000059e-02
-1.498900000000000059e-02
-1.498900000000000059e-02
-1.498900000000000059e-02
-1.498900000000000059e-02
-1.498900000000000059e-02
-1.498900000000000059e-02
-1.498900000000000059e-02
-1.498900000000000059e-02
-1.498900000000000059e-02
-1.498900000000000059e-02
-1.498900000000000059e-02
-1.498900000000000059e-02
-1.498900000000000059e-02
-1.498900000000000059e-02
-1.498900000000000059e-02
-1.498900000000000059e-02
-1.498900000000000059e-02
-1.498900000000000059e-02
-1.498900000000000059e-02
-1.498900000000000059e-02
-1.498900000000000059e-02
-1.498900000000000059e-02
-1.498900000000000059e-02
-1.498900000000000059e-02
-1.498900000000000059e-02
-1.498900000000000059e-02
-1.498900000000000059e-02
-1.498900000000000059e-02
-1.498900000000000059e-02
-1.498900000000000059e-02
-1.498900000000000059e-02
-1.498900000000000059e-02
-1.498900000000000059e-02
-1.498900000000000059e-02
-1.498900000000000059e-02
-1.498900000000000059e-02
-1.498900000000000059e-02
-1.498900000000000059e-02
-1.498900000000000059e-02
-1.498900000000000059e-02
-1.498900000000000059e-02
-1.498900000000000059e-02
-1.498900000000000059e-02
-1.498900000000000059e-02
-1.498900000000000059e-02
-1.498900000000000059e-02
-1.498900000000000059e-02
-1.498900000000000059e-02
-1.498900000000000059e-02
-1.498900000000000059e-02
-1.498900000000000059e-02
-1.498900000000000059e-02
-1.498900000000000059e-02
-1.498900000000000059e-02
-1.498900000000000059e-02
-1.498900000000000059e-02
-1.498900000000000059e-02
-1.498900000000000059e-02
-1.498900000000000059e-02
-1.498900000000000059e-02
-1.498900000000000059e-02
-1.498900000000000059e-02
-1.498900000000000059e-02
-1.498900000000000059e-02
-1.498900000000000059e-02
-1.498900000000000059e-02
-1.498900000000000059e-02
-1.498900000000000059e-02
-1.498900000000000059e-02
-1.498900000000000059e-02
-1.498900000000000059e-02
-1.498900000000000059e-02
-1.498900000000000059e-02
-1.498900000000000059e-02
-1.498900000000000059e-02
-1.498900000000000059e-02
-1.498900000000000059e-02
-1.498900000000000059e-02
-1.498900000000000059e-02
-1.498850000000000009e-02
-1.498850000000000009e-02
-1.498850000000000009e-02
-1.498850000000000009e-02
-1.498850000000000009e-02
-1.498850000000000009e-02
-1.498850000000000009e-02
-1.498850000000000009e-02
-1.498850000000000009e-02
-1.498850000000000009e-02
-1.498850000000000009e-02
-1.498850000000000009e-02
-1.498850000000000009e-02
-1.498850000000000009e-02
-1.498850000000000009e-02
-1.498850000000000009e-02
-1.498850000000000009e-02
-1.498850000000000009e-02
-1.498850000000000009e-02
-1.498850000000000009e-02
-1.498850000000000009e-02
-1.498850000000000009e-02
-1.498850000000000009e-02
-1.498850000000000009e-02
-1.498850000000000009e-02
-1.498850000000000009e-02
-1.498850000000000009e-02
-1.498850000000000009e-02
-1.498850000000000009e-02
-1.498850000000000009e-02
-1.498850000000000009e-02
-1.498850000000000009e-02
-1.498850000000000009e-02
-1.498850000000000009e-02
-1.498850000000000009e-02
-1.498850000000000009e-02
-1.498850000000000009e-02
-1.498850000000000009e-02
-1.498850000000000009e-02
-1.498850000000000009e-02
-1.498850000000000009e-02
-1.498850000000000009e-02
-1.498850000000000009e-02
-1.498850000000000009e-02
-1.498850000000000009e-02
-1.498850000000000009e-02
-1.498850000000000009e-02
-1.498850000000000009e-02
-1.498850000000000009e-02
-1.498850000000000009e-02
-1.498850000000000009e-02
-1.498850000000000009e-02
-1.498850000000000009e-02
-1.498850000000000009e-02
-1.498850000000000009e-02
-1.498850000000000009e-02
-1.498850000000000009e-02
-1.498850000000000009e-02
-1.498850000000000009e-02
-1.498850000000000009e-02
-1.498850000000000009e-02
-1.498850000000000009e-02
-1.498850000000000009e-02
-1.498850000000000009e-02
-1.498850000000000009e-02
-1.498850000000000009e-02
-1.498850000000000009e-02
-1.498850000000000009e-02
-1.498850000000000009e-02
-1.498850000000000009e-02
-1.498850000000000009e-02
-1.498850000000000009e-02
-1.498850000000000009e-02
-1.498850000000000009e-02
-1.498850000000000009e-02
-1.498850000000000009e-02
-1.498850000000000009e-02
-1.498850000000000009e-02
-1.498850000000000009e-02
-1.498850000000000009e-02
-1.498850000000000009e-02
-1.498850000000000009e-02
-1.498850000000000009e-02
-1.498850000000000009e-02
-1.498850000000000009e-02
-1.498850000000000009e-02
-1.498850000000000009e-02
-1.498850000000000009e-02
-1.498850000000000009e-02
-1.498850000000000009e-02
-1.498850000000000009e-02
-1.498850000000000009e-02
-1.498850000000000009e-02
-1.498850000000000009e-02
-1.498850000000000009e-02
-1.498850000000000009e-02
-1.498850000000000009e-02
-1.498850000000000009e-02
-1.498850000000000009e-02
-1.498850000000000009e-02
-1.498850000000000009e-02
-1.498850000000000009e-02
-1.498850000000000009e-02
-1.498850000000000009e-02
-1.498850000000000009e-02
-1.498850000000000009e-02
-1.498850000000000009e-02
-1.498850000000000009e-02
-1.498850000000000009e-02
-1.498850000000000009e-02
-1.498850000000000009e-02
-1.498850000000000009e-02
-1.498850000000000009e-02
-1.498850000000000009e-02
-1.498850000000000009e-02
-1.498850000000000009e-02
-1.498850000000000009e-02
-1.498850000000000009e-02
-1.498850000000000009e-02
-1.498850000000000009e-02
-1.498850000000000009e-02
-1.498850000000000009e-02
-1.498850000000000009e-02
-1.498850000000000009e-02
-1.498850000000000009e-02
-1.498850000000000009e-02
-1.498850000000000009e-02
-1.498850000000000009e-02
-1.498850000000000009e-02
-1.498850000000000009e-02
-1.498850000000000009e-02
-1.498850000000000009e-02
-1.498850000000000009e-02
-1.498850000000000009e-02
-1.498850000000000009e-02
-1.498850000000000009e-02
-1.498850000000000009e-02
-1.498850000000000009e-02
-1.498850000000000009e-02
-1.498850000000000009e-02
-1.498850000000000009e-02
-1.498850000000000009e-02
-1.498799999999999959e-02
-1.498799999999999959e-02
-1.498799999999999959e-02
-1.498799999999999959e-02
-1.498799999999999959e-02
-1.498750000000000082e-02
-1.498750000000000082e-02
-1.498750000000000082e-02
-1.498750000000000082e-02
-1.498750000000000082e-02
-1.498000000000000026e-02
-1.497300000000000020e-02
-1.497300000000000020e-02
-1.497300000000000020e-02
-1.496650000000000064e-02
-1.496650000000000064e-02
-1.496650000000000064e-02
-1.496650000000000064e-02
-1.496650000000000064e-02
-1.496499999999999914e-02
-1.496450000000000037e-02
-1.496450000000000037e-02
-1.496450000000000037e-02
-1.496399999999999987e-02
-1.496399999999999987e-02
-1.496399999999999987e-02
-1.496399999999999987e-02
-1.496399999999999987e-02
-1.496399999999999987e-02
-1.496399999999999987e-02
-1.496399999999999987e-02
-1.496399999999999987e-02
-1.496399999999999987e-02
-1.496399999999999987e-02
-1.496399999999999987e-02
-1.496399999999999987e-02
-1.496399999999999987e-02
-1.496399999999999987e-02
-1.496399999999999987e-02
-1.496399999999999987e-02
-1.496399999999999987e-02
-1.496399999999999987e-02
-1.496399999999999987e-02
-1.496399999999999987e-02
-1.496399999999999987e-02
-1.496399999999999987e-02
-1.496399999999999987e-02
-1.496399999999999987e-02
-1.496399999999999987e-02
-1.496399999999999987e-02
-1.496399999999999987e-02
-1.496399999999999987e-02
-1.496399999999999987e-02
-1.496399999999999987e-02
-1.496399999999999987e-02
-1.496399999999999987e-02
-1.496399999999999987e-02
-1.496399999999999987e-02
-1.496399999999999987e-02
-1.496399999999999987e-02
-1.496399999999999987e-02
-1.496399999999999987e-02
-1.496399999999999987e-02
-1.496399999999999987e-02
-1.496399999999999987e-02
-1.496399999999999987e-02
-1.496399999999999987e-02
-1.496399999999999987e-02
-1.496399999999999987e-02
-1.496399999999999987e-02
-1.496399999999999987e-02
-1.496399999999999987e-02
-1.496399999999999987e-02
-1.496399999999999987e-02
-1.496399999999999987e-02
-1.496399999999999987e-02
-1.496399999999999987e-02
-1.496399999999999987e-02
-1.496399999999999987e-02
-1.496399999999999987e-02
-1.496399999999999987e-02
-1.496399999999999987e-02
-1.496399999999999987e-02
-1.496399999999999987e-02
-1.496399999999999987e-02
-1.496399999999999987e-02
-1.496399999999999987e-02
-1.496399999999999987e-02
-1.496399999999999987e-02
-1.496399999999999987e-02
-1.496399999999999987e-02
-1.496399999999999987e-02
-1.496399999999999987e-02
-1.496399999999999987e-02
-1.496399999999999987e-02
-1.496399999999999987e-02
-1.496399999999999987e-02
-1.496399999999999987e-02
-1.496399999999999987e-02
-1.496399999999999987e-02
-1.496399999999999987e-02
-1.496399999999999987e-02
-1.496399999999999987e-02
-1.496399999999999987e-02
-1.496399999999999987e-02
-1.496399999999999987e-02
-1.496399999999999987e-02
-1.496399999999999987e-02
-1.496399999999999987e-02
-1.496399999999999987e-02
-1.496399999999999987e-02
-1.496399999999999987e-02
-1.496399999999999987e-02
-1.496399999999999987e-02
-1.496399999999999987e-02
-1.496399999999999987e-02
-1.496399999999999987e-02
-1.496399999999999987e-02
-1.496399999999999987e-02
-1.496399999999999987e-02
-1.496399999999999987e-02
-1.496399999999999987e-02
-1.496399999999999987e-02
-1.496399999999999987e-02
-1.496399999999999987e-02
-1.496399999999999987e-02
-1.496399999999999987e-02
-1.496399999999999987e-02
-1.496399999999999987e-02
-1.496399999999999987e-02
-1.496399999999999987e-02
-1.496399999999999987e-02
-1.496399999999999987e-02
-1.496399999999999987e-02
-1.496399999999999987e-02
-1.496399999999999987e-02
-1.496399999999999987e-02
-1.496399999999999987e-02
-1.496399999999999987e-02
-1.496399999999999987e-02
-1.496399999999999987e-02
-1.496399999999999987e-02
-1.496399999999999987e-02
-1.496399999999999987e-02
-1.496399999999999987e-02
-1.496399999999999987e-02
-1.496399999999999987e-02
-1.496399999999999987e-02
-1.496399999999999987e-02
-1.496399999999999987e-02
-1.496399999999999987e-02
-1.496399999999999987e-02
-1.496399999999999987e-02
-1.496399999999999987e-02
-1.496399999999999987e-02
-1.496399999999999987e-02
-1.496399999999999987e-02
-1.496399999999999987e-02
-1.496399999999999987e-02
-1.496399999999999987e-02
-1.496399999999999987e-02
-1.496349999999999937e-02
-1.496349999999999937e-02
-1.496349999999999937e-02
-1.496349999999999937e-02
-1.496349999999999937e-02
-1.496349999999999937e-02
-1.496349999999999937e-02
-1.496349999999999937e-02
-1.496349999999999937e-02
-1.496349999999999937e-02
-1.496349999999999937e-02
-1.496349999999999937e-02
-1.496349999999999937e-02
-1.496349999999999937e-02
-1.496349999999999937e-02
-1.496349999999999937e-02
-1.496349999999999937e-02
-1.496349999999999937e-02
-1.496349999999999937e-02
-1.496349999999999937e-02
-1.496349999999999937e-02
-1.496349999999999937e-02
-1.496349999999999937e-02
-1.496349999999999937e-02
-1.496349999999999937e-02
-1.496349999999999937e-02
-1.496349999999999937e-02
-1.496349999999999937e-02
-1.496349999999999937e-02
-1.496349999999999937e-02
-1.496349999999999937e-02
-1.496349999999999937e-02
-1.496349999999999937e-02
-1.496349999999999937e-02
-1.496349999999999937e-02
-1.496349999999999937e-02
-1.496349999999999937e-02
-1.496349999999999937e-02
-1.496349999999999937e-02
-1.496349999999999937e-02
-1.496349999999999937e-02
-1.496349999999999937e-02
-1.496349999999999937e-02
-1.496349999999999937e-02
-1.496349999999999937e-02
-1.496349999999999937e-02
-1.496349999999999937e-02
-1.496349999999999937e-02
-1.496349999999999937e-02
-1.496349999999999937e-02
-1.496349999999999937e-02
-1.496349999999999937e-02
-1.496349999999999937e-02
-1.496349999999999937e-02
-1.496349999999999937e-02
-1.496349999999999937e-02
-1.496349999999999937e-02
-1.496349999999999937e-02
-1.496349999999999937e-02
-1.496349999999999937e-02
-1.496349999999999937e-02
-1.496349999999999937e-02
-1.496349999999999937e-02
-1.496349999999999937e-02
-1.496349999999999937e-02
-1.496349999999999937e-02
-1.496349999999999937e-02
-1.496349999999999937e-02
-1.496349999999999937e-02
-1.496349999999999937e-02
-1.496349999999999937e-02
-1.496349999999999937e-02
-1.496349999999999937e-02
