6.276469691248214300e-01
8.575001797351982091e-01
6.658761032579425532e-01
7.110402481662927432e-01
7.622973048060126544e-01
6.807495656378734772e-01
4.072664543860011754e-01
7.179608845961649166e-01
7.125384048173778462e-01
6.491314284462008644e-01
7.311873651059652701e-01
5.290481302721312673e-01
6.043689239327423302e-01
7.188464359384791891e-01
7.358059464531825355e-01
8.503986574865158854e-01
8.260598550505580118e-01
6.508575052554402829e-01
8.283422152658426185e-01
7.930407862339563518e-01
1.892514428340666410e-01
8.233591906701225316e-01
8.165393732584897979e-01
5.743689350746363775e-01
9.084463742042481194e-01
8.889340093743922644e-01
6.660194841611919436e-01
7.806089374887099641e-01
8.848877291314911631e-01
6.424550297660822640e-01
