1.000000000000000056e-01 -4.879953723832930024e+00
2.000000000000000111e-01 -4.838932049725253037e+00
3.000000000000000444e-01 -4.931955640071624458e+00
4.000000000000000222e-01 -4.943388264479092520e+00
5.000000000000000000e-01 -4.960447738432221421e+00
6.000000000000000888e-01 -4.921229031007849919e+00
7.000000000000000666e-01 -4.955459311730665561e+00
8.000000000000000444e-01 -4.910256293905711722e+00
9.000000000000000222e-01 -4.952019296792691705e+00
1.000000000000000000e+00 -4.941508818542298620e+00
1.100000000000000089e+00 -4.959848245587862969e+00
1.200000000000000178e+00 -4.926885509449348888e+00
1.300000000000000044e+00 -4.941427629869417970e+00
1.400000000000000133e+00 -4.984016499868488381e+00
1.500000000000000000e+00 -4.937649318391943432e+00
1.600000000000000089e+00 -4.879833430243897929e+00
1.700000000000000178e+00 -4.881481442184116837e+00
1.800000000000000044e+00 -4.993484040358221243e+00
1.900000000000000133e+00 -4.945538245962867840e+00
2.000000000000000000e+00 -4.958531437840311362e+00
2.100000000000000089e+00 -4.975898635227514966e+00
2.200000000000000178e+00 -4.894155067956052818e+00
2.300000000000000266e+00 -4.929016256541963514e+00
2.400000000000000355e+00 -4.893091049799260794e+00
2.500000000000000000e+00 -4.964414080598452017e+00
2.600000000000000089e+00 -4.873382069267828243e+00
2.700000000000000178e+00 -4.992087863907653578e+00
2.800000000000000266e+00 -4.964965553102007156e+00
2.900000000000000355e+00 -4.963865217102051197e+00
3.000000000000000000e+00 -4.920415106878446743e+00
