1.000000000000000056e-01 -4.915302578643037101e+00
2.000000000000000111e-01 -4.781847416655006455e+00
3.000000000000000444e-01 -4.887516603558302641e+00
4.000000000000000222e-01 -4.809011864219929322e+00
5.000000000000000000e-01 -4.921211312585885622e+00
6.000000000000000888e-01 -4.788192362302763350e+00
7.000000000000000666e-01 -4.930177589714183739e+00
8.000000000000000444e-01 -4.745904032023913643e+00
9.000000000000000222e-01 -4.884542075312158893e+00
1.000000000000000000e+00 -4.859636055445662350e+00
1.100000000000000089e+00 -4.900101650134500275e+00
1.200000000000000178e+00 -4.901731453584829090e+00
1.300000000000000044e+00 -4.873125144232917982e+00
1.400000000000000133e+00 -4.936773733418834631e+00
1.500000000000000000e+00 -4.942984709590068526e+00
1.600000000000000089e+00 -4.859803112573642281e+00
1.700000000000000178e+00 -4.877491527570988694e+00
1.800000000000000044e+00 -4.860909750580092670e+00
1.900000000000000133e+00 -4.903878724433714531e+00
2.000000000000000000e+00 -4.960785278529076692e+00
2.100000000000000089e+00 -4.773275425322211163e+00
2.200000000000000178e+00 -4.793560511813135250e+00
2.300000000000000266e+00 -4.967782087142247782e+00
2.400000000000000355e+00 -4.826385222073196424e+00
2.500000000000000000e+00 -4.991234367762166002e+00
2.600000000000000089e+00 -4.943723196239495188e+00
2.700000000000000178e+00 -4.884529256914312612e+00
2.800000000000000266e+00 -4.886688613432793815e+00
2.900000000000000355e+00 -4.940844849864870270e+00
3.000000000000000000e+00 -4.918056487571718094e+00
3.100000000000000089e+00 -4.775577932225489874e+00
3.200000000000000178e+00 -4.922882502246429759e+00
3.300000000000000266e+00 -4.881628608601896069e+00
3.400000000000000355e+00 -4.832332411317199927e+00
3.500000000000000000e+00 -4.934315969696473125e+00
3.600000000000000089e+00 -4.949608705103769601e+00
3.700000000000000178e+00 -4.867322359390230169e+00
3.800000000000000266e+00 -4.898991787305480017e+00
3.900000000000000355e+00 -4.846961069666799737e+00
4.000000000000000000e+00 -4.917366713711562198e+00
