-4.885904999999999831e-01
-4.797000000000000153e-01
-4.611885000000000012e-01
-4.481955000000000244e-01
-4.177910000000000235e-01
-4.177910000000000235e-01
-3.965365000000000140e-01
-3.965365000000000140e-01
-3.965365000000000140e-01
-3.924400000000000110e-01
-3.802249999999999797e-01
-3.770835000000000159e-01
-3.697334999999999927e-01
-3.640174999999999939e-01
-3.487514999999999921e-01
-3.487514999999999921e-01
-3.265204999999999913e-01
-3.265204999999999913e-01
-3.265204999999999913e-01
-3.197720000000000007e-01
-3.084764999999999868e-01
-3.065140000000000087e-01
-2.997360000000000024e-01
-2.997360000000000024e-01
-2.893574999999999897e-01
-2.843550000000000244e-01
-2.814415000000000111e-01
-2.784564999999999957e-01
-2.679675000000000251e-01
-2.679675000000000251e-01
-2.679675000000000251e-01
-2.642300000000000204e-01
-2.597234999999999960e-01
-2.524784999999999946e-01
-2.471180000000000043e-01
-2.467040000000000066e-01
-2.381969999999999921e-01
-2.381969999999999921e-01
-2.353840000000000099e-01
-2.353840000000000099e-01
-2.311080000000000079e-01
-2.265139999999999931e-01
-2.213930000000000065e-01
-2.213930000000000065e-01
-2.092684999999999962e-01
-2.092684999999999962e-01
-2.092684999999999962e-01
-2.092684999999999962e-01
-2.092684999999999962e-01
-2.051999999999999935e-01
-2.001884999999999915e-01
-2.001884999999999915e-01
-1.897564999999999946e-01
-1.897564999999999946e-01
-1.891174999999999939e-01
-1.891174999999999939e-01
-1.795170000000000099e-01
-1.795170000000000099e-01
-1.733750000000000013e-01
-1.733750000000000013e-01
-1.689060000000000006e-01
-1.689060000000000006e-01
-1.673924999999999996e-01
-1.673924999999999996e-01
-1.650159999999999960e-01
-1.614974999999999883e-01
-1.603515000000000079e-01
-1.603515000000000079e-01
-1.470170000000000088e-01
-1.470170000000000088e-01
-1.470170000000000088e-01
-1.470170000000000088e-01
-1.470170000000000088e-01
-1.439834999999999865e-01
-1.439834999999999865e-01
-1.435255000000000003e-01
-1.399060000000000026e-01
-1.371515000000000095e-01
-1.371515000000000095e-01
-1.371515000000000095e-01
-1.371515000000000095e-01
-1.347689999999999999e-01
-1.347689999999999999e-01
-1.297304999999999986e-01
-1.297304999999999986e-01
-1.293239999999999945e-01
-1.233095000000000024e-01
-1.176335000000000020e-01
-1.176335000000000020e-01
-1.176335000000000020e-01
-1.176335000000000020e-01
-1.176335000000000020e-01
-1.176335000000000020e-01
-1.176335000000000020e-01
-1.176335000000000020e-01
-1.159525000000000000e-01
-1.123490000000000044e-01
-1.097815000000000041e-01
-1.097815000000000041e-01
-1.097815000000000041e-01
-1.097815000000000041e-01
-1.097815000000000041e-01
-1.076814999999999994e-01
-1.076814999999999994e-01
-1.021274999999999961e-01
-1.021274999999999961e-01
-1.021274999999999961e-01
-1.021274999999999961e-01
-1.021274999999999961e-01
-1.021274999999999961e-01
-1.013514999999999971e-01
-1.013514999999999971e-01
-9.962949999999999584e-02
-9.962949999999999584e-02
-9.717449999999999699e-02
-9.717449999999999699e-02
-9.717449999999999699e-02
-9.198599999999999832e-02
-9.191449999999999620e-02
-9.123349999999999516e-02
-9.033599999999999963e-02
-9.033599999999999963e-02
-8.987150000000000694e-02
-8.903899999999999315e-02
-8.609200000000000186e-02
-8.609200000000000186e-02
-8.090700000000000669e-02
-8.090700000000000669e-02
-8.090700000000000669e-02
-8.090700000000000669e-02
-7.904150000000000065e-02
-7.904150000000000065e-02
-7.809449999999999725e-02
-7.809449999999999725e-02
-7.809449999999999725e-02
-7.809449999999999725e-02
-7.809449999999999725e-02
-7.728000000000000147e-02
-7.728000000000000147e-02
-7.669549999999999979e-02
-7.494349999999999623e-02
-7.365299999999999625e-02
-7.365299999999999625e-02
-7.365299999999999625e-02
-7.363200000000000300e-02
-7.118399999999999728e-02
-7.118399999999999728e-02
-7.118399999999999728e-02
-7.116999999999999715e-02
-7.116849999999999565e-02
-7.112499999999999378e-02
-7.109400000000000441e-02
-7.109400000000000441e-02
-6.879050000000000442e-02
-6.863400000000000056e-02
-6.828399999999999748e-02
-6.828399999999999748e-02
-6.820350000000000024e-02
-6.749900000000000344e-02
-6.749900000000000344e-02
-6.749900000000000344e-02
-6.749900000000000344e-02
-6.559850000000000403e-02
-6.559850000000000403e-02
-6.559850000000000403e-02
-6.554550000000000654e-02
-6.554550000000000654e-02
-6.554350000000000454e-02
-6.549149999999999416e-02
-6.298800000000000232e-02
-6.298800000000000232e-02
-6.298800000000000232e-02
-6.298800000000000232e-02
-6.298800000000000232e-02
-6.154799999999999854e-02
-6.154799999999999854e-02
-6.154799999999999854e-02
-6.154799999999999854e-02
-6.154799999999999854e-02
-6.154799999999999854e-02
-6.018749999999999795e-02
-6.018749999999999795e-02
-6.018749999999999795e-02
-6.018749999999999795e-02
-6.018749999999999795e-02
-5.912549999999999750e-02
-5.910850000000000132e-02
-5.910850000000000132e-02
-5.910850000000000132e-02
-5.910850000000000132e-02
-5.803549999999999681e-02
-5.430850000000000261e-02
-5.430850000000000261e-02
-5.430850000000000261e-02
-5.430850000000000261e-02
-5.430850000000000261e-02
-5.368499999999999661e-02
-5.368499999999999661e-02
-5.368499999999999661e-02
-5.332800000000000040e-02
-5.332800000000000040e-02
-5.332800000000000040e-02
-5.297849999999999782e-02
-5.297849999999999782e-02
-5.273549999999999766e-02
-5.256399999999999961e-02
-5.097249999999999698e-02
-5.097249999999999698e-02
-5.097249999999999698e-02
-5.097249999999999698e-02
-5.097249999999999698e-02
-5.097249999999999698e-02
-5.097249999999999698e-02
-4.779749999999999971e-02
-4.779749999999999971e-02
-4.779749999999999971e-02
-4.779749999999999971e-02
-4.779749999999999971e-02
-4.688099999999999906e-02
-4.688099999999999906e-02
-4.688099999999999906e-02
-4.688099999999999906e-02
-4.688099999999999906e-02
-4.688099999999999906e-02
-4.666599999999999915e-02
-4.666599999999999915e-02
-4.628899999999999681e-02
-4.628899999999999681e-02
-4.628899999999999681e-02
-4.595799999999999885e-02
-4.546100000000000141e-02
-4.465800000000000325e-02
-4.465800000000000325e-02
-4.405099999999999988e-02
-4.405099999999999988e-02
-4.333850000000000202e-02
-4.333850000000000202e-02
-4.333850000000000202e-02
-4.333850000000000202e-02
-4.333850000000000202e-02
-4.253549999999999692e-02
-4.253549999999999692e-02
-4.253549999999999692e-02
-4.245349999999999818e-02
-4.245349999999999818e-02
-4.207999999999999935e-02
-4.174499999999999739e-02
-4.174499999999999739e-02
-4.134550000000000031e-02
-4.134550000000000031e-02
-4.098700000000000260e-02
-4.098700000000000260e-02
-4.061850000000000183e-02
-4.061850000000000183e-02
-4.061850000000000183e-02
-4.048600000000000115e-02
-4.048600000000000115e-02
-4.034349999999999742e-02
-4.034349999999999742e-02
-4.034349999999999742e-02
-4.034349999999999742e-02
-4.034349999999999742e-02
-4.034349999999999742e-02
-4.023550000000000043e-02
-4.005149999999999683e-02
-4.005149999999999683e-02
-4.004200000000000120e-02
-3.999799999999999883e-02
-3.999799999999999883e-02
-3.987899999999999778e-02
-3.711450000000000166e-02
-3.711450000000000166e-02
-3.711450000000000166e-02
-3.711450000000000166e-02
-3.711450000000000166e-02
-3.711450000000000166e-02
-3.524700000000000055e-02
-3.524700000000000055e-02
-3.524700000000000055e-02
-3.524700000000000055e-02
-3.524700000000000055e-02
-3.524700000000000055e-02
-3.524700000000000055e-02
-3.524700000000000055e-02
-3.524700000000000055e-02
-3.524700000000000055e-02
-3.524700000000000055e-02
-3.524700000000000055e-02
-3.524700000000000055e-02
-3.524700000000000055e-02
-3.524700000000000055e-02
-3.524700000000000055e-02
-3.521099999999999924e-02
-3.521099999999999924e-02
-3.475550000000000167e-02
-3.475550000000000167e-02
-3.468500000000000055e-02
-3.468099999999999655e-02
-3.468099999999999655e-02
-3.348050000000000331e-02
-3.348050000000000331e-02
-3.348050000000000331e-02
-3.327299999999999702e-02
-3.327299999999999702e-02
-3.221949999999999814e-02
-3.221949999999999814e-02
-3.221949999999999814e-02
-3.221949999999999814e-02
-3.221949999999999814e-02
-3.221949999999999814e-02
-3.121849999999999972e-02
-3.121849999999999972e-02
-3.121849999999999972e-02
-3.121849999999999972e-02
-3.121749999999999872e-02
-3.114449999999999857e-02
-3.114449999999999857e-02
-3.114449999999999857e-02
-3.069200000000000053e-02
-3.069200000000000053e-02
-3.069200000000000053e-02
-3.069200000000000053e-02
-3.031350000000000017e-02
-3.031350000000000017e-02
-3.031350000000000017e-02
-3.031350000000000017e-02
-3.031350000000000017e-02
-3.014999999999999972e-02
-2.997150000000000161e-02
-2.997150000000000161e-02
-2.997150000000000161e-02
-2.941399999999999917e-02
-2.941399999999999917e-02
-2.803999999999999895e-02
-2.803999999999999895e-02
-2.803999999999999895e-02
-2.803999999999999895e-02
-2.803999999999999895e-02
-2.803999999999999895e-02
-2.803999999999999895e-02
-2.803999999999999895e-02
-2.803999999999999895e-02
-2.803999999999999895e-02
-2.735699999999999937e-02
-2.735699999999999937e-02
-2.735699999999999937e-02
-2.735699999999999937e-02
-2.735699999999999937e-02
-2.735699999999999937e-02
-2.735699999999999937e-02
-2.709200000000000150e-02
-2.675850000000000103e-02
-2.675850000000000103e-02
-2.675850000000000103e-02
-2.490699999999999859e-02
-2.490699999999999859e-02
-2.490699999999999859e-02
-2.490699999999999859e-02
-2.490699999999999859e-02
-2.490699999999999859e-02
-2.490699999999999859e-02
-2.490699999999999859e-02
-2.490699999999999859e-02
-2.490699999999999859e-02
-2.490699999999999859e-02
-2.490699999999999859e-02
-2.478899999999999854e-02
-2.478899999999999854e-02
-2.452000000000000013e-02
-2.436150000000000121e-02
-2.436150000000000121e-02
-2.436150000000000121e-02
-2.436150000000000121e-02
-2.425650000000000028e-02
-2.414749999999999883e-02
-2.414550000000000030e-02
-2.363650000000000126e-02
-2.363650000000000126e-02
-2.363650000000000126e-02
-2.363650000000000126e-02
-2.299199999999999855e-02
-2.298000000000000043e-02
-2.298000000000000043e-02
-2.298000000000000043e-02
-2.298000000000000043e-02
-2.298000000000000043e-02
-2.297300000000000036e-02
-2.297300000000000036e-02
-2.297300000000000036e-02
-2.297300000000000036e-02
-2.250100000000000017e-02
-2.250100000000000017e-02
-2.242950000000000152e-02
-2.242950000000000152e-02
-2.242950000000000152e-02
-2.242950000000000152e-02
-2.242950000000000152e-02
-2.242950000000000152e-02
-2.240450000000000080e-02
-2.238800000000000165e-02
-2.212050000000000127e-02
-2.207349999999999937e-02
-2.206249999999999878e-02
-2.206249999999999878e-02
-2.206249999999999878e-02
-2.145199999999999885e-02
-2.145199999999999885e-02
-2.145199999999999885e-02
-2.145199999999999885e-02
-2.145199999999999885e-02
-2.145199999999999885e-02
-2.145199999999999885e-02
-2.131950000000000164e-02
-2.103000000000000008e-02
-2.103000000000000008e-02
-2.103000000000000008e-02
-2.103000000000000008e-02
-2.103000000000000008e-02
-2.103000000000000008e-02
-2.103000000000000008e-02
-2.093899999999999928e-02
-2.093899999999999928e-02
-2.036750000000000019e-02
-2.036750000000000019e-02
-2.036750000000000019e-02
-2.036750000000000019e-02
-2.036750000000000019e-02
-2.036750000000000019e-02
-2.036249999999999866e-02
-2.014700000000000171e-02
-2.014700000000000171e-02
-2.014700000000000171e-02
-2.014700000000000171e-02
-1.992150000000000171e-02
-1.992150000000000171e-02
-1.992150000000000171e-02
-1.992150000000000171e-02
-1.992150000000000171e-02
-1.992150000000000171e-02
-1.992150000000000171e-02
-1.992150000000000171e-02
-1.992150000000000171e-02
-1.992150000000000171e-02
-1.962300000000000155e-02
-1.962300000000000155e-02
-1.962250000000000105e-02
-1.962250000000000105e-02
-1.962250000000000105e-02
-1.953900000000000081e-02
-1.953900000000000081e-02
-1.953900000000000081e-02
-1.953900000000000081e-02
-1.895600000000000063e-02
-1.895600000000000063e-02
-1.895600000000000063e-02
-1.889350000000000057e-02
-1.889350000000000057e-02
-1.889350000000000057e-02
-1.889350000000000057e-02
-1.889350000000000057e-02
-1.889350000000000057e-02
-1.889350000000000057e-02
-1.889350000000000057e-02
-1.889350000000000057e-02
-1.865649999999999947e-02
-1.865649999999999947e-02
-1.865649999999999947e-02
-1.865649999999999947e-02
-1.865649999999999947e-02
-1.865649999999999947e-02
-1.865649999999999947e-02
-1.860650000000000151e-02
-1.849400000000000002e-02
-1.848800000000000096e-02
-1.848800000000000096e-02
-1.843749999999999903e-02
-1.842299999999999841e-02
-1.828549999999999967e-02
-1.828549999999999967e-02
-1.828549999999999967e-02
-1.828549999999999967e-02
-1.828549999999999967e-02
-1.823100000000000068e-02
-1.816950000000000162e-02
-1.810600000000000057e-02
-1.796000000000000027e-02
-1.796000000000000027e-02
-1.796000000000000027e-02
-1.796000000000000027e-02
-1.794499999999999915e-02
-1.794499999999999915e-02
-1.794499999999999915e-02
-1.794499999999999915e-02
-1.786300000000000041e-02
-1.786300000000000041e-02
-1.773599999999999829e-02
-1.773599999999999829e-02
-1.753549999999999900e-02
-1.753549999999999900e-02
-1.753549999999999900e-02
-1.753549999999999900e-02
-1.753549999999999900e-02
-1.744050000000000114e-02
-1.730599999999999847e-02
-1.730599999999999847e-02
-1.730599999999999847e-02
-1.730599999999999847e-02
-1.730599999999999847e-02
-1.730599999999999847e-02
-1.730599999999999847e-02
-1.730599999999999847e-02
-1.730599999999999847e-02
-1.727350000000000066e-02
-1.727350000000000066e-02
-1.727350000000000066e-02
-1.719899999999999901e-02
-1.719899999999999901e-02
-1.692799999999999860e-02
-1.692799999999999860e-02
-1.692799999999999860e-02
-1.692799999999999860e-02
-1.692799999999999860e-02
-1.692799999999999860e-02
-1.692799999999999860e-02
-1.692799999999999860e-02
-1.692799999999999860e-02
-1.692799999999999860e-02
-1.692799999999999860e-02
-1.692799999999999860e-02
-1.692799999999999860e-02
-1.692799999999999860e-02
-1.692799999999999860e-02
-1.692799999999999860e-02
-1.658149999999999902e-02
-1.658149999999999902e-02
-1.658149999999999902e-02
-1.658149999999999902e-02
-1.658149999999999902e-02
-1.658149999999999902e-02
-1.658149999999999902e-02
-1.658149999999999902e-02
-1.658149999999999902e-02
-1.658149999999999902e-02
-1.658149999999999902e-02
-1.658149999999999902e-02
-1.620900000000000118e-02
-1.620900000000000118e-02
-1.620900000000000118e-02
-1.618999999999999953e-02
-1.604699999999999876e-02
-1.604699999999999876e-02
-1.604699999999999876e-02
-1.604699999999999876e-02
-1.604699999999999876e-02
-1.604699999999999876e-02
-1.604699999999999876e-02
-1.604699999999999876e-02
-1.604699999999999876e-02
-1.597049999999999859e-02
-1.597049999999999859e-02
-1.597049999999999859e-02
-1.597049999999999859e-02
-1.597049999999999859e-02
-1.597049999999999859e-02
-1.597049999999999859e-02
-1.597049999999999859e-02
-1.597049999999999859e-02
-1.597049999999999859e-02
-1.597049999999999859e-02
-1.597049999999999859e-02
-1.587150000000000019e-02
-1.587150000000000019e-02
-1.587150000000000019e-02
-1.587150000000000019e-02
-1.587150000000000019e-02
-1.587150000000000019e-02
-1.585850000000000107e-02
-1.574499999999999858e-02
-1.574499999999999858e-02
-1.574499999999999858e-02
-1.574499999999999858e-02
-1.574499999999999858e-02
-1.552399999999999960e-02
-1.552399999999999960e-02
-1.552399999999999960e-02
-1.552399999999999960e-02
-1.552399999999999960e-02
-1.551549999999999978e-02
-1.551549999999999978e-02
-1.551549999999999978e-02
-1.551549999999999978e-02
-1.551549999999999978e-02
-1.543049999999999977e-02
-1.543049999999999977e-02
-1.543049999999999977e-02
-1.543049999999999977e-02
-1.543049999999999977e-02
-1.543049999999999977e-02
-1.543049999999999977e-02
-1.542250000000000044e-02
-1.542250000000000044e-02
-1.542250000000000044e-02
-1.531150000000000046e-02
-1.531099999999999996e-02
-1.531000000000000069e-02
-1.530349999999999940e-02
-1.530250000000000013e-02
-1.518399999999999958e-02
-1.518399999999999958e-02
-1.518399999999999958e-02
-1.518399999999999958e-02
-1.518399999999999958e-02
-1.518399999999999958e-02
-1.518399999999999958e-02
-1.518399999999999958e-02
-1.518399999999999958e-02
-1.518399999999999958e-02
-1.518399999999999958e-02
-1.518100000000000005e-02
-1.517899999999999978e-02
-1.517800000000000052e-02
-1.499550000000000015e-02
-1.499550000000000015e-02
-1.499550000000000015e-02
-1.499550000000000015e-02
-1.499550000000000015e-02
-1.499550000000000015e-02
-1.499550000000000015e-02
-1.499550000000000015e-02
-1.499449999999999915e-02
-1.499449999999999915e-02
-1.499449999999999915e-02
-1.499449999999999915e-02
-1.492650000000000053e-02
-1.492300000000000050e-02
-1.490600000000000085e-02
-1.490600000000000085e-02
-1.490600000000000085e-02
-1.490600000000000085e-02
-1.490600000000000085e-02
-1.487149999999999930e-02
-1.484850000000000059e-02
-1.484850000000000059e-02
-1.475049999999999972e-02
-1.475049999999999972e-02
-1.474450000000000066e-02
-1.474450000000000066e-02
-1.474450000000000066e-02
-1.474450000000000066e-02
-1.474450000000000066e-02
-1.474450000000000066e-02
-1.474450000000000066e-02
-1.474450000000000066e-02
-1.474450000000000066e-02
-1.474450000000000066e-02
-1.474450000000000066e-02
-1.474250000000000040e-02
-1.474250000000000040e-02
-1.474199999999999990e-02
-1.474199999999999990e-02
-1.473849999999999986e-02
-1.473799999999999936e-02
-1.473799999999999936e-02
-1.473799999999999936e-02
-1.466749999999999998e-02
-1.466749999999999998e-02
-1.466749999999999998e-02
-1.466749999999999998e-02
-1.466749999999999998e-02
-1.466749999999999998e-02
-1.466749999999999998e-02
-1.466749999999999998e-02
-1.466749999999999998e-02
-1.466749999999999998e-02
-1.466499999999999922e-02
-1.464949999999999933e-02
-1.464949999999999933e-02
-1.464949999999999933e-02
-1.458650000000000051e-02
-1.441450000000000023e-02
-1.441450000000000023e-02
-1.441450000000000023e-02
-1.419750000000000005e-02
-1.419750000000000005e-02
-1.419750000000000005e-02
-1.419750000000000005e-02
-1.419750000000000005e-02
-1.419750000000000005e-02
-1.419750000000000005e-02
-1.419750000000000005e-02
-1.419750000000000005e-02
-1.419750000000000005e-02
-1.419750000000000005e-02
-1.419750000000000005e-02
-1.419750000000000005e-02
-1.413850000000000003e-02
-1.413850000000000003e-02
-1.402149999999999924e-02
-1.402149999999999924e-02
-1.402149999999999924e-02
-1.402149999999999924e-02
-1.402149999999999924e-02
-1.398549999999999967e-02
-1.396850000000000001e-02
-1.396850000000000001e-02
-1.396850000000000001e-02
-1.396850000000000001e-02
-1.396850000000000001e-02
-1.396850000000000001e-02
-1.396850000000000001e-02
-1.396850000000000001e-02
-1.396850000000000001e-02
-1.396799999999999951e-02
-1.396799999999999951e-02
-1.396799999999999951e-02
-1.396799999999999951e-02
-1.396799999999999951e-02
-1.380149999999999953e-02
-1.374000000000000048e-02
-1.374000000000000048e-02
-1.374000000000000048e-02
-1.374000000000000048e-02
-1.374000000000000048e-02
-1.374000000000000048e-02
-1.374000000000000048e-02
-1.374000000000000048e-02
-1.367699999999999992e-02
-1.367699999999999992e-02
-1.367699999999999992e-02
-1.367699999999999992e-02
-1.367699999999999992e-02
-1.367400000000000039e-02
-1.367400000000000039e-02
-1.367400000000000039e-02
-1.367400000000000039e-02
-1.367400000000000039e-02
-1.367400000000000039e-02
-1.367400000000000039e-02
-1.367400000000000039e-02
-1.367400000000000039e-02
-1.367250000000000063e-02
-1.361399999999999937e-02
-1.361399999999999937e-02
-1.361399999999999937e-02
-1.361399999999999937e-02
-1.361399999999999937e-02
-1.361399999999999937e-02
-1.342299999999999917e-02
-1.342299999999999917e-02
-1.342299999999999917e-02
-1.342299999999999917e-02
-1.342299999999999917e-02
-1.342299999999999917e-02
-1.342299999999999917e-02
-1.342299999999999917e-02
-1.342299999999999917e-02
-1.339150000000000063e-02
-1.339150000000000063e-02
-1.339150000000000063e-02
-1.339150000000000063e-02
-1.339150000000000063e-02
-1.339150000000000063e-02
-1.339150000000000063e-02
-1.339150000000000063e-02
-1.339150000000000063e-02
-1.339150000000000063e-02
-1.339150000000000063e-02
-1.336999999999999994e-02
-1.336999999999999994e-02
-1.336399999999999914e-02
-1.336299999999999988e-02
-1.335549999999999932e-02
-1.335549999999999932e-02
-1.335549999999999932e-02
-1.335549999999999932e-02
-1.335549999999999932e-02
-1.335549999999999932e-02
-1.300600000000000020e-02
-1.300600000000000020e-02
-1.300600000000000020e-02
-1.300600000000000020e-02
-1.300600000000000020e-02
-1.300600000000000020e-02
-1.300600000000000020e-02
-1.300600000000000020e-02
-1.300600000000000020e-02
-1.300600000000000020e-02
-1.299149999999999958e-02
-1.299149999999999958e-02
-1.299149999999999958e-02
-1.299149999999999958e-02
-1.299149999999999958e-02
-1.299149999999999958e-02
-1.299149999999999958e-02
-1.299149999999999958e-02
-1.298550000000000051e-02
-1.298550000000000051e-02
-1.298550000000000051e-02
-1.298550000000000051e-02
-1.298550000000000051e-02
-1.298550000000000051e-02
-1.298550000000000051e-02
-1.298550000000000051e-02
-1.298500000000000001e-02
-1.298449999999999951e-02
-1.298400000000000075e-02
-1.298299999999999975e-02
-1.298099999999999948e-02
-1.288249999999999985e-02
-1.288249999999999985e-02
-1.288249999999999985e-02
-1.288249999999999985e-02
-1.288249999999999985e-02
-1.288249999999999985e-02
-1.288249999999999985e-02
-1.288249999999999985e-02
-1.288249999999999985e-02
-1.288249999999999985e-02
-1.288249999999999985e-02
-1.288249999999999985e-02
-1.288249999999999985e-02
-1.288249999999999985e-02
-1.288249999999999985e-02
-1.288249999999999985e-02
-1.288249999999999985e-02
-1.288249999999999985e-02
-1.288249999999999985e-02
-1.288249999999999985e-02
-1.288249999999999985e-02
-1.288249999999999985e-02
-1.288249999999999985e-02
-1.288249999999999985e-02
-1.283049999999999989e-02
-1.283049999999999989e-02
-1.283049999999999989e-02
-1.283049999999999989e-02
-1.283049999999999989e-02
-1.283049999999999989e-02
-1.283049999999999989e-02
-1.283049999999999989e-02
-1.283049999999999989e-02
-1.280099999999999988e-02
-1.280099999999999988e-02
-1.280099999999999988e-02
-1.280099999999999988e-02
-1.280099999999999988e-02
-1.280099999999999988e-02
-1.243900000000000040e-02
-1.243900000000000040e-02
-1.243900000000000040e-02
-1.243900000000000040e-02
-1.243900000000000040e-02
-1.243900000000000040e-02
-1.243900000000000040e-02
-1.243900000000000040e-02
-1.243900000000000040e-02
-1.243900000000000040e-02
-1.243900000000000040e-02
-1.223600000000000035e-02
-1.223600000000000035e-02
-1.223600000000000035e-02
-1.223600000000000035e-02
-1.223600000000000035e-02
-1.223600000000000035e-02
-1.223600000000000035e-02
-1.223600000000000035e-02
-1.223600000000000035e-02
-1.223600000000000035e-02
-1.223600000000000035e-02
-1.223600000000000035e-02
-1.223600000000000035e-02
-1.223600000000000035e-02
-1.223600000000000035e-02
-1.223600000000000035e-02
-1.223600000000000035e-02
-1.223600000000000035e-02
-1.223600000000000035e-02
-1.212049999999999933e-02
-1.212049999999999933e-02
-1.212049999999999933e-02
-1.212049999999999933e-02
-1.212049999999999933e-02
-1.212049999999999933e-02
-1.212049999999999933e-02
-1.212049999999999933e-02
-1.212049999999999933e-02
-1.212049999999999933e-02
-1.212049999999999933e-02
-1.212049999999999933e-02
-1.212049999999999933e-02
-1.212049999999999933e-02
-1.211950000000000006e-02
-1.211950000000000006e-02
-1.211950000000000006e-02
-1.211950000000000006e-02
-1.211950000000000006e-02
-1.211950000000000006e-02
-1.211950000000000006e-02
-1.208000000000000046e-02
-1.208000000000000046e-02
-1.208000000000000046e-02
-1.208000000000000046e-02
-1.204500000000000015e-02
-1.204500000000000015e-02
-1.204500000000000015e-02
-1.204500000000000015e-02
-1.204500000000000015e-02
-1.204500000000000015e-02
-1.204500000000000015e-02
-1.204500000000000015e-02
-1.204500000000000015e-02
-1.204500000000000015e-02
-1.204500000000000015e-02
-1.204500000000000015e-02
-1.204500000000000015e-02
-1.155050000000000000e-02
-1.155050000000000000e-02
-1.155050000000000000e-02
-1.155050000000000000e-02
-1.155050000000000000e-02
-1.155050000000000000e-02
-1.155050000000000000e-02
-1.155050000000000000e-02
-1.155050000000000000e-02
-1.155050000000000000e-02
-1.155050000000000000e-02
-1.155050000000000000e-02
-1.155050000000000000e-02
-1.155050000000000000e-02
-1.155050000000000000e-02
-1.155050000000000000e-02
-1.155050000000000000e-02
-1.155050000000000000e-02
-1.155050000000000000e-02
-1.134800000000000045e-02
-1.134800000000000045e-02
-1.132649999999999976e-02
-1.132649999999999976e-02
-1.132649999999999976e-02
-1.132649999999999976e-02
-1.132649999999999976e-02
-1.132649999999999976e-02
-1.127300000000000003e-02
-1.127300000000000003e-02
-1.126800000000000024e-02
-1.126800000000000024e-02
-1.126800000000000024e-02
-1.126549999999999947e-02
-1.126300000000000044e-02
-1.126300000000000044e-02
-1.126300000000000044e-02
-1.126199999999999944e-02
-1.126199999999999944e-02
-1.123949999999999949e-02
-1.123949999999999949e-02
-1.123949999999999949e-02
-1.123949999999999949e-02
-1.123949999999999949e-02
-1.123949999999999949e-02
-1.123949999999999949e-02
-1.123949999999999949e-02
-1.123949999999999949e-02
-1.119750000000000086e-02
-1.119750000000000086e-02
-1.119750000000000086e-02
-1.119750000000000086e-02
-1.119750000000000086e-02
-1.119750000000000086e-02
-1.119750000000000086e-02
-1.119750000000000086e-02
-1.119700000000000036e-02
-1.119350000000000032e-02
-1.104149999999999923e-02
-1.104149999999999923e-02
-1.104149999999999923e-02
-1.104149999999999923e-02
-1.104149999999999923e-02
-1.104149999999999923e-02
-1.104149999999999923e-02
-1.104149999999999923e-02
-1.104149999999999923e-02
-1.104149999999999923e-02
-1.104149999999999923e-02
-1.104149999999999923e-02
-1.104149999999999923e-02
-1.104149999999999923e-02
-1.104149999999999923e-02
-1.104149999999999923e-02
-1.104149999999999923e-02
-1.104149999999999923e-02
-1.104149999999999923e-02
-1.104149999999999923e-02
-1.104149999999999923e-02
-1.104149999999999923e-02
-1.104149999999999923e-02
-1.102949999999999937e-02
-1.102949999999999937e-02
-1.102949999999999937e-02
-1.094000000000000007e-02
-1.094000000000000007e-02
