9.672250146072177701e-01
9.904020214113294918e-01
5.976838931124872634e-01
9.944458536478524291e-01
8.225437171010137050e-01
5.408639821550986770e-01
9.746025974054731700e-01
7.339208384403140828e-01
5.790687419491881149e-01
9.912426500425541853e-01
8.417592236252400273e-01
4.557278304492566878e-01
9.717965498305798366e-01
7.320404601679175727e-01
2.360200898807085779e-01
9.933420655700796464e-01
7.854048391373382731e-01
1.133057622195474401e-01
9.918046639827147182e-01
8.646660737936705532e-01
1.201102778434759433e-01
9.959424134742651535e-01
7.567197211659820733e-01
2.029750129864601460e-01
9.903934815203483399e-01
8.044895223662644757e-01
8.211824161652763188e-01
9.870720139563704532e-01
8.410489213734901881e-01
7.029618905968750830e-01
9.974018316829618147e-01
8.460615268127504862e-01
3.586297811506655719e-01
9.893750167203223533e-01
8.398477920761202586e-01
4.540654460398664272e-01
9.951109377524156585e-01
8.417397645063202649e-01
3.903194768032798301e-01
9.962512839460868630e-01
8.828045648798970024e-01
3.650468419810559695e-01
9.978077911837592850e-01
8.715371219639092004e-01
1.651465017868502527e-01
9.910833730030159661e-01
7.732846942024118597e-01
4.341356629946181434e-01
9.882055100106531542e-01
8.577070292548621966e-01
4.933928876808338915e-01
9.964054790219933899e-01
8.279198326317714907e-01
5.436894487855727931e-01
9.963293603183621672e-01
8.874626166846839581e-01
3.398739913161225590e-01
9.963207553582580367e-01
8.301891591061680842e-01
4.871420774743082660e-01
