-1.913634999999999919e-01
-1.875165000000000026e-01
-1.875165000000000026e-01
-1.875165000000000026e-01
-1.857399999999999884e-01
-1.857399999999999884e-01
-1.853160000000000085e-01
-1.844770000000000021e-01
-1.838480000000000114e-01
-1.817064999999999930e-01
-1.817064999999999930e-01
-1.816979999999999984e-01
-1.805059999999999998e-01
-1.793405000000000138e-01
-1.787265000000000104e-01
-1.778039999999999898e-01
-1.769759999999999944e-01
-1.732059999999999989e-01
-1.731219999999999981e-01
-1.730970000000000009e-01
-1.726759999999999962e-01
-1.704600000000000004e-01
-1.689170000000000116e-01
-1.689170000000000116e-01
-1.689170000000000116e-01
-1.671304999999999874e-01
-1.671304999999999874e-01
-1.669825000000000059e-01
-1.650314999999999976e-01
-1.650314999999999976e-01
-1.647744999999999904e-01
-1.635330000000000117e-01
-1.627425000000000122e-01
-1.614720000000000044e-01
-1.606585000000000096e-01
-1.599575000000000025e-01
-1.599299999999999888e-01
-1.599299999999999888e-01
-1.585090000000000110e-01
-1.585060000000000080e-01
-1.580759999999999943e-01
-1.573589999999999989e-01
-1.573589999999999989e-01
-1.554935000000000067e-01
-1.554935000000000067e-01
-1.550664999999999960e-01
-1.550300000000000011e-01
-1.543305000000000093e-01
-1.540594999999999881e-01
-1.533424999999999927e-01
-1.529359999999999886e-01
-1.525424999999999975e-01
-1.519604999999999984e-01
-1.509479999999999988e-01
-1.505074999999999885e-01
-1.490265000000000062e-01
-1.490265000000000062e-01
-1.490265000000000062e-01
-1.490265000000000062e-01
-1.481115000000000070e-01
-1.479739999999999944e-01
-1.473379999999999967e-01
-1.460295000000000065e-01
-1.460295000000000065e-01
-1.458969999999999989e-01
-1.458969999999999989e-01
-1.458969999999999989e-01
-1.453814999999999968e-01
-1.446435000000000082e-01
-1.446435000000000082e-01
-1.444940000000000113e-01
-1.444485000000000074e-01
-1.438814999999999955e-01
-1.436040000000000094e-01
-1.433679999999999954e-01
-1.429600000000000037e-01
-1.427285000000000081e-01
-1.423470000000000013e-01
-1.420635000000000092e-01
-1.415835000000000010e-01
-1.409590000000000010e-01
-1.396590000000000054e-01
-1.396590000000000054e-01
-1.395909999999999929e-01
-1.394390000000000074e-01
-1.394334999999999880e-01
-1.383915000000000006e-01
-1.378574999999999939e-01
-1.378574999999999939e-01
-1.378574999999999939e-01
-1.378574999999999939e-01
-1.373195000000000110e-01
-1.369249999999999912e-01
-1.368495000000000128e-01
-1.367849999999999899e-01
-1.364454999999999973e-01
-1.356020000000000003e-01
-1.349605000000000110e-01
-1.349605000000000110e-01
-1.349605000000000110e-01
-1.349605000000000110e-01
-1.342669999999999975e-01
-1.342669999999999975e-01
-1.341835000000000111e-01
-1.330250000000000044e-01
-1.330250000000000044e-01
-1.330250000000000044e-01
-1.330250000000000044e-01
-1.328620000000000079e-01
-1.324674999999999880e-01
-1.321319999999999995e-01
-1.321319999999999995e-01
-1.308989999999999876e-01
-1.305354999999999988e-01
-1.305354999999999988e-01
-1.305260000000000031e-01
-1.302194999999999880e-01
-1.298880000000000035e-01
-1.293799999999999950e-01
-1.292175000000000129e-01
-1.289099999999999968e-01
-1.285044999999999937e-01
-1.281390000000000029e-01
-1.281390000000000029e-01
-1.277844999999999953e-01
-1.270370000000000110e-01
-1.270370000000000110e-01
-1.267544999999999922e-01
-1.264889999999999903e-01
-1.263690000000000091e-01
-1.262369999999999881e-01
-1.250445000000000029e-01
-1.249315000000000009e-01
-1.249315000000000009e-01
-1.248265000000000069e-01
-1.248265000000000069e-01
-1.239745000000000014e-01
-1.238994999999999957e-01
-1.237575000000000064e-01
-1.236870000000000053e-01
-1.235585000000000017e-01
-1.227545000000000025e-01
-1.225964999999999971e-01
-1.221634999999999943e-01
-1.221634999999999943e-01
-1.218150000000000066e-01
-1.209105000000000041e-01
-1.209105000000000041e-01
-1.209105000000000041e-01
-1.208059999999999967e-01
-1.207939999999999986e-01
-1.203739999999999949e-01
-1.198489999999999972e-01
-1.198489999999999972e-01
-1.196809999999999957e-01
-1.190149999999999958e-01
-1.190149999999999958e-01
-1.183430000000000037e-01
-1.180134999999999934e-01
-1.180134999999999934e-01
-1.180134999999999934e-01
-1.169509999999999994e-01
-1.169509999999999994e-01
-1.169509999999999994e-01
-1.167045000000000027e-01
-1.167045000000000027e-01
-1.157195000000000029e-01
-1.157195000000000029e-01
-1.154199999999999948e-01
-1.154199999999999948e-01
-1.152859999999999996e-01
-1.148015000000000008e-01
-1.136665000000000036e-01
-1.136479999999999990e-01
-1.136479999999999990e-01
-1.136479999999999990e-01
-1.136479999999999990e-01
-1.129335000000000061e-01
-1.128954999999999959e-01
-1.113640000000000047e-01
-1.113640000000000047e-01
-1.108100000000000057e-01
-1.104610000000000036e-01
-1.095610000000000056e-01
-1.095610000000000056e-01
-1.095610000000000056e-01
-1.095610000000000056e-01
-1.091659999999999991e-01
-1.089409999999999962e-01
-1.086504999999999971e-01
-1.086504999999999971e-01
-1.083419999999999939e-01
-1.080654999999999949e-01
-1.080654999999999949e-01
-1.080094999999999944e-01
-1.080094999999999944e-01
-1.069294999999999968e-01
-1.069294999999999968e-01
-1.069294999999999968e-01
-1.062609999999999943e-01
-1.062609999999999943e-01
-1.056364999999999943e-01
-1.049085000000000018e-01
-1.049085000000000018e-01
-1.045245000000000063e-01
-1.045190000000000008e-01
-1.044000000000000067e-01
-1.037964999999999999e-01
-1.037964999999999999e-01
-1.033599999999999935e-01
-1.033599999999999935e-01
-1.033599999999999935e-01
-1.033599999999999935e-01
-1.033469999999999944e-01
-1.025724999999999970e-01
-1.025724999999999970e-01
-1.025724999999999970e-01
-1.025724999999999970e-01
-1.024209999999999982e-01
-1.023079999999999962e-01
-1.018084999999999962e-01
-1.017470000000000041e-01
-1.015355000000000008e-01
-1.012374999999999942e-01
-1.010839999999999933e-01
-1.009089999999999987e-01
-1.008239999999999970e-01
-1.002129999999999965e-01
-9.980650000000000632e-02
-9.980650000000000632e-02
-9.975649999999999795e-02
-9.974950000000000483e-02
-9.928099999999999425e-02
-9.928099999999999425e-02
-9.890150000000000330e-02
-9.890150000000000330e-02
-9.878900000000000181e-02
-9.847100000000000297e-02
-9.803649999999999864e-02
-9.803649999999999864e-02
-9.803649999999999864e-02
-9.775050000000000405e-02
-9.682350000000000678e-02
-9.682350000000000678e-02
-9.679150000000000253e-02
-9.679150000000000253e-02
-9.679150000000000253e-02
-9.679150000000000253e-02
-9.646050000000000457e-02
-9.631950000000000234e-02
-9.623700000000000310e-02
-9.608150000000000024e-02
-9.578200000000000602e-02
-9.476800000000000501e-02
-9.476800000000000501e-02
-9.476800000000000501e-02
-9.476800000000000501e-02
-9.476800000000000501e-02
-9.472500000000000364e-02
-9.472500000000000364e-02
-9.446599999999999442e-02
-9.425699999999999357e-02
-9.349849999999999828e-02
-9.349449999999999428e-02
-9.322400000000000131e-02
-9.317999999999999894e-02
-9.317999999999999894e-02
-9.248399999999999677e-02
-9.206999999999999906e-02
-9.174899999999999722e-02
-9.174899999999999722e-02
-9.174899999999999722e-02
-9.157899999999999374e-02
-9.157899999999999374e-02
-9.157899999999999374e-02
-9.137549999999999839e-02
-9.111700000000000355e-02
-9.098299999999999443e-02
-9.060650000000000648e-02
-9.060650000000000648e-02
-9.060650000000000648e-02
-9.000049999999999717e-02
-9.000049999999999717e-02
-9.000049999999999717e-02
-8.972349999999999770e-02
-8.972099999999999520e-02
-8.931350000000000400e-02
-8.931350000000000400e-02
-8.931350000000000400e-02
-8.931350000000000400e-02
-8.896400000000000141e-02
-8.855100000000000471e-02
-8.855100000000000471e-02
-8.837449999999999473e-02
-8.837449999999999473e-02
-8.789800000000000391e-02
-8.789800000000000391e-02
-8.739349999999999896e-02
-8.739349999999999896e-02
-8.739349999999999896e-02
-8.739349999999999896e-02
-8.739349999999999896e-02
-8.719899999999999873e-02
-8.719899999999999873e-02
-8.719899999999999873e-02
-8.643299999999999594e-02
-8.643299999999999594e-02
-8.635049999999999670e-02
-8.582449999999999801e-02
-8.582449999999999801e-02
-8.568649999999999878e-02
-8.539800000000000169e-02
-8.539800000000000169e-02
-8.528600000000000070e-02
-8.528399999999999870e-02
-8.528399999999999870e-02
-8.511799999999999922e-02
-8.464399999999999702e-02
-8.464399999999999702e-02
-8.445149999999999879e-02
-8.377950000000000674e-02
-8.377950000000000674e-02
-8.377950000000000674e-02
-8.377950000000000674e-02
-8.377950000000000674e-02
-8.377950000000000674e-02
-8.377950000000000674e-02
-8.377950000000000674e-02
-8.377950000000000674e-02
-8.319300000000000306e-02
-8.306600000000000095e-02
-8.306600000000000095e-02
-8.306600000000000095e-02
-8.270249999999999824e-02
-8.270249999999999824e-02
-8.245900000000000452e-02
-8.245900000000000452e-02
-8.244550000000000489e-02
-8.244550000000000489e-02
-8.183450000000000446e-02
-8.183450000000000446e-02
-8.183450000000000446e-02
-8.157100000000000461e-02
-8.154849999999999599e-02
-8.137500000000000289e-02
-8.137500000000000289e-02
-8.123049999999999715e-02
-8.086000000000000132e-02
-8.086000000000000132e-02
-8.028150000000000563e-02
-8.028150000000000563e-02
-8.028050000000000463e-02
-7.987299999999999955e-02
-7.987299999999999955e-02
-7.987299999999999955e-02
-7.987299999999999955e-02
-7.968300000000000383e-02
-7.968300000000000383e-02
-7.946400000000000685e-02
-7.930299999999999849e-02
-7.930299999999999849e-02
-7.900150000000000228e-02
-7.886949999999999517e-02
-7.885949999999999904e-02
-7.867000000000000381e-02
-7.843100000000000072e-02
-7.843100000000000072e-02
-7.803899999999999726e-02
-7.803899999999999726e-02
-7.803899999999999726e-02
-7.803899999999999726e-02
-7.786800000000000666e-02
-7.773149999999999504e-02
-7.758900000000000519e-02
-7.758900000000000519e-02
-7.710100000000000287e-02
-7.707500000000000462e-02
-7.699400000000000688e-02
-7.699400000000000688e-02
-7.680049999999999377e-02
-7.680049999999999377e-02
-7.679249999999999965e-02
-7.658800000000000330e-02
-7.634900000000000020e-02
-7.634900000000000020e-02
-7.634900000000000020e-02
-7.595599999999999574e-02
-7.595599999999999574e-02
-7.595599999999999574e-02
-7.595599999999999574e-02
-7.595599999999999574e-02
-7.552349999999999342e-02
-7.521750000000000658e-02
-7.521750000000000658e-02
-7.521750000000000658e-02
-7.521100000000000008e-02
-7.489500000000000324e-02
-7.489500000000000324e-02
-7.489500000000000324e-02
-7.489500000000000324e-02
-7.470000000000000251e-02
-7.463050000000000239e-02
-7.463050000000000239e-02
-7.463050000000000239e-02
-7.456450000000000577e-02
-7.446350000000000191e-02
-7.423549999999999593e-02
-7.409300000000000608e-02
-7.409300000000000608e-02
-7.409300000000000608e-02
-7.405499999999999583e-02
-7.388699999999999435e-02
-7.388699999999999435e-02
-7.377200000000000424e-02
-7.377200000000000424e-02
-7.357199999999999851e-02
-7.345050000000000190e-02
-7.345050000000000190e-02
-7.345050000000000190e-02
-7.345050000000000190e-02
-7.345050000000000190e-02
-7.303800000000000570e-02
-7.303800000000000570e-02
-7.303800000000000570e-02
-7.293049999999999533e-02
-7.293049999999999533e-02
-7.285450000000000259e-02
-7.263150000000000162e-02
-7.263150000000000162e-02
-7.258499999999999674e-02
-7.241599999999999426e-02
-7.237699999999999689e-02
-7.232049999999999590e-02
-7.225950000000000428e-02
-7.224250000000000116e-02
-7.207800000000000318e-02
-7.205200000000000493e-02
-7.205200000000000493e-02
-7.205200000000000493e-02
-7.203700000000000381e-02
-7.175099999999999534e-02
-7.175099999999999534e-02
-7.160800000000000498e-02
-7.160800000000000498e-02
-7.142950000000000688e-02
-7.132850000000000301e-02
-7.132850000000000301e-02
-7.132850000000000301e-02
-7.115100000000000591e-02
-7.107349999999999779e-02
-7.104649999999999854e-02
-7.104649999999999854e-02
-7.104649999999999854e-02
-7.089800000000000268e-02
-7.089800000000000268e-02
-7.089800000000000268e-02
-7.063250000000000084e-02
-7.063250000000000084e-02
-7.063250000000000084e-02
-7.030550000000000688e-02
-7.030550000000000688e-02
-7.023849999999999538e-02
-7.000049999999999328e-02
-7.000049999999999328e-02
-7.000049999999999328e-02
-6.998749999999999416e-02
-6.965949999999999920e-02
-6.965799999999999770e-02
-6.965799999999999770e-02
-6.962949999999999695e-02
-6.962949999999999695e-02
-6.925099999999999312e-02
-6.925099999999999312e-02
-6.925099999999999312e-02
-6.925099999999999312e-02
-6.887500000000000566e-02
-6.885099999999999554e-02
-6.885099999999999554e-02
-6.885099999999999554e-02
-6.885099999999999554e-02
-6.884500000000000342e-02
-6.884500000000000342e-02
-6.879899999999999904e-02
-6.857649999999999857e-02
-6.857649999999999857e-02
-6.857649999999999857e-02
-6.857649999999999857e-02
-6.857649999999999857e-02
-6.840300000000000546e-02
-6.840300000000000546e-02
-6.824700000000000211e-02
-6.824700000000000211e-02
-6.812100000000000100e-02
-6.812100000000000100e-02
-6.805300000000000238e-02
-6.792449999999999877e-02
-6.784999999999999365e-02
-6.784999999999999365e-02
-6.784800000000000553e-02
-6.784800000000000553e-02
-6.779699999999999616e-02
-6.779699999999999616e-02
-6.769150000000000167e-02
-6.748700000000000532e-02
-6.748700000000000532e-02
-6.748700000000000532e-02
-6.742599999999999982e-02
-6.742599999999999982e-02
-6.731399999999999884e-02
-6.725200000000000622e-02
-6.725200000000000622e-02
-6.719500000000000473e-02
-6.718449999999999422e-02
-6.703249999999999487e-02
-6.703249999999999487e-02
-6.701899999999999524e-02
-6.701899999999999524e-02
-6.694100000000000050e-02
-6.677750000000000352e-02
-6.651899999999999480e-02
-6.651899999999999480e-02
-6.631599999999999995e-02
-6.631599999999999995e-02
-6.631599999999999995e-02
-6.631599999999999995e-02
-6.595800000000000274e-02
-6.595800000000000274e-02
-6.595800000000000274e-02
-6.595800000000000274e-02
-6.595800000000000274e-02
-6.595800000000000274e-02
-6.595800000000000274e-02
-6.595800000000000274e-02
-6.573400000000000076e-02
-6.573400000000000076e-02
-6.573400000000000076e-02
-6.573400000000000076e-02
-6.573400000000000076e-02
-6.551999999999999491e-02
-6.551999999999999491e-02
-6.551999999999999491e-02
-6.540300000000000280e-02
-6.534800000000000331e-02
-6.534800000000000331e-02
-6.484049999999999536e-02
-6.484049999999999536e-02
-6.484049999999999536e-02
-6.484049999999999536e-02
-6.464300000000000601e-02
-6.462249999999999939e-02
-6.462249999999999939e-02
-6.456349999999999589e-02
-6.456349999999999589e-02
-6.441449999999999954e-02
-6.432899999999999729e-02
-6.424699999999999855e-02
-6.424699999999999855e-02
-6.424699999999999855e-02
-6.424699999999999855e-02
-6.407200000000000395e-02
-6.407200000000000395e-02
-6.401949999999999308e-02
-6.401949999999999308e-02
-6.394550000000000234e-02
-6.394550000000000234e-02
-6.388249999999999484e-02
-6.383500000000000285e-02
-6.383500000000000285e-02
-6.363050000000000650e-02
-6.362099999999999700e-02
-6.351850000000000551e-02
-6.351850000000000551e-02
-6.351850000000000551e-02
-6.351850000000000551e-02
-6.351850000000000551e-02
-6.351149999999999851e-02
-6.322149999999999992e-02
-6.322149999999999992e-02
-6.310200000000000531e-02
-6.310200000000000531e-02
-6.310200000000000531e-02
-6.310200000000000531e-02
-6.310200000000000531e-02
-6.295800000000000007e-02
-6.295800000000000007e-02
-6.295800000000000007e-02
-6.295599999999999807e-02
-6.289250000000000396e-02
-6.259599999999999886e-02
-6.259599999999999886e-02
-6.259599999999999886e-02
-6.259599999999999886e-02
-6.259599999999999886e-02
-6.259599999999999886e-02
-6.252299999999999525e-02
-6.252299999999999525e-02
-6.240400000000000114e-02
-6.240400000000000114e-02
-6.233249999999999902e-02
-6.233249999999999902e-02
-6.209200000000000136e-02
-6.209200000000000136e-02
-6.209200000000000136e-02
-6.208199999999999830e-02
-6.208199999999999830e-02
-6.208199999999999830e-02
-6.208199999999999830e-02
-6.177350000000000202e-02
-6.177350000000000202e-02
-6.177350000000000202e-02
-6.177350000000000202e-02
-6.177350000000000202e-02
-6.177350000000000202e-02
-6.168900000000000078e-02
-6.167849999999999722e-02
-6.140049999999999675e-02
-6.140049999999999675e-02
-6.140049999999999675e-02
-6.138300000000000006e-02
-6.138300000000000006e-02
-6.129450000000000176e-02
-6.119850000000000290e-02
-6.119850000000000290e-02
-6.119850000000000290e-02
-6.114800000000000096e-02
-6.104300000000000004e-02
-6.104300000000000004e-02
-6.096399999999999736e-02
-6.096399999999999736e-02
-6.092600000000000099e-02
-6.091200000000000087e-02
-6.084950000000000081e-02
-6.071050000000000058e-02
-6.071050000000000058e-02
-6.071050000000000058e-02
-6.048900000000000110e-02
-6.048900000000000110e-02
-6.042600000000000054e-02
-6.042600000000000054e-02
-6.042600000000000054e-02
-6.042600000000000054e-02
-6.041599999999999748e-02
-6.041599999999999748e-02
-6.019399999999999751e-02
-6.010299999999999671e-02
-6.010299999999999671e-02
-6.010299999999999671e-02
-6.010299999999999671e-02
-6.010000000000000064e-02
-6.009899999999999964e-02
-6.000199999999999978e-02
-6.000199999999999978e-02
-5.977949999999999930e-02
-5.977949999999999930e-02
-5.962499999999999745e-02
-5.962499999999999745e-02
-5.962499999999999745e-02
-5.962499999999999745e-02
-5.962499999999999745e-02
-5.945199999999999790e-02
-5.945199999999999790e-02
-5.945199999999999790e-02
-5.942299999999999666e-02
-5.938199999999999729e-02
-5.937549999999999772e-02
-5.920799999999999674e-02
-5.920799999999999674e-02
-5.920799999999999674e-02
-5.920799999999999674e-02
-5.903599999999999820e-02
-5.903599999999999820e-02
-5.903599999999999820e-02
-5.903599999999999820e-02
-5.901800000000000102e-02
-5.894499999999999740e-02
-5.894499999999999740e-02
-5.892649999999999971e-02
-5.882699999999999735e-02
-5.882699999999999735e-02
-5.878749999999999948e-02
-5.873500000000000248e-02
-5.861800000000000344e-02
-5.861800000000000344e-02
-5.861800000000000344e-02
-5.861800000000000344e-02
-5.857249999999999956e-02
-5.857249999999999956e-02
-5.857249999999999956e-02
-5.855849999999999944e-02
-5.850000000000000339e-02
-5.845000000000000195e-02
-5.845000000000000195e-02
-5.841350000000000015e-02
-5.840950000000000308e-02
-5.840349999999999708e-02
-5.833599999999999897e-02
-5.833250000000000240e-02
-5.833250000000000240e-02
-5.823550000000000254e-02
-5.823550000000000254e-02
-5.823550000000000254e-02
-5.819250000000000117e-02
-5.818399999999999961e-02
-5.803500000000000325e-02
-5.803500000000000325e-02
-5.803500000000000325e-02
-5.803500000000000325e-02
-5.803500000000000325e-02
-5.800749999999999656e-02
-5.775500000000000078e-02
-5.775500000000000078e-02
-5.775500000000000078e-02
-5.770900000000000335e-02
-5.769450000000000273e-02
-5.752650000000000124e-02
-5.748700000000000337e-02
-5.746749999999999775e-02
-5.746749999999999775e-02
-5.740250000000000213e-02
-5.740250000000000213e-02
-5.740250000000000213e-02
-5.740250000000000213e-02
-5.740250000000000213e-02
-5.720999999999999697e-02
-5.720999999999999697e-02
-5.720999999999999697e-02
-5.720999999999999697e-02
-5.720999999999999697e-02
-5.720999999999999697e-02
-5.706950000000000217e-02
-5.706950000000000217e-02
-5.706950000000000217e-02
-5.703749999999999792e-02
-5.696299999999999975e-02
-5.683549999999999713e-02
-5.681100000000000039e-02
-5.673349999999999921e-02
-5.668800000000000228e-02
-5.668800000000000228e-02
-5.660300000000000054e-02
-5.648399999999999949e-02
-5.648399999999999949e-02
-5.647699999999999942e-02
-5.645750000000000074e-02
-5.639199999999999768e-02
-5.638050000000000006e-02
-5.634949999999999681e-02
-5.625499999999999945e-02
-5.625499999999999945e-02
-5.625499999999999945e-02
-5.620350000000000346e-02
-5.620350000000000346e-02
-5.620350000000000346e-02
-5.618100000000000177e-02
-5.617550000000000321e-02
-5.602950000000000291e-02
-5.600700000000000123e-02
-5.600700000000000123e-02
-5.600700000000000123e-02
-5.600700000000000123e-02
-5.580149999999999694e-02
-5.580149999999999694e-02
-5.580149999999999694e-02
-5.580149999999999694e-02
-5.580149999999999694e-02
-5.580149999999999694e-02
-5.580149999999999694e-02
-5.580149999999999694e-02
-5.580149999999999694e-02
-5.580149999999999694e-02
-5.580149999999999694e-02
-5.573800000000000282e-02
-5.573800000000000282e-02
-5.559750000000000109e-02
-5.559750000000000109e-02
-5.559750000000000109e-02
-5.559750000000000109e-02
-5.559750000000000109e-02
-5.553249999999999853e-02
-5.553249999999999853e-02
-5.553249999999999853e-02
-5.553249999999999853e-02
-5.553249999999999853e-02
-5.551149999999999834e-02
-5.540350000000000136e-02
-5.540350000000000136e-02
-5.540350000000000136e-02
-5.540350000000000136e-02
-5.540350000000000136e-02
-5.540350000000000136e-02
-5.538350000000000217e-02
-5.538099999999999967e-02
-5.532499999999999918e-02
-5.527350000000000319e-02
-5.519849999999999757e-02
-5.519849999999999757e-02
-5.517049999999999732e-02
-5.517049999999999732e-02
-5.517049999999999732e-02
-5.517049999999999732e-02
-5.507700000000000096e-02
-5.507700000000000096e-02
-5.507700000000000096e-02
-5.507700000000000096e-02
-5.507700000000000096e-02
-5.503149999999999709e-02
-5.503149999999999709e-02
-5.501600000000000240e-02
-5.491050000000000098e-02
-5.491050000000000098e-02
-5.491050000000000098e-02
-5.491050000000000098e-02
-5.488300000000000123e-02
-5.486449999999999660e-02
-5.485550000000000148e-02
-5.485550000000000148e-02
-5.484699999999999992e-02
-5.475399999999999712e-02
-5.475399999999999712e-02
-5.475399999999999712e-02
-5.471199999999999675e-02
-5.462000000000000188e-02
-5.438400000000000178e-02
-5.438400000000000178e-02
-5.438400000000000178e-02
-5.438400000000000178e-02
-5.438400000000000178e-02
-5.437600000000000072e-02
-5.436599999999999766e-02
-5.425800000000000067e-02
-5.423999999999999655e-02
-5.420599999999999724e-02
-5.420599999999999724e-02
-5.420250000000000068e-02
-5.413649999999999712e-02
-5.407750000000000057e-02
-5.407750000000000057e-02
-5.407599999999999907e-02
-5.394800000000000290e-02
-5.394800000000000290e-02
-5.394800000000000290e-02
-5.394800000000000290e-02
-5.394800000000000290e-02
-5.394800000000000290e-02
-5.393300000000000177e-02
-5.393300000000000177e-02
-5.393049999999999927e-02
-5.383249999999999841e-02
-5.383249999999999841e-02
-5.383249999999999841e-02
-5.375549999999999773e-02
-5.371349999999999736e-02
-5.371349999999999736e-02
-5.371349999999999736e-02
-5.371349999999999736e-02
-5.371349999999999736e-02
-5.364300000000000318e-02
-5.364300000000000318e-02
-5.364300000000000318e-02
-5.364300000000000318e-02
-5.364300000000000318e-02
-5.364300000000000318e-02
-5.354799999999999838e-02
-5.354799999999999838e-02
-5.345149999999999901e-02
-5.345149999999999901e-02
-5.345149999999999901e-02
-5.345149999999999901e-02
-5.345149999999999901e-02
-5.345149999999999901e-02
-5.345149999999999901e-02
-5.345149999999999901e-02
-5.342000000000000220e-02
-5.342000000000000220e-02
-5.342000000000000220e-02
-5.342000000000000220e-02
-5.342000000000000220e-02
-5.336300000000000071e-02
-5.336300000000000071e-02
-5.336199999999999971e-02
-5.336199999999999971e-02
-5.331450000000000078e-02
-5.325300000000000172e-02
-5.325300000000000172e-02
-5.325300000000000172e-02
-5.325200000000000072e-02
-5.317349999999999854e-02
-5.313799999999999774e-02
-5.313799999999999774e-02
-5.313799999999999774e-02
-5.313799999999999774e-02
-5.313799999999999774e-02
-5.306000000000000300e-02
-5.303100000000000175e-02
-5.297099999999999725e-02
-5.297099999999999725e-02
-5.286099999999999827e-02
-5.286099999999999827e-02
-5.286099999999999827e-02
-5.286099999999999827e-02
-5.286099999999999827e-02
-5.286099999999999827e-02
-5.281700000000000284e-02
-5.281700000000000284e-02
-5.281700000000000284e-02
-5.272749999999999659e-02
-5.272749999999999659e-02
-5.272749999999999659e-02
-5.272749999999999659e-02
-5.272749999999999659e-02
-5.270400000000000085e-02
-5.270400000000000085e-02
-5.268250000000000016e-02
-5.259400000000000186e-02
-5.259400000000000186e-02
-5.259400000000000186e-02
-5.247349999999999931e-02
-5.247349999999999931e-02
-5.247349999999999931e-02
-5.242150000000000282e-02
-5.242150000000000282e-02
-5.242150000000000282e-02
-5.242150000000000282e-02
-5.226900000000000296e-02
-5.226900000000000296e-02
-5.226900000000000296e-02
-5.226900000000000296e-02
-5.226900000000000296e-02
-5.226900000000000296e-02
-5.226900000000000296e-02
-5.208700000000000135e-02
-5.208700000000000135e-02
-5.196150000000000074e-02
-5.196150000000000074e-02
-5.196150000000000074e-02
-5.196150000000000074e-02
-5.196150000000000074e-02
-5.196150000000000074e-02
-5.196150000000000074e-02
-5.192499999999999893e-02
-5.192499999999999893e-02
-5.192499999999999893e-02
-5.192250000000000337e-02
-5.192250000000000337e-02
-5.188700000000000256e-02
-5.187599999999999850e-02
-5.187599999999999850e-02
-5.186450000000000088e-02
-5.179650000000000226e-02
-5.174549999999999983e-02
-5.172600000000000114e-02
-5.169050000000000034e-02
-5.164049999999999890e-02
-5.164049999999999890e-02
-5.164049999999999890e-02
-5.164049999999999890e-02
-5.163750000000000284e-02
-5.152149999999999785e-02
-5.152149999999999785e-02
-5.146649999999999836e-02
-5.146649999999999836e-02
-5.146350000000000230e-02
-5.146350000000000230e-02
-5.143600000000000255e-02
-5.141899999999999943e-02
-5.132799999999999863e-02
-5.131050000000000194e-02
-5.131050000000000194e-02
-5.131050000000000194e-02
-5.131050000000000194e-02
-5.131050000000000194e-02
-5.131050000000000194e-02
-5.129949999999999788e-02
-5.114350000000000146e-02
-5.114350000000000146e-02
-5.114350000000000146e-02
-5.114350000000000146e-02
-5.114350000000000146e-02
-5.114350000000000146e-02
-5.114199999999999996e-02
-5.113349999999999840e-02
-5.113349999999999840e-02
-5.110150000000000109e-02
-5.107249999999999984e-02
-5.104899999999999716e-02
-5.104299999999999810e-02
-5.104299999999999810e-02
-5.091999999999999998e-02
-5.091999999999999998e-02
-5.091999999999999998e-02
-5.079600000000000087e-02
-5.079600000000000087e-02
-5.079600000000000087e-02
-5.079600000000000087e-02
-5.079600000000000087e-02
-5.079600000000000087e-02
-5.078749999999999931e-02
-5.078749999999999931e-02
-5.078749999999999931e-02
-5.078749999999999931e-02
