9.260925519516238769e-01
9.173145078469460700e-02
4.296571402146215357e-01
9.624944768146683760e-01
9.145005680611670296e-02
6.528775174849970053e-01
9.340916365063265392e-01
9.988423343405430921e-02
5.397728425084233894e-01
9.621498484951391816e-01
6.125704887836173201e-02
5.980714969292992844e-01
9.446352319343800374e-01
4.046155436615415935e-02
4.042070881068204891e-01
9.759659517450393063e-01
4.670479213087828929e-02
5.038483857325921633e-01
9.693175655153898340e-01
5.614042809164329628e-02
3.501242717836588469e-01
9.223444543812652219e-01
5.127882201000977247e-02
7.934949852765238454e-01
9.617240154779578276e-01
7.829447078353993228e-02
6.847572233308336642e-01
9.746948636653905984e-01
7.833095271571484386e-02
6.747578000122018693e-01
9.761529534573902822e-01
7.789667673483979815e-02
6.905678984092280537e-01
9.487881579165275969e-01
5.276729310561261571e-02
8.562101953025258450e-01
9.388318461694782346e-01
3.685900520146374870e-02
3.508266026933396509e-01
9.452898019175224320e-01
7.026456817754772599e-02
4.769183716362159764e-01
9.707622129305617520e-01
7.721632569411407410e-02
3.316935139920254016e-01
9.316947311302190560e-01
8.905263255602151318e-02
3.472095239137766853e-01
9.659801771824424454e-01
6.780066180840318979e-02
5.508775319469582099e-01
9.784189425605817059e-01
4.962965946413645107e-02
8.378659789442682859e-01
9.525553252810625704e-01
6.769513448630579133e-02
6.408462093078259869e-01
9.577199887899523478e-01
6.007367350761268904e-02
7.063143750022184975e-01
9.491157610106220055e-01
9.116735062400985190e-02
1.231665256273039022e-01
9.673968220005235708e-01
7.652097470824908987e-02
5.972008298010265115e-01
9.711032365464842275e-01
6.649205462035195913e-02
5.382301943169826020e-01
9.691011288922812827e-01
6.878377191480178343e-02
3.105140931203060894e-01
9.679437810959595767e-01
6.797019005789017854e-02
5.917682488564918186e-01
9.666501569085768075e-01
7.945664496292163814e-02
2.681799569047544907e-01
9.165786818756782584e-01
1.012926273115757614e-01
3.035260078594242961e-01
9.706525243038717221e-01
7.330463807886465621e-02
3.025727275039612474e-01
9.837841660512068875e-01
6.660291169405138656e-02
3.554343388787398750e-01
9.423591159882428459e-01
9.319933288926202097e-02
1.985823774990220503e-01
9.565623340696850496e-01
6.111676929130831215e-02
7.555233028750683033e-01
9.691319123707227146e-01
3.822012169817196048e-02
2.111001066563701345e-01
9.698020063372670974e-01
7.107338405909219281e-02
6.250215845664031100e-01
9.886703846085508340e-01
6.108020635666713827e-02
6.550086372555230518e-01
9.370298197459239198e-01
9.089584311071494116e-02
3.078434964547844821e-01
9.513509192447786589e-01
9.237766636054815794e-02
5.289393439037566313e-01
9.654791342792810038e-01
4.929374482508592364e-02
5.193790226194773263e-01
9.587519675996493129e-01
8.552169037881218738e-02
4.954632684116749841e-01
9.736718173427267864e-01
3.185609625111666954e-02
3.000403414516135125e-01
9.599121454035015599e-01
7.674057841415714287e-02
6.604581879477058326e-01
