-5.200949999999999740e-01
-4.760905000000000276e-01
-4.732379999999999920e-01
-4.732379999999999920e-01
-4.701825000000000032e-01
-4.629105000000000025e-01
-4.475160000000000249e-01
-4.379405000000000103e-01
-4.291460000000000274e-01
-4.216599999999999793e-01
-4.070389999999999842e-01
-4.070389999999999842e-01
-4.013650000000000273e-01
-3.948634999999999784e-01
-3.866709999999999869e-01
-3.847099999999999964e-01
-3.721340000000000203e-01
-3.721340000000000203e-01
-3.641030000000000100e-01
-3.553554999999999908e-01
-3.446509999999999851e-01
-3.438559999999999950e-01
-3.438559999999999950e-01
-3.399940000000000184e-01
-3.369300000000000073e-01
-3.261930000000000107e-01
-3.188099999999999823e-01
-3.146769999999999845e-01
-3.146769999999999845e-01
-3.146769999999999845e-01
-3.034645000000000259e-01
-3.015669999999999740e-01
-2.959435000000000260e-01
-2.959435000000000260e-01
-2.876615000000000144e-01
-2.858990000000000142e-01
-2.833780000000000188e-01
-2.830934999999999979e-01
-2.654874999999999874e-01
-2.654874999999999874e-01
-2.654874999999999874e-01
-2.654874999999999874e-01
-2.633750000000000258e-01
-2.620129999999999959e-01
-2.454429999999999945e-01
-2.454429999999999945e-01
-2.413359999999999950e-01
-2.413359999999999950e-01
-2.413359999999999950e-01
-2.385839999999999905e-01
-2.234329999999999927e-01
-2.234329999999999927e-01
-2.220119999999999871e-01
-2.216035000000000088e-01
-2.163980000000000070e-01
-2.133464999999999945e-01
-2.133464999999999945e-01
-2.107235000000000080e-01
-2.038635000000000030e-01
-2.013739999999999974e-01
-1.912899999999999878e-01
-1.912899999999999878e-01
-1.830255000000000076e-01
-1.830255000000000076e-01
-1.830255000000000076e-01
-1.807775000000000076e-01
-1.783915000000000084e-01
-1.764715000000000034e-01
-1.764715000000000034e-01
-1.710129999999999983e-01
-1.710129999999999983e-01
-1.699140000000000095e-01
-1.699140000000000095e-01
-1.689720000000000111e-01
-1.677639999999999965e-01
-1.665939999999999921e-01
-1.607139999999999957e-01
-1.607139999999999957e-01
-1.607139999999999957e-01
-1.606495000000000006e-01
-1.473079999999999945e-01
-1.473079999999999945e-01
-1.473079999999999945e-01
-1.470094999999999874e-01
-1.470094999999999874e-01
-1.467565000000000119e-01
-1.392990000000000061e-01
-1.392990000000000061e-01
-1.392990000000000061e-01
-1.379875000000000129e-01
-1.275260000000000005e-01
-1.275260000000000005e-01
-1.275260000000000005e-01
-1.275260000000000005e-01
-1.275260000000000005e-01
-1.258050000000000002e-01
-1.217855000000000049e-01
-1.203209999999999974e-01
-1.203209999999999974e-01
-1.191890000000000033e-01
-1.191890000000000033e-01
-1.184380000000000016e-01
-1.151004999999999945e-01
-1.151004999999999945e-01
-1.151004999999999945e-01
-1.151004999999999945e-01
-1.151004999999999945e-01
-1.131599999999999967e-01
-1.101214999999999972e-01
-1.101214999999999972e-01
-1.101214999999999972e-01
-1.101214999999999972e-01
-1.101214999999999972e-01
-1.101214999999999972e-01
-1.067680000000000018e-01
-1.063385000000000025e-01
-1.063385000000000025e-01
-1.036920000000000064e-01
-1.033194999999999947e-01
-1.024255000000000027e-01
-1.024255000000000027e-01
-1.024255000000000027e-01
-1.024255000000000027e-01
-1.024255000000000027e-01
-9.951649999999999385e-02
-9.951649999999999385e-02
-9.244549999999999990e-02
-9.244549999999999990e-02
-9.244549999999999990e-02
-9.244549999999999990e-02
-9.244549999999999990e-02
-9.177349999999999397e-02
-9.017350000000000365e-02
-9.017350000000000365e-02
-9.017350000000000365e-02
-8.905150000000000565e-02
-8.905150000000000565e-02
-8.555599999999999317e-02
-8.555599999999999317e-02
-8.555599999999999317e-02
-8.302500000000000158e-02
-8.302500000000000158e-02
-8.302500000000000158e-02
-8.302500000000000158e-02
-8.302500000000000158e-02
-8.265599999999999337e-02
-8.265599999999999337e-02
-8.250250000000000639e-02
-8.247050000000000214e-02
-7.865450000000000219e-02
-7.865450000000000219e-02
-7.865450000000000219e-02
-7.865450000000000219e-02
-7.865450000000000219e-02
-7.865450000000000219e-02
-7.761500000000000343e-02
-7.761500000000000343e-02
-7.761500000000000343e-02
-7.761500000000000343e-02
-7.761500000000000343e-02
-7.732200000000000184e-02
-7.715550000000000186e-02
-7.554750000000000354e-02
-7.144899999999999862e-02
-7.144899999999999862e-02
-7.144899999999999862e-02
-7.144899999999999862e-02
-7.144899999999999862e-02
-7.144899999999999862e-02
-6.945450000000000235e-02
-6.945450000000000235e-02
-6.945450000000000235e-02
-6.945450000000000235e-02
-6.945450000000000235e-02
-6.852949999999999320e-02
-6.819600000000000661e-02
-6.819600000000000661e-02
-6.813800000000000412e-02
-6.786200000000000565e-02
-6.623400000000000121e-02
-6.281050000000000522e-02
-6.281050000000000522e-02
-6.281050000000000522e-02
-6.281050000000000522e-02
-6.281050000000000522e-02
-6.281050000000000522e-02
-6.244600000000000151e-02
-6.244600000000000151e-02
-6.244600000000000151e-02
-6.200399999999999662e-02
-6.196850000000000275e-02
-6.055850000000000122e-02
-6.047000000000000292e-02
-6.007699999999999846e-02
-5.941199999999999953e-02
-5.909600000000000269e-02
-5.881399999999999822e-02
-5.881399999999999822e-02
-5.881399999999999822e-02
-5.737600000000000339e-02
-5.737600000000000339e-02
-5.737600000000000339e-02
-5.737600000000000339e-02
-5.737600000000000339e-02
-5.723799999999999721e-02
-5.723799999999999721e-02
-5.552750000000000047e-02
-5.552750000000000047e-02
-5.504649999999999821e-02
-5.504649999999999821e-02
-5.504649999999999821e-02
-5.504649999999999821e-02
-5.504649999999999821e-02
-5.408650000000000263e-02
-5.322650000000000298e-02
-5.322650000000000298e-02
-5.322650000000000298e-02
-5.322650000000000298e-02
-5.132899999999999963e-02
-5.132899999999999963e-02
-5.132899999999999963e-02
-5.132899999999999963e-02
-5.132899999999999963e-02
-5.122449999999999920e-02
-5.069150000000000045e-02
-5.055699999999999777e-02
-5.055699999999999777e-02
-5.037500000000000311e-02
-5.037500000000000311e-02
-5.021300000000000069e-02
-5.021300000000000069e-02
-4.958699999999999913e-02
-4.958699999999999913e-02
-4.911599999999999994e-02
-4.911599999999999994e-02
-4.911599999999999994e-02
-4.911599999999999994e-02
-4.911599999999999994e-02
-4.911599999999999994e-02
-4.911599999999999994e-02
-4.911599999999999994e-02
-4.845599999999999907e-02
-4.845599999999999907e-02
-4.778849999999999765e-02
-4.778849999999999765e-02
-4.778849999999999765e-02
-4.778849999999999765e-02
-4.778849999999999765e-02
-4.703199999999999742e-02
-4.703199999999999742e-02
-4.699899999999999911e-02
-4.694949999999999818e-02
-4.682449999999999807e-02
-4.682449999999999807e-02
-4.682449999999999807e-02
-4.682449999999999807e-02
-4.682449999999999807e-02
-4.559150000000000008e-02
-4.559150000000000008e-02
-4.559150000000000008e-02
-4.559150000000000008e-02
-4.559150000000000008e-02
-4.559150000000000008e-02
-4.532950000000000174e-02
-4.527799999999999880e-02
-4.527799999999999880e-02
-4.491250000000000103e-02
-4.486949999999999966e-02
-4.486949999999999966e-02
-4.424550000000000011e-02
-4.373849999999999960e-02
-4.373849999999999960e-02
-4.373849999999999960e-02
-4.373849999999999960e-02
-4.373849999999999960e-02
-4.366799999999999848e-02
-4.150849999999999679e-02
-4.150849999999999679e-02
-4.150849999999999679e-02
-4.150849999999999679e-02
-4.150849999999999679e-02
-4.150849999999999679e-02
-4.150849999999999679e-02
-4.150849999999999679e-02
-4.150849999999999679e-02
-4.135699999999999793e-02
-4.135699999999999793e-02
-4.135699999999999793e-02
-4.135699999999999793e-02
-4.135699999999999793e-02
-4.135699999999999793e-02
-4.120700000000000057e-02
-3.975250000000000311e-02
-3.975250000000000311e-02
-3.975250000000000311e-02
-3.975250000000000311e-02
-3.975250000000000311e-02
-3.975250000000000311e-02
-3.975250000000000311e-02
-3.975250000000000311e-02
-3.975250000000000311e-02
-3.975250000000000311e-02
-3.840849999999999820e-02
-3.840849999999999820e-02
-3.812650000000000067e-02
-3.812650000000000067e-02
-3.812650000000000067e-02
-3.812650000000000067e-02
-3.812650000000000067e-02
-3.812650000000000067e-02
-3.664900000000000102e-02
-3.664900000000000102e-02
-3.664900000000000102e-02
-3.664900000000000102e-02
-3.664900000000000102e-02
-3.570050000000000306e-02
-3.570050000000000306e-02
-3.570050000000000306e-02
-3.570050000000000306e-02
-3.570050000000000306e-02
-3.570050000000000306e-02
-3.570050000000000306e-02
-3.552700000000000302e-02
-3.552700000000000302e-02
-3.552700000000000302e-02
-3.552700000000000302e-02
-3.552700000000000302e-02
-3.541949999999999960e-02
-3.529650000000000148e-02
-3.528250000000000136e-02
-3.524499999999999855e-02
-3.514250000000000013e-02
-3.498899999999999927e-02
-3.352549999999999975e-02
-3.352549999999999975e-02
-3.352549999999999975e-02
-3.352549999999999975e-02
-3.352549999999999975e-02
-3.352549999999999975e-02
-3.352549999999999975e-02
-3.352549999999999975e-02
-3.352549999999999975e-02
-3.352549999999999975e-02
-3.289650000000000213e-02
-3.289650000000000213e-02
-3.289650000000000213e-02
-3.289650000000000213e-02
-3.289650000000000213e-02
-3.289650000000000213e-02
-3.282150000000000345e-02
-3.261349999999999666e-02
-3.261349999999999666e-02
-3.254549999999999804e-02
-3.247150000000000036e-02
-3.035550000000000054e-02
-3.035550000000000054e-02
-3.035550000000000054e-02
-3.035550000000000054e-02
-3.035550000000000054e-02
-3.035550000000000054e-02
-3.035550000000000054e-02
-3.035550000000000054e-02
-3.035550000000000054e-02
-3.035550000000000054e-02
-3.035550000000000054e-02
-3.035550000000000054e-02
-3.035550000000000054e-02
-3.023450000000000096e-02
-2.996849999999999861e-02
-2.996849999999999861e-02
-2.996849999999999861e-02
-2.996849999999999861e-02
-2.996849999999999861e-02
-2.996849999999999861e-02
-2.996849999999999861e-02
-2.994499999999999940e-02
-2.994499999999999940e-02
-2.985499999999999959e-02
-2.985499999999999959e-02
-2.985499999999999959e-02
-2.867549999999999960e-02
-2.867549999999999960e-02
-2.867549999999999960e-02
-2.867549999999999960e-02
-2.867549999999999960e-02
-2.867549999999999960e-02
-2.867549999999999960e-02
-2.863600000000000173e-02
-2.860800000000000148e-02
-2.860800000000000148e-02
-2.860800000000000148e-02
-2.859400000000000136e-02
-2.807199999999999973e-02
-2.807199999999999973e-02
-2.807199999999999973e-02
-2.807199999999999973e-02
-2.807199999999999973e-02
-2.807199999999999973e-02
-2.807199999999999973e-02
-2.807199999999999973e-02
-2.807199999999999973e-02
-2.807199999999999973e-02
-2.800949999999999968e-02
-2.772550000000000014e-02
-2.772550000000000014e-02
-2.633649999999999880e-02
-2.633649999999999880e-02
-2.633649999999999880e-02
-2.633649999999999880e-02
-2.633649999999999880e-02
-2.633649999999999880e-02
-2.633649999999999880e-02
-2.633649999999999880e-02
-2.633649999999999880e-02
-2.633649999999999880e-02
-2.633649999999999880e-02
-2.633649999999999880e-02
-2.633649999999999880e-02
-2.633649999999999880e-02
-2.633649999999999880e-02
-2.633649999999999880e-02
-2.629750000000000143e-02
-2.564249999999999863e-02
-2.564249999999999863e-02
-2.564249999999999863e-02
-2.564249999999999863e-02
-2.564249999999999863e-02
-2.564249999999999863e-02
-2.564249999999999863e-02
-2.558550000000000060e-02
-2.558550000000000060e-02
-2.547150000000000108e-02
-2.494199999999999889e-02
-2.494199999999999889e-02
-2.494199999999999889e-02
-2.494199999999999889e-02
-2.494199999999999889e-02
-2.494199999999999889e-02
-2.494199999999999889e-02
-2.494199999999999889e-02
-2.494199999999999889e-02
-2.494199999999999889e-02
-2.494199999999999889e-02
-2.494199999999999889e-02
-2.468350000000000058e-02
-2.465399999999999883e-02
-2.465399999999999883e-02
-2.464449999999999974e-02
-2.449549999999999991e-02
-2.449549999999999991e-02
-2.449549999999999991e-02
-2.449549999999999991e-02
-2.412950000000000164e-02
-2.412950000000000164e-02
-2.412950000000000164e-02
-2.396449999999999969e-02
-2.396449999999999969e-02
-2.396449999999999969e-02
-2.396449999999999969e-02
-2.396449999999999969e-02
-2.396449999999999969e-02
-2.396449999999999969e-02
-2.396449999999999969e-02
-2.396449999999999969e-02
-2.382849999999999899e-02
-2.382849999999999899e-02
-2.382849999999999899e-02
-2.382849999999999899e-02
-2.382849999999999899e-02
-2.319299999999999834e-02
-2.319299999999999834e-02
-2.315350000000000047e-02
-2.315350000000000047e-02
-2.315350000000000047e-02
-2.315350000000000047e-02
-2.315350000000000047e-02
-2.315350000000000047e-02
-2.315350000000000047e-02
-2.315350000000000047e-02
-2.315350000000000047e-02
-2.315350000000000047e-02
-2.315350000000000047e-02
-2.297750000000000140e-02
-2.297750000000000140e-02
-2.297750000000000140e-02
-2.283500000000000113e-02
-2.283500000000000113e-02
-2.283500000000000113e-02
-2.283500000000000113e-02
-2.283500000000000113e-02
-2.283500000000000113e-02
-2.283500000000000113e-02
-2.275249999999999842e-02
-2.275249999999999842e-02
-2.275249999999999842e-02
-2.256599999999999925e-02
-2.256599999999999925e-02
-2.248350000000000001e-02
-2.248350000000000001e-02
-2.233699999999999922e-02
-2.233699999999999922e-02
-2.233699999999999922e-02
-2.213899999999999896e-02
-2.213899999999999896e-02
-2.213899999999999896e-02
-2.213899999999999896e-02
-2.213899999999999896e-02
-2.213899999999999896e-02
-2.213899999999999896e-02
-2.213899999999999896e-02
-2.201600000000000085e-02
-2.201600000000000085e-02
-2.188800000000000121e-02
-2.188800000000000121e-02
-2.188800000000000121e-02
-2.188800000000000121e-02
-2.188800000000000121e-02
-2.160149999999999917e-02
-2.160149999999999917e-02
-2.160149999999999917e-02
-2.160149999999999917e-02
-2.160149999999999917e-02
-2.156550000000000133e-02
-2.152750000000000150e-02
-2.152750000000000150e-02
-2.152750000000000150e-02
-2.149300000000000169e-02
-2.149300000000000169e-02
-2.149300000000000169e-02
-2.149300000000000169e-02
-2.147949999999999859e-02
-2.147949999999999859e-02
-2.147949999999999859e-02
-2.116550000000000029e-02
-2.116550000000000029e-02
-2.116550000000000029e-02
-2.116550000000000029e-02
-2.116550000000000029e-02
-2.116550000000000029e-02
-2.116550000000000029e-02
-2.116550000000000029e-02
-2.116550000000000029e-02
-2.108499999999999958e-02
-2.108499999999999958e-02
-2.108499999999999958e-02
-2.082399999999999876e-02
-2.082399999999999876e-02
-2.082399999999999876e-02
-2.082399999999999876e-02
-2.067000000000000087e-02
-2.067000000000000087e-02
-2.067000000000000087e-02
-2.067000000000000087e-02
-2.067000000000000087e-02
-2.067000000000000087e-02
-2.067000000000000087e-02
-2.067000000000000087e-02
-2.067000000000000087e-02
-2.066600000000000034e-02
-2.066600000000000034e-02
-2.058600000000000013e-02
-2.058600000000000013e-02
-2.058600000000000013e-02
-2.058600000000000013e-02
-2.058600000000000013e-02
-2.058600000000000013e-02
-2.058600000000000013e-02
-2.058600000000000013e-02
-2.053400000000000017e-02
-2.053400000000000017e-02
-2.039900000000000047e-02
-2.039900000000000047e-02
-2.039900000000000047e-02
-2.039900000000000047e-02
-2.039900000000000047e-02
-2.039900000000000047e-02
-2.039900000000000047e-02
-2.027899999999999842e-02
-2.027899999999999842e-02
-2.027899999999999842e-02
-2.027899999999999842e-02
-2.027899999999999842e-02
-2.016700000000000090e-02
-2.006350000000000147e-02
-2.006350000000000147e-02
-2.006350000000000147e-02
-2.006350000000000147e-02
-2.006350000000000147e-02
-2.006350000000000147e-02
-2.006350000000000147e-02
-2.006350000000000147e-02
-2.002599999999999866e-02
-2.001599999999999907e-02
-1.985800000000000065e-02
-1.985800000000000065e-02
-1.985800000000000065e-02
-1.985800000000000065e-02
-1.985800000000000065e-02
-1.985800000000000065e-02
-1.985450000000000062e-02
-1.985450000000000062e-02
-1.985450000000000062e-02
-1.970950000000000132e-02
-1.970950000000000132e-02
-1.970950000000000132e-02
-1.970950000000000132e-02
-1.970950000000000132e-02
-1.968649999999999914e-02
-1.968649999999999914e-02
-1.968649999999999914e-02
-1.966649999999999995e-02
-1.966649999999999995e-02
-1.966649999999999995e-02
-1.966649999999999995e-02
-1.966000000000000039e-02
-1.966000000000000039e-02
-1.965050000000000130e-02
-1.965050000000000130e-02
-1.965050000000000130e-02
-1.962900000000000061e-02
-1.962900000000000061e-02
-1.951249999999999860e-02
-1.951249999999999860e-02
-1.951249999999999860e-02
-1.882549999999999848e-02
-1.882549999999999848e-02
-1.882549999999999848e-02
-1.882549999999999848e-02
-1.882549999999999848e-02
-1.882549999999999848e-02
-1.882549999999999848e-02
-1.882549999999999848e-02
-1.882549999999999848e-02
-1.882549999999999848e-02
-1.882549999999999848e-02
-1.875999999999999890e-02
-1.875999999999999890e-02
-1.875999999999999890e-02
-1.875999999999999890e-02
-1.875999999999999890e-02
-1.875999999999999890e-02
-1.869200000000000028e-02
-1.869200000000000028e-02
-1.869200000000000028e-02
-1.869200000000000028e-02
-1.860300000000000148e-02
-1.860049999999999898e-02
-1.860049999999999898e-02
-1.860049999999999898e-02
-1.860049999999999898e-02
-1.854849999999999902e-02
-1.854849999999999902e-02
-1.854849999999999902e-02
-1.854849999999999902e-02
-1.849850000000000105e-02
-1.846350000000000074e-02
-1.846350000000000074e-02
-1.844449999999999909e-02
-1.842250000000000137e-02
-1.842250000000000137e-02
-1.841749999999999984e-02
-1.841749999999999984e-02
-1.841749999999999984e-02
-1.840800000000000075e-02
-1.836149999999999935e-02
-1.836149999999999935e-02
-1.830750000000000086e-02
-1.830750000000000086e-02
-1.830750000000000086e-02
-1.830649999999999986e-02
-1.830649999999999986e-02
-1.830649999999999986e-02
-1.828149999999999914e-02
-1.828149999999999914e-02
-1.811400000000000163e-02
-1.810950000000000060e-02
-1.810749999999999860e-02
-1.810749999999999860e-02
-1.810749999999999860e-02
-1.803050000000000139e-02
-1.803050000000000139e-02
-1.803050000000000139e-02
-1.766749999999999918e-02
-1.766749999999999918e-02
-1.766749999999999918e-02
-1.766749999999999918e-02
-1.766749999999999918e-02
-1.766749999999999918e-02
-1.766749999999999918e-02
-1.766749999999999918e-02
-1.758149999999999991e-02
-1.758149999999999991e-02
-1.758149999999999991e-02
-1.758149999999999991e-02
-1.758149999999999991e-02
-1.753050000000000094e-02
-1.753050000000000094e-02
-1.753050000000000094e-02
-1.753050000000000094e-02
-1.753050000000000094e-02
-1.753050000000000094e-02
-1.753050000000000094e-02
-1.753050000000000094e-02
-1.752149999999999888e-02
-1.746899999999999842e-02
-1.746899999999999842e-02
-1.746850000000000139e-02
-1.745899999999999883e-02
-1.744450000000000167e-02
-1.744450000000000167e-02
-1.744450000000000167e-02
-1.743250000000000008e-02
-1.741099999999999939e-02
-1.741099999999999939e-02
-1.741099999999999939e-02
-1.736649999999999999e-02
-1.736649999999999999e-02
-1.732699999999999865e-02
-1.732699999999999865e-02
-1.732699999999999865e-02
-1.732699999999999865e-02
-1.732699999999999865e-02
-1.732699999999999865e-02
-1.732699999999999865e-02
-1.732699999999999865e-02
-1.732699999999999865e-02
-1.732699999999999865e-02
-1.732699999999999865e-02
-1.732699999999999865e-02
-1.732550000000000062e-02
-1.724650000000000141e-02
-1.724650000000000141e-02
-1.724650000000000141e-02
-1.724650000000000141e-02
-1.724600000000000091e-02
-1.724250000000000088e-02
-1.724250000000000088e-02
-1.724250000000000088e-02
-1.724250000000000088e-02
-1.724250000000000088e-02
-1.724250000000000088e-02
-1.708449999999999899e-02
-1.708449999999999899e-02
-1.708449999999999899e-02
-1.708449999999999899e-02
-1.708449999999999899e-02
-1.708449999999999899e-02
-1.699849999999999972e-02
-1.699849999999999972e-02
-1.699849999999999972e-02
-1.699849999999999972e-02
-1.699849999999999972e-02
-1.699849999999999972e-02
-1.699849999999999972e-02
-1.699849999999999972e-02
-1.699849999999999972e-02
-1.688200000000000117e-02
-1.688200000000000117e-02
-1.687349999999999961e-02
-1.687349999999999961e-02
-1.687349999999999961e-02
-1.687349999999999961e-02
-1.687349999999999961e-02
-1.687349999999999961e-02
-1.687200000000000158e-02
-1.686549999999999855e-02
-1.686549999999999855e-02
-1.686549999999999855e-02
-1.686549999999999855e-02
-1.680049999999999946e-02
-1.680049999999999946e-02
-1.680049999999999946e-02
-1.680049999999999946e-02
-1.680049999999999946e-02
-1.680049999999999946e-02
-1.680049999999999946e-02
-1.651149999999999840e-02
-1.642849999999999866e-02
-1.642849999999999866e-02
-1.642849999999999866e-02
-1.642849999999999866e-02
-1.642849999999999866e-02
-1.642849999999999866e-02
-1.642849999999999866e-02
-1.642849999999999866e-02
-1.642849999999999866e-02
-1.641099999999999851e-02
-1.640700000000000144e-02
-1.639550000000000035e-02
-1.639550000000000035e-02
-1.639499999999999985e-02
-1.639449999999999935e-02
-1.638049999999999923e-02
-1.633300000000000030e-02
-1.631950000000000067e-02
-1.631700000000000164e-02
-1.631499999999999964e-02
-1.631399999999999864e-02
-1.631099999999999911e-02
-1.631099999999999911e-02
-1.631099999999999911e-02
-1.624650000000000052e-02
-1.624650000000000052e-02
-1.621099999999999972e-02
-1.620500000000000065e-02
-1.620500000000000065e-02
-1.620500000000000065e-02
-1.620349999999999915e-02
-1.613699999999999857e-02
-1.613699999999999857e-02
-1.612500000000000044e-02
-1.612500000000000044e-02
-1.612500000000000044e-02
-1.586550000000000113e-02
-1.586550000000000113e-02
-1.586550000000000113e-02
-1.586550000000000113e-02
-1.586550000000000113e-02
-1.586550000000000113e-02
-1.586550000000000113e-02
-1.586550000000000113e-02
-1.586550000000000113e-02
-1.586550000000000113e-02
-1.586550000000000113e-02
-1.586550000000000113e-02
-1.586550000000000113e-02
-1.586550000000000113e-02
-1.586550000000000113e-02
-1.586550000000000113e-02
-1.586550000000000113e-02
-1.586550000000000113e-02
-1.586550000000000113e-02
-1.582100000000000173e-02
-1.582100000000000173e-02
-1.582100000000000173e-02
-1.582100000000000173e-02
-1.582100000000000173e-02
-1.582100000000000173e-02
-1.582100000000000173e-02
-1.582100000000000173e-02
-1.582100000000000173e-02
-1.582050000000000123e-02
-1.582050000000000123e-02
-1.577150000000000080e-02
-1.577150000000000080e-02
-1.577150000000000080e-02
-1.577150000000000080e-02
-1.518650000000000035e-02
-1.518650000000000035e-02
-1.518650000000000035e-02
-1.518650000000000035e-02
-1.518650000000000035e-02
-1.518650000000000035e-02
-1.518650000000000035e-02
-1.518650000000000035e-02
-1.518650000000000035e-02
-1.518650000000000035e-02
-1.518650000000000035e-02
-1.518650000000000035e-02
-1.518650000000000035e-02
-1.518650000000000035e-02
-1.518650000000000035e-02
-1.518650000000000035e-02
-1.518650000000000035e-02
-1.518650000000000035e-02
-1.518650000000000035e-02
-1.518650000000000035e-02
-1.518650000000000035e-02
-1.518650000000000035e-02
-1.518650000000000035e-02
-1.518650000000000035e-02
-1.518650000000000035e-02
-1.518650000000000035e-02
-1.518650000000000035e-02
-1.518650000000000035e-02
-1.518650000000000035e-02
-1.518650000000000035e-02
-1.512699999999999982e-02
-1.512699999999999982e-02
-1.512699999999999982e-02
-1.512699999999999982e-02
-1.512699999999999982e-02
-1.512699999999999982e-02
-1.512699999999999982e-02
-1.509850000000000081e-02
-1.509850000000000081e-02
-1.509850000000000081e-02
-1.509850000000000081e-02
-1.509850000000000081e-02
-1.509850000000000081e-02
-1.509850000000000081e-02
-1.509850000000000081e-02
-1.509850000000000081e-02
-1.509850000000000081e-02
-1.509850000000000081e-02
-1.509850000000000081e-02
-1.507649999999999962e-02
-1.507649999999999962e-02
-1.501700000000000083e-02
-1.501700000000000083e-02
-1.501700000000000083e-02
-1.501700000000000083e-02
-1.498099999999999953e-02
-1.498099999999999953e-02
-1.498099999999999953e-02
-1.498099999999999953e-02
-1.498099999999999953e-02
-1.498099999999999953e-02
-1.498099999999999953e-02
-1.498099999999999953e-02
-1.498099999999999953e-02
-1.498099999999999953e-02
-1.498099999999999953e-02
-1.498099999999999953e-02
-1.498099999999999953e-02
-1.498099999999999953e-02
-1.498099999999999953e-02
-1.498099999999999953e-02
-1.495400000000000028e-02
-1.494949999999999925e-02
-1.494949999999999925e-02
-1.494649999999999972e-02
-1.494649999999999972e-02
-1.494649999999999972e-02
-1.494649999999999972e-02
-1.487199999999999980e-02
-1.487199999999999980e-02
-1.487199999999999980e-02
-1.487199999999999980e-02
-1.487199999999999980e-02
-1.482100000000000084e-02
-1.482100000000000084e-02
-1.482100000000000084e-02
-1.482100000000000084e-02
-1.482100000000000084e-02
-1.482100000000000084e-02
-1.482100000000000084e-02
-1.482100000000000084e-02
-1.482100000000000084e-02
-1.482100000000000084e-02
-1.482100000000000084e-02
-1.482100000000000084e-02
-1.482100000000000084e-02
-1.482100000000000084e-02
-1.482100000000000084e-02
-1.482100000000000084e-02
-1.482050000000000034e-02
-1.480449999999999995e-02
-1.480449999999999995e-02
-1.480449999999999995e-02
-1.480449999999999995e-02
-1.474349999999999966e-02
-1.474349999999999966e-02
-1.474349999999999966e-02
-1.474349999999999966e-02
-1.474349999999999966e-02
-1.474349999999999966e-02
-1.474349999999999966e-02
-1.474349999999999966e-02
-1.474349999999999966e-02
-1.474349999999999966e-02
-1.474349999999999966e-02
-1.470499999999999932e-02
-1.470499999999999932e-02
-1.470499999999999932e-02
-1.470499999999999932e-02
-1.470499999999999932e-02
-1.469299999999999946e-02
-1.469299999999999946e-02
-1.469299999999999946e-02
-1.469299999999999946e-02
-1.469299999999999946e-02
-1.461050000000000022e-02
-1.461050000000000022e-02
-1.461050000000000022e-02
-1.461050000000000022e-02
-1.461050000000000022e-02
-1.460949999999999922e-02
-1.460949999999999922e-02
-1.460099999999999940e-02
-1.460099999999999940e-02
-1.460000000000000013e-02
-1.459949999999999963e-02
-1.459900000000000087e-02
-1.459900000000000087e-02
-1.459850000000000037e-02
-1.459749999999999936e-02
-1.459749999999999936e-02
-1.457600000000000041e-02
-1.457600000000000041e-02
-1.457600000000000041e-02
-1.457600000000000041e-02
-1.457600000000000041e-02
-1.457600000000000041e-02
-1.457600000000000041e-02
-1.454949999999999993e-02
-1.454949999999999993e-02
-1.454949999999999993e-02
-1.454949999999999993e-02
-1.454949999999999993e-02
