9.919642382430210459e-01
6.994424188109342744e-01
3.135657990837331655e-01
9.998680367343929509e-01
7.370061569527346368e-01
6.815422385850193887e-01
9.807799769934893996e-01
8.257363998276410211e-01
3.133760425925569137e-01
9.810839627856688949e-01
7.832815824543695182e-01
4.780659867958033660e-01
9.654100423588970470e-01
7.192074314729960394e-01
5.017623407807066949e-01
9.904051500487842663e-01
7.963647002014881959e-01
4.771040375725418281e-01
9.862515806448004518e-01
8.549046084221806341e-01
4.725132030761127755e-01
9.959731495049811700e-01
7.856055422374814690e-01
3.977841047110807216e-01
9.837168583177204884e-01
7.913293641548776458e-01
7.445242230067374845e-01
9.875665744228550036e-01
7.743440530605631977e-01
5.657356795941017591e-01
9.920325541725198981e-01
8.591884506080056383e-01
2.132310960412859835e-01
9.889648191862312476e-01
8.752915330994928134e-01
4.923689623791299153e-01
9.973826360108319911e-01
7.987105469965312121e-01
2.910353679826430673e-01
9.942183138447062696e-01
7.777848307816124240e-01
3.234008721125376518e-01
9.916944277904715666e-01
8.578894465160544769e-01
2.630291841352687676e-01
9.941612049837951215e-01
7.292979022404558753e-01
5.981351844794909889e-01
9.874845202599753513e-01
8.455151341152198352e-01
4.321178961250943251e-01
9.952679797472330225e-01
8.359829825917930446e-01
3.958255077832903979e-01
9.993935158276701092e-01
8.668711495588816707e-01
2.866260501255344373e-01
9.963915669339857839e-01
7.633611404458386929e-01
6.268062845744988287e-01
