-2.869510000000000116e-01
-2.869510000000000116e-01
-2.836879999999999957e-01
-2.834674999999999834e-01
-2.827120000000000188e-01
-2.797645000000000270e-01
-2.797284999999999910e-01
-2.796130000000000004e-01
-2.792660000000000142e-01
-2.791609999999999925e-01
-2.783269999999999911e-01
-2.781115000000000115e-01
-2.777939999999999854e-01
-2.771159999999999735e-01
-2.770354999999999901e-01
-2.769809999999999772e-01
-2.766000000000000125e-01
-2.766000000000000125e-01
-2.764590000000000103e-01
-2.760615000000000152e-01
-2.759599999999999831e-01
-2.758129999999999749e-01
-2.756239999999999801e-01
-2.756239999999999801e-01
-2.755615000000000148e-01
-2.755615000000000148e-01
-2.753269999999999884e-01
-2.753269999999999884e-01
-2.752014999999999878e-01
-2.749449999999999950e-01
-2.749449999999999950e-01
-2.748194999999999943e-01
-2.748194999999999943e-01
-2.748005000000000031e-01
-2.748005000000000031e-01
-2.747685000000000266e-01
-2.747594999999999898e-01
-2.746574999999999989e-01
-2.746574999999999989e-01
-2.745670000000000055e-01
-2.744035000000000224e-01
-2.744035000000000224e-01
-2.744035000000000224e-01
-2.744035000000000224e-01
-2.743025000000000047e-01
-2.743025000000000047e-01
-2.743025000000000047e-01
-2.743025000000000047e-01
-2.742784999999999807e-01
-2.742600000000000038e-01
-2.742600000000000038e-01
-2.741684999999999817e-01
-2.741574999999999984e-01
-2.741574999999999984e-01
-2.741040000000000143e-01
-2.741040000000000143e-01
-2.741040000000000143e-01
-2.740960000000000063e-01
-2.740285000000000082e-01
-2.740210000000000146e-01
-2.739975000000000049e-01
-2.739619999999999833e-01
-2.739464999999999817e-01
-2.738630000000000231e-01
-2.738550000000000151e-01
-2.738550000000000151e-01
-2.738550000000000151e-01
-2.738550000000000151e-01
-2.738550000000000151e-01
-2.738499999999999823e-01
-2.737924999999999942e-01
-2.737924999999999942e-01
-2.737924999999999942e-01
-2.737924999999999942e-01
-2.737454999999999750e-01
-2.737454999999999750e-01
-2.737454999999999750e-01
-2.737454999999999750e-01
-2.737335000000000185e-01
-2.737335000000000185e-01
-2.737195000000000045e-01
-2.737040000000000028e-01
-2.737040000000000028e-01
-2.736954999999999805e-01
-2.736795000000000200e-01
-2.736795000000000200e-01
-2.736529999999999796e-01
-2.736489999999999756e-01
-2.736489999999999756e-01
-2.736465000000000147e-01
-2.736465000000000147e-01
-2.736100000000000199e-01
-2.736100000000000199e-01
-2.736100000000000199e-01
-2.736100000000000199e-01
-2.736084999999999767e-01
-2.736080000000000179e-01
-2.735974999999999935e-01
-2.735974999999999935e-01
-2.735925000000000162e-01
-2.735655000000000170e-01
-2.735655000000000170e-01
-2.735369999999999746e-01
-2.735369999999999746e-01
-2.735369999999999746e-01
-2.735369999999999746e-01
-2.735369999999999746e-01
-2.735369999999999746e-01
-2.735325000000000117e-01
-2.735270000000000201e-01
-2.735250000000000181e-01
-2.735104999999999897e-01
-2.735104999999999897e-01
-2.735044999999999837e-01
-2.734874999999999945e-01
-2.734874999999999945e-01
-2.734874999999999945e-01
-2.734659999999999869e-01
-2.734659999999999869e-01
-2.734659999999999869e-01
-2.734659999999999869e-01
-2.734544999999999892e-01
-2.734544999999999892e-01
-2.734544999999999892e-01
-2.734469999999999956e-01
-2.734469999999999956e-01
-2.734469999999999956e-01
-2.734469999999999956e-01
-2.734469999999999956e-01
-2.734329999999999816e-01
-2.734329999999999816e-01
-2.734314999999999940e-01
-2.734314999999999940e-01
-2.734134999999999760e-01
-2.734110000000000151e-01
-2.734110000000000151e-01
-2.734110000000000151e-01
-2.734110000000000151e-01
-2.734099999999999864e-01
-2.734015000000000195e-01
-2.734015000000000195e-01
-2.734015000000000195e-01
-2.734015000000000195e-01
-2.734015000000000195e-01
-2.734015000000000195e-01
-2.734015000000000195e-01
-2.733794999999999975e-01
-2.733794999999999975e-01
-2.733794999999999975e-01
-2.733794999999999975e-01
-2.733794999999999975e-01
-2.733794999999999975e-01
-2.733794999999999975e-01
-2.733794999999999975e-01
-2.733794999999999975e-01
-2.733794999999999975e-01
-2.733619999999999939e-01
-2.733619999999999939e-01
-2.733619999999999939e-01
-2.733619999999999939e-01
-2.733619999999999939e-01
-2.733619999999999939e-01
-2.733619999999999939e-01
-2.733459999999999779e-01
-2.733459999999999779e-01
-2.733459999999999779e-01
-2.733459999999999779e-01
-2.733459999999999779e-01
-2.733424999999999883e-01
-2.733424999999999883e-01
-2.733424999999999883e-01
-2.733424999999999883e-01
-2.733424999999999883e-01
-2.733369999999999966e-01
-2.733369999999999966e-01
-2.733364999999999823e-01
-2.733364999999999823e-01
-2.733364999999999823e-01
-2.733364999999999823e-01
-2.733295000000000030e-01
-2.733295000000000030e-01
-2.733264999999999723e-01
-2.733264999999999723e-01
-2.733264999999999723e-01
-2.733264999999999723e-01
-2.733264999999999723e-01
-2.733254999999999990e-01
-2.733254999999999990e-01
-2.733140000000000014e-01
-2.733140000000000014e-01
-2.733119999999999994e-01
-2.733119999999999994e-01
-2.733119999999999994e-01
-2.733119999999999994e-01
-2.733119999999999994e-01
-2.733119999999999994e-01
-2.733119999999999994e-01
-2.733119999999999994e-01
-2.733119999999999994e-01
-2.733119999999999994e-01
-2.733119999999999994e-01
-2.733119999999999994e-01
-2.733105000000000118e-01
-2.733050000000000201e-01
-2.733050000000000201e-01
-2.733050000000000201e-01
-2.732955000000000245e-01
-2.732955000000000245e-01
-2.732955000000000245e-01
-2.732955000000000245e-01
-2.732955000000000245e-01
-2.732955000000000245e-01
-2.732955000000000245e-01
-2.732955000000000245e-01
-2.732955000000000245e-01
-2.732904999999999918e-01
-2.732904999999999918e-01
-2.732904999999999918e-01
-2.732904999999999918e-01
-2.732904999999999918e-01
-2.732904999999999918e-01
-2.732859999999999734e-01
-2.732859999999999734e-01
-2.732859999999999734e-01
-2.732859999999999734e-01
-2.732859999999999734e-01
-2.732859999999999734e-01
-2.732859999999999734e-01
-2.732835000000000125e-01
-2.732835000000000125e-01
-2.732835000000000125e-01
-2.732835000000000125e-01
-2.732820000000000249e-01
-2.732820000000000249e-01
-2.732820000000000249e-01
-2.732784999999999798e-01
-2.732784999999999798e-01
-2.732784999999999798e-01
-2.732784999999999798e-01
-2.732784999999999798e-01
-2.732784999999999798e-01
-2.732784999999999798e-01
-2.732784999999999798e-01
-2.732784999999999798e-01
-2.732784999999999798e-01
-2.732784999999999798e-01
-2.732784999999999798e-01
-2.732784999999999798e-01
-2.732784999999999798e-01
-2.732784999999999798e-01
-2.732784999999999798e-01
-2.732784999999999798e-01
-2.732784999999999798e-01
-2.732744999999999758e-01
-2.732744999999999758e-01
-2.732744999999999758e-01
-2.732744999999999758e-01
-2.732744999999999758e-01
-2.732744999999999758e-01
-2.732744999999999758e-01
-2.732744999999999758e-01
-2.732744999999999758e-01
-2.732744999999999758e-01
-2.732744999999999758e-01
-2.732744999999999758e-01
-2.732705000000000273e-01
-2.732705000000000273e-01
-2.732700000000000129e-01
-2.732700000000000129e-01
-2.732674999999999965e-01
-2.732674999999999965e-01
-2.732674999999999965e-01
-2.732654999999999945e-01
-2.732654999999999945e-01
-2.732654999999999945e-01
-2.732654999999999945e-01
-2.732654999999999945e-01
-2.732654999999999945e-01
-2.732654999999999945e-01
-2.732654999999999945e-01
-2.732654999999999945e-01
-2.732645000000000213e-01
-2.732614999999999905e-01
-2.732614999999999905e-01
-2.732614999999999905e-01
-2.732614999999999905e-01
-2.732614999999999905e-01
-2.732614999999999905e-01
-2.732614999999999905e-01
-2.732614999999999905e-01
-2.732614999999999905e-01
-2.732614999999999905e-01
-2.732614999999999905e-01
-2.732614999999999905e-01
-2.732614999999999905e-01
-2.732614999999999905e-01
-2.732614999999999905e-01
-2.732539999999999969e-01
-2.732539999999999969e-01
-2.732539999999999969e-01
-2.732539999999999969e-01
-2.732539999999999969e-01
-2.732539999999999969e-01
-2.732539999999999969e-01
-2.732539999999999969e-01
-2.732539999999999969e-01
-2.732539999999999969e-01
-2.732539999999999969e-01
-2.732514999999999805e-01
-2.732514999999999805e-01
-2.732514999999999805e-01
-2.732514999999999805e-01
-2.732514999999999805e-01
-2.732514999999999805e-01
-2.732514999999999805e-01
-2.732514999999999805e-01
-2.732514999999999805e-01
-2.732514999999999805e-01
-2.732465000000000033e-01
-2.732465000000000033e-01
-2.732465000000000033e-01
-2.732465000000000033e-01
-2.732465000000000033e-01
-2.732465000000000033e-01
-2.732465000000000033e-01
-2.732465000000000033e-01
-2.732465000000000033e-01
-2.732465000000000033e-01
-2.732465000000000033e-01
-2.732465000000000033e-01
-2.732465000000000033e-01
-2.732465000000000033e-01
-2.732465000000000033e-01
-2.732465000000000033e-01
-2.732465000000000033e-01
-2.732465000000000033e-01
-2.732419999999999849e-01
-2.732419999999999849e-01
-2.732419999999999849e-01
-2.732419999999999849e-01
-2.732419999999999849e-01
-2.732419999999999849e-01
-2.732419999999999849e-01
-2.732419999999999849e-01
-2.732419999999999849e-01
-2.732419999999999849e-01
-2.732419999999999849e-01
-2.732419999999999849e-01
-2.732419999999999849e-01
-2.732419999999999849e-01
-2.732419999999999849e-01
-2.732419999999999849e-01
-2.732419999999999849e-01
-2.732419999999999849e-01
-2.732419999999999849e-01
-2.732419999999999849e-01
-2.732415000000000260e-01
-2.732415000000000260e-01
-2.732375000000000220e-01
-2.732375000000000220e-01
-2.732375000000000220e-01
-2.732375000000000220e-01
-2.732375000000000220e-01
-2.732375000000000220e-01
-2.732375000000000220e-01
-2.732375000000000220e-01
-2.732375000000000220e-01
-2.732375000000000220e-01
-2.732375000000000220e-01
-2.732375000000000220e-01
-2.732375000000000220e-01
-2.732375000000000220e-01
-2.732375000000000220e-01
-2.732375000000000220e-01
-2.732375000000000220e-01
-2.732375000000000220e-01
-2.732375000000000220e-01
-2.732375000000000220e-01
-2.732370000000000076e-01
-2.732370000000000076e-01
-2.732370000000000076e-01
-2.732370000000000076e-01
-2.732370000000000076e-01
-2.732370000000000076e-01
-2.732370000000000076e-01
-2.732370000000000076e-01
-2.732370000000000076e-01
-2.732350000000000056e-01
-2.732350000000000056e-01
-2.732350000000000056e-01
-2.732350000000000056e-01
-2.732350000000000056e-01
-2.732335000000000180e-01
-2.732335000000000180e-01
-2.732335000000000180e-01
-2.732335000000000180e-01
-2.732335000000000180e-01
-2.732315000000000160e-01
-2.732315000000000160e-01
-2.732315000000000160e-01
-2.732315000000000160e-01
-2.732315000000000160e-01
-2.732315000000000160e-01
-2.732315000000000160e-01
-2.732280000000000264e-01
-2.732280000000000264e-01
-2.732280000000000264e-01
-2.732280000000000264e-01
-2.732280000000000264e-01
-2.732280000000000264e-01
-2.732280000000000264e-01
-2.732280000000000264e-01
-2.732280000000000264e-01
-2.732280000000000264e-01
-2.732280000000000264e-01
-2.732280000000000264e-01
-2.732280000000000264e-01
-2.732280000000000264e-01
-2.732244999999999813e-01
-2.732244999999999813e-01
-2.732244999999999813e-01
-2.732244999999999813e-01
-2.732244999999999813e-01
-2.732244999999999813e-01
-2.732244999999999813e-01
-2.732244999999999813e-01
-2.732244999999999813e-01
-2.732244999999999813e-01
-2.732244999999999813e-01
-2.732244999999999813e-01
-2.732244999999999813e-01
-2.732244999999999813e-01
-2.732244999999999813e-01
-2.732244999999999813e-01
-2.732244999999999813e-01
-2.732244999999999813e-01
-2.732215000000000060e-01
-2.732215000000000060e-01
-2.732215000000000060e-01
-2.732215000000000060e-01
-2.732215000000000060e-01
-2.732215000000000060e-01
-2.732215000000000060e-01
-2.732215000000000060e-01
-2.732215000000000060e-01
-2.732215000000000060e-01
-2.732215000000000060e-01
-2.732215000000000060e-01
-2.732215000000000060e-01
-2.732215000000000060e-01
-2.732215000000000060e-01
-2.732215000000000060e-01
-2.732215000000000060e-01
-2.732215000000000060e-01
-2.732215000000000060e-01
-2.732215000000000060e-01
-2.732215000000000060e-01
-2.732215000000000060e-01
-2.732215000000000060e-01
-2.732215000000000060e-01
-2.732215000000000060e-01
-2.732215000000000060e-01
-2.732215000000000060e-01
-2.732215000000000060e-01
-2.732215000000000060e-01
-2.732215000000000060e-01
-2.732215000000000060e-01
-2.732215000000000060e-01
-2.732180000000000164e-01
-2.732180000000000164e-01
-2.732180000000000164e-01
-2.732180000000000164e-01
-2.732180000000000164e-01
-2.732180000000000164e-01
-2.732180000000000164e-01
-2.732180000000000164e-01
-2.732180000000000164e-01
-2.732180000000000164e-01
-2.732180000000000164e-01
-2.732180000000000164e-01
-2.732180000000000164e-01
-2.732180000000000164e-01
-2.732180000000000164e-01
-2.732180000000000164e-01
-2.732180000000000164e-01
-2.732180000000000164e-01
-2.732180000000000164e-01
-2.732180000000000164e-01
-2.732180000000000164e-01
-2.732180000000000164e-01
-2.732180000000000164e-01
-2.732180000000000164e-01
-2.732180000000000164e-01
-2.732180000000000164e-01
-2.732180000000000164e-01
-2.732180000000000164e-01
-2.732180000000000164e-01
-2.732175000000000020e-01
-2.732175000000000020e-01
-2.732175000000000020e-01
-2.732175000000000020e-01
-2.732175000000000020e-01
-2.732175000000000020e-01
-2.732175000000000020e-01
-2.732175000000000020e-01
-2.732175000000000020e-01
-2.732175000000000020e-01
-2.732175000000000020e-01
-2.732175000000000020e-01
-2.732175000000000020e-01
-2.732175000000000020e-01
-2.732175000000000020e-01
-2.732175000000000020e-01
-2.732175000000000020e-01
-2.732175000000000020e-01
-2.732175000000000020e-01
-2.732175000000000020e-01
-2.732175000000000020e-01
-2.732175000000000020e-01
-2.732175000000000020e-01
-2.732175000000000020e-01
-2.732175000000000020e-01
-2.732175000000000020e-01
-2.732175000000000020e-01
-2.732175000000000020e-01
-2.732175000000000020e-01
-2.732175000000000020e-01
-2.732175000000000020e-01
-2.732175000000000020e-01
-2.732175000000000020e-01
-2.732175000000000020e-01
-2.732175000000000020e-01
-2.732175000000000020e-01
-2.732175000000000020e-01
-2.732175000000000020e-01
-2.732175000000000020e-01
-2.732175000000000020e-01
-2.732169999999999876e-01
-2.732169999999999876e-01
-2.732169999999999876e-01
-2.732169999999999876e-01
-2.732169999999999876e-01
-2.732169999999999876e-01
-2.732169999999999876e-01
-2.732169999999999876e-01
-2.732169999999999876e-01
-2.732169999999999876e-01
-2.732169999999999876e-01
-2.732169999999999876e-01
-2.732169999999999876e-01
-2.732169999999999876e-01
-2.732169999999999876e-01
-2.732169999999999876e-01
-2.732169999999999876e-01
-2.732169999999999876e-01
-2.732169999999999876e-01
-2.732169999999999876e-01
-2.732169999999999876e-01
-2.732169999999999876e-01
-2.732169999999999876e-01
-2.732169999999999876e-01
-2.732169999999999876e-01
-2.732169999999999876e-01
-2.732169999999999876e-01
-2.732164999999999733e-01
-2.732164999999999733e-01
-2.732164999999999733e-01
-2.732164999999999733e-01
-2.732164999999999733e-01
-2.732164999999999733e-01
-2.732164999999999733e-01
-2.732164999999999733e-01
-2.732164999999999733e-01
-2.732164999999999733e-01
-2.732164999999999733e-01
-2.732164999999999733e-01
-2.732164999999999733e-01
-2.732164999999999733e-01
-2.732164999999999733e-01
-2.732164999999999733e-01
-2.732164999999999733e-01
-2.732145000000000268e-01
-2.732145000000000268e-01
-2.732145000000000268e-01
-2.732145000000000268e-01
-2.732145000000000268e-01
-2.732145000000000268e-01
-2.732145000000000268e-01
-2.732145000000000268e-01
-2.732145000000000268e-01
-2.732145000000000268e-01
-2.732145000000000268e-01
-2.732145000000000268e-01
-2.732145000000000268e-01
-2.732145000000000268e-01
-2.732145000000000268e-01
-2.732145000000000268e-01
-2.732145000000000268e-01
-2.732145000000000268e-01
-2.732145000000000268e-01
-2.732145000000000268e-01
-2.732145000000000268e-01
-2.732145000000000268e-01
-2.732145000000000268e-01
-2.732145000000000268e-01
-2.732145000000000268e-01
-2.732145000000000268e-01
-2.732145000000000268e-01
-2.732145000000000268e-01
-2.732145000000000268e-01
-2.732145000000000268e-01
-2.732134999999999980e-01
-2.732134999999999980e-01
-2.732134999999999980e-01
-2.732134999999999980e-01
-2.732134999999999980e-01
-2.732134999999999980e-01
-2.732134999999999980e-01
-2.732134999999999980e-01
-2.732134999999999980e-01
-2.732134999999999980e-01
-2.732134999999999980e-01
-2.732134999999999980e-01
-2.732134999999999980e-01
-2.732134999999999980e-01
-2.732134999999999980e-01
-2.732134999999999980e-01
-2.732134999999999980e-01
-2.732134999999999980e-01
-2.732134999999999980e-01
-2.732134999999999980e-01
-2.732134999999999980e-01
-2.732134999999999980e-01
-2.732134999999999980e-01
-2.732134999999999980e-01
-2.732134999999999980e-01
-2.732134999999999980e-01
-2.732134999999999980e-01
-2.732134999999999980e-01
-2.732134999999999980e-01
-2.732134999999999980e-01
-2.732134999999999980e-01
-2.732129999999999836e-01
-2.732129999999999836e-01
-2.732129999999999836e-01
-2.732129999999999836e-01
-2.732129999999999836e-01
-2.732129999999999836e-01
-2.732129999999999836e-01
-2.732129999999999836e-01
-2.732129999999999836e-01
-2.732129999999999836e-01
-2.732129999999999836e-01
-2.732120000000000104e-01
-2.732120000000000104e-01
-2.732120000000000104e-01
-2.732120000000000104e-01
-2.732120000000000104e-01
-2.732120000000000104e-01
-2.732120000000000104e-01
-2.732120000000000104e-01
-2.732120000000000104e-01
-2.732120000000000104e-01
-2.732120000000000104e-01
-2.732120000000000104e-01
-2.732120000000000104e-01
-2.732120000000000104e-01
-2.732120000000000104e-01
-2.732120000000000104e-01
-2.732120000000000104e-01
-2.732120000000000104e-01
-2.732120000000000104e-01
-2.732120000000000104e-01
-2.732120000000000104e-01
-2.732120000000000104e-01
-2.732120000000000104e-01
-2.732120000000000104e-01
-2.732120000000000104e-01
-2.732109999999999816e-01
-2.732109999999999816e-01
-2.732109999999999816e-01
-2.732109999999999816e-01
-2.732109999999999816e-01
-2.732109999999999816e-01
-2.732109999999999816e-01
-2.732109999999999816e-01
-2.732109999999999816e-01
-2.732109999999999816e-01
-2.732109999999999816e-01
-2.732109999999999816e-01
-2.732109999999999816e-01
-2.732109999999999816e-01
-2.732109999999999816e-01
-2.732109999999999816e-01
-2.732109999999999816e-01
-2.732109999999999816e-01
-2.732109999999999816e-01
-2.732109999999999816e-01
-2.732109999999999816e-01
-2.732109999999999816e-01
-2.732109999999999816e-01
-2.732109999999999816e-01
-2.732109999999999816e-01
-2.732109999999999816e-01
-2.732109999999999816e-01
-2.732109999999999816e-01
-2.732109999999999816e-01
-2.732105000000000228e-01
-2.732105000000000228e-01
-2.732105000000000228e-01
-2.732105000000000228e-01
-2.732105000000000228e-01
-2.732105000000000228e-01
-2.732105000000000228e-01
-2.732094999999999940e-01
-2.732094999999999940e-01
-2.732094999999999940e-01
-2.732094999999999940e-01
-2.732094999999999940e-01
-2.732094999999999940e-01
-2.732094999999999940e-01
-2.732094999999999940e-01
-2.732094999999999940e-01
-2.732094999999999940e-01
-2.732094999999999940e-01
-2.732094999999999940e-01
-2.732094999999999940e-01
-2.732094999999999940e-01
-2.732094999999999940e-01
-2.732094999999999940e-01
-2.732094999999999940e-01
-2.732094999999999940e-01
-2.732094999999999940e-01
-2.732094999999999940e-01
-2.732094999999999940e-01
-2.732094999999999940e-01
-2.732094999999999940e-01
-2.732094999999999940e-01
-2.732094999999999940e-01
-2.732094999999999940e-01
-2.732094999999999940e-01
-2.732094999999999940e-01
-2.732094999999999940e-01
-2.732094999999999940e-01
-2.732094999999999940e-01
-2.732094999999999940e-01
-2.732094999999999940e-01
-2.732094999999999940e-01
-2.732094999999999940e-01
-2.732094999999999940e-01
-2.732094999999999940e-01
-2.732094999999999940e-01
-2.732094999999999940e-01
-2.732094999999999940e-01
-2.732094999999999940e-01
-2.732094999999999940e-01
-2.732094999999999940e-01
-2.732094999999999940e-01
-2.732094999999999940e-01
-2.732094999999999940e-01
-2.732094999999999940e-01
-2.732094999999999940e-01
-2.732094999999999940e-01
-2.732094999999999940e-01
-2.732094999999999940e-01
-2.732094999999999940e-01
-2.732094999999999940e-01
-2.732094999999999940e-01
-2.732094999999999940e-01
-2.732094999999999940e-01
-2.732094999999999940e-01
-2.732094999999999940e-01
-2.732094999999999940e-01
-2.732094999999999940e-01
-2.732094999999999940e-01
-2.732094999999999940e-01
-2.732094999999999940e-01
-2.732094999999999940e-01
-2.732094999999999940e-01
-2.732094999999999940e-01
-2.732094999999999940e-01
-2.732094999999999940e-01
-2.732094999999999940e-01
-2.732094999999999940e-01
-2.732094999999999940e-01
-2.732094999999999940e-01
-2.732094999999999940e-01
-2.732094999999999940e-01
-2.732094999999999940e-01
-2.732094999999999940e-01
-2.732094999999999940e-01
-2.732094999999999940e-01
-2.732094999999999940e-01
-2.732094999999999940e-01
-2.732094999999999940e-01
-2.732094999999999940e-01
-2.732094999999999940e-01
-2.732094999999999940e-01
-2.732094999999999940e-01
-2.732094999999999940e-01
-2.732094999999999940e-01
-2.732094999999999940e-01
-2.732094999999999940e-01
-2.732094999999999940e-01
-2.732094999999999940e-01
-2.732094999999999940e-01
-2.732094999999999940e-01
-2.732094999999999940e-01
-2.732094999999999940e-01
-2.732094999999999940e-01
-2.732094999999999940e-01
-2.732094999999999940e-01
-2.732094999999999940e-01
-2.732094999999999940e-01
-2.732094999999999940e-01
-2.732094999999999940e-01
-2.732094999999999940e-01
-2.732094999999999940e-01
-2.732094999999999940e-01
-2.732094999999999940e-01
-2.732094999999999940e-01
-2.732094999999999940e-01
-2.732094999999999940e-01
-2.732094999999999940e-01
-2.732094999999999940e-01
-2.732094999999999940e-01
-2.732094999999999940e-01
-2.732094999999999940e-01
-2.732094999999999940e-01
-2.732094999999999940e-01
-2.732094999999999940e-01
-2.732094999999999940e-01
-2.732094999999999940e-01
-2.732094999999999940e-01
-2.732094999999999940e-01
-2.732094999999999940e-01
-2.732094999999999940e-01
-2.732094999999999940e-01
-2.732094999999999940e-01
-2.732094999999999940e-01
-2.732094999999999940e-01
-2.732094999999999940e-01
-2.732094999999999940e-01
-2.732094999999999940e-01
-2.732094999999999940e-01
-2.732094999999999940e-01
-2.732094999999999940e-01
-2.732094999999999940e-01
-2.732094999999999940e-01
-2.732094999999999940e-01
-2.732094999999999940e-01
-2.732094999999999940e-01
-2.732094999999999940e-01
-2.732094999999999940e-01
-2.732094999999999940e-01
-2.732094999999999940e-01
-2.732094999999999940e-01
-2.732094999999999940e-01
-2.732094999999999940e-01
-2.732094999999999940e-01
-2.732094999999999940e-01
-2.732094999999999940e-01
-2.732094999999999940e-01
-2.732094999999999940e-01
-2.732094999999999940e-01
-2.732094999999999940e-01
-2.732094999999999940e-01
-2.732094999999999940e-01
-2.732094999999999940e-01
-2.732094999999999940e-01
-2.732094999999999940e-01
-2.732094999999999940e-01
-2.732094999999999940e-01
-2.732094999999999940e-01
-2.732094999999999940e-01
-2.732094999999999940e-01
-2.732094999999999940e-01
-2.732094999999999940e-01
-2.732094999999999940e-01
-2.732094999999999940e-01
-2.732094999999999940e-01
-2.732094999999999940e-01
-2.732094999999999940e-01
-2.732094999999999940e-01
-2.732094999999999940e-01
-2.732094999999999940e-01
-2.732089999999999796e-01
-2.732089999999999796e-01
-2.732089999999999796e-01
-2.732089999999999796e-01
-2.732089999999999796e-01
-2.732089999999999796e-01
-2.732089999999999796e-01
-2.732089999999999796e-01
-2.732089999999999796e-01
-2.732089999999999796e-01
-2.732089999999999796e-01
-2.732089999999999796e-01
-2.732089999999999796e-01
-2.732089999999999796e-01
-2.732089999999999796e-01
-2.732089999999999796e-01
-2.732089999999999796e-01
-2.732089999999999796e-01
-2.732089999999999796e-01
-2.732089999999999796e-01
-2.732089999999999796e-01
-2.732089999999999796e-01
-2.732089999999999796e-01
-2.732089999999999796e-01
-2.732089999999999796e-01
-2.732089999999999796e-01
-2.732089999999999796e-01
-2.732089999999999796e-01
-2.732089999999999796e-01
-2.732089999999999796e-01
-2.732089999999999796e-01
-2.732089999999999796e-01
-2.732089999999999796e-01
-2.732089999999999796e-01
-2.732089999999999796e-01
-2.732089999999999796e-01
-2.732089999999999796e-01
-2.732089999999999796e-01
-2.732089999999999796e-01
-2.732089999999999796e-01
-2.732089999999999796e-01
-2.732089999999999796e-01
-2.732089999999999796e-01
-2.732089999999999796e-01
-2.732089999999999796e-01
-2.732089999999999796e-01
-2.732089999999999796e-01
-2.732089999999999796e-01
-2.732089999999999796e-01
-2.732089999999999796e-01
-2.732089999999999796e-01
-2.732089999999999796e-01
-2.732089999999999796e-01
-2.732089999999999796e-01
-2.732089999999999796e-01
-2.732089999999999796e-01
-2.732089999999999796e-01
-2.732089999999999796e-01
-2.732089999999999796e-01
-2.732089999999999796e-01
-2.732089999999999796e-01
-2.732089999999999796e-01
-2.732089999999999796e-01
-2.732089999999999796e-01
-2.732089999999999796e-01
-2.732089999999999796e-01
-2.732089999999999796e-01
-2.732089999999999796e-01
-2.732089999999999796e-01
-2.732089999999999796e-01
-2.732089999999999796e-01
-2.732089999999999796e-01
-2.732089999999999796e-01
-2.732089999999999796e-01
-2.732089999999999796e-01
-2.732089999999999796e-01
-2.732089999999999796e-01
-2.732089999999999796e-01
-2.732089999999999796e-01
-2.732089999999999796e-01
-2.732085000000000208e-01
-2.732085000000000208e-01
-2.732085000000000208e-01
-2.732085000000000208e-01
-2.732085000000000208e-01
-2.732085000000000208e-01
-2.732085000000000208e-01
-2.732085000000000208e-01
-2.732085000000000208e-01
-2.732085000000000208e-01
-2.732085000000000208e-01
-2.732085000000000208e-01
-2.732085000000000208e-01
-2.732085000000000208e-01
-2.732085000000000208e-01
-2.732085000000000208e-01
-2.732085000000000208e-01
-2.732085000000000208e-01
-2.732085000000000208e-01
-2.732085000000000208e-01
-2.732085000000000208e-01
-2.732085000000000208e-01
-2.732085000000000208e-01
-2.732085000000000208e-01
-2.732085000000000208e-01
-2.732085000000000208e-01
-2.732085000000000208e-01
-2.732085000000000208e-01
-2.732085000000000208e-01
-2.732085000000000208e-01
-2.732085000000000208e-01
-2.732085000000000208e-01
-2.732085000000000208e-01
-2.732085000000000208e-01
