-1.449519999999999975e-01
-1.430124999999999869e-01
-1.352480000000000071e-01
-1.325095000000000023e-01
-1.325095000000000023e-01
-1.266404999999999892e-01
-1.215205000000000035e-01
-1.169359999999999983e-01
-1.169359999999999983e-01
-1.135975000000000040e-01
-1.107080000000000009e-01
-1.083854999999999957e-01
-1.066465000000000052e-01
-1.050944999999999935e-01
-1.037619999999999931e-01
-1.002374999999999933e-01
-9.782699999999999729e-02
-9.563249999999999529e-02
-9.496449999999999336e-02
-9.360599999999999477e-02
-9.090299999999999769e-02
-9.041449999999999487e-02
-8.907049999999999690e-02
-8.907049999999999690e-02
-8.504599999999999660e-02
-8.504599999999999660e-02
-8.504599999999999660e-02
-8.416600000000000470e-02
-8.280550000000000410e-02
-8.213700000000000168e-02
-8.112199999999999966e-02
-7.933700000000000474e-02
-7.788699999999999790e-02
-7.685350000000000514e-02
-7.457700000000000440e-02
-7.397750000000000159e-02
-7.397750000000000159e-02
-7.321550000000000280e-02
-7.246400000000000063e-02
-7.183449999999999558e-02
-7.077949999999999520e-02
-6.955749999999999433e-02
-6.933549999999999436e-02
-6.933549999999999436e-02
-6.930899999999999561e-02
-6.765350000000000530e-02
-6.751600000000000656e-02
-6.678950000000000164e-02
-6.678950000000000164e-02
-6.640899999999999581e-02
-6.570950000000000402e-02
-6.507000000000000284e-02
-6.444300000000000028e-02
-6.408899999999999320e-02
-6.340149999999999952e-02
-6.340149999999999952e-02
-6.340149999999999952e-02
-6.177599999999999758e-02
-6.173000000000000015e-02
-6.173000000000000015e-02
-6.141100000000000031e-02
-6.112150000000000222e-02
-6.091549999999999743e-02
-6.079699999999999688e-02
-6.025799999999999906e-02
-6.007950000000000096e-02
-5.938399999999999929e-02
-5.907500000000000251e-02
-5.866600000000000287e-02
-5.855350000000000138e-02
-5.795750000000000207e-02
-5.744099999999999900e-02
-5.742049999999999932e-02
-5.672549999999999815e-02
-5.643000000000000099e-02
-5.588250000000000162e-02
-5.588250000000000162e-02
-5.578600000000000225e-02
-5.578600000000000225e-02
-5.536399999999999655e-02
-5.528199999999999781e-02
-5.505449999999999927e-02
-5.464750000000000163e-02
-5.453100000000000308e-02
-5.443649999999999878e-02
-5.411549999999999694e-02
-5.396150000000000252e-02
-5.396150000000000252e-02
-5.376750000000000279e-02
-5.360600000000000087e-02
-5.338999999999999996e-02
-5.324299999999999866e-02
-5.323950000000000210e-02
-5.248850000000000043e-02
-5.248850000000000043e-02
-5.248850000000000043e-02
-5.233550000000000008e-02
-5.233550000000000008e-02
-5.226700000000000096e-02
-5.192349999999999743e-02
-5.179600000000000176e-02
-5.179600000000000176e-02
-5.160050000000000053e-02
-5.137499999999999706e-02
-5.133349999999999719e-02
-5.107550000000000284e-02
-5.107550000000000284e-02
-5.104800000000000310e-02
-5.103950000000000153e-02
-5.056250000000000328e-02
-5.056250000000000328e-02
-5.038299999999999723e-02
-5.015300000000000313e-02
-5.015300000000000313e-02
-4.997800000000000159e-02
-4.976549999999999724e-02
-4.976549999999999724e-02
-4.967900000000000094e-02
-4.963900000000000257e-02
-4.937749999999999778e-02
-4.928500000000000242e-02
-4.928500000000000242e-02
-4.922399999999999692e-02
-4.906150000000000094e-02
-4.893449999999999883e-02
-4.893449999999999883e-02
-4.888449999999999740e-02
-4.867900000000000005e-02
-4.867900000000000005e-02
-4.848149999999999682e-02
-4.848149999999999682e-02
-4.825999999999999734e-02
-4.820950000000000235e-02
-4.820950000000000235e-02
-4.815849999999999992e-02
-4.794949999999999907e-02
-4.793399999999999744e-02
-4.776849999999999846e-02
-4.776849999999999846e-02
-4.743200000000000194e-02
-4.743200000000000194e-02
-4.743200000000000194e-02
-4.743200000000000194e-02
-4.706250000000000017e-02
-4.689750000000000169e-02
-4.689750000000000169e-02
-4.689750000000000169e-02
-4.689750000000000169e-02
-4.688950000000000062e-02
-4.675800000000000095e-02
-4.673250000000000320e-02
-4.671199999999999658e-02
-4.655449999999999866e-02
-4.649749999999999717e-02
-4.649749999999999717e-02
-4.635899999999999743e-02
-4.635899999999999743e-02
-4.611250000000000071e-02
-4.611250000000000071e-02
-4.611250000000000071e-02
-4.611250000000000071e-02
-4.601050000000000278e-02
-4.585600000000000093e-02
-4.585600000000000093e-02
-4.577250000000000069e-02
-4.573850000000000138e-02
-4.568799999999999945e-02
-4.567750000000000282e-02
-4.563249999999999945e-02
-4.550900000000000084e-02
-4.550900000000000084e-02
-4.550900000000000084e-02
-4.540149999999999741e-02
-4.538899999999999879e-02
-4.535549999999999998e-02
-4.527450000000000224e-02
-4.524149999999999699e-02
-4.508899999999999714e-02
-4.508899999999999714e-02
-4.508899999999999714e-02
-4.500950000000000090e-02
-4.499149999999999677e-02
-4.491250000000000103e-02
-4.491250000000000103e-02
-4.490799999999999653e-02
-4.486099999999999810e-02
-4.479199999999999848e-02
-4.479199999999999848e-02
-4.479199999999999848e-02
-4.473200000000000093e-02
-4.468749999999999806e-02
-4.458550000000000013e-02
-4.458499999999999963e-02
-4.458399999999999863e-02
-4.449650000000000133e-02
-4.449650000000000133e-02
-4.443199999999999927e-02
-4.443199999999999927e-02
-4.443149999999999877e-02
-4.432699999999999835e-02
-4.432149999999999979e-02
-4.430300000000000210e-02
-4.425550000000000317e-02
-4.423099999999999948e-02
-4.420099999999999724e-02
-4.419399999999999717e-02
-4.416500000000000287e-02
-4.415349999999999830e-02
-4.413550000000000112e-02
-4.407200000000000006e-02
-4.405799999999999994e-02
-4.400550000000000295e-02
-4.398400000000000226e-02
-4.398400000000000226e-02
-4.392499999999999877e-02
-4.392499999999999877e-02
-4.390800000000000258e-02
-4.389450000000000296e-02
-4.386899999999999827e-02
-4.385200000000000209e-02
-4.377450000000000091e-02
-4.377450000000000091e-02
-4.373549999999999660e-02
-4.372100000000000292e-02
-4.364500000000000324e-02
-4.364500000000000324e-02
-4.361099999999999699e-02
-4.361099999999999699e-02
-4.356949999999999712e-02
-4.345799999999999663e-02
-4.345799999999999663e-02
-4.345799999999999663e-02
-4.339599999999999708e-02
-4.339599999999999708e-02
-4.325350000000000028e-02
-4.325350000000000028e-02
-4.325350000000000028e-02
-4.325350000000000028e-02
-4.325350000000000028e-02
-4.323950000000000016e-02
-4.323950000000000016e-02
-4.323950000000000016e-02
-4.323950000000000016e-02
-4.322499999999999953e-02
-4.319049999999999973e-02
-4.316749999999999754e-02
-4.309600000000000236e-02
-4.309600000000000236e-02
-4.301100000000000062e-02
-4.301100000000000062e-02
-4.301100000000000062e-02
-4.298749999999999793e-02
-4.298749999999999793e-02
-4.298749999999999793e-02
-4.298749999999999793e-02
-4.293000000000000288e-02
-4.290399999999999769e-02
-4.288899999999999657e-02
-4.288899999999999657e-02
-4.282149999999999845e-02
-4.282149999999999845e-02
-4.282149999999999845e-02
-4.282149999999999845e-02
-4.277149999999999702e-02
-4.277149999999999702e-02
-4.277149999999999702e-02
-4.273350000000000065e-02
-4.268600000000000172e-02
-4.268600000000000172e-02
-4.268600000000000172e-02
-4.267350000000000310e-02
-4.264049999999999785e-02
-4.260049999999999948e-02
-4.260049999999999948e-02
-4.259949999999999848e-02
-4.257350000000000023e-02
-4.257350000000000023e-02
-4.257350000000000023e-02
-4.256449999999999817e-02
-4.249499999999999805e-02
-4.247349999999999737e-02
-4.247349999999999737e-02
-4.247349999999999737e-02
-4.247349999999999737e-02
-4.241999999999999937e-02
-4.241999999999999937e-02
-4.241899999999999837e-02
-4.241899999999999837e-02
-4.240700000000000025e-02
-4.240700000000000025e-02
-4.239699999999999719e-02
-4.239699999999999719e-02
-4.232550000000000201e-02
-4.232550000000000201e-02
-4.232550000000000201e-02
-4.232550000000000201e-02
-4.229650000000000076e-02
-4.229650000000000076e-02
-4.229650000000000076e-02
-4.226099999999999995e-02
-4.223500000000000171e-02
-4.223500000000000171e-02
-4.218249999999999778e-02
-4.218249999999999778e-02
-4.218249999999999778e-02
-4.218249999999999778e-02
-4.215599999999999903e-02
-4.215499999999999803e-02
-4.209849999999999703e-02
-4.209849999999999703e-02
-4.209849999999999703e-02
-4.209849999999999703e-02
-4.209849999999999703e-02
-4.205849999999999866e-02
-4.205849999999999866e-02
-4.205849999999999866e-02
-4.201900000000000079e-02
-4.201900000000000079e-02
-4.201900000000000079e-02
-4.201900000000000079e-02
-4.201200000000000073e-02
-4.198049999999999699e-02
-4.198049999999999699e-02
-4.198049999999999699e-02
-4.196899999999999936e-02
-4.196500000000000230e-02
-4.196500000000000230e-02
-4.193650000000000155e-02
-4.193650000000000155e-02
-4.193650000000000155e-02
-4.192450000000000343e-02
-4.188549999999999912e-02
-4.188549999999999912e-02
-4.188549999999999912e-02
-4.188399999999999762e-02
-4.188100000000000156e-02
-4.187550000000000300e-02
-4.184149999999999675e-02
-4.183950000000000169e-02
-4.183950000000000169e-02
-4.182799999999999713e-02
-4.178350000000000120e-02
-4.178350000000000120e-02
-4.178350000000000120e-02
-4.178350000000000120e-02
-4.178350000000000120e-02
-4.178350000000000120e-02
-4.177499999999999963e-02
-4.176599999999999757e-02
-4.174699999999999939e-02
-4.174599999999999839e-02
-4.174599999999999839e-02
-4.171899999999999914e-02
-4.171899999999999914e-02
-4.171899999999999914e-02
-4.166550000000000115e-02
-4.166550000000000115e-02
-4.166550000000000115e-02
-4.166550000000000115e-02
-4.166550000000000115e-02
-4.166550000000000115e-02
-4.166149999999999715e-02
-4.161700000000000121e-02
-4.159199999999999703e-02
-4.159100000000000297e-02
-4.159100000000000297e-02
-4.158200000000000091e-02
-4.158200000000000091e-02
-4.156499999999999778e-02
-4.154100000000000154e-02
-4.154100000000000154e-02
-4.154100000000000154e-02
-4.152399999999999841e-02
-4.152399999999999841e-02
-4.151950000000000085e-02
-4.150399999999999923e-02
-4.150399999999999923e-02
-4.150050000000000266e-02
-4.150050000000000266e-02
-4.150050000000000266e-02
-4.147850000000000148e-02
-4.144699999999999773e-02
-4.144699999999999773e-02
-4.144699999999999773e-02
-4.144699999999999773e-02
-4.144699999999999773e-02
-4.144699999999999773e-02
-4.144699999999999773e-02
-4.144500000000000267e-02
-4.144500000000000267e-02
-4.142950000000000105e-02
-4.141449999999999992e-02
-4.141449999999999992e-02
-4.141149999999999692e-02
-4.141149999999999692e-02
-4.138750000000000068e-02
-4.138750000000000068e-02
-4.136299999999999699e-02
-4.136299999999999699e-02
-4.136299999999999699e-02
-4.136299999999999699e-02
-4.132450000000000012e-02
-4.132450000000000012e-02
-4.132450000000000012e-02
-4.132450000000000012e-02
-4.130650000000000294e-02
-4.130650000000000294e-02
-4.129700000000000037e-02
-4.129700000000000037e-02
-4.129700000000000037e-02
-4.129649999999999987e-02
-4.128849999999999881e-02
-4.128849999999999881e-02
-4.127999999999999725e-02
-4.127650000000000069e-02
-4.125949999999999757e-02
-4.125949999999999757e-02
-4.123399999999999982e-02
-4.123399999999999982e-02
-4.123399999999999982e-02
-4.123399999999999982e-02
-4.123399999999999982e-02
-4.123349999999999932e-02
-4.123099999999999682e-02
-4.121450000000000113e-02
-4.121450000000000113e-02
-4.121450000000000113e-02
-4.121450000000000113e-02
-4.121350000000000013e-02
-4.119849999999999901e-02
-4.119500000000000245e-02
-4.119500000000000245e-02
-4.119500000000000245e-02
-4.119500000000000245e-02
-4.117799999999999933e-02
-4.117799999999999933e-02
-4.116299999999999820e-02
-4.116299999999999820e-02
-4.112600000000000283e-02
-4.112600000000000283e-02
-4.112600000000000283e-02
-4.112600000000000283e-02
-4.112600000000000283e-02
-4.112500000000000183e-02
-4.111499999999999877e-02
-4.109499999999999958e-02
-4.109499999999999958e-02
-4.109499999999999958e-02
-4.109499999999999958e-02
-4.109499999999999958e-02
-4.109499999999999958e-02
-4.109499999999999958e-02
-4.109199999999999658e-02
-4.107700000000000240e-02
-4.107700000000000240e-02
-4.106449999999999684e-02
-4.106449999999999684e-02
-4.106449999999999684e-02
-4.106449999999999684e-02
-4.105049999999999671e-02
-4.105049999999999671e-02
-4.104349999999999665e-02
-4.104349999999999665e-02
-4.104349999999999665e-02
-4.104349999999999665e-02
-4.104050000000000059e-02
-4.102449999999999847e-02
-4.102449999999999847e-02
-4.102449999999999847e-02
-4.101400000000000184e-02
-4.101400000000000184e-02
-4.100349999999999828e-02
-4.100349999999999828e-02
-4.099099999999999966e-02
-4.099099999999999966e-02
-4.099099999999999966e-02
-4.099099999999999966e-02
-4.096049999999999691e-02
-4.096049999999999691e-02
-4.096049999999999691e-02
-4.096049999999999691e-02
-4.096049999999999691e-02
-4.093750000000000167e-02
-4.093750000000000167e-02
-4.093750000000000167e-02
-4.093750000000000167e-02
-4.093750000000000167e-02
-4.093750000000000167e-02
-4.093750000000000167e-02
-4.093750000000000167e-02
-4.093750000000000167e-02
-4.090699999999999892e-02
-4.090699999999999892e-02
-4.088449999999999723e-02
-4.088449999999999723e-02
-4.088449999999999723e-02
-4.088449999999999723e-02
-4.088449999999999723e-02
-4.088449999999999723e-02
-4.088250000000000217e-02
-4.088250000000000217e-02
-4.088250000000000217e-02
-4.086399999999999755e-02
-4.086399999999999755e-02
-4.086399999999999755e-02
-4.086399999999999755e-02
-4.084249999999999686e-02
-4.084249999999999686e-02
-4.083799999999999930e-02
-4.083799999999999930e-02
-4.083799999999999930e-02
-4.082650000000000168e-02
-4.082650000000000168e-02
-4.082000000000000212e-02
-4.081549999999999762e-02
-4.081549999999999762e-02
-4.081449999999999662e-02
-4.079499999999999793e-02
-4.079499999999999793e-02
-4.079499999999999793e-02
-4.079499999999999793e-02
-4.079499999999999793e-02
-4.079499999999999793e-02
-4.078099999999999781e-02
-4.078099999999999781e-02
-4.078099999999999781e-02
-4.078099999999999781e-02
-4.078099999999999781e-02
-4.077800000000000175e-02
-4.077800000000000175e-02
-4.077800000000000175e-02
-4.077800000000000175e-02
-4.075550000000000006e-02
-4.075550000000000006e-02
-4.075550000000000006e-02
-4.075550000000000006e-02
-4.075550000000000006e-02
-4.075550000000000006e-02
-4.075550000000000006e-02
-4.075550000000000006e-02
-4.075550000000000006e-02
-4.075550000000000006e-02
-4.075550000000000006e-02
-4.074799999999999950e-02
-4.074250000000000094e-02
-4.074250000000000094e-02
-4.074250000000000094e-02
-4.072749999999999981e-02
-4.072749999999999981e-02
-4.071999999999999925e-02
-4.071999999999999925e-02
-4.071999999999999925e-02
-4.071999999999999925e-02
-4.071999999999999925e-02
-4.071999999999999925e-02
-4.069799999999999807e-02
-4.069799999999999807e-02
-4.069799999999999807e-02
-4.069799999999999807e-02
-4.069799999999999807e-02
-4.069799999999999807e-02
-4.069799999999999807e-02
-4.069799999999999807e-02
-4.069199999999999900e-02
-4.069199999999999900e-02
-4.067300000000000082e-02
-4.067300000000000082e-02
-4.067300000000000082e-02
-4.067300000000000082e-02
-4.067300000000000082e-02
-4.067300000000000082e-02
-4.067300000000000082e-02
-4.066399999999999876e-02
-4.066399999999999876e-02
-4.066399999999999876e-02
-4.065250000000000113e-02
-4.065250000000000113e-02
-4.065250000000000113e-02
-4.065250000000000113e-02
-4.065250000000000113e-02
-4.065250000000000113e-02
-4.062749999999999695e-02
-4.062749999999999695e-02
-4.062749999999999695e-02
-4.062749999999999695e-02
-4.062749999999999695e-02
-4.062749999999999695e-02
-4.062749999999999695e-02
-4.062749999999999695e-02
-4.062349999999999989e-02
-4.062349999999999989e-02
-4.062349999999999989e-02
-4.062349999999999989e-02
-4.061300000000000326e-02
-4.061050000000000076e-02
-4.061050000000000076e-02
-4.061000000000000026e-02
-4.061000000000000026e-02
-4.061000000000000026e-02
-4.059449999999999864e-02
-4.059449999999999864e-02
-4.059449999999999864e-02
-4.059449999999999864e-02
-4.056950000000000139e-02
-4.056950000000000139e-02
-4.056950000000000139e-02
-4.056950000000000139e-02
-4.056950000000000139e-02
-4.056950000000000139e-02
-4.056950000000000139e-02
-4.056950000000000139e-02
-4.056300000000000183e-02
-4.056300000000000183e-02
-4.056300000000000183e-02
-4.056300000000000183e-02
-4.056300000000000183e-02
-4.054449999999999721e-02
-4.054449999999999721e-02
-4.054449999999999721e-02
-4.054449999999999721e-02
-4.054449999999999721e-02
-4.054449999999999721e-02
-4.054449999999999721e-02
-4.054449999999999721e-02
-4.052349999999999702e-02
-4.052349999999999702e-02
-4.052349999999999702e-02
-4.052349999999999702e-02
-4.052349999999999702e-02
-4.052150000000000196e-02
-4.052150000000000196e-02
-4.052150000000000196e-02
-4.052150000000000196e-02
-4.051949999999999996e-02
-4.050299999999999734e-02
-4.050299999999999734e-02
-4.050299999999999734e-02
-4.048750000000000265e-02
-4.048750000000000265e-02
-4.048750000000000265e-02
-4.048750000000000265e-02
-4.048750000000000265e-02
-4.048750000000000265e-02
-4.048750000000000265e-02
-4.048750000000000265e-02
-4.048750000000000265e-02
-4.048750000000000265e-02
-4.048750000000000265e-02
-4.048750000000000265e-02
-4.048750000000000265e-02
-4.048500000000000015e-02
-4.048500000000000015e-02
-4.048500000000000015e-02
-4.047850000000000059e-02
-4.046700000000000297e-02
-4.046700000000000297e-02
-4.046700000000000297e-02
-4.046700000000000297e-02
-4.045699999999999991e-02
-4.045699999999999991e-02
-4.045699999999999991e-02
-4.045699999999999991e-02
-4.045699999999999991e-02
-4.045699999999999991e-02
-4.044400000000000078e-02
-4.044249999999999928e-02
-4.044249999999999928e-02
-4.044249999999999928e-02
-4.044249999999999928e-02
-4.044249999999999928e-02
-4.043499999999999872e-02
-4.043499999999999872e-02
-4.043499999999999872e-02
-4.043399999999999772e-02
-4.043399999999999772e-02
-4.043399999999999772e-02
-4.042500000000000260e-02
-4.042500000000000260e-02
-4.042500000000000260e-02
-4.042500000000000260e-02
-4.042500000000000260e-02
-4.042500000000000260e-02
-4.042500000000000260e-02
-4.042500000000000260e-02
-4.042500000000000260e-02
-4.042500000000000260e-02
-4.041449999999999904e-02
-4.041449999999999904e-02
-4.041449999999999904e-02
-4.041449999999999904e-02
-4.041449999999999904e-02
-4.041449999999999904e-02
-4.041249999999999704e-02
-4.040149999999999991e-02
-4.039600000000000135e-02
-4.039600000000000135e-02
-4.039600000000000135e-02
-4.039600000000000135e-02
-4.039600000000000135e-02
-4.039600000000000135e-02
-4.039600000000000135e-02
-4.039600000000000135e-02
-4.038850000000000079e-02
-4.038850000000000079e-02
-4.038200000000000123e-02
-4.038200000000000123e-02
-4.038200000000000123e-02
-4.038200000000000123e-02
-4.038200000000000123e-02
-4.038200000000000123e-02
-4.038200000000000123e-02
-4.037799999999999723e-02
-4.037799999999999723e-02
-4.037799999999999723e-02
-4.037799999999999723e-02
-4.037799999999999723e-02
-4.037799999999999723e-02
-4.037799999999999723e-02
-4.037149999999999767e-02
-4.037149999999999767e-02
-4.037149999999999767e-02
-4.037149999999999767e-02
-4.037149999999999767e-02
-4.037149999999999767e-02
-4.036300000000000304e-02
-4.035699999999999704e-02
-4.035699999999999704e-02
-4.035699999999999704e-02
-4.035699999999999704e-02
-4.035699999999999704e-02
-4.035600000000000298e-02
-4.034999999999999698e-02
-4.034650000000000042e-02
-4.034650000000000042e-02
-4.034650000000000042e-02
-4.034650000000000042e-02
-4.034650000000000042e-02
-4.034650000000000042e-02
-4.034650000000000042e-02
-4.034150000000000236e-02
-4.034150000000000236e-02
-4.034150000000000236e-02
-4.034150000000000236e-02
-4.034150000000000236e-02
-4.033799999999999886e-02
-4.033799999999999886e-02
-4.033799999999999886e-02
-4.033799999999999886e-02
-4.033799999999999886e-02
-4.033799999999999886e-02
-4.033699999999999786e-02
-4.033699999999999786e-02
-4.033649999999999736e-02
-4.033649999999999736e-02
-4.033649999999999736e-02
-4.032650000000000123e-02
-4.032650000000000123e-02
-4.032650000000000123e-02
-4.032249999999999723e-02
-4.032249999999999723e-02
-4.032249999999999723e-02
-4.032249999999999723e-02
-4.032249999999999723e-02
-4.032249999999999723e-02
-4.031150000000000011e-02
-4.031150000000000011e-02
-4.031150000000000011e-02
-4.031150000000000011e-02
-4.031150000000000011e-02
-4.031150000000000011e-02
-4.031099999999999961e-02
-4.031099999999999961e-02
-4.031099999999999961e-02
-4.031099999999999961e-02
-4.029850000000000099e-02
-4.029850000000000099e-02
-4.029850000000000099e-02
-4.029850000000000099e-02
-4.029850000000000099e-02
-4.029850000000000099e-02
-4.029250000000000193e-02
-4.029250000000000193e-02
-4.029250000000000193e-02
-4.029250000000000193e-02
-4.029250000000000193e-02
-4.029250000000000193e-02
-4.029250000000000193e-02
-4.028600000000000236e-02
-4.028600000000000236e-02
-4.028600000000000236e-02
-4.028600000000000236e-02
-4.028149999999999786e-02
-4.028149999999999786e-02
-4.028149999999999786e-02
-4.028149999999999786e-02
-4.028149999999999786e-02
-4.028149999999999786e-02
-4.028149999999999786e-02
-4.028149999999999786e-02
-4.028149999999999786e-02
-4.028099999999999736e-02
-4.028099999999999736e-02
-4.028099999999999736e-02
-4.027800000000000130e-02
-4.027800000000000130e-02
-4.027800000000000130e-02
-4.027800000000000130e-02
-4.027449999999999780e-02
-4.027449999999999780e-02
-4.027449999999999780e-02
-4.027449999999999780e-02
-4.027300000000000324e-02
-4.027300000000000324e-02
-4.027300000000000324e-02
-4.027300000000000324e-02
-4.027300000000000324e-02
-4.026949999999999974e-02
-4.026949999999999974e-02
-4.026849999999999874e-02
-4.026849999999999874e-02
-4.026849999999999874e-02
-4.026550000000000268e-02
-4.026550000000000268e-02
-4.026550000000000268e-02
-4.026550000000000268e-02
-4.026550000000000268e-02
-4.026550000000000268e-02
-4.026550000000000268e-02
-4.026550000000000268e-02
-4.026550000000000268e-02
-4.025999999999999718e-02
-4.025999999999999718e-02
-4.025999999999999718e-02
-4.025999999999999718e-02
-4.025999999999999718e-02
-4.025999999999999718e-02
-4.025999999999999718e-02
-4.025999999999999718e-02
-4.025999999999999718e-02
-4.025999999999999718e-02
-4.025999999999999718e-02
-4.025999999999999718e-02
-4.025999999999999718e-02
-4.025399999999999812e-02
-4.025399999999999812e-02
-4.025249999999999662e-02
-4.025249999999999662e-02
-4.025249999999999662e-02
-4.025249999999999662e-02
-4.025249999999999662e-02
-4.025249999999999662e-02
-4.025249999999999662e-02
-4.025249999999999662e-02
-4.025249999999999662e-02
-4.025249999999999662e-02
-4.025249999999999662e-02
-4.025249999999999662e-02
-4.025249999999999662e-02
-4.025249999999999662e-02
-4.024849999999999955e-02
-4.024849999999999955e-02
-4.024849999999999955e-02
-4.023899999999999699e-02
-4.023899999999999699e-02
-4.023899999999999699e-02
-4.023899999999999699e-02
-4.023899999999999699e-02
-4.023899999999999699e-02
-4.023150000000000337e-02
-4.023150000000000337e-02
-4.023150000000000337e-02
-4.023150000000000337e-02
-4.023150000000000337e-02
-4.023150000000000337e-02
-4.023150000000000337e-02
-4.023150000000000337e-02
-4.023150000000000337e-02
-4.023150000000000337e-02
-4.023150000000000337e-02
-4.023150000000000337e-02
-4.023150000000000337e-02
-4.023100000000000287e-02
-4.023100000000000287e-02
-4.023100000000000287e-02
-4.023100000000000287e-02
-4.023100000000000287e-02
-4.023000000000000187e-02
-4.023000000000000187e-02
-4.023000000000000187e-02
-4.023000000000000187e-02
-4.021600000000000175e-02
-4.021600000000000175e-02
-4.021600000000000175e-02
-4.021600000000000175e-02
-4.021600000000000175e-02
-4.021600000000000175e-02
-4.021600000000000175e-02
-4.021600000000000175e-02
-4.021600000000000175e-02
-4.021399999999999975e-02
-4.021399999999999975e-02
-4.021000000000000268e-02
-4.021000000000000268e-02
-4.020950000000000218e-02
-4.020350000000000312e-02
-4.020350000000000312e-02
-4.020350000000000312e-02
-4.020350000000000312e-02
-4.020350000000000312e-02
-4.020350000000000312e-02
-4.020350000000000312e-02
-4.020350000000000312e-02
-4.020350000000000312e-02
-4.019650000000000306e-02
-4.019650000000000306e-02
-4.019650000000000306e-02
-4.019650000000000306e-02
-4.019650000000000306e-02
-4.019650000000000306e-02
-4.019650000000000306e-02
-4.019650000000000306e-02
-4.019650000000000306e-02
-4.019550000000000206e-02
-4.019550000000000206e-02
-4.019550000000000206e-02
-4.019550000000000206e-02
-4.018399999999999750e-02
-4.018399999999999750e-02
-4.018050000000000094e-02
-4.018050000000000094e-02
-4.018050000000000094e-02
-4.018050000000000094e-02
-4.018050000000000094e-02
-4.018050000000000094e-02
-4.018050000000000094e-02
-4.017749999999999794e-02
-4.017749999999999794e-02
-4.017749999999999794e-02
-4.017749999999999794e-02
-4.017749999999999794e-02
-4.017749999999999794e-02
-4.017749999999999794e-02
-4.017749999999999794e-02
-4.017749999999999794e-02
-4.017749999999999794e-02
-4.017749999999999794e-02
-4.017749999999999794e-02
-4.017749999999999794e-02
-4.017749999999999794e-02
-4.017749999999999794e-02
-4.017749999999999794e-02
-4.017450000000000188e-02
-4.017450000000000188e-02
-4.015849999999999975e-02
-4.015849999999999975e-02
-4.015849999999999975e-02
-4.015849999999999975e-02
-4.015849999999999975e-02
-4.015849999999999975e-02
-4.015849999999999975e-02
-4.015849999999999975e-02
-4.015849999999999975e-02
-4.015849999999999975e-02
-4.015849999999999975e-02
-4.015849999999999975e-02
-4.015849999999999975e-02
-4.015849999999999975e-02
-4.015450000000000269e-02
-4.015450000000000269e-02
-4.015450000000000269e-02
-4.015450000000000269e-02
-4.015450000000000269e-02
-4.015450000000000269e-02
-4.015450000000000269e-02
-4.015450000000000269e-02
-4.015450000000000269e-02
-4.015450000000000269e-02
-4.014899999999999719e-02
-4.014800000000000313e-02
-4.014800000000000313e-02
-4.014800000000000313e-02
-4.014800000000000313e-02
-4.014800000000000313e-02
-4.014100000000000307e-02
-4.014100000000000307e-02
-4.014100000000000307e-02
-4.014100000000000307e-02
-4.014100000000000307e-02
-4.014100000000000307e-02
-4.013599999999999807e-02
-4.013599999999999807e-02
-4.013599999999999807e-02
-4.013599999999999807e-02
-4.013599999999999807e-02
-4.013599999999999807e-02
-4.013599999999999807e-02
-4.013599999999999807e-02
-4.013599999999999807e-02
-4.013599999999999807e-02
-4.013599999999999807e-02
