8.469742135696314150e-03
2.181525833449933158e-02
1.124833964416972407e-02
1.909881357800706850e-02
7.878868741411429455e-03
2.118076376972366157e-02
6.982241028581626791e-03
2.540959679760858986e-02
1.154579246878410445e-02
1.403639445543372263e-02
9.989834986549938484e-03
9.826854641517061145e-03
1.268748557670824374e-02
6.322626658116507065e-03
5.701529040993180523e-03
1.401968874263573132e-02
1.225084724290117014e-02
1.390902494199073094e-02
9.612127556628529551e-03
3.921472147092345747e-03
2.267245746777884347e-02
2.064394881868648890e-02
3.221791285775247107e-03
1.736147779268033126e-02
8.765632237833775875e-04
5.627680376050524409e-03
1.154707430856876695e-02
1.133113865672063028e-02
5.915515013512936092e-03
8.194351242828213158e-03
2.244220677745103337e-02
7.711749775356989065e-03
1.183713913981037508e-02
1.676675886828005169e-02
6.568403030352720773e-03
5.039129489623015573e-03
1.326776406097694358e-02
1.010082126945202087e-02
1.530389303332003667e-02
8.263328628843737839e-03
