-3.986124999999999807e-01
-3.986124999999999807e-01
-3.967915000000000192e-01
-3.967915000000000192e-01
-3.920330000000000203e-01
-3.754179999999999739e-01
-3.556230000000000224e-01
-3.520710000000000228e-01
-3.520710000000000228e-01
-3.384685000000000055e-01
-3.384685000000000055e-01
-3.307745000000000268e-01
-3.284259999999999957e-01
-3.204460000000000086e-01
-3.041404999999999803e-01
-3.041404999999999803e-01
-3.026170000000000249e-01
-2.855464999999999809e-01
-2.855464999999999809e-01
-2.850710000000000188e-01
-2.685199999999999809e-01
-2.685199999999999809e-01
-2.685199999999999809e-01
-2.685199999999999809e-01
-2.679095000000000226e-01
-2.601295000000000135e-01
-2.234849999999999892e-01
-2.234849999999999892e-01
-2.234849999999999892e-01
-2.234849999999999892e-01
-2.234849999999999892e-01
-2.189800000000000080e-01
-2.189800000000000080e-01
-2.133994999999999920e-01
-2.133994999999999920e-01
-2.005055000000000032e-01
-2.005055000000000032e-01
-2.005055000000000032e-01
-1.934460000000000068e-01
-1.934460000000000068e-01
-1.873144999999999949e-01
-1.873144999999999949e-01
-1.873144999999999949e-01
-1.860580000000000012e-01
-1.796820000000000084e-01
-1.679315000000000113e-01
-1.679315000000000113e-01
-1.679315000000000113e-01
-1.679315000000000113e-01
-1.679315000000000113e-01
-1.678514999999999868e-01
-1.678514999999999868e-01
-1.668395000000000017e-01
-1.634774999999999978e-01
-1.634774999999999978e-01
-1.634774999999999978e-01
-1.634774999999999978e-01
-1.607429999999999970e-01
-1.601704999999999934e-01
-1.509820000000000051e-01
-1.494435000000000069e-01
-1.491609999999999880e-01
-1.491609999999999880e-01
-1.491609999999999880e-01
-1.452539999999999942e-01
-1.452539999999999942e-01
-1.452539999999999942e-01
-1.452539999999999942e-01
-1.361050000000000038e-01
-1.361050000000000038e-01
-1.361050000000000038e-01
-1.361050000000000038e-01
-1.347965000000000135e-01
-1.347240000000000104e-01
-1.253950000000000065e-01
-1.253950000000000065e-01
-1.253950000000000065e-01
-1.252274999999999916e-01
-1.252274999999999916e-01
-1.252274999999999916e-01
-1.252274999999999916e-01
-1.252274999999999916e-01
-1.229179999999999995e-01
-1.163600000000000051e-01
-1.163600000000000051e-01
-1.163600000000000051e-01
-1.163600000000000051e-01
-1.163600000000000051e-01
-1.163600000000000051e-01
-1.144519999999999982e-01
-1.144519999999999982e-01
-1.144519999999999982e-01
-1.144519999999999982e-01
-1.135010000000000047e-01
-1.115955000000000003e-01
-1.083900000000000002e-01
-1.083900000000000002e-01
-1.083900000000000002e-01
-1.083900000000000002e-01
-1.083900000000000002e-01
-1.083900000000000002e-01
-1.083900000000000002e-01
-1.083900000000000002e-01
-1.068324999999999969e-01
-1.068324999999999969e-01
-1.068324999999999969e-01
-1.052649999999999975e-01
-1.052649999999999975e-01
-1.052649999999999975e-01
-1.023820000000000008e-01
-1.023820000000000008e-01
-1.023820000000000008e-01
-1.023820000000000008e-01
-1.001819999999999933e-01
-1.001819999999999933e-01
-1.001819999999999933e-01
-1.001819999999999933e-01
-9.668949999999999767e-02
-9.668949999999999767e-02
-9.668949999999999767e-02
-9.668949999999999767e-02
-9.573399999999999965e-02
-9.573399999999999965e-02
-9.573399999999999965e-02
-9.175600000000000422e-02
-9.175600000000000422e-02
-9.175600000000000422e-02
-9.175600000000000422e-02
-9.175600000000000422e-02
-9.175600000000000422e-02
-9.175600000000000422e-02
-9.175600000000000422e-02
-9.175600000000000422e-02
-9.141299999999999426e-02
-9.141299999999999426e-02
-9.118850000000000566e-02
-9.118850000000000566e-02
-9.102649999999999630e-02
-8.717149999999999899e-02
-8.717149999999999899e-02
-8.717149999999999899e-02
-8.717149999999999899e-02
-8.717149999999999899e-02
-8.717149999999999899e-02
-8.717149999999999899e-02
-8.717149999999999899e-02
-8.710350000000000037e-02
-8.710350000000000037e-02
-8.579399999999999527e-02
-8.579399999999999527e-02
-8.579399999999999527e-02
-8.579399999999999527e-02
-8.284900000000000597e-02
-8.284900000000000597e-02
-8.284900000000000597e-02
-8.284900000000000597e-02
-8.284900000000000597e-02
-8.284900000000000597e-02
-8.284900000000000597e-02
-8.284900000000000597e-02
-8.128050000000000552e-02
-8.128050000000000552e-02
-8.128050000000000552e-02
-8.128050000000000552e-02
-8.128050000000000552e-02
-8.128050000000000552e-02
-8.128050000000000552e-02
-8.080850000000000533e-02
-8.080850000000000533e-02
-7.961949999999999583e-02
-7.961949999999999583e-02
-7.961949999999999583e-02
-7.961949999999999583e-02
-7.961949999999999583e-02
-7.961949999999999583e-02
-7.961949999999999583e-02
-7.780850000000000266e-02
-7.780850000000000266e-02
-7.780850000000000266e-02
-7.780850000000000266e-02
-7.780850000000000266e-02
-7.780850000000000266e-02
-7.780850000000000266e-02
-7.619299999999999684e-02
-7.607400000000000273e-02
-7.592799999999999550e-02
-7.517300000000000371e-02
-7.517300000000000371e-02
-7.369850000000000012e-02
-7.369850000000000012e-02
-7.369850000000000012e-02
-7.369850000000000012e-02
-7.369850000000000012e-02
-7.369850000000000012e-02
-7.263000000000000012e-02
-7.263000000000000012e-02
-7.153850000000000486e-02
-7.153850000000000486e-02
-7.153850000000000486e-02
-7.153850000000000486e-02
-7.153850000000000486e-02
-7.153850000000000486e-02
-7.153850000000000486e-02
-7.024249999999999938e-02
-7.024249999999999938e-02
-7.024249999999999938e-02
-7.024249999999999938e-02
-7.024249999999999938e-02
-7.024249999999999938e-02
-7.024249999999999938e-02
-7.024249999999999938e-02
-7.024249999999999938e-02
-6.964750000000000107e-02
-6.964750000000000107e-02
-6.964750000000000107e-02
-6.964750000000000107e-02
-6.964750000000000107e-02
-6.962200000000000333e-02
-6.824199999999999711e-02
-6.824199999999999711e-02
-6.824199999999999711e-02
-6.824199999999999711e-02
-6.824199999999999711e-02
-6.824199999999999711e-02
-6.824199999999999711e-02
-6.824199999999999711e-02
-6.824199999999999711e-02
-6.824199999999999711e-02
-6.710049999999999348e-02
-6.710049999999999348e-02
-6.710049999999999348e-02
-6.710049999999999348e-02
-6.710049999999999348e-02
-6.710049999999999348e-02
-6.708100000000000174e-02
-6.708100000000000174e-02
-6.708100000000000174e-02
-6.646799999999999931e-02
-6.646799999999999931e-02
-6.646799999999999931e-02
-6.646799999999999931e-02
-6.646799999999999931e-02
-6.646799999999999931e-02
-6.646799999999999931e-02
-6.629849999999999632e-02
-6.629849999999999632e-02
-6.629849999999999632e-02
-6.526800000000000657e-02
-6.526800000000000657e-02
-6.526800000000000657e-02
-6.526800000000000657e-02
-6.526800000000000657e-02
-6.526800000000000657e-02
-6.526800000000000657e-02
-6.526800000000000657e-02
-6.526800000000000657e-02
-6.526800000000000657e-02
-6.526800000000000657e-02
-6.526800000000000657e-02
-6.479999999999999649e-02
-6.479999999999999649e-02
-6.479999999999999649e-02
-6.479999999999999649e-02
-6.362299999999999900e-02
-6.362299999999999900e-02
-6.362299999999999900e-02
-6.362299999999999900e-02
-6.362299999999999900e-02
-6.362299999999999900e-02
-6.362299999999999900e-02
-6.342000000000000415e-02
-6.342000000000000415e-02
-6.064100000000000046e-02
-6.048449999999999660e-02
-6.047700000000000298e-02
-6.032749999999999918e-02
-6.032300000000000162e-02
-6.004999999999999921e-02
-6.004999999999999921e-02
-6.004999999999999921e-02
-5.926800000000000124e-02
-5.883200000000000235e-02
-5.883200000000000235e-02
-5.875450000000000117e-02
-5.875450000000000117e-02
-5.809249999999999831e-02
-5.809249999999999831e-02
-5.809249999999999831e-02
-5.717749999999999916e-02
-5.717749999999999916e-02
-5.717749999999999916e-02
-5.717749999999999916e-02
-5.717749999999999916e-02
-5.717749999999999916e-02
-5.717749999999999916e-02
-5.717749999999999916e-02
-5.717749999999999916e-02
-5.717749999999999916e-02
-5.708350000000000229e-02
-5.708350000000000229e-02
-5.708350000000000229e-02
-5.625600000000000045e-02
-5.625600000000000045e-02
-5.625600000000000045e-02
-5.625600000000000045e-02
-5.625600000000000045e-02
-5.625600000000000045e-02
-5.625600000000000045e-02
-5.620100000000000096e-02
-5.610400000000000109e-02
-5.610400000000000109e-02
-5.590549999999999686e-02
-5.590549999999999686e-02
-5.590549999999999686e-02
-5.590549999999999686e-02
-5.590549999999999686e-02
-5.428750000000000242e-02
-5.428750000000000242e-02
-5.428750000000000242e-02
-5.428750000000000242e-02
-5.428750000000000242e-02
-5.428750000000000242e-02
-5.428750000000000242e-02
-5.428750000000000242e-02
-5.428750000000000242e-02
-5.428750000000000242e-02
-5.428750000000000242e-02
-5.428750000000000242e-02
-5.428750000000000242e-02
-5.428750000000000242e-02
-5.428750000000000242e-02
-5.428750000000000242e-02
-5.428750000000000242e-02
-5.428750000000000242e-02
-5.428750000000000242e-02
-5.405100000000000182e-02
-5.405100000000000182e-02
-5.405100000000000182e-02
-5.405100000000000182e-02
-5.405100000000000182e-02
-5.405100000000000182e-02
-5.405100000000000182e-02
-5.387900000000000328e-02
-5.387900000000000328e-02
-5.387900000000000328e-02
-5.386149999999999965e-02
-5.304400000000000087e-02
-5.304400000000000087e-02
-5.304400000000000087e-02
-5.304400000000000087e-02
-5.304400000000000087e-02
-5.304400000000000087e-02
-5.299199999999999744e-02
-5.299199999999999744e-02
-5.299199999999999744e-02
-5.299199999999999744e-02
-5.299199999999999744e-02
-5.299199999999999744e-02
-5.299199999999999744e-02
-5.299199999999999744e-02
-5.299199999999999744e-02
-5.299199999999999744e-02
-5.299199999999999744e-02
-5.275099999999999928e-02
-5.275099999999999928e-02
-5.275099999999999928e-02
-5.275099999999999928e-02
-5.275099999999999928e-02
-5.275099999999999928e-02
-5.275099999999999928e-02
-5.275099999999999928e-02
-5.275099999999999928e-02
-5.275099999999999928e-02
-5.275099999999999928e-02
-5.275099999999999928e-02
-5.274999999999999828e-02
-5.265100000000000335e-02
-5.265100000000000335e-02
-5.265100000000000335e-02
-5.246649999999999925e-02
-5.246649999999999925e-02
-5.246649999999999925e-02
-5.246649999999999925e-02
-5.246649999999999925e-02
-5.224000000000000171e-02
-5.224000000000000171e-02
-5.224000000000000171e-02
-5.142700000000000049e-02
-5.142700000000000049e-02
-5.142700000000000049e-02
-5.142700000000000049e-02
-5.142700000000000049e-02
-5.142700000000000049e-02
-5.142700000000000049e-02
-5.142700000000000049e-02
-5.142700000000000049e-02
-5.142700000000000049e-02
-5.142700000000000049e-02
-5.142700000000000049e-02
-5.142700000000000049e-02
-5.142700000000000049e-02
-5.133200000000000263e-02
-5.133200000000000263e-02
-5.133200000000000263e-02
-5.132849999999999913e-02
-5.108599999999999947e-02
-5.108599999999999947e-02
-5.103900000000000103e-02
-5.101100000000000079e-02
-5.100550000000000223e-02
-5.100550000000000223e-02
-5.061600000000000127e-02
-5.061600000000000127e-02
-5.061600000000000127e-02
-5.059299999999999908e-02
-5.059299999999999908e-02
-5.059000000000000302e-02
-5.059000000000000302e-02
-5.059000000000000302e-02
-5.059000000000000302e-02
-5.059000000000000302e-02
-5.045199999999999685e-02
-5.045199999999999685e-02
-5.045199999999999685e-02
-5.045199999999999685e-02
-5.045199999999999685e-02
-5.045199999999999685e-02
-5.045150000000000329e-02
-5.045150000000000329e-02
-5.010549999999999726e-02
-5.010549999999999726e-02
-5.005300000000000027e-02
-5.005300000000000027e-02
-4.878350000000000047e-02
-4.878350000000000047e-02
-4.871299999999999936e-02
-4.871299999999999936e-02
-4.869500000000000217e-02
-4.841550000000000020e-02
-4.841550000000000020e-02
-4.841550000000000020e-02
-4.841550000000000020e-02
-4.841550000000000020e-02
-4.841550000000000020e-02
-4.841550000000000020e-02
-4.841550000000000020e-02
-4.841550000000000020e-02
-4.841550000000000020e-02
-4.841550000000000020e-02
-4.840049999999999908e-02
-4.840049999999999908e-02
-4.839700000000000252e-02
-4.839700000000000252e-02
-4.839700000000000252e-02
-4.839700000000000252e-02
-4.829100000000000059e-02
-4.829100000000000059e-02
-4.828350000000000003e-02
-4.759250000000000286e-02
-4.759250000000000286e-02
-4.759250000000000286e-02
-4.759250000000000286e-02
-4.759250000000000286e-02
-4.759250000000000286e-02
-4.759250000000000286e-02
-4.759250000000000286e-02
-4.759250000000000286e-02
-4.759250000000000286e-02
-4.744249999999999856e-02
-4.744249999999999856e-02
-4.744249999999999856e-02
-4.744249999999999856e-02
-4.744249999999999856e-02
-4.743300000000000294e-02
-4.734599999999999920e-02
-4.734599999999999920e-02
-4.734599999999999920e-02
-4.734599999999999920e-02
-4.734599999999999920e-02
-4.730949999999999739e-02
-4.730949999999999739e-02
-4.730949999999999739e-02
-4.730949999999999739e-02
-4.730949999999999739e-02
-4.730399999999999883e-02
-4.730399999999999883e-02
-4.730399999999999883e-02
-4.730399999999999883e-02
-4.728600000000000164e-02
-4.728600000000000164e-02
-4.725900000000000239e-02
-4.725750000000000089e-02
-4.725349999999999689e-02
-4.712899999999999728e-02
-4.712899999999999728e-02
-4.686099999999999988e-02
-4.686099999999999988e-02
-4.686099999999999988e-02
-4.686099999999999988e-02
-4.686099999999999988e-02
-4.686099999999999988e-02
-4.676600000000000201e-02
-4.676600000000000201e-02
-4.659599999999999853e-02
-4.659599999999999853e-02
-4.659599999999999853e-02
-4.659599999999999853e-02
-4.659599999999999853e-02
-4.659599999999999853e-02
-4.659599999999999853e-02
-4.659599999999999853e-02
-4.657200000000000228e-02
-4.655949999999999672e-02
-4.655949999999999672e-02
-4.606600000000000278e-02
-4.606600000000000278e-02
-4.606600000000000278e-02
-4.606600000000000278e-02
-4.606600000000000278e-02
-4.606600000000000278e-02
-4.606600000000000278e-02
-4.606600000000000278e-02
-4.606600000000000278e-02
-4.606600000000000278e-02
-4.606600000000000278e-02
-4.606600000000000278e-02
-4.606600000000000278e-02
-4.606600000000000278e-02
-4.606600000000000278e-02
-4.586350000000000149e-02
-4.577049999999999869e-02
-4.577049999999999869e-02
-4.572650000000000325e-02
-4.572650000000000325e-02
-4.572650000000000325e-02
-4.566549999999999776e-02
-4.566049999999999970e-02
-4.529849999999999849e-02
-4.529849999999999849e-02
-4.529849999999999849e-02
-4.529849999999999849e-02
-4.529849999999999849e-02
-4.529849999999999849e-02
-4.529849999999999849e-02
-4.529849999999999849e-02
-4.529849999999999849e-02
-4.528900000000000287e-02
-4.499199999999999727e-02
-4.499199999999999727e-02
-4.484849999999999948e-02
-4.484849999999999948e-02
-4.484849999999999948e-02
-4.484849999999999948e-02
-4.466099999999999931e-02
-4.466099999999999931e-02
-4.449399999999999883e-02
-4.449399999999999883e-02
-4.449399999999999883e-02
-4.449399999999999883e-02
-4.449399999999999883e-02
-4.449399999999999883e-02
-4.449399999999999883e-02
-4.449399999999999883e-02
-4.449399999999999883e-02
-4.449399999999999883e-02
-4.449399999999999883e-02
-4.449399999999999883e-02
-4.449399999999999883e-02
-4.449249999999999733e-02
-4.447450000000000014e-02
-4.419349999999999667e-02
-4.419349999999999667e-02
-4.383399999999999797e-02
-4.383399999999999797e-02
-4.383399999999999797e-02
-4.383399999999999797e-02
-4.383399999999999797e-02
-4.383399999999999797e-02
-4.383399999999999797e-02
-4.273849999999999871e-02
-4.273849999999999871e-02
-4.273849999999999871e-02
-4.273849999999999871e-02
-4.208699999999999941e-02
-4.208699999999999941e-02
-4.208699999999999941e-02
-4.208699999999999941e-02
-4.208699999999999941e-02
-4.208699999999999941e-02
-4.208699999999999941e-02
-4.208699999999999941e-02
-4.208699999999999941e-02
-4.208699999999999941e-02
-4.208699999999999941e-02
-4.208699999999999941e-02
-4.208699999999999941e-02
-4.208699999999999941e-02
-4.206499999999999823e-02
-4.206499999999999823e-02
-4.206499999999999823e-02
-4.182500000000000107e-02
-4.182500000000000107e-02
-4.170250000000000346e-02
-4.166899999999999771e-02
-4.143150000000000305e-02
-4.143150000000000305e-02
-4.143150000000000305e-02
-4.143150000000000305e-02
-4.143150000000000305e-02
-4.143150000000000305e-02
-4.143150000000000305e-02
-4.143150000000000305e-02
-4.143150000000000305e-02
-4.143150000000000305e-02
-4.143150000000000305e-02
-4.141299999999999842e-02
-4.141299999999999842e-02
-4.141299999999999842e-02
-4.141299999999999842e-02
-4.141299999999999842e-02
-4.141299999999999842e-02
-4.141299999999999842e-02
-4.099450000000000316e-02
-4.099450000000000316e-02
-4.099450000000000316e-02
-4.099450000000000316e-02
-4.099450000000000316e-02
-4.099450000000000316e-02
-4.099450000000000316e-02
-4.099450000000000316e-02
-4.099450000000000316e-02
-4.099450000000000316e-02
-4.099450000000000316e-02
-4.099450000000000316e-02
-4.099450000000000316e-02
-4.099450000000000316e-02
-4.099450000000000316e-02
-4.099450000000000316e-02
-4.099450000000000316e-02
-4.089299999999999879e-02
-4.089299999999999879e-02
-4.089299999999999879e-02
-4.089299999999999879e-02
-4.089299999999999879e-02
-4.089299999999999879e-02
-4.088499999999999773e-02
-4.088499999999999773e-02
-4.021799999999999681e-02
-4.021799999999999681e-02
-4.021799999999999681e-02
-4.021799999999999681e-02
-4.021799999999999681e-02
-4.021799999999999681e-02
-4.021799999999999681e-02
-4.021799999999999681e-02
-4.021799999999999681e-02
-4.021799999999999681e-02
-4.021799999999999681e-02
-4.021799999999999681e-02
-4.021799999999999681e-02
-4.021799999999999681e-02
-4.021799999999999681e-02
-4.021799999999999681e-02
-4.021299999999999875e-02
-4.021299999999999875e-02
-4.021249999999999825e-02
-4.021249999999999825e-02
-4.021249999999999825e-02
-4.021249999999999825e-02
-4.021249999999999825e-02
-3.966999999999999693e-02
-3.966999999999999693e-02
-3.966999999999999693e-02
-3.966999999999999693e-02
-3.966999999999999693e-02
-3.966999999999999693e-02
-3.966999999999999693e-02
-3.966999999999999693e-02
-3.966999999999999693e-02
-3.966999999999999693e-02
-3.936800000000000022e-02
-3.936800000000000022e-02
-3.936800000000000022e-02
-3.936800000000000022e-02
-3.936800000000000022e-02
-3.936800000000000022e-02
-3.936800000000000022e-02
-3.936800000000000022e-02
-3.936800000000000022e-02
-3.936800000000000022e-02
-3.936800000000000022e-02
-3.936800000000000022e-02
-3.936800000000000022e-02
-3.936800000000000022e-02
-3.936800000000000022e-02
-3.936800000000000022e-02
-3.936800000000000022e-02
-3.936800000000000022e-02
-3.933099999999999791e-02
-3.933099999999999791e-02
-3.930449999999999916e-02
-3.921750000000000236e-02
-3.921750000000000236e-02
-3.921750000000000236e-02
-3.921750000000000236e-02
-3.921750000000000236e-02
-3.921750000000000236e-02
-3.921750000000000236e-02
-3.919349999999999917e-02
-3.916200000000000236e-02
-3.916200000000000236e-02
-3.916200000000000236e-02
-3.916200000000000236e-02
-3.916200000000000236e-02
-3.915649999999999686e-02
-3.915649999999999686e-02
-3.915649999999999686e-02
-3.867349999999999954e-02
-3.867349999999999954e-02
-3.867349999999999954e-02
-3.867349999999999954e-02
-3.867349999999999954e-02
-3.867349999999999954e-02
-3.867349999999999954e-02
-3.867349999999999954e-02
-3.867349999999999954e-02
-3.867349999999999954e-02
-3.867349999999999954e-02
-3.867349999999999954e-02
-3.864999999999999686e-02
-3.864549999999999930e-02
-3.864549999999999930e-02
-3.864549999999999930e-02
-3.864549999999999930e-02
-3.864549999999999930e-02
-3.864549999999999930e-02
-3.864549999999999930e-02
-3.860550000000000093e-02
-3.860550000000000093e-02
-3.834699999999999914e-02
-3.829849999999999921e-02
-3.828949999999999715e-02
-3.828949999999999715e-02
-3.828949999999999715e-02
-3.828949999999999715e-02
-3.828949999999999715e-02
-3.826800000000000340e-02
-3.826800000000000340e-02
-3.826800000000000340e-02
-3.826800000000000340e-02
-3.826800000000000340e-02
-3.826550000000000090e-02
-3.826550000000000090e-02
-3.826550000000000090e-02
-3.826550000000000090e-02
-3.826550000000000090e-02
-3.826550000000000090e-02
-3.826550000000000090e-02
-3.826550000000000090e-02
-3.808750000000000330e-02
-3.805700000000000055e-02
-3.805250000000000299e-02
-3.805250000000000299e-02
-3.805250000000000299e-02
-3.805250000000000299e-02
-3.805250000000000299e-02
-3.797299999999999981e-02
-3.797299999999999981e-02
-3.797299999999999981e-02
-3.797299999999999981e-02
-3.797299999999999981e-02
-3.797299999999999981e-02
-3.795250000000000012e-02
-3.793250000000000094e-02
-3.791350000000000275e-02
-3.791350000000000275e-02
-3.791350000000000275e-02
-3.790099999999999719e-02
-3.790099999999999719e-02
-3.789900000000000213e-02
-3.789900000000000213e-02
-3.789900000000000213e-02
-3.789900000000000213e-02
-3.789900000000000213e-02
-3.789200000000000207e-02
-3.789200000000000207e-02
-3.789200000000000207e-02
-3.789200000000000207e-02
-3.787950000000000345e-02
-3.787950000000000345e-02
-3.785899999999999682e-02
-3.781799999999999745e-02
-3.781799999999999745e-02
-3.781799999999999745e-02
-3.781799999999999745e-02
-3.781799999999999745e-02
-3.781799999999999745e-02
-3.781500000000000139e-02
-3.781500000000000139e-02
-3.781500000000000139e-02
-3.781500000000000139e-02
-3.781500000000000139e-02
-3.781500000000000139e-02
-3.781500000000000139e-02
-3.781500000000000139e-02
-3.781500000000000139e-02
-3.781500000000000139e-02
-3.781500000000000139e-02
-3.781500000000000139e-02
-3.780100000000000127e-02
-3.780100000000000127e-02
-3.779500000000000220e-02
-3.779450000000000170e-02
-3.779400000000000120e-02
-3.779400000000000120e-02
-3.779400000000000120e-02
-3.779400000000000120e-02
-3.779400000000000120e-02
-3.779400000000000120e-02
-3.779400000000000120e-02
-3.779400000000000120e-02
-3.779400000000000120e-02
-3.779400000000000120e-02
-3.779400000000000120e-02
-3.779400000000000120e-02
-3.779400000000000120e-02
-3.779099999999999820e-02
-3.779099999999999820e-02
-3.779099999999999820e-02
-3.779099999999999820e-02
-3.779099999999999820e-02
-3.779099999999999820e-02
-3.779099999999999820e-02
-3.775499999999999690e-02
-3.775499999999999690e-02
-3.775499999999999690e-02
-3.775499999999999690e-02
-3.775499999999999690e-02
-3.775499999999999690e-02
-3.774500000000000077e-02
-3.774500000000000077e-02
-3.774149999999999727e-02
-3.773800000000000071e-02
-3.773800000000000071e-02
-3.773750000000000021e-02
-3.772999999999999965e-02
-3.772999999999999965e-02
-3.772999999999999965e-02
-3.772999999999999965e-02
-3.772999999999999965e-02
-3.772999999999999965e-02
-3.767750000000000266e-02
-3.767750000000000266e-02
-3.767750000000000266e-02
-3.767600000000000116e-02
-3.767550000000000066e-02
-3.767550000000000066e-02
-3.767299999999999816e-02
-3.753950000000000342e-02
-3.753950000000000342e-02
-3.753950000000000342e-02
-3.753950000000000342e-02
-3.753950000000000342e-02
-3.753950000000000342e-02
-3.753950000000000342e-02
-3.753950000000000342e-02
-3.753950000000000342e-02
-3.753950000000000342e-02
-3.753950000000000342e-02
-3.753950000000000342e-02
-3.751399999999999874e-02
-3.751399999999999874e-02
-3.751399999999999874e-02
-3.751399999999999874e-02
-3.751399999999999874e-02
-3.751150000000000317e-02
-3.751150000000000317e-02
-3.751150000000000317e-02
-3.751150000000000317e-02
-3.751150000000000317e-02
-3.750850000000000017e-02
-3.749050000000000299e-02
-3.745300000000000018e-02
-3.745300000000000018e-02
-3.745199999999999918e-02
-3.743599999999999706e-02
-3.743599999999999706e-02
-3.743599999999999706e-02
-3.743599999999999706e-02
-3.743250000000000050e-02
-3.742750000000000243e-02
-3.742750000000000243e-02
-3.726600000000000051e-02
-3.726600000000000051e-02
-3.726600000000000051e-02
-3.708449999999999941e-02
-3.697099999999999692e-02
-3.697099999999999692e-02
-3.695749999999999730e-02
-3.695749999999999730e-02
-3.695699999999999680e-02
-3.695699999999999680e-02
-3.695699999999999680e-02
-3.688949999999999868e-02
-3.688949999999999868e-02
-3.682150000000000006e-02
-3.680850000000000094e-02
-3.679700000000000332e-02
-3.651999999999999691e-02
-3.651150000000000229e-02
-3.651150000000000229e-02
-3.651150000000000229e-02
-3.651150000000000229e-02
-3.650500000000000272e-02
-3.650500000000000272e-02
-3.641350000000000142e-02
-3.641350000000000142e-02
-3.641350000000000142e-02
-3.641350000000000142e-02
-3.641350000000000142e-02
-3.641350000000000142e-02
-3.641350000000000142e-02
-3.641350000000000142e-02
-3.641350000000000142e-02
-3.641350000000000142e-02
-3.641350000000000142e-02
-3.641350000000000142e-02
-3.641199999999999992e-02
-3.641199999999999992e-02
-3.636849999999999805e-02
-3.636849999999999805e-02
-3.636849999999999805e-02
-3.631000000000000200e-02
-3.629249999999999837e-02
-3.629099999999999687e-02
-3.628499999999999781e-02
-3.627999999999999975e-02
-3.627999999999999975e-02
-3.627999999999999975e-02
-3.625149999999999900e-02
-3.625149999999999900e-02
-3.625149999999999900e-02
-3.624850000000000294e-02
-3.624850000000000294e-02
-3.624850000000000294e-02
-3.624850000000000294e-02
-3.614799999999999958e-02
-3.614799999999999958e-02
-3.614799999999999958e-02
-3.614799999999999958e-02
-3.614799999999999958e-02
-3.609450000000000158e-02
-3.609450000000000158e-02
-3.609450000000000158e-02
-3.609450000000000158e-02
-3.609450000000000158e-02
-3.609450000000000158e-02
-3.609450000000000158e-02
-3.609450000000000158e-02
-3.609450000000000158e-02
-3.609450000000000158e-02
-3.607550000000000340e-02
-3.607550000000000340e-02
-3.607550000000000340e-02
-3.607550000000000340e-02
-3.607550000000000340e-02
-3.607250000000000040e-02
-3.607250000000000040e-02
-3.607250000000000040e-02
-3.607250000000000040e-02
-3.607250000000000040e-02
-3.607250000000000040e-02
-3.579899999999999749e-02
-3.579899999999999749e-02
-3.579899999999999749e-02
-3.578900000000000137e-02
-3.571450000000000319e-02
-3.571450000000000319e-02
-3.571450000000000319e-02
-3.571450000000000319e-02
-3.571450000000000319e-02
-3.571450000000000319e-02
-3.570650000000000213e-02
-3.569100000000000050e-02
-3.569100000000000050e-02
-3.569100000000000050e-02
-3.569100000000000050e-02
-3.569100000000000050e-02
-3.569100000000000050e-02
-3.569100000000000050e-02
-3.569100000000000050e-02
-3.569100000000000050e-02
-3.568749999999999700e-02
-3.568749999999999700e-02
-3.568749999999999700e-02
-3.562049999999999939e-02
-3.562049999999999939e-02
-3.562049999999999939e-02
-3.562049999999999939e-02
-3.562049999999999939e-02
