9.988419726617923100e-01
9.058491841823597124e-01
3.974493985219799130e-01
9.955525052235643102e-01
9.153969330822703254e-01
6.690795359615766547e-01
9.958810826362058943e-01
8.929066338771777245e-01
6.272095281753407026e-01
9.984928422657184388e-01
9.477295589433312184e-01
5.676032081204851476e-01
9.977066156784852868e-01
8.719306699904916247e-01
7.619109355670095063e-01
9.976038725509301930e-01
9.048979590024082142e-01
6.152088137169084980e-01
9.992159434583478550e-01
9.116517652185257559e-01
5.808315580463311312e-01
9.991298980856742062e-01
9.626512756346167210e-01
3.257989036970125873e-01
9.997428866316153684e-01
8.926622248694323636e-01
6.250057778835875766e-01
9.993726537298619483e-01
8.815748041746984676e-01
4.864394213711805137e-01
