-3.077265000000000139e-01
-3.060264999999999791e-01
-3.060264999999999791e-01
-3.060264999999999791e-01
-2.967595000000000094e-01
-2.843364999999999920e-01
-2.843364999999999920e-01
-2.843364999999999920e-01
-2.839180000000000037e-01
-2.839180000000000037e-01
-2.839180000000000037e-01
-2.839180000000000037e-01
-2.839180000000000037e-01
-2.777470000000000216e-01
-2.742904999999999927e-01
-2.742904999999999927e-01
-2.704325000000000201e-01
-2.704325000000000201e-01
-2.704325000000000201e-01
-2.704325000000000201e-01
-2.704325000000000201e-01
-2.704325000000000201e-01
-2.704325000000000201e-01
-2.704325000000000201e-01
-2.704325000000000201e-01
-2.704325000000000201e-01
-2.704325000000000201e-01
-2.704325000000000201e-01
-2.704325000000000201e-01
-2.697614999999999874e-01
-2.697614999999999874e-01
-2.696284999999999932e-01
-2.695834999999999759e-01
-2.694484999999999797e-01
-2.693699999999999983e-01
-2.693145000000000122e-01
-2.693145000000000122e-01
-2.683099999999999929e-01
-2.683099999999999929e-01
-2.683099999999999929e-01
-2.683099999999999929e-01
-2.683099999999999929e-01
-2.683099999999999929e-01
-2.683099999999999929e-01
-2.683099999999999929e-01
-2.683099999999999929e-01
-2.683099999999999929e-01
-2.683099999999999929e-01
-2.683099999999999929e-01
-2.683099999999999929e-01
-2.682755000000000001e-01
-2.682725000000000248e-01
-2.682725000000000248e-01
-2.682725000000000248e-01
-2.682444999999999968e-01
-2.682444999999999968e-01
-2.675155000000000172e-01
-2.675155000000000172e-01
-2.675155000000000172e-01
-2.675155000000000172e-01
-2.675155000000000172e-01
-2.675155000000000172e-01
-2.675155000000000172e-01
-2.675155000000000172e-01
-2.675155000000000172e-01
-2.675155000000000172e-01
-2.675155000000000172e-01
-2.675155000000000172e-01
-2.675155000000000172e-01
-2.675155000000000172e-01
-2.675155000000000172e-01
-2.675155000000000172e-01
-2.675155000000000172e-01
-2.675155000000000172e-01
-2.675155000000000172e-01
-2.675109999999999988e-01
-2.675109999999999988e-01
-2.667939999999999756e-01
-2.667289999999999939e-01
-2.667289999999999939e-01
-2.667289999999999939e-01
-2.667289999999999939e-01
-2.667289999999999939e-01
-2.667025000000000090e-01
-2.667025000000000090e-01
-2.667025000000000090e-01
-2.667025000000000090e-01
-2.667025000000000090e-01
-2.666974999999999763e-01
-2.666974999999999763e-01
-2.666654999999999998e-01
-2.666654999999999998e-01
-2.666654999999999998e-01
-2.666654999999999998e-01
-2.666654999999999998e-01
-2.666505000000000125e-01
-2.666505000000000125e-01
-2.666505000000000125e-01
-2.658769999999999745e-01
-2.658769999999999745e-01
-2.658769999999999745e-01
-2.658769999999999745e-01
-2.658769999999999745e-01
-2.658769999999999745e-01
-2.658769999999999745e-01
-2.658769999999999745e-01
-2.658769999999999745e-01
-2.657729999999999815e-01
-2.657729999999999815e-01
-2.657729999999999815e-01
-2.657729999999999815e-01
-2.657729999999999815e-01
-2.657729999999999815e-01
-2.657729999999999815e-01
-2.657729999999999815e-01
-2.657720000000000082e-01
-2.657720000000000082e-01
-2.657720000000000082e-01
-2.657709999999999795e-01
-2.657709999999999795e-01
-2.657709999999999795e-01
-2.657669999999999755e-01
-2.657669999999999755e-01
-2.657669999999999755e-01
-2.657669999999999755e-01
-2.657379999999999742e-01
-2.657379999999999742e-01
-2.657379999999999742e-01
-2.657379999999999742e-01
-2.657025000000000081e-01
-2.657025000000000081e-01
-2.657025000000000081e-01
-2.656890000000000085e-01
-2.656890000000000085e-01
-2.656844999999999901e-01
-2.656784999999999841e-01
-2.656780000000000252e-01
-2.656485000000000096e-01
-2.656485000000000096e-01
-2.656445000000000056e-01
-2.656445000000000056e-01
-2.656419999999999892e-01
-2.656419999999999892e-01
-2.656419999999999892e-01
-2.656419999999999892e-01
-2.656419999999999892e-01
-2.656410000000000160e-01
-2.656410000000000160e-01
-2.656410000000000160e-01
-2.656410000000000160e-01
-2.656399999999999872e-01
-2.656399999999999872e-01
-2.656399999999999872e-01
-2.656299999999999772e-01
-2.656299999999999772e-01
-2.656299999999999772e-01
-2.656295000000000184e-01
-2.656295000000000184e-01
-2.656295000000000184e-01
-2.656295000000000184e-01
-2.656295000000000184e-01
-2.656235000000000124e-01
-2.656060000000000088e-01
-2.656045000000000211e-01
-2.655970000000000275e-01
-2.655970000000000275e-01
-2.655970000000000275e-01
-2.655970000000000275e-01
-2.655954999999999844e-01
-2.655919999999999948e-01
-2.655919999999999948e-01
-2.655899999999999928e-01
-2.654655000000000209e-01
-2.654655000000000209e-01
-2.654655000000000209e-01
-2.654655000000000209e-01
-2.654655000000000209e-01
-2.654655000000000209e-01
-2.654655000000000209e-01
-2.654655000000000209e-01
-2.654655000000000209e-01
-2.654655000000000209e-01
-2.653004999999999947e-01
-2.653004999999999947e-01
-2.653004999999999947e-01
-2.653004999999999947e-01
-2.653004999999999947e-01
-2.652370000000000005e-01
-2.652370000000000005e-01
-2.652370000000000005e-01
-2.652370000000000005e-01
-2.652370000000000005e-01
-2.652370000000000005e-01
-2.652370000000000005e-01
-2.652370000000000005e-01
-2.652370000000000005e-01
-2.652370000000000005e-01
-2.652370000000000005e-01
-2.652370000000000005e-01
-2.652370000000000005e-01
-2.652360000000000273e-01
-2.652360000000000273e-01
-2.652360000000000273e-01
-2.652360000000000273e-01
-2.652355000000000129e-01
-2.652355000000000129e-01
-2.652349999999999985e-01
-2.652349999999999985e-01
-2.652349999999999985e-01
-2.652349999999999985e-01
-2.652349999999999985e-01
-2.652349999999999985e-01
-2.650839999999999863e-01
-2.650839999999999863e-01
-2.650839999999999863e-01
-2.650839999999999863e-01
-2.650839999999999863e-01
-2.650839999999999863e-01
-2.650839999999999863e-01
-2.650839999999999863e-01
-2.650839999999999863e-01
-2.650839999999999863e-01
-2.650839999999999863e-01
-2.650839999999999863e-01
-2.650839999999999863e-01
-2.650839999999999863e-01
-2.650839999999999863e-01
-2.650830000000000131e-01
-2.650830000000000131e-01
-2.650830000000000131e-01
-2.650830000000000131e-01
-2.650830000000000131e-01
-2.650830000000000131e-01
-2.650830000000000131e-01
-2.650830000000000131e-01
-2.650779999999999803e-01
-2.650775000000000214e-01
-2.650775000000000214e-01
-2.650660000000000238e-01
-2.650660000000000238e-01
-2.650660000000000238e-01
-2.650660000000000238e-01
-2.650660000000000238e-01
-2.650655000000000094e-01
-2.650649999999999951e-01
-2.650649999999999951e-01
-2.650649999999999951e-01
-2.650644999999999807e-01
-2.650644999999999807e-01
-2.650644999999999807e-01
-2.650609999999999911e-01
-2.650545000000000262e-01
-2.650525000000000242e-01
-2.650525000000000242e-01
-2.650520000000000098e-01
-2.650514999999999954e-01
-2.650514999999999954e-01
-2.650514999999999954e-01
-2.650514999999999954e-01
-2.650514999999999954e-01
-2.650514999999999954e-01
-2.650514999999999954e-01
-2.650514999999999954e-01
-2.650509999999999811e-01
-2.650509999999999811e-01
-2.650509999999999811e-01
-2.650509999999999811e-01
-2.650509999999999811e-01
-2.650509999999999811e-01
-2.650509999999999811e-01
-2.650509999999999811e-01
-2.650505000000000222e-01
-2.650500000000000078e-01
-2.650474999999999914e-01
-2.650474999999999914e-01
-2.650474999999999914e-01
-2.650469999999999771e-01
-2.650454999999999894e-01
-2.650449999999999751e-01
-2.650449999999999751e-01
-2.650445000000000162e-01
-2.650445000000000162e-01
-2.650445000000000162e-01
-2.650445000000000162e-01
-2.650445000000000162e-01
-2.650445000000000162e-01
-2.650445000000000162e-01
-2.650445000000000162e-01
-2.650445000000000162e-01
-2.650445000000000162e-01
-2.650445000000000162e-01
-2.650445000000000162e-01
-2.650445000000000162e-01
-2.650445000000000162e-01
-2.650445000000000162e-01
-2.650445000000000162e-01
-2.650445000000000162e-01
-2.650445000000000162e-01
-2.650445000000000162e-01
-2.650445000000000162e-01
-2.650445000000000162e-01
-2.650445000000000162e-01
-2.650445000000000162e-01
-2.650429999999999731e-01
-2.650414999999999854e-01
-2.650410000000000266e-01
-2.650410000000000266e-01
-2.650410000000000266e-01
-2.650410000000000266e-01
-2.650410000000000266e-01
-2.650410000000000266e-01
-2.650410000000000266e-01
-2.650410000000000266e-01
-2.650410000000000266e-01
-2.650410000000000266e-01
-2.650410000000000266e-01
-2.650410000000000266e-01
-2.650410000000000266e-01
-2.650410000000000266e-01
-2.650410000000000266e-01
-2.650410000000000266e-01
-2.650410000000000266e-01
-2.650410000000000266e-01
-2.650394999999999834e-01
-2.650394999999999834e-01
-2.650394999999999834e-01
-2.650394999999999834e-01
-2.650394999999999834e-01
-2.650394999999999834e-01
-2.650394999999999834e-01
-2.650394999999999834e-01
-2.650394999999999834e-01
-2.650394999999999834e-01
-2.650394999999999834e-01
-2.650394999999999834e-01
-2.650394999999999834e-01
-2.650394999999999834e-01
-2.650394999999999834e-01
-2.650394999999999834e-01
-2.650394999999999834e-01
-2.650394999999999834e-01
-2.650394999999999834e-01
-2.650394999999999834e-01
-2.650394999999999834e-01
-2.650394999999999834e-01
-2.650394999999999834e-01
-2.650394999999999834e-01
-2.650394999999999834e-01
-2.650394999999999834e-01
-2.650394999999999834e-01
-2.650394999999999834e-01
-2.650385000000000102e-01
-2.650385000000000102e-01
-2.650080000000000213e-01
-2.650080000000000213e-01
-2.650080000000000213e-01
-2.650080000000000213e-01
-2.650080000000000213e-01
-2.650080000000000213e-01
-2.650080000000000213e-01
-2.650080000000000213e-01
-2.650080000000000213e-01
-2.650080000000000213e-01
-2.650080000000000213e-01
-2.650080000000000213e-01
-2.650080000000000213e-01
-2.650080000000000213e-01
-2.650080000000000213e-01
-2.650080000000000213e-01
-2.650080000000000213e-01
-2.650080000000000213e-01
-2.650080000000000213e-01
-2.650080000000000213e-01
-2.650080000000000213e-01
-2.650080000000000213e-01
-2.650080000000000213e-01
-2.650080000000000213e-01
-2.650080000000000213e-01
-2.650080000000000213e-01
-2.650080000000000213e-01
-2.650080000000000213e-01
-2.650080000000000213e-01
-2.650080000000000213e-01
-2.650075000000000069e-01
-2.650075000000000069e-01
-2.650075000000000069e-01
-2.650075000000000069e-01
-2.650075000000000069e-01
-2.650075000000000069e-01
-2.650075000000000069e-01
-2.650075000000000069e-01
-2.650075000000000069e-01
-2.650075000000000069e-01
-2.650075000000000069e-01
-2.650075000000000069e-01
-2.650075000000000069e-01
-2.650075000000000069e-01
-2.650075000000000069e-01
-2.650075000000000069e-01
-2.650075000000000069e-01
-2.650075000000000069e-01
-2.650075000000000069e-01
-2.650075000000000069e-01
-2.649960000000000093e-01
-2.649960000000000093e-01
-2.649960000000000093e-01
-2.649960000000000093e-01
-2.649960000000000093e-01
-2.649960000000000093e-01
-2.649960000000000093e-01
-2.649960000000000093e-01
-2.649960000000000093e-01
-2.649960000000000093e-01
-2.649960000000000093e-01
-2.649949999999999806e-01
-2.649949999999999806e-01
-2.649949999999999806e-01
-2.649925000000000197e-01
-2.649925000000000197e-01
-2.649925000000000197e-01
-2.649925000000000197e-01
-2.649925000000000197e-01
-2.649925000000000197e-01
-2.649925000000000197e-01
-2.649925000000000197e-01
-2.649925000000000197e-01
-2.649925000000000197e-01
-2.649925000000000197e-01
-2.649925000000000197e-01
-2.649925000000000197e-01
-2.649925000000000197e-01
-2.649925000000000197e-01
-2.649925000000000197e-01
-2.649925000000000197e-01
-2.649925000000000197e-01
-2.649925000000000197e-01
-2.649925000000000197e-01
-2.649925000000000197e-01
-2.649925000000000197e-01
-2.649925000000000197e-01
-2.649925000000000197e-01
-2.649925000000000197e-01
-2.649925000000000197e-01
-2.649925000000000197e-01
-2.649925000000000197e-01
-2.649925000000000197e-01
-2.649925000000000197e-01
-2.649925000000000197e-01
-2.649925000000000197e-01
-2.649925000000000197e-01
-2.649925000000000197e-01
-2.649925000000000197e-01
-2.649925000000000197e-01
-2.649925000000000197e-01
-2.649925000000000197e-01
-2.649925000000000197e-01
-2.649925000000000197e-01
-2.649925000000000197e-01
-2.649925000000000197e-01
-2.649925000000000197e-01
-2.649925000000000197e-01
-2.649925000000000197e-01
-2.649925000000000197e-01
-2.649925000000000197e-01
-2.649925000000000197e-01
-2.649925000000000197e-01
-2.649925000000000197e-01
-2.649925000000000197e-01
-2.649925000000000197e-01
-2.649925000000000197e-01
-2.649925000000000197e-01
-2.649925000000000197e-01
-2.649925000000000197e-01
-2.649925000000000197e-01
-2.649925000000000197e-01
-2.649925000000000197e-01
-2.649925000000000197e-01
-2.649925000000000197e-01
-2.649925000000000197e-01
-2.649925000000000197e-01
-2.649925000000000197e-01
-2.649925000000000197e-01
-2.649925000000000197e-01
-2.649925000000000197e-01
-2.649925000000000197e-01
-2.649925000000000197e-01
-2.649925000000000197e-01
-2.649925000000000197e-01
-2.649925000000000197e-01
-2.649925000000000197e-01
-2.649925000000000197e-01
-2.649925000000000197e-01
-2.649925000000000197e-01
-2.649925000000000197e-01
-2.649925000000000197e-01
-2.649925000000000197e-01
-2.649925000000000197e-01
-2.649925000000000197e-01
-2.649925000000000197e-01
-2.649925000000000197e-01
-2.649925000000000197e-01
-2.649925000000000197e-01
-2.649925000000000197e-01
-2.649925000000000197e-01
-2.649925000000000197e-01
-2.649925000000000197e-01
-2.649925000000000197e-01
-2.649925000000000197e-01
-2.649925000000000197e-01
-2.649925000000000197e-01
-2.649925000000000197e-01
-2.649925000000000197e-01
-2.649925000000000197e-01
-2.649925000000000197e-01
-2.649925000000000197e-01
-2.649925000000000197e-01
-2.649925000000000197e-01
-2.649925000000000197e-01
-2.649925000000000197e-01
-2.649925000000000197e-01
-2.649925000000000197e-01
-2.649925000000000197e-01
-2.649925000000000197e-01
-2.649925000000000197e-01
-2.649925000000000197e-01
-2.649925000000000197e-01
-2.649925000000000197e-01
-2.649925000000000197e-01
-2.649925000000000197e-01
-2.649925000000000197e-01
-2.649925000000000197e-01
-2.649925000000000197e-01
-2.649925000000000197e-01
-2.649925000000000197e-01
-2.649925000000000197e-01
-2.649920000000000053e-01
-2.649920000000000053e-01
-2.649920000000000053e-01
-2.649920000000000053e-01
-2.649920000000000053e-01
-2.649920000000000053e-01
-2.649920000000000053e-01
-2.649920000000000053e-01
-2.649920000000000053e-01
-2.649920000000000053e-01
-2.649920000000000053e-01
-2.649920000000000053e-01
-2.649920000000000053e-01
-2.649920000000000053e-01
-2.649920000000000053e-01
-2.649920000000000053e-01
-2.649920000000000053e-01
-2.649920000000000053e-01
-2.649920000000000053e-01
-2.649920000000000053e-01
-2.649920000000000053e-01
-2.649920000000000053e-01
-2.649920000000000053e-01
-2.649920000000000053e-01
-2.649920000000000053e-01
-2.649920000000000053e-01
-2.649920000000000053e-01
-2.649920000000000053e-01
-2.649920000000000053e-01
-2.649920000000000053e-01
-2.649920000000000053e-01
-2.649920000000000053e-01
-2.649920000000000053e-01
-2.649920000000000053e-01
-2.649920000000000053e-01
-2.649920000000000053e-01
-2.649920000000000053e-01
-2.649920000000000053e-01
-2.649920000000000053e-01
-2.649920000000000053e-01
-2.649920000000000053e-01
-2.649920000000000053e-01
-2.649920000000000053e-01
-2.649920000000000053e-01
-2.649920000000000053e-01
-2.649920000000000053e-01
-2.649920000000000053e-01
-2.649920000000000053e-01
-2.649920000000000053e-01
-2.649920000000000053e-01
-2.649920000000000053e-01
-2.649920000000000053e-01
-2.649920000000000053e-01
-2.649920000000000053e-01
-2.649920000000000053e-01
-2.649920000000000053e-01
-2.649920000000000053e-01
-2.649920000000000053e-01
-2.649920000000000053e-01
-2.649920000000000053e-01
-2.649920000000000053e-01
-2.649920000000000053e-01
-2.649920000000000053e-01
-2.649920000000000053e-01
-2.649920000000000053e-01
-2.649920000000000053e-01
-2.649920000000000053e-01
-2.649920000000000053e-01
-2.649920000000000053e-01
-2.649920000000000053e-01
-2.649920000000000053e-01
-2.649920000000000053e-01
-2.649920000000000053e-01
-2.649920000000000053e-01
-2.649920000000000053e-01
-2.649920000000000053e-01
-2.649920000000000053e-01
-2.649920000000000053e-01
-2.649920000000000053e-01
-2.649920000000000053e-01
-2.649920000000000053e-01
-2.649920000000000053e-01
-2.649920000000000053e-01
-2.649920000000000053e-01
-2.649920000000000053e-01
-2.649920000000000053e-01
-2.649920000000000053e-01
-2.649920000000000053e-01
-2.649920000000000053e-01
-2.649920000000000053e-01
-2.649920000000000053e-01
-2.649920000000000053e-01
-2.649920000000000053e-01
-2.649920000000000053e-01
-2.649920000000000053e-01
-2.649920000000000053e-01
-2.649920000000000053e-01
-2.649920000000000053e-01
-2.649920000000000053e-01
-2.649920000000000053e-01
-2.649920000000000053e-01
-2.649920000000000053e-01
-2.649920000000000053e-01
-2.649920000000000053e-01
-2.649920000000000053e-01
-2.649920000000000053e-01
-2.649920000000000053e-01
-2.649920000000000053e-01
-2.649920000000000053e-01
-2.649920000000000053e-01
-2.649920000000000053e-01
-2.649920000000000053e-01
-2.649920000000000053e-01
-2.649920000000000053e-01
-2.649920000000000053e-01
-2.649920000000000053e-01
-2.649920000000000053e-01
-2.649920000000000053e-01
-2.649920000000000053e-01
-2.649920000000000053e-01
-2.649920000000000053e-01
-2.649920000000000053e-01
-2.649920000000000053e-01
-2.649920000000000053e-01
-2.649920000000000053e-01
-2.649920000000000053e-01
-2.649920000000000053e-01
-2.649920000000000053e-01
-2.649920000000000053e-01
-2.649920000000000053e-01
-2.649920000000000053e-01
-2.649920000000000053e-01
-2.649920000000000053e-01
-2.649920000000000053e-01
-2.649920000000000053e-01
-2.649920000000000053e-01
-2.649920000000000053e-01
-2.649920000000000053e-01
-2.649920000000000053e-01
-2.649920000000000053e-01
-2.649920000000000053e-01
-2.649920000000000053e-01
-2.649920000000000053e-01
-2.649920000000000053e-01
-2.649920000000000053e-01
-2.649920000000000053e-01
-2.649920000000000053e-01
-2.649920000000000053e-01
-2.649920000000000053e-01
-2.649920000000000053e-01
-2.649920000000000053e-01
-2.649920000000000053e-01
-2.649920000000000053e-01
-2.649920000000000053e-01
-2.649920000000000053e-01
-2.649920000000000053e-01
-2.649920000000000053e-01
-2.649920000000000053e-01
-2.649920000000000053e-01
-2.649920000000000053e-01
-2.649920000000000053e-01
-2.649920000000000053e-01
-2.649920000000000053e-01
-2.649920000000000053e-01
-2.649920000000000053e-01
-2.649920000000000053e-01
-2.649920000000000053e-01
-2.649920000000000053e-01
-2.649920000000000053e-01
-2.649920000000000053e-01
-2.649920000000000053e-01
-2.649920000000000053e-01
-2.649920000000000053e-01
-2.649920000000000053e-01
-2.649920000000000053e-01
-2.649920000000000053e-01
-2.649920000000000053e-01
-2.649920000000000053e-01
-2.649920000000000053e-01
-2.649920000000000053e-01
-2.649920000000000053e-01
-2.649920000000000053e-01
-2.649920000000000053e-01
-2.649920000000000053e-01
-2.649920000000000053e-01
-2.649920000000000053e-01
-2.649920000000000053e-01
-2.649920000000000053e-01
-2.649920000000000053e-01
-2.649920000000000053e-01
-2.649920000000000053e-01
-2.649920000000000053e-01
-2.649920000000000053e-01
-2.649920000000000053e-01
-2.649920000000000053e-01
-2.649920000000000053e-01
-2.649920000000000053e-01
-2.649920000000000053e-01
-2.649920000000000053e-01
-2.649920000000000053e-01
-2.649920000000000053e-01
-2.649920000000000053e-01
-2.649920000000000053e-01
-2.649920000000000053e-01
-2.649920000000000053e-01
-2.649920000000000053e-01
-2.649920000000000053e-01
-2.649920000000000053e-01
-2.649920000000000053e-01
-2.649920000000000053e-01
-2.649920000000000053e-01
-2.649920000000000053e-01
-2.649920000000000053e-01
-2.649920000000000053e-01
-2.649920000000000053e-01
-2.649920000000000053e-01
-2.649920000000000053e-01
-2.649920000000000053e-01
-2.649920000000000053e-01
-2.649920000000000053e-01
-2.649920000000000053e-01
-2.649920000000000053e-01
-2.649920000000000053e-01
-2.649920000000000053e-01
-2.649920000000000053e-01
-2.649920000000000053e-01
-2.649920000000000053e-01
-2.649920000000000053e-01
-2.649920000000000053e-01
-2.649920000000000053e-01
-2.649920000000000053e-01
-2.649920000000000053e-01
-2.649920000000000053e-01
-2.649920000000000053e-01
-2.649920000000000053e-01
-2.649920000000000053e-01
-2.649920000000000053e-01
-2.649920000000000053e-01
-2.649920000000000053e-01
-2.649920000000000053e-01
-2.649920000000000053e-01
-2.649920000000000053e-01
-2.649920000000000053e-01
-2.649920000000000053e-01
-2.649920000000000053e-01
-2.649920000000000053e-01
-2.649920000000000053e-01
-2.649920000000000053e-01
-2.649920000000000053e-01
-2.649920000000000053e-01
-2.649920000000000053e-01
-2.649920000000000053e-01
-2.649920000000000053e-01
-2.649920000000000053e-01
-2.649920000000000053e-01
-2.649920000000000053e-01
-2.649920000000000053e-01
-2.649920000000000053e-01
-2.649920000000000053e-01
-2.649920000000000053e-01
-2.649920000000000053e-01
-2.649920000000000053e-01
-2.649920000000000053e-01
-2.649920000000000053e-01
-2.649920000000000053e-01
-2.649920000000000053e-01
-2.649920000000000053e-01
-2.649920000000000053e-01
-2.649920000000000053e-01
-2.649920000000000053e-01
-2.649920000000000053e-01
-2.649920000000000053e-01
-2.649920000000000053e-01
-2.649920000000000053e-01
-2.649920000000000053e-01
-2.649920000000000053e-01
-2.649920000000000053e-01
-2.649920000000000053e-01
-2.649920000000000053e-01
-2.649920000000000053e-01
-2.649920000000000053e-01
-2.649920000000000053e-01
-2.649920000000000053e-01
-2.649920000000000053e-01
-2.649920000000000053e-01
-2.649920000000000053e-01
-2.649920000000000053e-01
-2.649920000000000053e-01
-2.649920000000000053e-01
-2.649920000000000053e-01
-2.649920000000000053e-01
-2.649920000000000053e-01
-2.649920000000000053e-01
-2.649920000000000053e-01
-2.649920000000000053e-01
-2.649920000000000053e-01
-2.649920000000000053e-01
-2.649920000000000053e-01
-2.649920000000000053e-01
-2.649920000000000053e-01
-2.649920000000000053e-01
-2.649920000000000053e-01
-2.649920000000000053e-01
-2.649920000000000053e-01
-2.649920000000000053e-01
-2.649920000000000053e-01
-2.649920000000000053e-01
-2.649920000000000053e-01
-2.649920000000000053e-01
-2.649920000000000053e-01
-2.649920000000000053e-01
-2.649920000000000053e-01
-2.649920000000000053e-01
-2.649920000000000053e-01
-2.649920000000000053e-01
-2.649920000000000053e-01
-2.649920000000000053e-01
-2.649920000000000053e-01
-2.649920000000000053e-01
-2.649920000000000053e-01
-2.649920000000000053e-01
-2.649920000000000053e-01
-2.649920000000000053e-01
-2.649920000000000053e-01
-2.649920000000000053e-01
-2.649920000000000053e-01
-2.649920000000000053e-01
-2.649920000000000053e-01
-2.649920000000000053e-01
-2.649920000000000053e-01
-2.649920000000000053e-01
-2.649920000000000053e-01
-2.649920000000000053e-01
-2.649920000000000053e-01
-2.649920000000000053e-01
-2.649920000000000053e-01
-2.649920000000000053e-01
-2.649920000000000053e-01
-2.649920000000000053e-01
-2.649920000000000053e-01
-2.649920000000000053e-01
-2.649920000000000053e-01
-2.649920000000000053e-01
-2.649920000000000053e-01
-2.649920000000000053e-01
-2.649920000000000053e-01
-2.649920000000000053e-01
-2.649920000000000053e-01
-2.649920000000000053e-01
-2.649920000000000053e-01
-2.649920000000000053e-01
-2.649920000000000053e-01
-2.649920000000000053e-01
-2.649920000000000053e-01
-2.649920000000000053e-01
-2.649920000000000053e-01
-2.649920000000000053e-01
-2.649920000000000053e-01
-2.649920000000000053e-01
-2.649920000000000053e-01
-2.649920000000000053e-01
-2.649920000000000053e-01
-2.649920000000000053e-01
-2.649920000000000053e-01
-2.649920000000000053e-01
-2.649920000000000053e-01
-2.649920000000000053e-01
-2.649920000000000053e-01
-2.649920000000000053e-01
-2.649920000000000053e-01
-2.649920000000000053e-01
-2.649920000000000053e-01
-2.649920000000000053e-01
-2.649920000000000053e-01
-2.649920000000000053e-01
-2.649920000000000053e-01
-2.649920000000000053e-01
-2.649920000000000053e-01
-2.649920000000000053e-01
-2.649920000000000053e-01
-2.649920000000000053e-01
-2.649920000000000053e-01
-2.649920000000000053e-01
-2.649920000000000053e-01
-2.649920000000000053e-01
-2.649920000000000053e-01
-2.649920000000000053e-01
-2.649920000000000053e-01
-2.649920000000000053e-01
-2.649920000000000053e-01
-2.649920000000000053e-01
-2.649920000000000053e-01
-2.649920000000000053e-01
-2.649920000000000053e-01
-2.649920000000000053e-01
-2.649920000000000053e-01
-2.649920000000000053e-01
-2.649920000000000053e-01
-2.649920000000000053e-01
-2.649920000000000053e-01
-2.649920000000000053e-01
-2.649920000000000053e-01
-2.649920000000000053e-01
-2.649920000000000053e-01
-2.649920000000000053e-01
-2.649920000000000053e-01
-2.649920000000000053e-01
-2.649920000000000053e-01
-2.649920000000000053e-01
-2.649920000000000053e-01
-2.649920000000000053e-01
-2.649920000000000053e-01
-2.649920000000000053e-01
-2.649920000000000053e-01
-2.649920000000000053e-01
-2.649920000000000053e-01
-2.649920000000000053e-01
-2.649920000000000053e-01
-2.649920000000000053e-01
-2.649920000000000053e-01
-2.649920000000000053e-01
-2.649920000000000053e-01
-2.649920000000000053e-01
-2.649920000000000053e-01
-2.649920000000000053e-01
-2.649920000000000053e-01
-2.649920000000000053e-01
-2.649920000000000053e-01
-2.649920000000000053e-01
-2.649920000000000053e-01
-2.649920000000000053e-01
-2.649920000000000053e-01
-2.649920000000000053e-01
-2.649920000000000053e-01
-2.649920000000000053e-01
-2.649920000000000053e-01
-2.649920000000000053e-01
-2.649920000000000053e-01
-2.649920000000000053e-01
-2.649920000000000053e-01
-2.649920000000000053e-01
-2.649920000000000053e-01
-2.649920000000000053e-01
-2.649920000000000053e-01
-2.649920000000000053e-01
-2.649920000000000053e-01
-2.649920000000000053e-01
-2.649920000000000053e-01
-2.649920000000000053e-01
-2.649920000000000053e-01
-2.649920000000000053e-01
-2.649920000000000053e-01
-2.649920000000000053e-01
-2.649920000000000053e-01
-2.649920000000000053e-01
-2.649920000000000053e-01
-2.649920000000000053e-01
-2.649920000000000053e-01
-2.649920000000000053e-01
-2.649920000000000053e-01
-2.649920000000000053e-01
-2.649920000000000053e-01
-2.649920000000000053e-01
-2.649920000000000053e-01
-2.649920000000000053e-01
