-2.361099999999999866e-01
-2.361099999999999866e-01
-2.361099999999999866e-01
-2.355909999999999949e-01
-2.225654999999999994e-01
-2.225654999999999994e-01
-2.111059999999999881e-01
-2.111059999999999881e-01
-2.111059999999999881e-01
-2.064834999999999865e-01
-2.064834999999999865e-01
-2.064834999999999865e-01
-2.020544999999999980e-01
-1.994249999999999912e-01
-1.812834999999999863e-01
-1.697645000000000126e-01
-1.697645000000000126e-01
-1.697645000000000126e-01
-1.697645000000000126e-01
-1.697645000000000126e-01
-1.697645000000000126e-01
-1.654035000000000089e-01
-1.626019999999999965e-01
-1.626019999999999965e-01
-1.578974999999999962e-01
-1.541454999999999909e-01
-1.525249999999999939e-01
-1.450104999999999866e-01
-1.450104999999999866e-01
-1.450104999999999866e-01
-1.415825000000000000e-01
-1.415825000000000000e-01
-1.415825000000000000e-01
-1.400919999999999943e-01
-1.400919999999999943e-01
-1.353524999999999867e-01
-1.340445000000000109e-01
-1.340445000000000109e-01
-1.340445000000000109e-01
-1.340445000000000109e-01
-1.337135000000000129e-01
-1.285530000000000006e-01
-1.285530000000000006e-01
-1.285530000000000006e-01
-1.268745000000000012e-01
-1.268745000000000012e-01
-1.268745000000000012e-01
-1.268745000000000012e-01
-1.268745000000000012e-01
-1.268745000000000012e-01
-1.255320000000000047e-01
-1.255320000000000047e-01
-1.255320000000000047e-01
-1.255320000000000047e-01
-1.255320000000000047e-01
-1.244259999999999949e-01
-1.244259999999999949e-01
-1.244259999999999949e-01
-1.244259999999999949e-01
-1.230915000000000065e-01
-1.230915000000000065e-01
-1.198214999999999975e-01
-1.198214999999999975e-01
-1.198214999999999975e-01
-1.198214999999999975e-01
-1.198214999999999975e-01
-1.198214999999999975e-01
-1.198214999999999975e-01
-1.197369999999999962e-01
-1.197369999999999962e-01
-1.197055000000000063e-01
-1.193010000000000043e-01
-1.193010000000000043e-01
-1.170525000000000038e-01
-1.168005000000000015e-01
-1.168005000000000015e-01
-1.168005000000000015e-01
-1.168005000000000015e-01
-1.168005000000000015e-01
-1.154504999999999976e-01
-1.154504999999999976e-01
-1.154504999999999976e-01
-1.154504999999999976e-01
-1.154504999999999976e-01
-1.128470000000000029e-01
-1.128470000000000029e-01
-1.128470000000000029e-01
-1.128470000000000029e-01
-1.128470000000000029e-01
-1.128470000000000029e-01
-1.128470000000000029e-01
-1.128470000000000029e-01
-1.128470000000000029e-01
-1.128470000000000029e-01
-1.113105000000000067e-01
-1.113105000000000067e-01
-1.113105000000000067e-01
-1.113105000000000067e-01
-1.113105000000000067e-01
-1.113105000000000067e-01
-1.113100000000000062e-01
-1.113100000000000062e-01
-1.113100000000000062e-01
-1.113100000000000062e-01
-1.113100000000000062e-01
-1.107884999999999981e-01
-1.107884999999999981e-01
-1.095615000000000061e-01
-1.095615000000000061e-01
-1.095615000000000061e-01
-1.095615000000000061e-01
-1.095615000000000061e-01
-1.095615000000000061e-01
-1.095615000000000061e-01
-1.095615000000000061e-01
-1.095615000000000061e-01
-1.085565000000000002e-01
-1.075195000000000040e-01
-1.075195000000000040e-01
-1.075195000000000040e-01
-1.075195000000000040e-01
-1.075195000000000040e-01
-1.075165000000000010e-01
-1.075165000000000010e-01
-1.075165000000000010e-01
-1.075165000000000010e-01
-1.058174999999999949e-01
-1.058174999999999949e-01
-1.058174999999999949e-01
-1.058174999999999949e-01
-1.058174999999999949e-01
-1.054350000000000009e-01
-1.050819999999999949e-01
-1.050819999999999949e-01
-1.050819999999999949e-01
-1.050819999999999949e-01
-1.046839999999999993e-01
-1.046839999999999993e-01
-1.046839999999999993e-01
-1.046839999999999993e-01
-1.046839999999999993e-01
-1.046839999999999993e-01
-1.046839999999999993e-01
-1.046784999999999938e-01
-1.046784999999999938e-01
-1.046770000000000062e-01
-1.046710000000000002e-01
-1.040255000000000069e-01
-1.040255000000000069e-01
-1.040255000000000069e-01
-1.040255000000000069e-01
-1.040255000000000069e-01
-1.040255000000000069e-01
-1.040255000000000069e-01
-1.040255000000000069e-01
-1.037509999999999960e-01
-1.036109999999999948e-01
-1.036109999999999948e-01
-1.035920000000000035e-01
-1.033374999999999988e-01
-1.033374999999999988e-01
-1.032450000000000034e-01
-1.032175000000000037e-01
-1.030144999999999950e-01
-1.030144999999999950e-01
-1.025409999999999933e-01
-1.025409999999999933e-01
-1.024520000000000014e-01
-1.024520000000000014e-01
-1.024204999999999977e-01
-1.024204999999999977e-01
-1.024204999999999977e-01
-1.024039999999999950e-01
-1.024039999999999950e-01
-1.019295000000000062e-01
-1.019295000000000062e-01
-1.019295000000000062e-01
-1.019295000000000062e-01
-1.019295000000000062e-01
-1.019295000000000062e-01
-1.013399999999999995e-01
-1.006574999999999970e-01
-1.006574999999999970e-01
-1.005955000000000044e-01
-1.005955000000000044e-01
-1.005894999999999984e-01
-1.005894999999999984e-01
-1.005894999999999984e-01
-1.005894999999999984e-01
-1.005525000000000030e-01
-1.005525000000000030e-01
-1.005525000000000030e-01
-1.004255000000000009e-01
-1.004255000000000009e-01
-1.003669999999999979e-01
-1.003669999999999979e-01
-1.003539999999999988e-01
-1.003494999999999943e-01
-9.956500000000000072e-02
-9.956500000000000072e-02
-9.956500000000000072e-02
-9.956500000000000072e-02
-9.956500000000000072e-02
-9.956500000000000072e-02
-9.956500000000000072e-02
-9.956500000000000072e-02
-9.956500000000000072e-02
-9.956500000000000072e-02
-9.955799999999999372e-02
-9.955799999999999372e-02
-9.955799999999999372e-02
-9.915799999999999614e-02
-9.915799999999999614e-02
-9.915799999999999614e-02
-9.915799999999999614e-02
-9.898450000000000304e-02
-9.898450000000000304e-02
-9.898450000000000304e-02
-9.898450000000000304e-02
-9.898450000000000304e-02
-9.898450000000000304e-02
-9.898450000000000304e-02
-9.898450000000000304e-02
-9.898450000000000304e-02
-9.898450000000000304e-02
-9.898450000000000304e-02
-9.898450000000000304e-02
-9.898450000000000304e-02
-9.898450000000000304e-02
-9.870950000000000557e-02
-9.870950000000000557e-02
-9.870950000000000557e-02
-9.870950000000000557e-02
-9.870950000000000557e-02
-9.870950000000000557e-02
-9.870950000000000557e-02
-9.870950000000000557e-02
-9.870950000000000557e-02
-9.870950000000000557e-02
-9.870950000000000557e-02
-9.870950000000000557e-02
-9.870950000000000557e-02
-9.870950000000000557e-02
-9.870950000000000557e-02
-9.870950000000000557e-02
-9.870950000000000557e-02
-9.870950000000000557e-02
-9.870950000000000557e-02
-9.870950000000000557e-02
-9.870950000000000557e-02
-9.864399999999999558e-02
-9.861050000000000371e-02
-9.858899999999999608e-02
-9.858000000000000096e-02
-9.857950000000000046e-02
-9.857950000000000046e-02
-9.857549999999999646e-02
-9.803099999999999314e-02
-9.803099999999999314e-02
-9.803099999999999314e-02
-9.803099999999999314e-02
-9.803099999999999314e-02
-9.803099999999999314e-02
-9.803099999999999314e-02
-9.803099999999999314e-02
-9.803099999999999314e-02
-9.803099999999999314e-02
-9.803099999999999314e-02
-9.803099999999999314e-02
-9.803099999999999314e-02
-9.803099999999999314e-02
-9.803099999999999314e-02
-9.803099999999999314e-02
-9.803099999999999314e-02
-9.803099999999999314e-02
-9.803099999999999314e-02
-9.803099999999999314e-02
-9.803099999999999314e-02
-9.803099999999999314e-02
-9.803099999999999314e-02
-9.803099999999999314e-02
-9.803099999999999314e-02
-9.803000000000000602e-02
-9.803000000000000602e-02
-9.803000000000000602e-02
-9.803000000000000602e-02
-9.803000000000000602e-02
-9.802950000000000552e-02
-9.802950000000000552e-02
-9.802750000000000352e-02
-9.802750000000000352e-02
-9.802750000000000352e-02
-9.802700000000000302e-02
-9.802600000000000202e-02
-9.802550000000000152e-02
-9.802550000000000152e-02
-9.802550000000000152e-02
-9.802550000000000152e-02
-9.802550000000000152e-02
-9.802500000000000102e-02
-9.802500000000000102e-02
-9.802500000000000102e-02
-9.802199999999999802e-02
-9.802199999999999802e-02
-9.802199999999999802e-02
-9.802199999999999802e-02
-9.802199999999999802e-02
-9.802199999999999802e-02
-9.802049999999999652e-02
-9.801999999999999602e-02
-9.801949999999999552e-02
-9.801450000000000440e-02
-9.792449999999999766e-02
-9.792449999999999766e-02
-9.792449999999999766e-02
-9.792449999999999766e-02
-9.790250000000000341e-02
-9.790150000000000241e-02
-9.790150000000000241e-02
-9.790150000000000241e-02
-9.790150000000000241e-02
-9.790150000000000241e-02
-9.790100000000000191e-02
-9.788349999999999829e-02
-9.788349999999999829e-02
-9.788349999999999829e-02
-9.788349999999999829e-02
-9.788099999999999579e-02
-9.787949999999999429e-02
-9.787949999999999429e-02
-9.787949999999999429e-02
-9.783500000000000529e-02
-9.783500000000000529e-02
-9.771050000000000568e-02
-9.771050000000000568e-02
-9.771050000000000568e-02
-9.771050000000000568e-02
-9.771050000000000568e-02
-9.771050000000000568e-02
-9.771050000000000568e-02
-9.767349999999999643e-02
-9.764799999999999869e-02
-9.762300000000000144e-02
-9.755500000000000282e-02
-9.750649999999999595e-02
-9.740100000000000147e-02
-9.740100000000000147e-02
-9.740100000000000147e-02
-9.740100000000000147e-02
-9.740100000000000147e-02
-9.726999999999999535e-02
-9.726999999999999535e-02
-9.726999999999999535e-02
-9.726650000000000573e-02
-9.724850000000000161e-02
-9.724850000000000161e-02
-9.724349999999999661e-02
-9.724349999999999661e-02
-9.720249999999999724e-02
-9.720049999999999524e-02
-9.717649999999999899e-02
-9.717649999999999899e-02
-9.716750000000000387e-02
-9.716650000000000287e-02
-9.716550000000000187e-02
-9.716550000000000187e-02
-9.715949999999999587e-02
-9.715899999999999537e-02
-9.715650000000000674e-02
-9.715650000000000674e-02
-9.715650000000000674e-02
-9.715650000000000674e-02
-9.715600000000000624e-02
-9.715600000000000624e-02
-9.715550000000000574e-02
-9.715450000000000474e-02
-9.715450000000000474e-02
-9.715450000000000474e-02
-9.715450000000000474e-02
-9.715450000000000474e-02
-9.715450000000000474e-02
-9.715450000000000474e-02
-9.715450000000000474e-02
-9.715450000000000474e-02
-9.715450000000000474e-02
-9.715450000000000474e-02
-9.715450000000000474e-02
-9.715450000000000474e-02
-9.715450000000000474e-02
-9.715450000000000474e-02
-9.715450000000000474e-02
-9.695049999999999502e-02
-9.695049999999999502e-02
-9.695049999999999502e-02
-9.692850000000000077e-02
-9.692850000000000077e-02
-9.692850000000000077e-02
-9.692850000000000077e-02
-9.692850000000000077e-02
-9.692850000000000077e-02
-9.692850000000000077e-02
-9.692850000000000077e-02
-9.692850000000000077e-02
-9.692850000000000077e-02
-9.692850000000000077e-02
-9.692850000000000077e-02
-9.692850000000000077e-02
-9.692850000000000077e-02
-9.692850000000000077e-02
-9.692850000000000077e-02
-9.692850000000000077e-02
-9.692800000000000027e-02
-9.692800000000000027e-02
-9.692800000000000027e-02
-9.692800000000000027e-02
-9.692800000000000027e-02
-9.692800000000000027e-02
-9.692800000000000027e-02
-9.692800000000000027e-02
-9.692800000000000027e-02
-9.692800000000000027e-02
-9.692800000000000027e-02
-9.692800000000000027e-02
-9.692800000000000027e-02
-9.692800000000000027e-02
-9.692800000000000027e-02
-9.692800000000000027e-02
-9.692800000000000027e-02
-9.692800000000000027e-02
-9.692800000000000027e-02
-9.692800000000000027e-02
-9.692800000000000027e-02
-9.692800000000000027e-02
-9.692800000000000027e-02
-9.692800000000000027e-02
-9.692800000000000027e-02
-9.690550000000000552e-02
-9.690550000000000552e-02
-9.690550000000000552e-02
-9.690550000000000552e-02
-9.690550000000000552e-02
-9.690500000000000502e-02
-9.690500000000000502e-02
-9.690500000000000502e-02
-9.690500000000000502e-02
-9.690500000000000502e-02
-9.690150000000000152e-02
-9.690150000000000152e-02
-9.690150000000000152e-02
-9.690150000000000152e-02
-9.690150000000000152e-02
-9.690150000000000152e-02
-9.690150000000000152e-02
-9.690150000000000152e-02
-9.690150000000000152e-02
-9.687250000000000028e-02
-9.687250000000000028e-02
-9.687250000000000028e-02
-9.687250000000000028e-02
-9.687250000000000028e-02
-9.687250000000000028e-02
-9.687250000000000028e-02
-9.687250000000000028e-02
-9.687250000000000028e-02
-9.687250000000000028e-02
-9.687250000000000028e-02
-9.687199999999999978e-02
-9.687199999999999978e-02
-9.687199999999999978e-02
-9.687199999999999978e-02
-9.687199999999999978e-02
-9.687199999999999978e-02
-9.687149999999999928e-02
-9.687149999999999928e-02
-9.683100000000000041e-02
-9.683100000000000041e-02
-9.683100000000000041e-02
-9.683100000000000041e-02
-9.683100000000000041e-02
-9.683100000000000041e-02
-9.683100000000000041e-02
-9.683100000000000041e-02
-9.683100000000000041e-02
-9.683100000000000041e-02
-9.683100000000000041e-02
-9.683100000000000041e-02
-9.683100000000000041e-02
-9.683100000000000041e-02
-9.682849999999999790e-02
-9.682799999999999740e-02
-9.682799999999999740e-02
-9.674449999999999716e-02
-9.674449999999999716e-02
-9.674449999999999716e-02
-9.674449999999999716e-02
-9.674449999999999716e-02
-9.674449999999999716e-02
-9.674449999999999716e-02
-9.674449999999999716e-02
-9.674449999999999716e-02
-9.674449999999999716e-02
-9.674449999999999716e-02
-9.674449999999999716e-02
-9.674449999999999716e-02
-9.674449999999999716e-02
-9.674449999999999716e-02
-9.674449999999999716e-02
-9.674299999999999566e-02
-9.674299999999999566e-02
-9.674249999999999516e-02
-9.674099999999999366e-02
-9.674099999999999366e-02
-9.673199999999999854e-02
-9.673099999999999754e-02
-9.673099999999999754e-02
-9.673099999999999754e-02
-9.673099999999999754e-02
-9.673099999999999754e-02
-9.673099999999999754e-02
-9.673099999999999754e-02
-9.672550000000000592e-02
-9.672550000000000592e-02
-9.670900000000000329e-02
-9.670800000000000229e-02
-9.670199999999999629e-02
-9.670199999999999629e-02
-9.669200000000000017e-02
-9.669200000000000017e-02
-9.669200000000000017e-02
-9.669200000000000017e-02
-9.669200000000000017e-02
-9.669200000000000017e-02
-9.668450000000000655e-02
-9.668450000000000655e-02
-9.668450000000000655e-02
-9.668450000000000655e-02
-9.668450000000000655e-02
-9.668450000000000655e-02
-9.668450000000000655e-02
-9.668450000000000655e-02
-9.668450000000000655e-02
-9.668450000000000655e-02
-9.668450000000000655e-02
-9.668450000000000655e-02
-9.668450000000000655e-02
-9.668450000000000655e-02
-9.668450000000000655e-02
-9.668450000000000655e-02
-9.668450000000000655e-02
-9.668400000000000605e-02
-9.668400000000000605e-02
-9.668400000000000605e-02
-9.668400000000000605e-02
-9.668400000000000605e-02
-9.668400000000000605e-02
-9.668400000000000605e-02
-9.639799999999999758e-02
-9.639799999999999758e-02
-9.639799999999999758e-02
-9.639799999999999758e-02
-9.639799999999999758e-02
-9.639799999999999758e-02
-9.639799999999999758e-02
-9.639799999999999758e-02
-9.639799999999999758e-02
-9.639799999999999758e-02
-9.639799999999999758e-02
-9.639799999999999758e-02
-9.639799999999999758e-02
-9.639799999999999758e-02
-9.639799999999999758e-02
-9.639799999999999758e-02
-9.639799999999999758e-02
-9.639799999999999758e-02
-9.639799999999999758e-02
-9.639799999999999758e-02
-9.639799999999999758e-02
-9.639799999999999758e-02
-9.639699999999999658e-02
-9.639699999999999658e-02
-9.639699999999999658e-02
-9.639699999999999658e-02
-9.639699999999999658e-02
-9.639699999999999658e-02
-9.639699999999999658e-02
-9.639699999999999658e-02
-9.639699999999999658e-02
-9.639699999999999658e-02
-9.639699999999999658e-02
-9.639649999999999608e-02
-9.639649999999999608e-02
-9.639649999999999608e-02
-9.639649999999999608e-02
-9.639649999999999608e-02
-9.639649999999999608e-02
-9.639649999999999608e-02
-9.639599999999999558e-02
-9.639599999999999558e-02
-9.639599999999999558e-02
-9.639599999999999558e-02
-9.639599999999999558e-02
-9.639599999999999558e-02
-9.639599999999999558e-02
-9.639599999999999558e-02
-9.639599999999999558e-02
-9.639599999999999558e-02
-9.639599999999999558e-02
-9.639599999999999558e-02
-9.639599999999999558e-02
-9.639599999999999558e-02
-9.638850000000000195e-02
-9.638850000000000195e-02
-9.638850000000000195e-02
-9.616700000000000248e-02
-9.616700000000000248e-02
-9.616700000000000248e-02
-9.616700000000000248e-02
-9.616700000000000248e-02
-9.616700000000000248e-02
-9.616700000000000248e-02
-9.616700000000000248e-02
-9.616700000000000248e-02
-9.616700000000000248e-02
-9.616700000000000248e-02
-9.616700000000000248e-02
-9.616700000000000248e-02
-9.616700000000000248e-02
-9.616700000000000248e-02
-9.616700000000000248e-02
-9.616700000000000248e-02
-9.616700000000000248e-02
-9.616700000000000248e-02
-9.616700000000000248e-02
-9.616700000000000248e-02
-9.616700000000000248e-02
-9.616700000000000248e-02
-9.616700000000000248e-02
-9.616700000000000248e-02
-9.616700000000000248e-02
-9.616600000000000148e-02
-9.616399999999999948e-02
-9.616399999999999948e-02
-9.616399999999999948e-02
-9.616399999999999948e-02
-9.616399999999999948e-02
-9.616399999999999948e-02
-9.616399999999999948e-02
-9.616399999999999948e-02
-9.616399999999999948e-02
-9.616399999999999948e-02
-9.616399999999999948e-02
-9.616399999999999948e-02
-9.616349999999999898e-02
-9.616349999999999898e-02
-9.616349999999999898e-02
-9.616349999999999898e-02
-9.616349999999999898e-02
-9.616349999999999898e-02
-9.616349999999999898e-02
-9.616349999999999898e-02
-9.616349999999999898e-02
-9.603250000000000675e-02
-9.603250000000000675e-02
-9.603250000000000675e-02
-9.603250000000000675e-02
-9.603250000000000675e-02
-9.603250000000000675e-02
-9.603250000000000675e-02
-9.603250000000000675e-02
-9.603250000000000675e-02
-9.600949999999999762e-02
-9.600949999999999762e-02
-9.600949999999999762e-02
-9.600949999999999762e-02
-9.600949999999999762e-02
-9.600949999999999762e-02
-9.600949999999999762e-02
-9.600949999999999762e-02
-9.600949999999999762e-02
-9.600949999999999762e-02
-9.600949999999999762e-02
-9.600949999999999762e-02
-9.600749999999999562e-02
-9.600749999999999562e-02
-9.600749999999999562e-02
-9.600749999999999562e-02
-9.600699999999999512e-02
-9.600699999999999512e-02
-9.600699999999999512e-02
-9.600699999999999512e-02
-9.600699999999999512e-02
-9.600699999999999512e-02
-9.600699999999999512e-02
-9.600699999999999512e-02
-9.600699999999999512e-02
-9.599950000000000150e-02
-9.599950000000000150e-02
-9.599950000000000150e-02
-9.599950000000000150e-02
-9.599950000000000150e-02
-9.599950000000000150e-02
-9.599900000000000100e-02
-9.599900000000000100e-02
-9.599850000000000050e-02
-9.599850000000000050e-02
-9.599850000000000050e-02
-9.599850000000000050e-02
-9.599850000000000050e-02
-9.599850000000000050e-02
-9.599649999999999850e-02
-9.597650000000000625e-02
-9.597650000000000625e-02
-9.597650000000000625e-02
-9.597600000000000575e-02
-9.597600000000000575e-02
-9.597500000000000475e-02
-9.597500000000000475e-02
-9.597500000000000475e-02
-9.597500000000000475e-02
-9.597500000000000475e-02
-9.597400000000000375e-02
-9.596999999999999975e-02
-9.596999999999999975e-02
-9.596999999999999975e-02
-9.596999999999999975e-02
-9.596999999999999975e-02
-9.596899999999999875e-02
-9.596899999999999875e-02
-9.596899999999999875e-02
-9.596849999999999825e-02
-9.596849999999999825e-02
-9.596449999999999425e-02
-9.596449999999999425e-02
-9.596449999999999425e-02
-9.596449999999999425e-02
-9.596449999999999425e-02
-9.596449999999999425e-02
-9.596449999999999425e-02
-9.596449999999999425e-02
-9.596449999999999425e-02
-9.596449999999999425e-02
-9.596449999999999425e-02
-9.596449999999999425e-02
-9.596449999999999425e-02
-9.596449999999999425e-02
-9.596449999999999425e-02
-9.596449999999999425e-02
-9.596449999999999425e-02
-9.596449999999999425e-02
-9.596399999999999375e-02
-9.596399999999999375e-02
-9.596399999999999375e-02
-9.596399999999999375e-02
-9.596399999999999375e-02
-9.596399999999999375e-02
-9.596399999999999375e-02
-9.596399999999999375e-02
-9.596399999999999375e-02
-9.596399999999999375e-02
-9.596399999999999375e-02
-9.596399999999999375e-02
-9.596399999999999375e-02
-9.596399999999999375e-02
-9.596399999999999375e-02
-9.596399999999999375e-02
-9.596399999999999375e-02
-9.596399999999999375e-02
-9.596399999999999375e-02
-9.596399999999999375e-02
-9.596399999999999375e-02
-9.596399999999999375e-02
-9.596399999999999375e-02
-9.596399999999999375e-02
-9.596399999999999375e-02
-9.596399999999999375e-02
-9.596399999999999375e-02
-9.596399999999999375e-02
-9.596399999999999375e-02
-9.596399999999999375e-02
-9.596399999999999375e-02
-9.596399999999999375e-02
-9.596399999999999375e-02
-9.596399999999999375e-02
-9.596399999999999375e-02
-9.596399999999999375e-02
-9.596399999999999375e-02
-9.595049999999999413e-02
-9.595049999999999413e-02
-9.595049999999999413e-02
-9.595049999999999413e-02
-9.595049999999999413e-02
-9.595049999999999413e-02
-9.595049999999999413e-02
-9.595049999999999413e-02
-9.595049999999999413e-02
-9.595049999999999413e-02
-9.594850000000000600e-02
-9.593949999999999700e-02
-9.593949999999999700e-02
-9.593949999999999700e-02
-9.593949999999999700e-02
-9.593949999999999700e-02
-9.593949999999999700e-02
-9.593949999999999700e-02
-9.593949999999999700e-02
-9.593899999999999650e-02
-9.593899999999999650e-02
-9.593899999999999650e-02
-9.593899999999999650e-02
-9.593849999999999600e-02
-9.593849999999999600e-02
-9.593849999999999600e-02
-9.593849999999999600e-02
-9.593849999999999600e-02
-9.593849999999999600e-02
-9.593849999999999600e-02
-9.593749999999999500e-02
-9.593749999999999500e-02
-9.593649999999999400e-02
-9.593649999999999400e-02
-9.593649999999999400e-02
-9.593550000000000688e-02
-9.593550000000000688e-02
-9.593550000000000688e-02
-9.593500000000000638e-02
-9.593450000000000588e-02
-9.593450000000000588e-02
-9.593450000000000588e-02
-9.593450000000000588e-02
-9.593400000000000538e-02
-9.593400000000000538e-02
-9.588900000000000201e-02
-9.588900000000000201e-02
-9.588900000000000201e-02
-9.588900000000000201e-02
-9.588900000000000201e-02
-9.588900000000000201e-02
-9.588900000000000201e-02
-9.588900000000000201e-02
-9.588900000000000201e-02
-9.588900000000000201e-02
-9.588900000000000201e-02
-9.588900000000000201e-02
-9.588900000000000201e-02
-9.588900000000000201e-02
-9.588900000000000201e-02
-9.588900000000000201e-02
-9.588900000000000201e-02
-9.588900000000000201e-02
-9.588900000000000201e-02
-9.588900000000000201e-02
-9.588900000000000201e-02
-9.588900000000000201e-02
-9.588900000000000201e-02
-9.588900000000000201e-02
-9.588900000000000201e-02
-9.588900000000000201e-02
-9.588900000000000201e-02
-9.588900000000000201e-02
-9.588900000000000201e-02
-9.588900000000000201e-02
-9.588900000000000201e-02
-9.588900000000000201e-02
-9.588900000000000201e-02
-9.588850000000000151e-02
-9.588850000000000151e-02
-9.588850000000000151e-02
-9.588850000000000151e-02
-9.588850000000000151e-02
-9.588850000000000151e-02
-9.588850000000000151e-02
-9.588850000000000151e-02
-9.588850000000000151e-02
-9.588850000000000151e-02
-9.588800000000000101e-02
-9.588800000000000101e-02
-9.588800000000000101e-02
-9.588800000000000101e-02
-9.588800000000000101e-02
-9.588800000000000101e-02
-9.588800000000000101e-02
-9.588800000000000101e-02
-9.588800000000000101e-02
-9.588800000000000101e-02
-9.588800000000000101e-02
-9.588800000000000101e-02
-9.588800000000000101e-02
-9.588800000000000101e-02
-9.588800000000000101e-02
-9.588800000000000101e-02
-9.588800000000000101e-02
-9.588549999999999851e-02
-9.588549999999999851e-02
-9.588549999999999851e-02
-9.588499999999999801e-02
-9.588499999999999801e-02
-9.588499999999999801e-02
-9.588499999999999801e-02
-9.588499999999999801e-02
-9.588449999999999751e-02
-9.588449999999999751e-02
-9.588449999999999751e-02
-9.588449999999999751e-02
-9.588449999999999751e-02
-9.588449999999999751e-02
-9.588099999999999401e-02
-9.588049999999999351e-02
-9.588049999999999351e-02
-9.588049999999999351e-02
-9.588049999999999351e-02
-9.588049999999999351e-02
-9.588049999999999351e-02
-9.588049999999999351e-02
-9.588049999999999351e-02
-9.588049999999999351e-02
-9.588049999999999351e-02
-9.588049999999999351e-02
-9.588000000000000689e-02
-9.588000000000000689e-02
-9.588000000000000689e-02
-9.588000000000000689e-02
-9.588000000000000689e-02
-9.588000000000000689e-02
-9.588000000000000689e-02
-9.588000000000000689e-02
-9.588000000000000689e-02
-9.588000000000000689e-02
-9.588000000000000689e-02
-9.588000000000000689e-02
-9.588000000000000689e-02
-9.588000000000000689e-02
-9.588000000000000689e-02
-9.588000000000000689e-02
-9.588000000000000689e-02
-9.588000000000000689e-02
-9.588000000000000689e-02
-9.588000000000000689e-02
-9.588000000000000689e-02
-9.588000000000000689e-02
-9.588000000000000689e-02
-9.588000000000000689e-02
-9.588000000000000689e-02
-9.588000000000000689e-02
-9.588000000000000689e-02
-9.588000000000000689e-02
-9.588000000000000689e-02
-9.588000000000000689e-02
-9.588000000000000689e-02
-9.587950000000000639e-02
-9.587950000000000639e-02
-9.587900000000000589e-02
-9.587900000000000589e-02
-9.587900000000000589e-02
-9.587900000000000589e-02
-9.587900000000000589e-02
-9.587900000000000589e-02
-9.587900000000000589e-02
-9.587900000000000589e-02
-9.587900000000000589e-02
-9.587900000000000589e-02
-9.587900000000000589e-02
-9.587900000000000589e-02
-9.587900000000000589e-02
-9.587900000000000589e-02
-9.587900000000000589e-02
-9.587900000000000589e-02
-9.587900000000000589e-02
-9.587900000000000589e-02
-9.587900000000000589e-02
-9.587049999999999739e-02
-9.587049999999999739e-02
-9.587049999999999739e-02
-9.587049999999999739e-02
-9.587049999999999739e-02
-9.587049999999999739e-02
-9.587049999999999739e-02
-9.587049999999999739e-02
-9.587049999999999739e-02
-9.587049999999999739e-02
-9.586999999999999689e-02
-9.586999999999999689e-02
-9.586999999999999689e-02
-9.586999999999999689e-02
-9.586999999999999689e-02
-9.586999999999999689e-02
-9.586999999999999689e-02
-9.586999999999999689e-02
-9.586999999999999689e-02
-9.586899999999999589e-02
-9.586899999999999589e-02
-9.586849999999999539e-02
-9.586849999999999539e-02
-9.586849999999999539e-02
-9.586849999999999539e-02
-9.586849999999999539e-02
-9.586849999999999539e-02
-9.586849999999999539e-02
-9.586849999999999539e-02
-9.586849999999999539e-02
-9.586849999999999539e-02
