-1.988105000000000011e-01
-1.980409999999999948e-01
-1.978640000000000121e-01
-1.733329999999999871e-01
-1.733329999999999871e-01
-1.733329999999999871e-01
-1.646620000000000028e-01
-1.646620000000000028e-01
-1.646620000000000028e-01
-1.646620000000000028e-01
-1.646620000000000028e-01
-1.646620000000000028e-01
-1.646620000000000028e-01
-1.630500000000000005e-01
-1.614325000000000065e-01
-1.614325000000000065e-01
-1.571474999999999955e-01
-1.571474999999999955e-01
-1.571474999999999955e-01
-1.571474999999999955e-01
-1.571474999999999955e-01
-1.571474999999999955e-01
-1.571474999999999955e-01
-1.571474999999999955e-01
-1.571474999999999955e-01
-1.571474999999999955e-01
-1.571474999999999955e-01
-1.567894999999999983e-01
-1.565964999999999996e-01
-1.565549999999999997e-01
-1.562995000000000079e-01
-1.561944999999999861e-01
-1.561944999999999861e-01
-1.561944999999999861e-01
-1.561944999999999861e-01
-1.561829999999999885e-01
-1.561555000000000026e-01
-1.560600000000000043e-01
-1.556954999999999867e-01
-1.556895000000000084e-01
-1.551589999999999914e-01
-1.551589999999999914e-01
-1.551589999999999914e-01
-1.551589999999999914e-01
-1.551589999999999914e-01
-1.551589999999999914e-01
-1.551589999999999914e-01
-1.551575000000000037e-01
-1.540904999999999914e-01
-1.540904999999999914e-01
-1.540904999999999914e-01
-1.540904999999999914e-01
-1.540904999999999914e-01
-1.540904999999999914e-01
-1.540904999999999914e-01
-1.540904999999999914e-01
-1.533674999999999899e-01
-1.533674999999999899e-01
-1.533674999999999899e-01
-1.533674999999999899e-01
-1.533674999999999899e-01
-1.533674999999999899e-01
-1.533674999999999899e-01
-1.533674999999999899e-01
-1.533674999999999899e-01
-1.533674999999999899e-01
-1.533674999999999899e-01
-1.533674999999999899e-01
-1.533674999999999899e-01
-1.533674999999999899e-01
-1.533674999999999899e-01
-1.533674999999999899e-01
-1.533674999999999899e-01
-1.533674999999999899e-01
-1.533674999999999899e-01
-1.532620000000000093e-01
-1.532620000000000093e-01
-1.523599999999999954e-01
-1.522050000000000070e-01
-1.522050000000000070e-01
-1.522050000000000070e-01
-1.522050000000000070e-01
-1.522050000000000070e-01
-1.522050000000000070e-01
-1.522050000000000070e-01
-1.522050000000000070e-01
-1.522050000000000070e-01
-1.522050000000000070e-01
-1.522050000000000070e-01
-1.522050000000000070e-01
-1.522050000000000070e-01
-1.520100000000000062e-01
-1.520100000000000062e-01
-1.520100000000000062e-01
-1.520100000000000062e-01
-1.520100000000000062e-01
-1.520100000000000062e-01
-1.520074999999999898e-01
-1.515249999999999930e-01
-1.515249999999999930e-01
-1.515249999999999930e-01
-1.515249999999999930e-01
-1.515249999999999930e-01
-1.515249999999999930e-01
-1.515249999999999930e-01
-1.515219999999999900e-01
-1.515185000000000004e-01
-1.515044999999999864e-01
-1.514824999999999922e-01
-1.514210000000000000e-01
-1.514210000000000000e-01
-1.513750000000000095e-01
-1.513750000000000095e-01
-1.513750000000000095e-01
-1.513609999999999955e-01
-1.513609999999999955e-01
-1.513609999999999955e-01
-1.512489999999999946e-01
-1.511524999999999952e-01
-1.511524999999999952e-01
-1.511524999999999952e-01
-1.511524999999999952e-01
-1.511524999999999952e-01
-1.511524999999999952e-01
-1.511524999999999952e-01
-1.499189999999999967e-01
-1.499189999999999967e-01
-1.499189999999999967e-01
-1.499189999999999967e-01
-1.499189999999999967e-01
-1.499189999999999967e-01
-1.499189999999999967e-01
-1.498385000000000133e-01
-1.498385000000000133e-01
-1.498385000000000133e-01
-1.498385000000000133e-01
-1.498385000000000133e-01
-1.498385000000000133e-01
-1.497989999999999877e-01
-1.497775000000000079e-01
-1.496395000000000086e-01
-1.496395000000000086e-01
-1.496395000000000086e-01
-1.496395000000000086e-01
-1.496395000000000086e-01
-1.496395000000000086e-01
-1.496379999999999932e-01
-1.496365000000000056e-01
-1.496365000000000056e-01
-1.496329999999999882e-01
-1.496284999999999976e-01
-1.496270000000000100e-01
-1.496210000000000040e-01
-1.496180000000000010e-01
-1.496139999999999970e-01
-1.496079999999999910e-01
-1.496079999999999910e-01
-1.496069999999999900e-01
-1.496059999999999890e-01
-1.496055000000000024e-01
-1.495960000000000067e-01
-1.495960000000000067e-01
-1.495960000000000067e-01
-1.495960000000000067e-01
-1.495960000000000067e-01
-1.495940000000000047e-01
-1.495940000000000047e-01
-1.495940000000000047e-01
-1.495940000000000047e-01
-1.495940000000000047e-01
-1.495940000000000047e-01
-1.495924999999999894e-01
-1.495914999999999884e-01
-1.495900000000000007e-01
-1.495900000000000007e-01
-1.495900000000000007e-01
-1.495894999999999864e-01
-1.495894999999999864e-01
-1.495894999999999864e-01
-1.495894999999999864e-01
-1.495889999999999997e-01
-1.495889999999999997e-01
-1.493790000000000118e-01
-1.493790000000000118e-01
-1.493790000000000118e-01
-1.493790000000000118e-01
-1.493790000000000118e-01
-1.493144999999999889e-01
-1.493144999999999889e-01
-1.493144999999999889e-01
-1.493144999999999889e-01
-1.493144999999999889e-01
-1.493144999999999889e-01
-1.493144999999999889e-01
-1.493144999999999889e-01
-1.492739999999999900e-01
-1.492739999999999900e-01
-1.492739999999999900e-01
-1.492739999999999900e-01
-1.492739999999999900e-01
-1.492739999999999900e-01
-1.492739999999999900e-01
-1.492739999999999900e-01
-1.492739999999999900e-01
-1.492719999999999880e-01
-1.492719999999999880e-01
-1.492705000000000004e-01
-1.492705000000000004e-01
-1.492664999999999964e-01
-1.492614999999999914e-01
-1.492614999999999914e-01
-1.492614999999999914e-01
-1.490589999999999971e-01
-1.490589999999999971e-01
-1.490589999999999971e-01
-1.490589999999999971e-01
-1.490589999999999971e-01
-1.490589999999999971e-01
-1.490589999999999971e-01
-1.490589999999999971e-01
-1.490589999999999971e-01
-1.490589999999999971e-01
-1.490589999999999971e-01
-1.490589999999999971e-01
-1.490589999999999971e-01
-1.490589999999999971e-01
-1.490589999999999971e-01
-1.490589999999999971e-01
-1.490589999999999971e-01
-1.490589999999999971e-01
-1.490589999999999971e-01
-1.490589999999999971e-01
-1.490555000000000074e-01
-1.490555000000000074e-01
-1.490555000000000074e-01
-1.490555000000000074e-01
-1.490555000000000074e-01
-1.490555000000000074e-01
-1.490555000000000074e-01
-1.490555000000000074e-01
-1.490555000000000074e-01
-1.490535000000000054e-01
-1.490535000000000054e-01
-1.490535000000000054e-01
-1.490535000000000054e-01
-1.490525000000000044e-01
-1.490525000000000044e-01
-1.490525000000000044e-01
-1.490525000000000044e-01
-1.490525000000000044e-01
-1.490525000000000044e-01
-1.490525000000000044e-01
-1.490505000000000024e-01
-1.490505000000000024e-01
-1.490505000000000024e-01
-1.490505000000000024e-01
-1.490489999999999871e-01
-1.490489999999999871e-01
-1.490489999999999871e-01
-1.490489999999999871e-01
-1.490489999999999871e-01
-1.490489999999999871e-01
-1.490489999999999871e-01
-1.490489999999999871e-01
-1.490489999999999871e-01
-1.490489999999999871e-01
-1.490489999999999871e-01
-1.490489999999999871e-01
-1.490489999999999871e-01
-1.490489999999999871e-01
-1.490489999999999871e-01
-1.490489999999999871e-01
-1.490489999999999871e-01
-1.490489999999999871e-01
-1.490489999999999871e-01
-1.490489999999999871e-01
-1.490489999999999871e-01
-1.490489999999999871e-01
-1.490489999999999871e-01
-1.490440000000000098e-01
-1.490440000000000098e-01
-1.490440000000000098e-01
-1.490440000000000098e-01
-1.490440000000000098e-01
-1.490440000000000098e-01
-1.490440000000000098e-01
-1.490440000000000098e-01
-1.490440000000000098e-01
-1.490440000000000098e-01
-1.490440000000000098e-01
-1.490440000000000098e-01
-1.490440000000000098e-01
-1.490440000000000098e-01
-1.490440000000000098e-01
-1.490440000000000098e-01
-1.490440000000000098e-01
-1.490440000000000098e-01
-1.490440000000000098e-01
-1.490440000000000098e-01
-1.490440000000000098e-01
-1.490440000000000098e-01
-1.490440000000000098e-01
-1.490440000000000098e-01
-1.490440000000000098e-01
-1.490440000000000098e-01
-1.490440000000000098e-01
-1.490440000000000098e-01
-1.490440000000000098e-01
-1.490440000000000098e-01
-1.490440000000000098e-01
-1.490440000000000098e-01
-1.490440000000000098e-01
-1.490440000000000098e-01
-1.490440000000000098e-01
-1.490440000000000098e-01
-1.490440000000000098e-01
-1.490440000000000098e-01
-1.490440000000000098e-01
-1.490440000000000098e-01
-1.490440000000000098e-01
-1.490440000000000098e-01
-1.490440000000000098e-01
-1.490440000000000098e-01
-1.490440000000000098e-01
-1.490440000000000098e-01
-1.490440000000000098e-01
-1.490440000000000098e-01
-1.490440000000000098e-01
-1.490440000000000098e-01
-1.490430000000000088e-01
-1.490430000000000088e-01
-1.490430000000000088e-01
-1.490430000000000088e-01
-1.490430000000000088e-01
-1.490430000000000088e-01
-1.490430000000000088e-01
-1.490430000000000088e-01
-1.490430000000000088e-01
-1.490430000000000088e-01
-1.490430000000000088e-01
-1.490430000000000088e-01
-1.490430000000000088e-01
-1.490424999999999944e-01
-1.490424999999999944e-01
-1.490424999999999944e-01
-1.490374999999999894e-01
-1.490374999999999894e-01
-1.490360000000000018e-01
-1.490360000000000018e-01
-1.490354999999999874e-01
-1.490354999999999874e-01
-1.490354999999999874e-01
-1.490350000000000008e-01
-1.489584999999999937e-01
-1.489584999999999937e-01
-1.489584999999999937e-01
-1.489584999999999937e-01
-1.489584999999999937e-01
-1.489584999999999937e-01
-1.489584999999999937e-01
-1.489584999999999937e-01
-1.489584999999999937e-01
-1.489584999999999937e-01
-1.489584999999999937e-01
-1.489584999999999937e-01
-1.489584999999999937e-01
-1.489584999999999937e-01
-1.489584999999999937e-01
-1.489584999999999937e-01
-1.489584999999999937e-01
-1.489584999999999937e-01
-1.489524999999999877e-01
-1.489524999999999877e-01
-1.489524999999999877e-01
-1.489524999999999877e-01
-1.489524999999999877e-01
-1.489524999999999877e-01
-1.489524999999999877e-01
-1.489524999999999877e-01
-1.489514999999999867e-01
-1.489495000000000124e-01
-1.489495000000000124e-01
-1.489485000000000114e-01
-1.489485000000000114e-01
-1.489479999999999971e-01
-1.489479999999999971e-01
-1.489455000000000084e-01
-1.489455000000000084e-01
-1.489455000000000084e-01
-1.489449999999999941e-01
-1.489449999999999941e-01
-1.489449999999999941e-01
-1.489419999999999911e-01
-1.489419999999999911e-01
-1.489415000000000044e-01
-1.489409999999999901e-01
-1.489395000000000024e-01
-1.489395000000000024e-01
-1.489389999999999881e-01
-1.489389999999999881e-01
-1.489389999999999881e-01
-1.489385000000000014e-01
-1.489385000000000014e-01
-1.489385000000000014e-01
-1.489344999999999974e-01
-1.489344999999999974e-01
-1.489334999999999964e-01
-1.489334999999999964e-01
-1.489334999999999964e-01
-1.489334999999999964e-01
-1.489320000000000088e-01
-1.489314999999999944e-01
-1.489304999999999934e-01
-1.489304999999999934e-01
-1.489304999999999934e-01
-1.489304999999999934e-01
-1.489304999999999934e-01
-1.489304999999999934e-01
-1.489294999999999924e-01
-1.489294999999999924e-01
-1.489294999999999924e-01
-1.489294999999999924e-01
-1.489294999999999924e-01
-1.489294999999999924e-01
-1.489294999999999924e-01
-1.489294999999999924e-01
-1.489294999999999924e-01
-1.489294999999999924e-01
-1.489294999999999924e-01
-1.489294999999999924e-01
-1.489294999999999924e-01
-1.489294999999999924e-01
-1.489294999999999924e-01
-1.489294999999999924e-01
-1.489294999999999924e-01
-1.489294999999999924e-01
-1.489294999999999924e-01
-1.489294999999999924e-01
-1.489294999999999924e-01
-1.489294999999999924e-01
-1.489294999999999924e-01
-1.489294999999999924e-01
-1.489294999999999924e-01
-1.489294999999999924e-01
-1.489294999999999924e-01
-1.489294999999999924e-01
-1.489294999999999924e-01
-1.489294999999999924e-01
-1.489294999999999924e-01
-1.489294999999999924e-01
-1.489290000000000058e-01
-1.489290000000000058e-01
-1.489290000000000058e-01
-1.489290000000000058e-01
-1.489280000000000048e-01
-1.489260000000000028e-01
-1.489260000000000028e-01
-1.489260000000000028e-01
-1.489260000000000028e-01
-1.489260000000000028e-01
-1.489260000000000028e-01
-1.489260000000000028e-01
-1.489260000000000028e-01
-1.489260000000000028e-01
-1.489260000000000028e-01
-1.489260000000000028e-01
-1.489260000000000028e-01
-1.489260000000000028e-01
-1.489260000000000028e-01
-1.489260000000000028e-01
-1.489260000000000028e-01
-1.489254999999999884e-01
-1.489254999999999884e-01
-1.489254999999999884e-01
-1.489225000000000132e-01
-1.489195000000000102e-01
-1.489185000000000092e-01
-1.489185000000000092e-01
-1.489185000000000092e-01
-1.489185000000000092e-01
-1.489185000000000092e-01
-1.489185000000000092e-01
-1.489185000000000092e-01
-1.489185000000000092e-01
-1.489185000000000092e-01
-1.489185000000000092e-01
-1.489185000000000092e-01
-1.489185000000000092e-01
-1.489185000000000092e-01
-1.489185000000000092e-01
-1.489185000000000092e-01
-1.489185000000000092e-01
-1.489185000000000092e-01
-1.489185000000000092e-01
-1.489185000000000092e-01
-1.489185000000000092e-01
-1.489185000000000092e-01
-1.489185000000000092e-01
-1.489175000000000082e-01
-1.489135000000000042e-01
-1.489129999999999898e-01
-1.489129999999999898e-01
-1.489125000000000032e-01
-1.489125000000000032e-01
-1.489125000000000032e-01
-1.489125000000000032e-01
-1.489125000000000032e-01
-1.489125000000000032e-01
-1.489125000000000032e-01
-1.489125000000000032e-01
-1.489125000000000032e-01
-1.489125000000000032e-01
-1.489125000000000032e-01
-1.489125000000000032e-01
-1.489125000000000032e-01
-1.489125000000000032e-01
-1.489125000000000032e-01
-1.489125000000000032e-01
-1.489125000000000032e-01
-1.489125000000000032e-01
-1.489125000000000032e-01
-1.489125000000000032e-01
-1.489125000000000032e-01
-1.489125000000000032e-01
-1.489125000000000032e-01
-1.489125000000000032e-01
-1.489125000000000032e-01
-1.489125000000000032e-01
-1.489099999999999868e-01
-1.489099999999999868e-01
-1.489099999999999868e-01
-1.489099999999999868e-01
-1.489099999999999868e-01
-1.489099999999999868e-01
-1.489099999999999868e-01
-1.489099999999999868e-01
-1.489099999999999868e-01
-1.489099999999999868e-01
-1.489099999999999868e-01
-1.489099999999999868e-01
-1.489095000000000002e-01
-1.489095000000000002e-01
-1.489095000000000002e-01
-1.489095000000000002e-01
-1.489095000000000002e-01
-1.489095000000000002e-01
-1.489095000000000002e-01
-1.489095000000000002e-01
-1.489095000000000002e-01
-1.489095000000000002e-01
-1.489095000000000002e-01
-1.489095000000000002e-01
-1.489095000000000002e-01
-1.489095000000000002e-01
-1.489095000000000002e-01
-1.489095000000000002e-01
-1.489095000000000002e-01
-1.489095000000000002e-01
-1.489095000000000002e-01
-1.489095000000000002e-01
-1.489095000000000002e-01
-1.489095000000000002e-01
-1.489095000000000002e-01
-1.489095000000000002e-01
-1.489095000000000002e-01
-1.489095000000000002e-01
-1.489095000000000002e-01
-1.489095000000000002e-01
-1.489095000000000002e-01
-1.489095000000000002e-01
-1.489095000000000002e-01
-1.489095000000000002e-01
-1.489095000000000002e-01
-1.489095000000000002e-01
-1.489095000000000002e-01
-1.489095000000000002e-01
-1.489095000000000002e-01
-1.489095000000000002e-01
-1.489095000000000002e-01
-1.489095000000000002e-01
-1.489095000000000002e-01
-1.489095000000000002e-01
-1.489095000000000002e-01
-1.489095000000000002e-01
-1.489095000000000002e-01
-1.489095000000000002e-01
-1.489095000000000002e-01
-1.489095000000000002e-01
-1.489095000000000002e-01
-1.489095000000000002e-01
-1.489095000000000002e-01
-1.489095000000000002e-01
-1.489095000000000002e-01
-1.489084999999999992e-01
-1.489084999999999992e-01
-1.489084999999999992e-01
-1.489084999999999992e-01
-1.489084999999999992e-01
-1.489084999999999992e-01
-1.489084999999999992e-01
-1.489084999999999992e-01
-1.489084999999999992e-01
-1.489084999999999992e-01
-1.489084999999999992e-01
-1.489084999999999992e-01
-1.489084999999999992e-01
-1.489084999999999992e-01
-1.489084999999999992e-01
-1.489084999999999992e-01
-1.489084999999999992e-01
-1.489084999999999992e-01
-1.489084999999999992e-01
-1.489084999999999992e-01
-1.489084999999999992e-01
-1.489084999999999992e-01
-1.489084999999999992e-01
-1.489084999999999992e-01
-1.489084999999999992e-01
-1.489084999999999992e-01
-1.489084999999999992e-01
-1.489084999999999992e-01
-1.489084999999999992e-01
-1.489084999999999992e-01
-1.489084999999999992e-01
-1.489084999999999992e-01
-1.489084999999999992e-01
-1.489084999999999992e-01
-1.489084999999999992e-01
-1.489084999999999992e-01
-1.489084999999999992e-01
-1.489084999999999992e-01
-1.489084999999999992e-01
-1.489084999999999992e-01
-1.489084999999999992e-01
-1.489084999999999992e-01
-1.489084999999999992e-01
-1.489084999999999992e-01
-1.489084999999999992e-01
-1.489084999999999992e-01
-1.489084999999999992e-01
-1.489074999999999982e-01
-1.489074999999999982e-01
-1.489074999999999982e-01
-1.489074999999999982e-01
-1.489074999999999982e-01
-1.489074999999999982e-01
-1.489074999999999982e-01
-1.489074999999999982e-01
-1.489074999999999982e-01
-1.489074999999999982e-01
-1.489074999999999982e-01
-1.489074999999999982e-01
-1.489074999999999982e-01
-1.489074999999999982e-01
-1.489074999999999982e-01
-1.489074999999999982e-01
-1.489074999999999982e-01
-1.489074999999999982e-01
-1.489074999999999982e-01
-1.489074999999999982e-01
-1.489074999999999982e-01
-1.489074999999999982e-01
-1.489074999999999982e-01
-1.489074999999999982e-01
-1.489074999999999982e-01
-1.489074999999999982e-01
-1.489074999999999982e-01
-1.489074999999999982e-01
-1.489074999999999982e-01
-1.489074999999999982e-01
-1.489074999999999982e-01
-1.489074999999999982e-01
-1.489074999999999982e-01
-1.489074999999999982e-01
-1.489074999999999982e-01
-1.489074999999999982e-01
-1.489074999999999982e-01
-1.489074999999999982e-01
-1.489074999999999982e-01
-1.489074999999999982e-01
-1.489074999999999982e-01
-1.489070000000000116e-01
-1.489070000000000116e-01
-1.489070000000000116e-01
-1.489070000000000116e-01
-1.489070000000000116e-01
-1.489070000000000116e-01
-1.489070000000000116e-01
-1.489070000000000116e-01
-1.489070000000000116e-01
-1.489064999999999972e-01
-1.489064999999999972e-01
-1.489064999999999972e-01
-1.489064999999999972e-01
-1.489064999999999972e-01
-1.489064999999999972e-01
-1.489064999999999972e-01
-1.489064999999999972e-01
-1.489064999999999972e-01
-1.489064999999999972e-01
-1.489064999999999972e-01
-1.489064999999999972e-01
-1.489064999999999972e-01
-1.489064999999999972e-01
-1.489064999999999972e-01
-1.489064999999999972e-01
-1.489064999999999972e-01
-1.489064999999999972e-01
-1.489064999999999972e-01
-1.489064999999999972e-01
-1.489064999999999972e-01
-1.489064999999999972e-01
-1.489064999999999972e-01
-1.489064999999999972e-01
-1.489064999999999972e-01
-1.489064999999999972e-01
-1.489064999999999972e-01
-1.489064999999999972e-01
-1.489064999999999972e-01
-1.489064999999999972e-01
-1.489064999999999972e-01
-1.489064999999999972e-01
-1.489064999999999972e-01
-1.489064999999999972e-01
-1.489064999999999972e-01
-1.489064999999999972e-01
-1.489064999999999972e-01
-1.489064999999999972e-01
-1.489064999999999972e-01
-1.489064999999999972e-01
-1.489064999999999972e-01
-1.489064999999999972e-01
-1.489064999999999972e-01
-1.489064999999999972e-01
-1.489064999999999972e-01
-1.489064999999999972e-01
-1.489064999999999972e-01
-1.489064999999999972e-01
-1.489064999999999972e-01
-1.489064999999999972e-01
-1.489064999999999972e-01
-1.489064999999999972e-01
-1.489064999999999972e-01
-1.489064999999999972e-01
-1.489064999999999972e-01
-1.489064999999999972e-01
-1.489064999999999972e-01
-1.489064999999999972e-01
-1.489064999999999972e-01
-1.489064999999999972e-01
-1.489064999999999972e-01
-1.489064999999999972e-01
-1.489064999999999972e-01
-1.489064999999999972e-01
-1.489064999999999972e-01
-1.489064999999999972e-01
-1.489064999999999972e-01
-1.489064999999999972e-01
-1.489064999999999972e-01
-1.489064999999999972e-01
-1.489064999999999972e-01
-1.489064999999999972e-01
-1.489064999999999972e-01
-1.489064999999999972e-01
-1.489064999999999972e-01
-1.489064999999999972e-01
-1.489064999999999972e-01
-1.489064999999999972e-01
-1.489064999999999972e-01
-1.489064999999999972e-01
-1.489064999999999972e-01
-1.489064999999999972e-01
-1.489064999999999972e-01
-1.489064999999999972e-01
-1.489064999999999972e-01
-1.489064999999999972e-01
-1.489064999999999972e-01
-1.489064999999999972e-01
-1.489064999999999972e-01
-1.489064999999999972e-01
-1.489064999999999972e-01
-1.489064999999999972e-01
-1.489064999999999972e-01
-1.489064999999999972e-01
-1.489064999999999972e-01
-1.489064999999999972e-01
-1.489064999999999972e-01
-1.489064999999999972e-01
-1.489064999999999972e-01
-1.489064999999999972e-01
-1.489064999999999972e-01
-1.489064999999999972e-01
-1.489064999999999972e-01
-1.489064999999999972e-01
-1.489064999999999972e-01
-1.489064999999999972e-01
-1.489064999999999972e-01
-1.489064999999999972e-01
-1.489064999999999972e-01
-1.489064999999999972e-01
-1.489064999999999972e-01
-1.489064999999999972e-01
-1.489064999999999972e-01
-1.489064999999999972e-01
-1.489064999999999972e-01
-1.489064999999999972e-01
-1.489064999999999972e-01
-1.489064999999999972e-01
-1.489064999999999972e-01
-1.489064999999999972e-01
-1.489064999999999972e-01
-1.489064999999999972e-01
-1.489064999999999972e-01
-1.489064999999999972e-01
-1.489064999999999972e-01
-1.489064999999999972e-01
-1.489064999999999972e-01
-1.489064999999999972e-01
-1.489064999999999972e-01
-1.489064999999999972e-01
-1.489064999999999972e-01
-1.489064999999999972e-01
-1.489064999999999972e-01
-1.489064999999999972e-01
-1.489064999999999972e-01
-1.489064999999999972e-01
-1.489064999999999972e-01
-1.489064999999999972e-01
-1.489064999999999972e-01
-1.489064999999999972e-01
-1.489064999999999972e-01
-1.489064999999999972e-01
-1.489064999999999972e-01
-1.489064999999999972e-01
-1.489064999999999972e-01
-1.489064999999999972e-01
-1.489064999999999972e-01
-1.489064999999999972e-01
-1.489064999999999972e-01
-1.489064999999999972e-01
-1.489064999999999972e-01
-1.489064999999999972e-01
-1.489064999999999972e-01
-1.489064999999999972e-01
-1.489064999999999972e-01
-1.489064999999999972e-01
-1.489064999999999972e-01
-1.489064999999999972e-01
-1.489064999999999972e-01
-1.489064999999999972e-01
-1.489064999999999972e-01
-1.489064999999999972e-01
-1.489064999999999972e-01
-1.489064999999999972e-01
-1.489064999999999972e-01
-1.489064999999999972e-01
-1.489064999999999972e-01
-1.489064999999999972e-01
-1.489064999999999972e-01
-1.489064999999999972e-01
-1.489064999999999972e-01
-1.489064999999999972e-01
-1.489064999999999972e-01
-1.489064999999999972e-01
-1.489064999999999972e-01
-1.489064999999999972e-01
-1.489064999999999972e-01
-1.489064999999999972e-01
-1.489064999999999972e-01
-1.489064999999999972e-01
-1.489064999999999972e-01
-1.489064999999999972e-01
-1.489064999999999972e-01
-1.489064999999999972e-01
-1.489064999999999972e-01
-1.489064999999999972e-01
-1.489064999999999972e-01
-1.489064999999999972e-01
-1.489064999999999972e-01
-1.489064999999999972e-01
-1.489064999999999972e-01
-1.489064999999999972e-01
-1.489064999999999972e-01
-1.489064999999999972e-01
-1.489064999999999972e-01
-1.489064999999999972e-01
-1.489064999999999972e-01
-1.489064999999999972e-01
-1.489064999999999972e-01
-1.489064999999999972e-01
-1.489064999999999972e-01
-1.489064999999999972e-01
-1.489064999999999972e-01
-1.489064999999999972e-01
-1.489064999999999972e-01
-1.489064999999999972e-01
-1.489064999999999972e-01
-1.489064999999999972e-01
-1.489064999999999972e-01
-1.489064999999999972e-01
-1.489064999999999972e-01
-1.489064999999999972e-01
-1.489064999999999972e-01
-1.489064999999999972e-01
-1.489064999999999972e-01
-1.489064999999999972e-01
-1.489064999999999972e-01
-1.489044999999999952e-01
-1.489040000000000086e-01
-1.489034999999999942e-01
-1.489034999999999942e-01
-1.489034999999999942e-01
-1.489030000000000076e-01
-1.489030000000000076e-01
-1.489030000000000076e-01
-1.489030000000000076e-01
-1.489030000000000076e-01
-1.489030000000000076e-01
-1.489030000000000076e-01
-1.489030000000000076e-01
-1.489030000000000076e-01
-1.489030000000000076e-01
-1.489030000000000076e-01
-1.489030000000000076e-01
-1.489030000000000076e-01
-1.489030000000000076e-01
-1.489030000000000076e-01
-1.489030000000000076e-01
-1.489030000000000076e-01
-1.489030000000000076e-01
-1.489030000000000076e-01
-1.489010000000000056e-01
-1.489010000000000056e-01
-1.489010000000000056e-01
-1.489010000000000056e-01
-1.489010000000000056e-01
-1.489010000000000056e-01
-1.489010000000000056e-01
-1.489010000000000056e-01
-1.489010000000000056e-01
-1.489010000000000056e-01
-1.489010000000000056e-01
-1.489010000000000056e-01
-1.489010000000000056e-01
-1.489010000000000056e-01
-1.489010000000000056e-01
-1.489010000000000056e-01
-1.489010000000000056e-01
-1.489010000000000056e-01
-1.489010000000000056e-01
-1.489010000000000056e-01
-1.489010000000000056e-01
-1.489010000000000056e-01
-1.489010000000000056e-01
-1.489010000000000056e-01
-1.489010000000000056e-01
-1.489010000000000056e-01
-1.489010000000000056e-01
-1.489010000000000056e-01
-1.489010000000000056e-01
-1.489010000000000056e-01
-1.489010000000000056e-01
-1.489010000000000056e-01
-1.489010000000000056e-01
-1.489010000000000056e-01
-1.489010000000000056e-01
-1.489010000000000056e-01
-1.489010000000000056e-01
-1.489010000000000056e-01
-1.489010000000000056e-01
-1.489010000000000056e-01
-1.489010000000000056e-01
-1.489010000000000056e-01
-1.489010000000000056e-01
-1.489010000000000056e-01
-1.489010000000000056e-01
-1.489010000000000056e-01
-1.489010000000000056e-01
-1.489010000000000056e-01
-1.489010000000000056e-01
-1.489010000000000056e-01
-1.489004999999999912e-01
-1.489004999999999912e-01
-1.489004999999999912e-01
-1.489004999999999912e-01
-1.489004999999999912e-01
-1.489000000000000046e-01
-1.489000000000000046e-01
-1.489000000000000046e-01
-1.489000000000000046e-01
-1.489000000000000046e-01
-1.489000000000000046e-01
-1.489000000000000046e-01
-1.489000000000000046e-01
-1.489000000000000046e-01
-1.489000000000000046e-01
-1.489000000000000046e-01
-1.489000000000000046e-01
-1.489000000000000046e-01
-1.489000000000000046e-01
