-7.873499999999999943e-02
-7.262599999999999612e-02
-7.262599999999999612e-02
-7.262599999999999612e-02
-6.445800000000000141e-02
-6.445800000000000141e-02
-6.353649999999999576e-02
-6.353649999999999576e-02
-6.056650000000000228e-02
-5.785300000000000165e-02
-5.727100000000000246e-02
-5.727100000000000246e-02
-5.717250000000000110e-02
-5.603899999999999854e-02
-5.580000000000000238e-02
-5.580000000000000238e-02
-5.578799999999999731e-02
-5.578799999999999731e-02
-5.578799999999999731e-02
-5.578799999999999731e-02
-5.578799999999999731e-02
-5.578799999999999731e-02
-5.574400000000000188e-02
-5.564700000000000202e-02
-5.564700000000000202e-02
-5.564700000000000202e-02
-5.555949999999999778e-02
-5.555949999999999778e-02
-5.548299999999999760e-02
-5.548299999999999760e-02
-5.548299999999999760e-02
-5.548299999999999760e-02
-5.528799999999999687e-02
-5.528799999999999687e-02
-5.528799999999999687e-02
-5.528799999999999687e-02
-5.528799999999999687e-02
-5.528799999999999687e-02
-5.528799999999999687e-02
-5.528799999999999687e-02
-5.528799999999999687e-02
-5.528799999999999687e-02
-5.528799999999999687e-02
-5.528799999999999687e-02
-5.528799999999999687e-02
-5.528799999999999687e-02
-5.528799999999999687e-02
-5.528799999999999687e-02
-5.528799999999999687e-02
-5.528799999999999687e-02
-5.527449999999999725e-02
-5.527449999999999725e-02
-5.527449999999999725e-02
-5.527449999999999725e-02
-5.527449999999999725e-02
-5.527449999999999725e-02
-5.527449999999999725e-02
-5.527449999999999725e-02
-5.527449999999999725e-02
-5.527449999999999725e-02
-5.527449999999999725e-02
-5.527449999999999725e-02
-5.527449999999999725e-02
-5.527449999999999725e-02
-5.527449999999999725e-02
-5.527449999999999725e-02
-5.527449999999999725e-02
-5.527449999999999725e-02
-5.527449999999999725e-02
-5.527449999999999725e-02
-5.527449999999999725e-02
-5.527449999999999725e-02
-5.527449999999999725e-02
-5.527449999999999725e-02
-5.527399999999999675e-02
-5.527399999999999675e-02
-5.527399999999999675e-02
-5.527399999999999675e-02
-5.527399999999999675e-02
-5.527399999999999675e-02
-5.527399999999999675e-02
-5.527399999999999675e-02
-5.527350000000000319e-02
-5.527350000000000319e-02
-5.527350000000000319e-02
-5.527350000000000319e-02
-5.527350000000000319e-02
-5.527350000000000319e-02
-5.527350000000000319e-02
-5.527350000000000319e-02
-5.527350000000000319e-02
-5.527350000000000319e-02
-5.527350000000000319e-02
-5.527300000000000268e-02
-5.527300000000000268e-02
-5.527300000000000268e-02
-5.527300000000000268e-02
-5.527300000000000268e-02
-5.527300000000000268e-02
-5.527300000000000268e-02
-5.527300000000000268e-02
-5.527300000000000268e-02
-5.527300000000000268e-02
-5.527300000000000268e-02
-5.527300000000000268e-02
-5.527300000000000268e-02
-5.527300000000000268e-02
-5.527300000000000268e-02
-5.527300000000000268e-02
-5.527300000000000268e-02
-5.527300000000000268e-02
-5.527300000000000268e-02
-5.527300000000000268e-02
-5.527300000000000268e-02
-5.527300000000000268e-02
-5.527300000000000268e-02
-5.527300000000000268e-02
-5.527300000000000268e-02
-5.527300000000000268e-02
-5.527300000000000268e-02
-5.527300000000000268e-02
-5.527300000000000268e-02
-5.527300000000000268e-02
-5.527300000000000268e-02
-5.527300000000000268e-02
-5.527300000000000268e-02
-5.527300000000000268e-02
-5.527300000000000268e-02
-5.527300000000000268e-02
-5.527300000000000268e-02
-5.527300000000000268e-02
-5.527300000000000268e-02
-5.527300000000000268e-02
-5.527300000000000268e-02
-5.527300000000000268e-02
-5.527300000000000268e-02
-5.527300000000000268e-02
-5.527300000000000268e-02
-5.527300000000000268e-02
-5.527300000000000268e-02
-5.527300000000000268e-02
-5.527300000000000268e-02
-5.527300000000000268e-02
-5.527300000000000268e-02
-5.527300000000000268e-02
-5.527300000000000268e-02
-5.527300000000000268e-02
-5.527300000000000268e-02
-5.527300000000000268e-02
-5.527300000000000268e-02
-5.527300000000000268e-02
-5.527300000000000268e-02
-5.527300000000000268e-02
-5.527300000000000268e-02
-5.527300000000000268e-02
-5.527300000000000268e-02
-5.527300000000000268e-02
-5.527300000000000268e-02
-5.527300000000000268e-02
-5.527300000000000268e-02
-5.527300000000000268e-02
-5.527300000000000268e-02
-5.527300000000000268e-02
-5.527300000000000268e-02
-5.527300000000000268e-02
-5.527300000000000268e-02
-5.527300000000000268e-02
-5.527300000000000268e-02
-5.527300000000000268e-02
-5.527300000000000268e-02
-5.527300000000000268e-02
-5.527300000000000268e-02
-5.527300000000000268e-02
-5.527300000000000268e-02
-5.527300000000000268e-02
-5.527300000000000268e-02
-5.527300000000000268e-02
-5.527300000000000268e-02
-5.527300000000000268e-02
-5.527300000000000268e-02
-5.527300000000000268e-02
-5.527300000000000268e-02
-5.527300000000000268e-02
-5.527300000000000268e-02
-5.527300000000000268e-02
-5.527300000000000268e-02
-5.527300000000000268e-02
-5.527300000000000268e-02
-5.527300000000000268e-02
-5.527300000000000268e-02
-5.527300000000000268e-02
-5.527300000000000268e-02
-5.527300000000000268e-02
-5.527300000000000268e-02
-5.527300000000000268e-02
-5.527300000000000268e-02
-5.527300000000000268e-02
-5.527250000000000218e-02
-5.527250000000000218e-02
-5.527250000000000218e-02
-5.527250000000000218e-02
-5.527250000000000218e-02
-5.527250000000000218e-02
-5.527250000000000218e-02
-5.519600000000000201e-02
-5.519600000000000201e-02
-5.519099999999999701e-02
-5.519099999999999701e-02
-5.519099999999999701e-02
-5.519099999999999701e-02
-5.519099999999999701e-02
-5.519099999999999701e-02
-5.519050000000000344e-02
-5.519050000000000344e-02
-5.519050000000000344e-02
-5.516549999999999926e-02
-5.516549999999999926e-02
-5.516549999999999926e-02
-5.516499999999999876e-02
-5.516499999999999876e-02
-5.516499999999999876e-02
-5.516499999999999876e-02
-5.516499999999999876e-02
-5.516499999999999876e-02
-5.516499999999999876e-02
-5.516499999999999876e-02
-5.516499999999999876e-02
-5.516499999999999876e-02
-5.516499999999999876e-02
-5.516499999999999876e-02
-5.516499999999999876e-02
-5.516499999999999876e-02
-5.516499999999999876e-02
-5.516499999999999876e-02
-5.515450000000000214e-02
-5.515450000000000214e-02
-5.515149999999999914e-02
-5.515149999999999914e-02
-5.515099999999999864e-02
-5.515099999999999864e-02
-5.515099999999999864e-02
-5.515099999999999864e-02
-5.515099999999999864e-02
-5.515099999999999864e-02
-5.515099999999999864e-02
-5.515099999999999864e-02
-5.515099999999999864e-02
-5.515099999999999864e-02
-5.515099999999999864e-02
-5.515099999999999864e-02
-5.515099999999999864e-02
-5.514750000000000207e-02
-5.514750000000000207e-02
-5.514750000000000207e-02
-5.514550000000000007e-02
-5.514399999999999857e-02
-5.514349999999999807e-02
-5.514349999999999807e-02
-5.514349999999999807e-02
-5.514349999999999807e-02
-5.514349999999999807e-02
-5.514349999999999807e-02
-5.514349999999999807e-02
-5.514349999999999807e-02
-5.514349999999999807e-02
-5.514349999999999807e-02
-5.514299999999999757e-02
-5.514299999999999757e-02
-5.514299999999999757e-02
-5.514299999999999757e-02
-5.514299999999999757e-02
-5.514299999999999757e-02
-5.514299999999999757e-02
-5.514299999999999757e-02
-5.514299999999999757e-02
-5.514299999999999757e-02
-5.514299999999999757e-02
-5.514299999999999757e-02
-5.514299999999999757e-02
-5.514299999999999757e-02
-5.514299999999999757e-02
-5.514299999999999757e-02
-5.514299999999999757e-02
-5.514299999999999757e-02
-5.514299999999999757e-02
-5.514299999999999757e-02
-5.514299999999999757e-02
-5.514299999999999757e-02
-5.514299999999999757e-02
-5.514299999999999757e-02
-5.514299999999999757e-02
-5.514299999999999757e-02
-5.514299999999999757e-02
-5.514299999999999757e-02
-5.514299999999999757e-02
-5.514299999999999757e-02
-5.514299999999999757e-02
-5.514299999999999757e-02
-5.514299999999999757e-02
-5.514299999999999757e-02
-5.514299999999999757e-02
-5.514299999999999757e-02
-5.514299999999999757e-02
-5.514299999999999757e-02
-5.514299999999999757e-02
-5.514299999999999757e-02
-5.514299999999999757e-02
-5.514299999999999757e-02
-5.514299999999999757e-02
-5.514299999999999757e-02
-5.514299999999999757e-02
-5.514299999999999757e-02
-5.514299999999999757e-02
-5.514299999999999757e-02
-5.514299999999999757e-02
-5.514299999999999757e-02
-5.514299999999999757e-02
-5.513950000000000101e-02
-5.513950000000000101e-02
-5.513950000000000101e-02
-5.513950000000000101e-02
-5.513950000000000101e-02
-5.513950000000000101e-02
-5.505199999999999677e-02
-5.505199999999999677e-02
-5.505199999999999677e-02
-5.505199999999999677e-02
-5.505199999999999677e-02
-5.505199999999999677e-02
-5.505199999999999677e-02
-5.499300000000000022e-02
-5.499300000000000022e-02
-5.499300000000000022e-02
-5.499300000000000022e-02
-5.499300000000000022e-02
-5.498000000000000109e-02
-5.498000000000000109e-02
-5.497950000000000059e-02
-5.497950000000000059e-02
-5.497849999999999959e-02
-5.497749999999999859e-02
-5.497749999999999859e-02
-5.497749999999999859e-02
-5.497649999999999759e-02
-5.497649999999999759e-02
-5.497649999999999759e-02
-5.497649999999999759e-02
-5.497649999999999759e-02
-5.497649999999999759e-02
-5.497649999999999759e-02
-5.497649999999999759e-02
-5.497649999999999759e-02
-5.497649999999999759e-02
-5.497649999999999759e-02
-5.497649999999999759e-02
-5.497649999999999759e-02
-5.497649999999999759e-02
-5.497649999999999759e-02
-5.497649999999999759e-02
-5.497649999999999759e-02
-5.497649999999999759e-02
-5.497649999999999759e-02
-5.497649999999999759e-02
-5.497649999999999759e-02
-5.497649999999999759e-02
-5.497649999999999759e-02
-5.497649999999999759e-02
-5.497649999999999759e-02
-5.497649999999999759e-02
-5.497649999999999759e-02
-5.497649999999999759e-02
-5.497649999999999759e-02
-5.497649999999999759e-02
-5.497649999999999759e-02
-5.497649999999999759e-02
-5.497649999999999759e-02
-5.497649999999999759e-02
-5.497500000000000303e-02
-5.497500000000000303e-02
-5.497500000000000303e-02
-5.497500000000000303e-02
-5.497500000000000303e-02
-5.497500000000000303e-02
-5.497500000000000303e-02
-5.497500000000000303e-02
-5.497500000000000303e-02
-5.497500000000000303e-02
-5.497500000000000303e-02
-5.497500000000000303e-02
-5.497500000000000303e-02
-5.497500000000000303e-02
-5.497500000000000303e-02
-5.497500000000000303e-02
-5.497500000000000303e-02
-5.497500000000000303e-02
-5.497500000000000303e-02
-5.497500000000000303e-02
-5.497450000000000253e-02
-5.497450000000000253e-02
-5.497450000000000253e-02
-5.497450000000000253e-02
-5.497450000000000253e-02
-5.497450000000000253e-02
-5.497450000000000253e-02
-5.497450000000000253e-02
-5.497450000000000253e-02
-5.497450000000000253e-02
-5.497450000000000253e-02
-5.497450000000000253e-02
-5.497450000000000253e-02
-5.497450000000000253e-02
-5.497450000000000253e-02
-5.497450000000000253e-02
-5.497450000000000253e-02
-5.497450000000000253e-02
-5.497450000000000253e-02
-5.497450000000000253e-02
-5.497450000000000253e-02
-5.497450000000000253e-02
-5.497450000000000253e-02
-5.497450000000000253e-02
-5.497450000000000253e-02
-5.497400000000000203e-02
-5.497400000000000203e-02
-5.497350000000000153e-02
-5.497350000000000153e-02
-5.497350000000000153e-02
-5.497350000000000153e-02
-5.497350000000000153e-02
-5.497350000000000153e-02
-5.497350000000000153e-02
-5.497350000000000153e-02
-5.497350000000000153e-02
-5.497350000000000153e-02
-5.497350000000000153e-02
-5.497350000000000153e-02
-5.497350000000000153e-02
-5.497350000000000153e-02
-5.497350000000000153e-02
-5.497300000000000103e-02
-5.497300000000000103e-02
-5.497300000000000103e-02
-5.497300000000000103e-02
-5.497300000000000103e-02
-5.497300000000000103e-02
-5.497300000000000103e-02
-5.497300000000000103e-02
-5.497300000000000103e-02
-5.497300000000000103e-02
-5.496800000000000297e-02
-5.496800000000000297e-02
-5.496800000000000297e-02
-5.496800000000000297e-02
-5.496800000000000297e-02
-5.496800000000000297e-02
-5.496800000000000297e-02
-5.496800000000000297e-02
-5.496800000000000297e-02
-5.496800000000000297e-02
-5.496800000000000297e-02
-5.496800000000000297e-02
-5.496800000000000297e-02
-5.496750000000000247e-02
-5.496750000000000247e-02
-5.496700000000000197e-02
-5.496700000000000197e-02
-5.496700000000000197e-02
-5.496700000000000197e-02
-5.496700000000000197e-02
-5.496700000000000197e-02
-5.496700000000000197e-02
-5.496700000000000197e-02
-5.496700000000000197e-02
-5.496700000000000197e-02
-5.496700000000000197e-02
-5.496700000000000197e-02
-5.496700000000000197e-02
-5.496700000000000197e-02
-5.496700000000000197e-02
-5.496700000000000197e-02
-5.496700000000000197e-02
-5.496700000000000197e-02
-5.496700000000000197e-02
-5.496700000000000197e-02
-5.496700000000000197e-02
-5.496700000000000197e-02
-5.496700000000000197e-02
-5.496700000000000197e-02
-5.496700000000000197e-02
-5.496700000000000197e-02
-5.496700000000000197e-02
-5.496700000000000197e-02
-5.496700000000000197e-02
-5.496700000000000197e-02
-5.496700000000000197e-02
-5.496700000000000197e-02
-5.496700000000000197e-02
-5.496700000000000197e-02
-5.496700000000000197e-02
-5.496700000000000197e-02
-5.496700000000000197e-02
-5.496700000000000197e-02
-5.496700000000000197e-02
-5.496700000000000197e-02
-5.496700000000000197e-02
-5.496700000000000197e-02
-5.496700000000000197e-02
-5.496700000000000197e-02
-5.496700000000000197e-02
-5.496700000000000197e-02
-5.496700000000000197e-02
-5.496700000000000197e-02
-5.496700000000000197e-02
-5.496700000000000197e-02
-5.496700000000000197e-02
-5.496700000000000197e-02
-5.496700000000000197e-02
-5.496700000000000197e-02
-5.496650000000000147e-02
-5.496650000000000147e-02
-5.496600000000000097e-02
-5.496550000000000047e-02
-5.496550000000000047e-02
-5.496550000000000047e-02
-5.496550000000000047e-02
-5.496550000000000047e-02
-5.496550000000000047e-02
-5.496550000000000047e-02
-5.496550000000000047e-02
-5.496550000000000047e-02
-5.496550000000000047e-02
-5.496550000000000047e-02
-5.496550000000000047e-02
-5.496550000000000047e-02
-5.495799999999999991e-02
-5.495799999999999991e-02
-5.495799999999999991e-02
-5.495799999999999991e-02
-5.495799999999999991e-02
-5.495799999999999991e-02
-5.495799999999999991e-02
-5.495799999999999991e-02
-5.495799999999999991e-02
-5.495799999999999991e-02
-5.495799999999999991e-02
-5.495799999999999991e-02
-5.495799999999999991e-02
-5.495799999999999991e-02
-5.495799999999999991e-02
-5.495799999999999991e-02
-5.495799999999999991e-02
-5.495799999999999991e-02
-5.495799999999999991e-02
-5.495799999999999991e-02
-5.495749999999999941e-02
-5.495749999999999941e-02
-5.495749999999999941e-02
-5.495749999999999941e-02
-5.495749999999999941e-02
-5.495749999999999941e-02
-5.495749999999999941e-02
-5.495749999999999941e-02
-5.495749999999999941e-02
-5.495749999999999941e-02
-5.495749999999999941e-02
-5.495749999999999941e-02
-5.495749999999999941e-02
-5.495749999999999941e-02
-5.495749999999999941e-02
-5.495749999999999941e-02
-5.495749999999999941e-02
-5.495749999999999941e-02
-5.495749999999999941e-02
-5.495749999999999941e-02
-5.495749999999999941e-02
-5.495749999999999941e-02
-5.495749999999999941e-02
-5.495749999999999941e-02
-5.495749999999999941e-02
-5.495749999999999941e-02
-5.495749999999999941e-02
-5.495749999999999941e-02
-5.495749999999999941e-02
-5.495749999999999941e-02
-5.495749999999999941e-02
-5.495749999999999941e-02
-5.495749999999999941e-02
-5.495749999999999941e-02
-5.495749999999999941e-02
-5.495749999999999941e-02
-5.495749999999999941e-02
-5.495749999999999941e-02
-5.495749999999999941e-02
-5.495749999999999941e-02
-5.495749999999999941e-02
-5.495749999999999941e-02
-5.495749999999999941e-02
-5.495749999999999941e-02
-5.495749999999999941e-02
-5.495749999999999941e-02
-5.495749999999999941e-02
-5.495749999999999941e-02
-5.495749999999999941e-02
-5.495749999999999941e-02
-5.495749999999999941e-02
-5.495749999999999941e-02
-5.495749999999999941e-02
-5.495749999999999941e-02
-5.495749999999999941e-02
-5.495749999999999941e-02
-5.495749999999999941e-02
-5.495749999999999941e-02
-5.495749999999999941e-02
-5.495749999999999941e-02
-5.495749999999999941e-02
-5.495749999999999941e-02
-5.495749999999999941e-02
-5.495749999999999941e-02
-5.495749999999999941e-02
-5.495749999999999941e-02
-5.495749999999999941e-02
-5.495749999999999941e-02
-5.495749999999999941e-02
-5.495749999999999941e-02
-5.495749999999999941e-02
-5.495749999999999941e-02
-5.495749999999999941e-02
-5.495749999999999941e-02
-5.495749999999999941e-02
-5.495749999999999941e-02
-5.495749999999999941e-02
-5.495749999999999941e-02
-5.495749999999999941e-02
-5.495749999999999941e-02
-5.495749999999999941e-02
-5.495749999999999941e-02
-5.495749999999999941e-02
-5.495749999999999941e-02
-5.495749999999999941e-02
-5.495749999999999941e-02
-5.495749999999999941e-02
-5.495749999999999941e-02
-5.495749999999999941e-02
-5.495749999999999941e-02
-5.495749999999999941e-02
-5.495749999999999941e-02
-5.495749999999999941e-02
-5.495749999999999941e-02
-5.495749999999999941e-02
-5.495749999999999941e-02
-5.495749999999999941e-02
-5.495749999999999941e-02
-5.495749999999999941e-02
-5.495749999999999941e-02
-5.495749999999999941e-02
-5.495749999999999941e-02
-5.495749999999999941e-02
-5.495749999999999941e-02
-5.495749999999999941e-02
-5.495749999999999941e-02
-5.495749999999999941e-02
-5.495749999999999941e-02
-5.495749999999999941e-02
-5.495749999999999941e-02
-5.495749999999999941e-02
-5.495749999999999941e-02
-5.495749999999999941e-02
-5.495749999999999941e-02
-5.495749999999999941e-02
-5.495749999999999941e-02
-5.495749999999999941e-02
-5.495749999999999941e-02
-5.495749999999999941e-02
-5.495749999999999941e-02
-5.495749999999999941e-02
-5.495749999999999941e-02
-5.495749999999999941e-02
-5.495749999999999941e-02
-5.495749999999999941e-02
-5.495749999999999941e-02
-5.495749999999999941e-02
-5.495749999999999941e-02
-5.495749999999999941e-02
-5.495749999999999941e-02
-5.495749999999999941e-02
-5.495749999999999941e-02
-5.495749999999999941e-02
-5.495749999999999941e-02
-5.495749999999999941e-02
-5.495749999999999941e-02
-5.495749999999999941e-02
-5.495749999999999941e-02
-5.495749999999999941e-02
-5.495749999999999941e-02
-5.495749999999999941e-02
-5.495749999999999941e-02
-5.495749999999999941e-02
-5.495749999999999941e-02
-5.495749999999999941e-02
-5.495749999999999941e-02
-5.495749999999999941e-02
-5.495749999999999941e-02
-5.495749999999999941e-02
-5.495150000000000035e-02
-5.495150000000000035e-02
-5.495150000000000035e-02
-5.494949999999999835e-02
-5.494949999999999835e-02
-5.494949999999999835e-02
-5.494949999999999835e-02
-5.494949999999999835e-02
-5.494899999999999785e-02
-5.494899999999999785e-02
-5.494899999999999785e-02
-5.494899999999999785e-02
-5.494899999999999785e-02
-5.494899999999999785e-02
-5.494899999999999785e-02
-5.494899999999999785e-02
-5.494899999999999785e-02
-5.494899999999999785e-02
-5.494899999999999785e-02
-5.494899999999999785e-02
-5.494899999999999785e-02
-5.494899999999999785e-02
-5.494899999999999785e-02
-5.494899999999999785e-02
-5.494899999999999785e-02
-5.494899999999999785e-02
-5.494899999999999785e-02
-5.494899999999999785e-02
-5.494899999999999785e-02
-5.494899999999999785e-02
-5.494899999999999785e-02
-5.494899999999999785e-02
-5.494899999999999785e-02
-5.494899999999999785e-02
-5.494899999999999785e-02
-5.494899999999999785e-02
-5.494899999999999785e-02
-5.494899999999999785e-02
-5.494899999999999785e-02
-5.494899999999999785e-02
-5.494899999999999785e-02
-5.494899999999999785e-02
-5.494899999999999785e-02
-5.494899999999999785e-02
-5.494899999999999785e-02
-5.494899999999999785e-02
-5.494899999999999785e-02
-5.494899999999999785e-02
-5.494899999999999785e-02
-5.494899999999999785e-02
-5.494899999999999785e-02
-5.494899999999999785e-02
-5.494899999999999785e-02
-5.494899999999999785e-02
-5.494899999999999785e-02
-5.494899999999999785e-02
-5.494899999999999785e-02
-5.494899999999999785e-02
-5.494899999999999785e-02
-5.494899999999999785e-02
-5.494899999999999785e-02
-5.494899999999999785e-02
-5.494899999999999785e-02
-5.494899999999999785e-02
-5.494899999999999785e-02
-5.494899999999999785e-02
-5.494899999999999785e-02
-5.494899999999999785e-02
-5.494899999999999785e-02
-5.494899999999999785e-02
-5.494899999999999785e-02
-5.494899999999999785e-02
-5.494899999999999785e-02
-5.494899999999999785e-02
-5.494899999999999785e-02
-5.494899999999999785e-02
-5.494899999999999785e-02
-5.494899999999999785e-02
-5.494899999999999785e-02
-5.494899999999999785e-02
-5.494899999999999785e-02
-5.494899999999999785e-02
-5.494899999999999785e-02
-5.494899999999999785e-02
-5.494899999999999785e-02
-5.494899999999999785e-02
-5.494899999999999785e-02
-5.494899999999999785e-02
-5.494899999999999785e-02
-5.494899999999999785e-02
-5.494899999999999785e-02
-5.494899999999999785e-02
-5.494899999999999785e-02
-5.494899999999999785e-02
-5.494899999999999785e-02
-5.494899999999999785e-02
-5.494899999999999785e-02
-5.494899999999999785e-02
-5.494899999999999785e-02
-5.494899999999999785e-02
-5.484649999999999942e-02
-5.484649999999999942e-02
-5.484649999999999942e-02
-5.484649999999999942e-02
-5.484649999999999942e-02
-5.484649999999999942e-02
-5.484649999999999942e-02
-5.484649999999999942e-02
-5.484649999999999942e-02
-5.484649999999999942e-02
-5.484649999999999942e-02
-5.484649999999999942e-02
-5.484649999999999942e-02
-5.484649999999999942e-02
-5.484649999999999942e-02
-5.484649999999999942e-02
-5.484649999999999942e-02
-5.484649999999999942e-02
-5.484649999999999942e-02
-5.484649999999999942e-02
-5.484649999999999942e-02
-5.484649999999999942e-02
-5.484649999999999942e-02
-5.484649999999999942e-02
-5.484649999999999942e-02
-5.484649999999999942e-02
-5.484649999999999942e-02
-5.484599999999999892e-02
-5.484599999999999892e-02
-5.484599999999999892e-02
-5.484599999999999892e-02
-5.484599999999999892e-02
-5.484599999999999892e-02
-5.484599999999999892e-02
-5.484599999999999892e-02
-5.484599999999999892e-02
-5.484599999999999892e-02
-5.484599999999999892e-02
-5.484599999999999892e-02
-5.484599999999999892e-02
-5.484599999999999892e-02
-5.484599999999999892e-02
-5.484599999999999892e-02
-5.484599999999999892e-02
-5.484599999999999892e-02
-5.484599999999999892e-02
-5.484599999999999892e-02
-5.484599999999999892e-02
-5.484599999999999892e-02
-5.484599999999999892e-02
-5.484499999999999792e-02
-5.484499999999999792e-02
-5.484499999999999792e-02
-5.484499999999999792e-02
-5.484499999999999792e-02
-5.484499999999999792e-02
-5.484499999999999792e-02
-5.484499999999999792e-02
-5.484499999999999792e-02
-5.484499999999999792e-02
-5.484499999999999792e-02
-5.484499999999999792e-02
-5.484499999999999792e-02
-5.484499999999999792e-02
-5.484499999999999792e-02
-5.484499999999999792e-02
-5.483500000000000180e-02
-5.483500000000000180e-02
-5.480750000000000205e-02
-5.480750000000000205e-02
-5.480750000000000205e-02
-5.480750000000000205e-02
-5.480750000000000205e-02
-5.480650000000000105e-02
-5.479400000000000243e-02
-5.479350000000000193e-02
-5.479099999999999943e-02
-5.479099999999999943e-02
-5.479099999999999943e-02
-5.479099999999999943e-02
-5.479099999999999943e-02
-5.479099999999999943e-02
-5.479099999999999943e-02
-5.479049999999999893e-02
-5.479049999999999893e-02
-5.479049999999999893e-02
-5.479049999999999893e-02
-5.479049999999999893e-02
-5.479049999999999893e-02
-5.479049999999999893e-02
-5.479049999999999893e-02
-5.479049999999999893e-02
-5.479049999999999893e-02
-5.479049999999999893e-02
-5.479049999999999893e-02
-5.479049999999999893e-02
-5.479049999999999893e-02
-5.479049999999999893e-02
-5.479049999999999893e-02
-5.479049999999999893e-02
-5.479049999999999893e-02
-5.479049999999999893e-02
-5.479049999999999893e-02
-5.475000000000000006e-02
-5.475000000000000006e-02
-5.474949999999999956e-02
-5.474949999999999956e-02
-5.474949999999999956e-02
-5.474949999999999956e-02
-5.474949999999999956e-02
-5.474949999999999956e-02
-5.474899999999999906e-02
-5.474899999999999906e-02
-5.474899999999999906e-02
-5.474899999999999906e-02
-5.474899999999999906e-02
-5.474849999999999856e-02
-5.474849999999999856e-02
-5.474849999999999856e-02
-5.474849999999999856e-02
-5.474849999999999856e-02
-5.474849999999999856e-02
-5.474849999999999856e-02
-5.474849999999999856e-02
-5.474849999999999856e-02
-5.474849999999999856e-02
-5.474849999999999856e-02
-5.474849999999999856e-02
-5.474849999999999856e-02
-5.474849999999999856e-02
-5.474849999999999856e-02
-5.474849999999999856e-02
-5.474849999999999856e-02
-5.474849999999999856e-02
-5.474849999999999856e-02
-5.474849999999999856e-02
-5.474849999999999856e-02
-5.474849999999999856e-02
-5.474849999999999856e-02
-5.474849999999999856e-02
-5.474849999999999856e-02
-5.474849999999999856e-02
-5.474849999999999856e-02
-5.474849999999999856e-02
-5.474849999999999856e-02
-5.474849999999999856e-02
-5.474849999999999856e-02
-5.474849999999999856e-02
-5.474849999999999856e-02
-5.474849999999999856e-02
-5.474749999999999756e-02
-5.474749999999999756e-02
-5.474749999999999756e-02
-5.474749999999999756e-02
-5.474749999999999756e-02
-5.474749999999999756e-02
-5.474749999999999756e-02
-5.474749999999999756e-02
-5.474749999999999756e-02
-5.474749999999999756e-02
-5.474749999999999756e-02
-5.474749999999999756e-02
-5.474749999999999756e-02
-5.474749999999999756e-02
-5.474749999999999756e-02
-5.474749999999999756e-02
-5.474749999999999756e-02
-5.474749999999999756e-02
-5.474749999999999756e-02
-5.474699999999999706e-02
-5.474649999999999656e-02
-5.474649999999999656e-02
-5.474649999999999656e-02
-5.474649999999999656e-02
-5.474649999999999656e-02
-5.474649999999999656e-02
-5.474649999999999656e-02
-5.474649999999999656e-02
-5.474649999999999656e-02
-5.474649999999999656e-02
-5.474649999999999656e-02
-5.474649999999999656e-02
-5.474649999999999656e-02
-5.474649999999999656e-02
-5.474649999999999656e-02
-5.474649999999999656e-02
-5.474649999999999656e-02
-5.474649999999999656e-02
-5.474649999999999656e-02
-5.474649999999999656e-02
-5.474649999999999656e-02
-5.474649999999999656e-02
-5.474649999999999656e-02
-5.474649999999999656e-02
-5.474649999999999656e-02
-5.474649999999999656e-02
-5.474649999999999656e-02
