-2.167225000000000124e-01
-2.167225000000000124e-01
-2.167225000000000124e-01
-2.167225000000000124e-01
-2.167225000000000124e-01
-2.167225000000000124e-01
-2.167225000000000124e-01
-2.167225000000000124e-01
-2.150735000000000008e-01
-2.150735000000000008e-01
-2.139024999999999954e-01
-2.139024999999999954e-01
-2.127094999999999958e-01
-2.127094999999999958e-01
-2.122330000000000050e-01
-2.083704999999999863e-01
-2.083704999999999863e-01
-2.083704999999999863e-01
-2.071415000000000062e-01
-2.058180000000000009e-01
-2.058180000000000009e-01
-2.058180000000000009e-01
-2.058180000000000009e-01
-2.046644999999999992e-01
-2.040375000000000105e-01
-2.032815000000000039e-01
-2.031080000000000108e-01
-2.021459999999999924e-01
-2.021459999999999924e-01
-2.007730000000000070e-01
-2.006300000000000028e-01
-2.004865000000000119e-01
-1.980464999999999864e-01
-1.980459999999999998e-01
-1.979579999999999951e-01
-1.971465000000000023e-01
-1.971465000000000023e-01
-1.953590000000000049e-01
-1.953590000000000049e-01
-1.953590000000000049e-01
-1.950399999999999912e-01
-1.939035000000000064e-01
-1.928535000000000110e-01
-1.928535000000000110e-01
-1.902165000000000106e-01
-1.902165000000000106e-01
-1.902165000000000106e-01
-1.902165000000000106e-01
-1.888694999999999957e-01
-1.881919999999999982e-01
-1.877290000000000070e-01
-1.875189999999999912e-01
-1.874929999999999930e-01
-1.872244999999999882e-01
-1.872044999999999959e-01
-1.858869999999999967e-01
-1.858869999999999967e-01
-1.858285000000000076e-01
-1.852284999999999904e-01
-1.852284999999999904e-01
-1.842650000000000121e-01
-1.833730000000000082e-01
-1.818849999999999911e-01
-1.818849999999999911e-01
-1.818849999999999911e-01
-1.806145000000000111e-01
-1.806145000000000111e-01
-1.806145000000000111e-01
-1.804834999999999912e-01
-1.800700000000000078e-01
-1.783949999999999980e-01
-1.783949999999999980e-01
-1.783949999999999980e-01
-1.781534999999999924e-01
-1.780579999999999941e-01
-1.780579999999999941e-01
-1.774650000000000116e-01
-1.768925000000000081e-01
-1.757019999999999971e-01
-1.757019999999999971e-01
-1.757019999999999971e-01
-1.757019999999999971e-01
-1.753580000000000139e-01
-1.747344999999999871e-01
-1.738165000000000127e-01
-1.738165000000000127e-01
-1.736080000000000123e-01
-1.732249999999999901e-01
-1.732249999999999901e-01
-1.731270000000000031e-01
-1.731010000000000049e-01
-1.721620000000000095e-01
-1.721620000000000095e-01
-1.718004999999999949e-01
-1.717039999999999955e-01
-1.712609999999999966e-01
-1.712210000000000121e-01
-1.711959999999999871e-01
-1.701485000000000081e-01
-1.701485000000000081e-01
-1.698800000000000032e-01
-1.698800000000000032e-01
-1.691590000000000038e-01
-1.691590000000000038e-01
-1.682649999999999979e-01
-1.682649999999999979e-01
-1.680689999999999962e-01
-1.679775000000000018e-01
-1.678070000000000117e-01
-1.673550000000000038e-01
-1.667949999999999988e-01
-1.667949999999999988e-01
-1.664090000000000014e-01
-1.662820000000000131e-01
-1.654635000000000133e-01
-1.654635000000000133e-01
-1.653830000000000022e-01
-1.653459999999999930e-01
-1.649720000000000075e-01
-1.640614999999999990e-01
-1.640310000000000101e-01
-1.636009999999999964e-01
-1.632029999999999870e-01
-1.632029999999999870e-01
-1.621589999999999976e-01
-1.621589999999999976e-01
-1.621104999999999907e-01
-1.621104999999999907e-01
-1.618169999999999886e-01
-1.615995000000000070e-01
-1.614269999999999872e-01
-1.612705000000000111e-01
-1.612705000000000111e-01
-1.602870000000000128e-01
-1.602870000000000128e-01
-1.602870000000000128e-01
-1.602870000000000128e-01
-1.601299999999999946e-01
-1.593110000000000082e-01
-1.585419999999999885e-01
-1.585419999999999885e-01
-1.585419999999999885e-01
-1.585419999999999885e-01
-1.576164999999999927e-01
-1.576164999999999927e-01
-1.576164999999999927e-01
-1.573700000000000099e-01
-1.573035000000000128e-01
-1.564284999999999981e-01
-1.564284999999999981e-01
-1.562324999999999964e-01
-1.559030000000000138e-01
-1.558454999999999979e-01
-1.554099999999999926e-01
-1.554099999999999926e-01
-1.554099999999999926e-01
-1.550310000000000021e-01
-1.548420000000000074e-01
-1.538609999999999978e-01
-1.538609999999999978e-01
-1.538609999999999978e-01
-1.538609999999999978e-01
-1.538609999999999978e-01
-1.538609999999999978e-01
-1.532074999999999965e-01
-1.530489999999999906e-01
-1.530489999999999906e-01
-1.530235000000000067e-01
-1.526224999999999943e-01
-1.523009999999999919e-01
-1.517954999999999999e-01
-1.517954999999999999e-01
-1.515815000000000079e-01
-1.514284999999999937e-01
-1.512060000000000071e-01
-1.510384999999999922e-01
-1.509699999999999931e-01
-1.509355000000000002e-01
-1.504215000000000135e-01
-1.504215000000000135e-01
-1.500390000000000057e-01
-1.500390000000000057e-01
-1.500390000000000057e-01
-1.496335000000000026e-01
-1.496335000000000026e-01
-1.496335000000000026e-01
-1.495565000000000089e-01
-1.495565000000000089e-01
-1.495565000000000089e-01
-1.481375000000000053e-01
-1.481375000000000053e-01
-1.481375000000000053e-01
-1.481375000000000053e-01
-1.481375000000000053e-01
-1.468569999999999875e-01
-1.468569999999999875e-01
-1.468569999999999875e-01
-1.468569999999999875e-01
-1.468569999999999875e-01
-1.466079999999999883e-01
-1.465114999999999890e-01
-1.463184999999999902e-01
-1.463184999999999902e-01
-1.456735000000000113e-01
-1.456735000000000113e-01
-1.456735000000000113e-01
-1.455619999999999969e-01
-1.454830000000000012e-01
-1.453039999999999887e-01
-1.448325000000000029e-01
-1.445255000000000012e-01
-1.445255000000000012e-01
-1.443435000000000135e-01
-1.440845000000000042e-01
-1.440365000000000117e-01
-1.440365000000000117e-01
-1.437015000000000098e-01
-1.437015000000000098e-01
-1.437015000000000098e-01
-1.437015000000000098e-01
-1.435869999999999924e-01
-1.434960000000000124e-01
-1.432819999999999927e-01
-1.432589999999999975e-01
-1.427795000000000036e-01
-1.424904999999999922e-01
-1.420480000000000076e-01
-1.420480000000000076e-01
-1.420480000000000076e-01
-1.419989999999999863e-01
-1.419989999999999863e-01
-1.418145000000000100e-01
-1.417940000000000034e-01
-1.417940000000000034e-01
-1.409815000000000096e-01
-1.409815000000000096e-01
-1.409815000000000096e-01
-1.408600000000000130e-01
-1.408600000000000130e-01
-1.408129999999999937e-01
-1.408129999999999937e-01
-1.404525000000000079e-01
-1.404525000000000079e-01
-1.404525000000000079e-01
-1.399594999999999867e-01
-1.399594999999999867e-01
-1.398540000000000061e-01
-1.397615000000000107e-01
-1.394450000000000134e-01
-1.394450000000000134e-01
-1.394450000000000134e-01
-1.393359999999999876e-01
-1.393359999999999876e-01
-1.391499999999999959e-01
-1.391499999999999959e-01
-1.386074999999999946e-01
-1.386074999999999946e-01
-1.384920000000000040e-01
-1.384465000000000001e-01
-1.384465000000000001e-01
-1.381660000000000110e-01
-1.381314999999999904e-01
-1.381314999999999904e-01
-1.374910000000000021e-01
-1.372414999999999885e-01
-1.372414999999999885e-01
-1.372414999999999885e-01
-1.370375000000000065e-01
-1.369015000000000093e-01
-1.369015000000000093e-01
-1.369015000000000093e-01
-1.367504999999999971e-01
-1.359654999999999891e-01
-1.358155000000000057e-01
-1.358155000000000057e-01
-1.358155000000000057e-01
-1.357540000000000135e-01
-1.357065000000000077e-01
-1.355945000000000067e-01
-1.355629999999999891e-01
-1.355224999999999902e-01
-1.355055000000000009e-01
-1.354239999999999888e-01
-1.351990000000000136e-01
-1.351990000000000136e-01
-1.351289999999999991e-01
-1.350915000000000032e-01
-1.350915000000000032e-01
-1.350915000000000032e-01
-1.348660000000000136e-01
-1.346874999999999878e-01
-1.346555000000000113e-01
-1.346555000000000113e-01
-1.345310000000000117e-01
-1.344849999999999934e-01
-1.340230000000000032e-01
-1.340230000000000032e-01
-1.340230000000000032e-01
-1.340230000000000032e-01
-1.339164999999999939e-01
-1.339164999999999939e-01
-1.339164999999999939e-01
-1.338755000000000084e-01
-1.338755000000000084e-01
-1.335935000000000039e-01
-1.335385000000000044e-01
-1.333670000000000133e-01
-1.333670000000000133e-01
-1.333670000000000133e-01
-1.331859999999999988e-01
-1.331859999999999988e-01
-1.331380000000000063e-01
-1.328950000000000131e-01
-1.328950000000000131e-01
-1.328000000000000014e-01
-1.325340000000000129e-01
-1.325340000000000129e-01
-1.325340000000000129e-01
-1.325340000000000129e-01
-1.324819999999999887e-01
-1.324289999999999912e-01
-1.323864999999999903e-01
-1.321160000000000112e-01
-1.318064999999999931e-01
-1.318064999999999931e-01
-1.318064999999999931e-01
-1.318064999999999931e-01
-1.316549999999999943e-01
-1.315759999999999985e-01
-1.315759999999999985e-01
-1.315759999999999985e-01
-1.313134999999999997e-01
-1.313134999999999997e-01
-1.310830000000000051e-01
-1.310830000000000051e-01
-1.310830000000000051e-01
-1.310830000000000051e-01
-1.310830000000000051e-01
-1.307715000000000127e-01
-1.307715000000000127e-01
-1.307715000000000127e-01
-1.307715000000000127e-01
-1.306704999999999950e-01
-1.306704999999999950e-01
-1.305669999999999886e-01
-1.304939999999999989e-01
-1.304450000000000054e-01
-1.303574999999999873e-01
-1.301350000000000007e-01
-1.301350000000000007e-01
-1.301350000000000007e-01
-1.300695000000000046e-01
-1.300554999999999906e-01
-1.294740000000000058e-01
-1.294740000000000058e-01
-1.294740000000000058e-01
-1.294740000000000058e-01
-1.294740000000000058e-01
-1.294545000000000001e-01
-1.293390000000000095e-01
-1.293390000000000095e-01
-1.293390000000000095e-01
-1.292544999999999944e-01
-1.290415000000000034e-01
-1.290415000000000034e-01
-1.290415000000000034e-01
-1.286829999999999918e-01
-1.286130000000000051e-01
-1.286130000000000051e-01
-1.285125000000000017e-01
-1.285125000000000017e-01
-1.285125000000000017e-01
-1.285125000000000017e-01
-1.282524999999999915e-01
-1.279160000000000019e-01
-1.279160000000000019e-01
-1.279160000000000019e-01
-1.279160000000000019e-01
-1.279160000000000019e-01
-1.279160000000000019e-01
-1.279160000000000019e-01
-1.279160000000000019e-01
-1.277419999999999944e-01
-1.277419999999999944e-01
-1.275904999999999956e-01
-1.275904999999999956e-01
-1.275904999999999956e-01
-1.272770000000000012e-01
-1.272770000000000012e-01
-1.272770000000000012e-01
-1.272770000000000012e-01
-1.272770000000000012e-01
-1.267884999999999984e-01
-1.267884999999999984e-01
-1.267884999999999984e-01
-1.267830000000000068e-01
-1.267774999999999874e-01
-1.267054999999999987e-01
-1.267054999999999987e-01
-1.263724999999999987e-01
-1.263724999999999987e-01
-1.262800000000000034e-01
-1.262725000000000097e-01
-1.260509999999999964e-01
-1.260509999999999964e-01
-1.260509999999999964e-01
-1.260509999999999964e-01
-1.260509999999999964e-01
-1.259905000000000053e-01
-1.259905000000000053e-01
-1.259905000000000053e-01
-1.259905000000000053e-01
-1.259905000000000053e-01
-1.259905000000000053e-01
-1.257409999999999917e-01
-1.257409999999999917e-01
-1.256790000000000129e-01
-1.256514999999999993e-01
-1.256514999999999993e-01
-1.256339999999999957e-01
-1.256134999999999891e-01
-1.255415000000000003e-01
-1.250209999999999932e-01
-1.250209999999999932e-01
-1.250209999999999932e-01
-1.250209999999999932e-01
-1.250209999999999932e-01
-1.250209999999999932e-01
-1.249934999999999935e-01
-1.249934999999999935e-01
-1.249765000000000043e-01
-1.249164999999999998e-01
-1.249164999999999998e-01
-1.249164999999999998e-01
-1.248910000000000020e-01
-1.248780000000000029e-01
-1.247334999999999972e-01
-1.244244999999999934e-01
-1.244244999999999934e-01
-1.244244999999999934e-01
-1.244244999999999934e-01
-1.242565000000000058e-01
-1.242565000000000058e-01
-1.242020000000000068e-01
-1.240699999999999997e-01
-1.240699999999999997e-01
-1.240699999999999997e-01
-1.240699999999999997e-01
-1.237079999999999985e-01
-1.237079999999999985e-01
-1.237079999999999985e-01
-1.237079999999999985e-01
-1.237079999999999985e-01
-1.237079999999999985e-01
-1.237079999999999985e-01
-1.235834999999999989e-01
-1.234890000000000015e-01
-1.234890000000000015e-01
-1.233614999999999989e-01
-1.232874999999999943e-01
-1.232874999999999943e-01
-1.232874999999999943e-01
-1.231595000000000051e-01
-1.229979999999999962e-01
-1.229979999999999962e-01
-1.229979999999999962e-01
-1.229650000000000049e-01
-1.229554999999999954e-01
-1.228935000000000027e-01
-1.228935000000000027e-01
-1.226539999999999991e-01
-1.226539999999999991e-01
-1.226539999999999991e-01
-1.225615000000000038e-01
-1.225615000000000038e-01
-1.225615000000000038e-01
-1.225615000000000038e-01
-1.225615000000000038e-01
-1.225615000000000038e-01
-1.224475000000000008e-01
-1.223764999999999992e-01
-1.223764999999999992e-01
-1.223764999999999992e-01
-1.223764999999999992e-01
-1.223405000000000048e-01
-1.223385000000000028e-01
-1.222359999999999974e-01
-1.222359999999999974e-01
-1.222084999999999977e-01
-1.221340000000000064e-01
-1.219989999999999963e-01
-1.219989999999999963e-01
-1.219989999999999963e-01
-1.219989999999999963e-01
-1.219444999999999973e-01
-1.218920000000000003e-01
-1.218574999999999936e-01
-1.218574999999999936e-01
-1.218565000000000065e-01
-1.217369999999999980e-01
-1.217369999999999980e-01
-1.215854999999999991e-01
-1.215854999999999991e-01
-1.215854999999999991e-01
-1.215854999999999991e-01
-1.215854999999999991e-01
-1.215630000000000044e-01
-1.214964999999999934e-01
-1.214964999999999934e-01
-1.214964999999999934e-01
-1.214839999999999948e-01
-1.213555000000000050e-01
-1.213555000000000050e-01
-1.213555000000000050e-01
-1.212464999999999932e-01
-1.212464999999999932e-01
-1.212464999999999932e-01
-1.212464999999999932e-01
-1.212464999999999932e-01
-1.210335000000000022e-01
-1.209765000000000007e-01
-1.209765000000000007e-01
-1.209765000000000007e-01
-1.208425000000000055e-01
-1.208425000000000055e-01
-1.207339999999999941e-01
-1.207339999999999941e-01
-1.207275000000000015e-01
-1.206544999999999979e-01
-1.206544999999999979e-01
-1.205849999999999977e-01
-1.205849999999999977e-01
-1.205849999999999977e-01
-1.205849999999999977e-01
-1.205849999999999977e-01
-1.204064999999999996e-01
-1.204064999999999996e-01
-1.204064999999999996e-01
-1.204064999999999996e-01
-1.204064999999999996e-01
-1.203395000000000020e-01
-1.203395000000000020e-01
-1.202109999999999984e-01
-1.200309999999999988e-01
-1.200309999999999988e-01
-1.200309999999999988e-01
-1.200060000000000016e-01
-1.200060000000000016e-01
-1.200060000000000016e-01
-1.199495000000000006e-01
-1.199495000000000006e-01
-1.199469999999999981e-01
-1.199469999999999981e-01
-1.198425000000000046e-01
-1.198425000000000046e-01
-1.198425000000000046e-01
-1.198425000000000046e-01
-1.198425000000000046e-01
-1.197669999999999985e-01
-1.197669999999999985e-01
-1.197669999999999985e-01
-1.197590000000000043e-01
-1.194854999999999945e-01
-1.194854999999999945e-01
-1.194854999999999945e-01
-1.194854999999999945e-01
-1.194854999999999945e-01
-1.194854999999999945e-01
-1.194854999999999945e-01
-1.194854999999999945e-01
-1.194854999999999945e-01
-1.194854999999999945e-01
-1.194854999999999945e-01
-1.194854999999999945e-01
-1.193779999999999980e-01
-1.193779999999999980e-01
-1.193779999999999980e-01
-1.193779999999999980e-01
-1.193250000000000005e-01
-1.192814999999999986e-01
-1.192814999999999986e-01
-1.192814999999999986e-01
-1.191099999999999937e-01
-1.191099999999999937e-01
-1.191099999999999937e-01
-1.191099999999999937e-01
-1.190304999999999974e-01
-1.190304999999999974e-01
-1.190304999999999974e-01
-1.190304999999999974e-01
-1.190304999999999974e-01
-1.190304999999999974e-01
-1.190304999999999974e-01
-1.189199999999999979e-01
-1.188030000000000058e-01
-1.186679999999999957e-01
-1.186679999999999957e-01
-1.186679999999999957e-01
-1.186679999999999957e-01
-1.186679999999999957e-01
-1.186679999999999957e-01
-1.186569999999999986e-01
-1.186569999999999986e-01
-1.186119999999999952e-01
-1.185260000000000064e-01
-1.184940000000000021e-01
-1.184940000000000021e-01
-1.184940000000000021e-01
-1.184940000000000021e-01
-1.183975000000000027e-01
-1.183975000000000027e-01
-1.182475000000000054e-01
-1.182475000000000054e-01
-1.182475000000000054e-01
-1.182475000000000054e-01
-1.182475000000000054e-01
-1.182475000000000054e-01
-1.182475000000000054e-01
-1.182379999999999959e-01
-1.182379999999999959e-01
-1.182379999999999959e-01
-1.182259999999999978e-01
-1.181949999999999945e-01
-1.180930000000000035e-01
-1.180525000000000047e-01
-1.180525000000000047e-01
-1.180525000000000047e-01
-1.180525000000000047e-01
-1.180525000000000047e-01
-1.180525000000000047e-01
-1.179479999999999973e-01
-1.179479999999999973e-01
-1.179479999999999973e-01
-1.179479999999999973e-01
-1.179479999999999973e-01
-1.179479999999999973e-01
-1.176989999999999981e-01
-1.176989999999999981e-01
-1.176989999999999981e-01
-1.176989999999999981e-01
-1.176989999999999981e-01
-1.176989999999999981e-01
-1.176989999999999981e-01
-1.176989999999999981e-01
-1.174489999999999978e-01
-1.174489999999999978e-01
-1.174489999999999978e-01
-1.174489999999999978e-01
-1.174489999999999978e-01
-1.174489999999999978e-01
-1.174489999999999978e-01
-1.174309999999999937e-01
-1.174280000000000046e-01
-1.172465000000000035e-01
-1.172465000000000035e-01
-1.171269999999999950e-01
-1.171269999999999950e-01
-1.171269999999999950e-01
-1.171269999999999950e-01
-1.171269999999999950e-01
-1.171269999999999950e-01
-1.171269999999999950e-01
-1.171269999999999950e-01
-1.171269999999999950e-01
-1.171230000000000049e-01
-1.170240000000000030e-01
-1.170240000000000030e-01
-1.170154999999999945e-01
-1.169685000000000030e-01
-1.169685000000000030e-01
-1.169634999999999980e-01
-1.169634999999999980e-01
-1.169634999999999980e-01
-1.169319999999999943e-01
-1.169125000000000025e-01
-1.169125000000000025e-01
-1.165619999999999989e-01
-1.165619999999999989e-01
-1.165594999999999964e-01
-1.165594999999999964e-01
-1.165594999999999964e-01
-1.165059999999999985e-01
-1.165059999999999985e-01
-1.165059999999999985e-01
-1.164965000000000028e-01
-1.164965000000000028e-01
-1.164940000000000003e-01
-1.164454999999999935e-01
-1.164454999999999935e-01
-1.163005000000000011e-01
-1.163005000000000011e-01
-1.163005000000000011e-01
-1.163005000000000011e-01
-1.163005000000000011e-01
-1.163005000000000011e-01
-1.161964999999999942e-01
-1.161964999999999942e-01
-1.161964999999999942e-01
-1.161869999999999986e-01
-1.161869999999999986e-01
-1.161510000000000042e-01
-1.161414999999999947e-01
-1.161414999999999947e-01
-1.161414999999999947e-01
-1.161264999999999936e-01
-1.159825000000000023e-01
-1.159825000000000023e-01
-1.159825000000000023e-01
-1.159825000000000023e-01
-1.159825000000000023e-01
-1.159825000000000023e-01
-1.158964999999999995e-01
-1.158964999999999995e-01
-1.158934999999999965e-01
-1.158850000000000019e-01
-1.158850000000000019e-01
-1.158850000000000019e-01
-1.158850000000000019e-01
-1.158695000000000003e-01
-1.158695000000000003e-01
-1.157819999999999960e-01
-1.157819999999999960e-01
-1.157394999999999952e-01
-1.157394999999999952e-01
-1.157394999999999952e-01
-1.157394999999999952e-01
-1.157374999999999932e-01
-1.157374999999999932e-01
-1.157289999999999985e-01
-1.157289999999999985e-01
-1.157289999999999985e-01
-1.157035000000000008e-01
-1.155584999999999946e-01
-1.155584999999999946e-01
-1.154749999999999943e-01
-1.154749999999999943e-01
-1.154749999999999943e-01
-1.154749999999999943e-01
-1.154749999999999943e-01
-1.154749999999999943e-01
-1.154749999999999943e-01
-1.154749999999999943e-01
-1.153374999999999956e-01
-1.153374999999999956e-01
-1.153170000000000028e-01
-1.153170000000000028e-01
-1.153170000000000028e-01
-1.152809999999999946e-01
-1.152809999999999946e-01
-1.152809999999999946e-01
-1.152549999999999963e-01
-1.152549999999999963e-01
-1.152549999999999963e-01
-1.151815000000000061e-01
-1.151815000000000061e-01
-1.151815000000000061e-01
-1.151815000000000061e-01
-1.151815000000000061e-01
-1.151815000000000061e-01
-1.151815000000000061e-01
-1.151615000000000000e-01
-1.151235000000000036e-01
-1.151235000000000036e-01
-1.151235000000000036e-01
-1.151235000000000036e-01
-1.150754999999999972e-01
-1.150754999999999972e-01
-1.150754999999999972e-01
-1.150494999999999990e-01
-1.149784999999999974e-01
-1.149784999999999974e-01
-1.149784999999999974e-01
-1.149509999999999976e-01
-1.149509999999999976e-01
-1.149509999999999976e-01
-1.149509999999999976e-01
-1.149509999999999976e-01
-1.149509999999999976e-01
-1.149440000000000045e-01
-1.149440000000000045e-01
-1.148465000000000041e-01
-1.148465000000000041e-01
-1.148465000000000041e-01
-1.148465000000000041e-01
-1.148465000000000041e-01
-1.148465000000000041e-01
-1.148195000000000049e-01
-1.148195000000000049e-01
-1.148195000000000049e-01
-1.148099999999999954e-01
-1.147809999999999941e-01
-1.147809999999999941e-01
-1.147745000000000015e-01
-1.147559999999999969e-01
-1.147350000000000037e-01
-1.147350000000000037e-01
-1.147060000000000024e-01
-1.147060000000000024e-01
-1.147060000000000024e-01
-1.146829999999999933e-01
-1.146545000000000064e-01
-1.145670000000000022e-01
-1.145670000000000022e-01
-1.145589999999999942e-01
-1.145589999999999942e-01
-1.144850000000000034e-01
-1.144850000000000034e-01
-1.144850000000000034e-01
-1.144850000000000034e-01
-1.144715000000000038e-01
-1.144715000000000038e-01
-1.144234999999999974e-01
-1.144234999999999974e-01
-1.144234999999999974e-01
-1.144234999999999974e-01
-1.144234999999999974e-01
-1.143694999999999989e-01
-1.143694999999999989e-01
-1.143509999999999943e-01
-1.143509999999999943e-01
-1.143509999999999943e-01
-1.143509999999999943e-01
-1.143509999999999943e-01
-1.143509999999999943e-01
-1.143205000000000054e-01
-1.142380000000000062e-01
-1.142380000000000062e-01
-1.141994999999999955e-01
-1.141994999999999955e-01
-1.141970000000000068e-01
-1.141970000000000068e-01
-1.141970000000000068e-01
-1.141945000000000043e-01
-1.140999999999999931e-01
-1.140999999999999931e-01
-1.140999999999999931e-01
-1.140999999999999931e-01
-1.140999999999999931e-01
-1.140999999999999931e-01
-1.140999999999999931e-01
-1.140950000000000020e-01
-1.140950000000000020e-01
-1.140950000000000020e-01
-1.140950000000000020e-01
-1.140950000000000020e-01
-1.140515000000000001e-01
-1.140224999999999989e-01
-1.140224999999999989e-01
-1.140224999999999989e-01
-1.140105000000000007e-01
-1.140105000000000007e-01
-1.140105000000000007e-01
-1.140105000000000007e-01
-1.140105000000000007e-01
-1.140105000000000007e-01
-1.140105000000000007e-01
-1.140064999999999967e-01
-1.140064999999999967e-01
-1.139015000000000027e-01
-1.139015000000000027e-01
-1.139015000000000027e-01
-1.139015000000000027e-01
-1.139015000000000027e-01
-1.139015000000000027e-01
-1.139015000000000027e-01
-1.138710000000000000e-01
-1.138710000000000000e-01
-1.138710000000000000e-01
-1.138710000000000000e-01
-1.138450000000000017e-01
-1.138450000000000017e-01
-1.138445000000000012e-01
-1.137665000000000065e-01
-1.137665000000000065e-01
-1.137665000000000065e-01
-1.137665000000000065e-01
-1.137559999999999960e-01
-1.137110000000000065e-01
-1.137110000000000065e-01
-1.137110000000000065e-01
-1.137110000000000065e-01
-1.137110000000000065e-01
-1.137110000000000065e-01
-1.137024999999999980e-01
-1.137024999999999980e-01
-1.136920000000000014e-01
-1.136920000000000014e-01
-1.136904999999999999e-01
-1.136699999999999933e-01
-1.136699999999999933e-01
-1.136699999999999933e-01
-1.136699999999999933e-01
-1.136699999999999933e-01
-1.136495000000000005e-01
-1.136495000000000005e-01
-1.136444999999999955e-01
-1.136355000000000004e-01
-1.136284999999999934e-01
-1.136284999999999934e-01
-1.135054999999999953e-01
-1.135054999999999953e-01
-1.135054999999999953e-01
-1.135054999999999953e-01
-1.135054999999999953e-01
-1.135054999999999953e-01
-1.134544999999999998e-01
-1.134544999999999998e-01
-1.134544999999999998e-01
-1.134544999999999998e-01
-1.134544999999999998e-01
-1.134544999999999998e-01
-1.134544999999999998e-01
-1.134544999999999998e-01
-1.134544999999999998e-01
-1.134270000000000000e-01
-1.134270000000000000e-01
-1.134264999999999995e-01
-1.133939999999999948e-01
-1.133939999999999948e-01
-1.133279999999999982e-01
-1.133279999999999982e-01
-1.133279999999999982e-01
-1.133279999999999982e-01
-1.133259999999999962e-01
-1.133234999999999937e-01
-1.132979999999999959e-01
-1.132979999999999959e-01
-1.132979999999999959e-01
-1.132255000000000067e-01
-1.132255000000000067e-01
-1.132255000000000067e-01
-1.132255000000000067e-01
-1.132255000000000067e-01
-1.132255000000000067e-01
-1.132255000000000067e-01
-1.132255000000000067e-01
-1.132255000000000067e-01
-1.132255000000000067e-01
-1.132250000000000062e-01
-1.131564999999999932e-01
-1.131564999999999932e-01
-1.131564999999999932e-01
-1.131564999999999932e-01
-1.131564999999999932e-01
-1.131275000000000058e-01
-1.130850000000000050e-01
-1.130850000000000050e-01
-1.130850000000000050e-01
-1.130850000000000050e-01
-1.130850000000000050e-01
-1.130850000000000050e-01
-1.130850000000000050e-01
-1.130850000000000050e-01
-1.130445000000000061e-01
-1.130445000000000061e-01
-1.130445000000000061e-01
-1.130035000000000067e-01
-1.130035000000000067e-01
-1.130035000000000067e-01
-1.130035000000000067e-01
-1.130035000000000067e-01
-1.130035000000000067e-01
-1.130035000000000067e-01
-1.129929999999999962e-01
-1.129929999999999962e-01
-1.129914999999999947e-01
-1.129794999999999966e-01
-1.129730000000000040e-01
-1.129715000000000025e-01
-1.128920000000000062e-01
-1.128920000000000062e-01
-1.128920000000000062e-01
-1.128819999999999962e-01
-1.128819999999999962e-01
-1.128819999999999962e-01
-1.128819999999999962e-01
-1.128819999999999962e-01
-1.128819999999999962e-01
-1.128809999999999952e-01
-1.128804999999999947e-01
-1.128799999999999942e-01
-1.128419999999999979e-01
-1.128419999999999979e-01
-1.128085000000000060e-01
-1.128085000000000060e-01
-1.128085000000000060e-01
-1.128085000000000060e-01
-1.128085000000000060e-01
-1.128085000000000060e-01
-1.128085000000000060e-01
-1.128085000000000060e-01
-1.128085000000000060e-01
-1.127065000000000011e-01
-1.127065000000000011e-01
-1.127065000000000011e-01
-1.127065000000000011e-01
-1.126960000000000045e-01
-1.126960000000000045e-01
-1.126960000000000045e-01
-1.126085000000000003e-01
