9.633376776192807966e-01
4.887080357279835474e-02
2.952219061245283660e-01
9.779216055168299393e-01
4.515568169908740215e-02
1.207489304406919317e-01
9.782745321916321846e-01
6.063543144111956107e-02
6.442940093996980533e-01
9.794919264866277508e-01
3.890171318308988102e-02
2.870010893940553309e-01
9.743047404796281175e-01
4.736953215488132196e-02
4.746681442835818943e-01
9.768173080111198781e-01
3.237491722813484046e-02
7.107072619939458491e-01
9.828784064754045868e-01
3.727333153289472123e-02
4.261480224401516526e-01
9.756748042075861216e-01
3.600173319757826035e-02
8.024099238538938694e-01
9.640319183992459573e-01
3.447619149918335069e-02
9.404424822536630035e-01
9.869390996443111463e-01
3.880121899239005745e-02
7.551871188603392904e-01
9.658060083076746016e-01
3.281328818603451020e-02
9.258575845573401297e-01
9.806791730483671587e-01
5.015432425135073202e-02
2.117728846494290884e-01
9.907879292267988136e-01
3.626336038120792082e-03
6.231195597941863173e-01
9.649309026899575148e-01
2.936500251510817255e-02
8.288901775684747175e-01
9.744258380262322827e-01
3.582064808916993193e-02
4.500971737194742195e-01
9.805617989123579514e-01
3.238432904210941654e-02
7.504613658208966198e-01
9.921938334813485971e-01
3.713395723900006495e-02
1.520509727720852355e-01
9.835338196201695027e-01
3.397788976553016427e-02
3.698446805167239226e-01
9.765588424992536210e-01
4.884358326575458792e-02
8.896997538257738203e-01
9.786760119527266877e-01
4.322223959826275441e-02
7.030576852048702197e-01
9.838604194531176406e-01
4.210217826763064386e-02
1.063417921454261617e-01
9.859142433107863646e-01
3.147418568101606473e-02
4.093541888043096821e-01
9.855195931732194659e-01
4.786708202625220010e-02
3.803790226779957262e-01
9.820883360901351278e-01
3.967891020129837160e-02
2.877099413599562006e-01
9.813396937133604947e-01
6.568792830817987705e-03
3.850889977459078795e-01
9.909640620220827589e-01
2.151008121006291532e-02
6.622164656965180418e-01
9.783726168685267233e-01
4.254587874580860463e-02
8.476774410420720995e-01
9.628505182513382721e-01
5.456517461000871816e-02
4.258255944364191525e-01
9.840647155694319803e-01
3.359585909362806933e-02
1.965505222332306623e-01
9.975329164251152125e-01
4.385140699333030245e-02
5.471883770541063896e-01
