-4.864430000000000143e-01
-4.864430000000000143e-01
-4.864430000000000143e-01
-4.864430000000000143e-01
-4.864430000000000143e-01
-4.864430000000000143e-01
-4.738390000000000102e-01
-3.924520000000000231e-01
-3.821599999999999997e-01
-3.821599999999999997e-01
-3.676654999999999784e-01
-3.530570000000000097e-01
-3.432729999999999948e-01
-2.972164999999999946e-01
-2.972164999999999946e-01
-2.855500000000000260e-01
-2.714130000000000154e-01
-2.613604999999999956e-01
-2.507085000000000008e-01
-2.457399999999999862e-01
-2.419604999999999950e-01
-2.314134999999999942e-01
-2.281664999999999943e-01
-2.281664999999999943e-01
-2.230634999999999979e-01
-2.230634999999999979e-01
-2.172139999999999904e-01
-2.172139999999999904e-01
-2.145650000000000057e-01
-2.135330000000000006e-01
-2.130350000000000021e-01
-2.120329999999999993e-01
-2.085579999999999934e-01
-2.076210000000000000e-01
-2.075275000000000036e-01
-2.029594999999999871e-01
-2.012700000000000045e-01
-1.987095000000000111e-01
-1.904174999999999895e-01
-1.904174999999999895e-01
-1.754310000000000036e-01
-1.754310000000000036e-01
-1.748915000000000053e-01
-1.724499999999999922e-01
-1.724314999999999876e-01
-1.688044999999999962e-01
-1.629750000000000087e-01
-1.629750000000000087e-01
-1.627724999999999866e-01
-1.592330000000000134e-01
-1.592330000000000134e-01
-1.592330000000000134e-01
-1.555719999999999881e-01
-1.555719999999999881e-01
-1.555719999999999881e-01
-1.530255000000000087e-01
-1.515704999999999969e-01
-1.507310000000000039e-01
-1.507310000000000039e-01
-1.471844999999999959e-01
-1.471844999999999959e-01
-1.471455000000000124e-01
-1.459405000000000008e-01
-1.452654999999999919e-01
-1.449124999999999996e-01
-1.432055000000000133e-01
-1.417845000000000077e-01
-1.392700000000000049e-01
-1.392700000000000049e-01
-1.386165000000000036e-01
-1.375504999999999922e-01
-1.358610000000000095e-01
-1.354555000000000065e-01
-1.344394999999999896e-01
-1.339724999999999944e-01
-1.325385000000000035e-01
-1.318219999999999947e-01
-1.318219999999999947e-01
-1.309905000000000097e-01
-1.282574999999999965e-01
-1.278984999999999983e-01
-1.278984999999999983e-01
-1.267739999999999978e-01
-1.267320000000000113e-01
-1.254949999999999954e-01
-1.254949999999999954e-01
-1.231494999999999951e-01
-1.231494999999999951e-01
-1.221219999999999944e-01
-1.211544999999999983e-01
-1.211544999999999983e-01
-1.204680000000000056e-01
-1.186890000000000028e-01
-1.176200000000000023e-01
-1.176200000000000023e-01
-1.152814999999999951e-01
-1.152814999999999951e-01
-1.138544999999999974e-01
-1.123559999999999975e-01
-1.113075000000000037e-01
-1.113075000000000037e-01
-1.113075000000000037e-01
-1.113075000000000037e-01
-1.109850000000000003e-01
-1.107825000000000060e-01
-1.091970000000000024e-01
-1.089959999999999957e-01
-1.082059999999999966e-01
-1.080460000000000031e-01
-1.066649999999999959e-01
-1.066369999999999957e-01
-1.057695000000000024e-01
-1.053769999999999984e-01
-1.035890000000000005e-01
-1.035890000000000005e-01
-1.035890000000000005e-01
-1.033469999999999944e-01
-1.030264999999999931e-01
-1.027529999999999971e-01
-1.020790000000000031e-01
-1.010599999999999971e-01
-9.917399999999999827e-02
-9.917399999999999827e-02
-9.917399999999999827e-02
-9.875499999999999556e-02
-9.875499999999999556e-02
-9.847250000000000447e-02
-9.752850000000000408e-02
-9.628899999999999959e-02
-9.628899999999999959e-02
-9.346550000000000691e-02
-9.346550000000000691e-02
-9.342949999999999866e-02
-9.342949999999999866e-02
-9.185400000000000509e-02
-8.922950000000000326e-02
-8.922950000000000326e-02
-8.877899999999999681e-02
-8.877899999999999681e-02
-8.877899999999999681e-02
-8.795550000000000590e-02
-8.708849999999999925e-02
-8.708849999999999925e-02
-8.671800000000000341e-02
-8.644150000000000444e-02
-8.575900000000000190e-02
-8.562799999999999578e-02
-8.538850000000000606e-02
-8.355300000000000227e-02
-8.355300000000000227e-02
-8.355300000000000227e-02
-8.307749999999999857e-02
-8.244500000000000439e-02
-8.156199999999999561e-02
-8.156199999999999561e-02
-8.151849999999999374e-02
-8.146050000000000513e-02
-8.085649999999999782e-02
-8.057250000000000523e-02
-8.016299999999999815e-02
-8.016299999999999815e-02
-7.973550000000000082e-02
-7.943050000000000110e-02
-7.921699999999999575e-02
-7.880449999999999955e-02
-7.875150000000000206e-02
-7.628050000000000108e-02
-7.628050000000000108e-02
-7.628050000000000108e-02
-7.628050000000000108e-02
-7.628050000000000108e-02
-7.628050000000000108e-02
-7.568099999999999827e-02
-7.515750000000000208e-02
-7.509299999999999309e-02
-7.484549999999999537e-02
-7.296700000000000408e-02
-7.296700000000000408e-02
-7.296700000000000408e-02
-7.296700000000000408e-02
-7.168199999999999572e-02
-7.142950000000000688e-02
-7.070300000000000196e-02
-7.050349999999999673e-02
-6.985249999999999793e-02
-6.922399999999999387e-02
-6.851350000000000495e-02
-6.851350000000000495e-02
-6.836150000000000559e-02
-6.674900000000000277e-02
-6.620850000000000346e-02
-6.617750000000000021e-02
-6.617750000000000021e-02
-6.600399999999999323e-02
-6.598249999999999948e-02
-6.563249999999999640e-02
-6.563249999999999640e-02
-6.511699999999999433e-02
-6.407849999999999657e-02
-6.407849999999999657e-02
-6.310350000000000681e-02
-6.307649999999999368e-02
-6.215749999999999748e-02
-6.215749999999999748e-02
-6.096499999999999836e-02
-6.096499999999999836e-02
-6.096499999999999836e-02
-6.094150000000000261e-02
-6.094150000000000261e-02
-6.060750000000000165e-02
-6.060750000000000165e-02
-6.046449999999999741e-02
-6.033050000000000218e-02
-6.003599999999999909e-02
-5.974949999999999706e-02
-5.959249999999999964e-02
-5.940650000000000097e-02
-5.897499999999999964e-02
-5.864599999999999674e-02
-5.864599999999999674e-02
-5.835150000000000059e-02
-5.819049999999999917e-02
-5.690250000000000169e-02
-5.690250000000000169e-02
-5.690250000000000169e-02
-5.690250000000000169e-02
-5.679050000000000070e-02
-5.604399999999999660e-02
-5.604399999999999660e-02
-5.557999999999999746e-02
-5.557999999999999746e-02
-5.557999999999999746e-02
-5.474600000000000299e-02
-5.458550000000000207e-02
-5.458550000000000207e-02
-5.410999999999999838e-02
-5.410999999999999838e-02
-5.410999999999999838e-02
-5.409200000000000119e-02
-5.388899999999999940e-02
-5.383700000000000291e-02
-5.205850000000000061e-02
-5.111600000000000171e-02
-4.914899999999999824e-02
-4.914899999999999824e-02
-4.914899999999999824e-02
-4.914899999999999824e-02
-4.912249999999999950e-02
-4.894049999999999789e-02
-4.881350000000000272e-02
-4.870599999999999929e-02
-4.845599999999999907e-02
-4.833799999999999902e-02
-4.828899999999999859e-02
-4.808250000000000024e-02
-4.768800000000000122e-02
-4.768800000000000122e-02
-4.768800000000000122e-02
-4.758099999999999830e-02
-4.727800000000000058e-02
-4.723249999999999671e-02
-4.710099999999999704e-02
-4.688900000000000012e-02
-4.658650000000000291e-02
-4.594449999999999923e-02
-4.594449999999999923e-02
-4.594449999999999923e-02
-4.594449999999999923e-02
-4.594449999999999923e-02
-4.594449999999999923e-02
-4.594449999999999923e-02
-4.503950000000000314e-02
-4.503950000000000314e-02
-4.493450000000000222e-02
-4.461350000000000038e-02
-4.461350000000000038e-02
-4.461350000000000038e-02
-4.432699999999999835e-02
-4.419950000000000268e-02
-4.419950000000000268e-02
-4.415750000000000230e-02
-4.393299999999999983e-02
-4.370949999999999835e-02
-4.354600000000000137e-02
-4.352000000000000313e-02
-4.304550000000000043e-02
-4.304550000000000043e-02
-4.304550000000000043e-02
-4.295149999999999663e-02
-4.295149999999999663e-02
-4.284149999999999764e-02
-4.260800000000000004e-02
-4.249649999999999955e-02
-4.249649999999999955e-02
-4.220349999999999796e-02
-4.220349999999999796e-02
-4.212149999999999922e-02
-4.196249999999999980e-02
-4.143000000000000155e-02
-4.143000000000000155e-02
-4.137350000000000055e-02
-4.137350000000000055e-02
-4.136200000000000293e-02
-4.127549999999999969e-02
-4.107249999999999790e-02
-4.100449999999999928e-02
-4.080299999999999899e-02
-4.075449999999999906e-02
-4.054649999999999921e-02
-4.049749999999999878e-02
-4.048249999999999765e-02
-4.037949999999999873e-02
-4.028500000000000136e-02
-4.023600000000000093e-02
-4.010299999999999976e-02
-4.010299999999999976e-02
-3.989249999999999741e-02
-3.969000000000000306e-02
-3.969000000000000306e-02
-3.949450000000000183e-02
-3.926349999999999979e-02
-3.926349999999999979e-02
-3.926349999999999979e-02
-3.926349999999999979e-02
-3.903149999999999675e-02
-3.903149999999999675e-02
-3.903149999999999675e-02
-3.894349999999999895e-02
-3.893499999999999739e-02
-3.851700000000000262e-02
-3.844550000000000051e-02
-3.842899999999999788e-02
-3.842899999999999788e-02
-3.810249999999999748e-02
-3.790550000000000169e-02
-3.790550000000000169e-02
-3.787399999999999795e-02
-3.730900000000000188e-02
-3.730900000000000188e-02
-3.728700000000000070e-02
-3.722700000000000314e-02
-3.722700000000000314e-02
-3.716799999999999965e-02
-3.701700000000000129e-02
-3.701700000000000129e-02
-3.623400000000000232e-02
-3.623400000000000232e-02
-3.595450000000000035e-02
-3.592599999999999960e-02
-3.592599999999999960e-02
-3.574600000000000000e-02
-3.527799999999999686e-02
-3.525699999999999668e-02
-3.525699999999999668e-02
-3.495700000000000196e-02
-3.495700000000000196e-02
-3.495700000000000196e-02
-3.495700000000000196e-02
-3.494350000000000234e-02
-3.461199999999999694e-02
-3.460200000000000081e-02
-3.422549999999999898e-02
-3.422549999999999898e-02
-3.405400000000000094e-02
-3.393349999999999839e-02
-3.372649999999999954e-02
-3.372649999999999954e-02
-3.362649999999999667e-02
-3.362649999999999667e-02
-3.344500000000000250e-02
-3.339500000000000107e-02
-3.339500000000000107e-02
-3.335099999999999870e-02
-3.328149999999999858e-02
-3.319199999999999928e-02
-3.307050000000000267e-02
-3.307050000000000267e-02
-3.277900000000000258e-02
-3.277900000000000258e-02
-3.277900000000000258e-02
-3.270399999999999696e-02
-3.262849999999999778e-02
-3.233400000000000163e-02
-3.221750000000000308e-02
-3.217749999999999777e-02
-3.216050000000000159e-02
-3.212199999999999778e-02
-3.212199999999999778e-02
-3.206500000000000322e-02
-3.192550000000000249e-02
-3.184599999999999931e-02
-3.184599999999999931e-02
-3.176199999999999857e-02
-3.164650000000000102e-02
-3.131199999999999956e-02
-3.131199999999999956e-02
-3.128199999999999731e-02
-3.128199999999999731e-02
-3.120399999999999910e-02
-3.114700000000000107e-02
-3.105549999999999977e-02
-3.091299999999999951e-02
-3.082249999999999920e-02
-3.076749999999999971e-02
-3.075550000000000159e-02
-3.071600000000000025e-02
-3.069399999999999906e-02
-3.066100000000000075e-02
-2.984850000000000003e-02
-2.984850000000000003e-02
-2.984850000000000003e-02
-2.984850000000000003e-02
-2.984850000000000003e-02
-2.984850000000000003e-02
-2.984850000000000003e-02
-2.984850000000000003e-02
-2.984850000000000003e-02
-2.984850000000000003e-02
-2.964349999999999971e-02
-2.964349999999999971e-02
-2.951049999999999854e-02
-2.951049999999999854e-02
-2.951049999999999854e-02
-2.939800000000000052e-02
-2.857799999999999924e-02
-2.857799999999999924e-02
-2.857799999999999924e-02
-2.857799999999999924e-02
-2.857250000000000068e-02
-2.856550000000000061e-02
-2.856550000000000061e-02
-2.856250000000000108e-02
-2.856250000000000108e-02
-2.853999999999999940e-02
-2.844000000000000000e-02
-2.844000000000000000e-02
-2.844000000000000000e-02
-2.842949999999999991e-02
-2.840600000000000069e-02
-2.818750000000000075e-02
-2.813349999999999879e-02
-2.813349999999999879e-02
-2.789950000000000069e-02
-2.789950000000000069e-02
-2.786399999999999988e-02
-2.786399999999999988e-02
-2.751349999999999976e-02
-2.748499999999999902e-02
-2.748099999999999848e-02
-2.726200000000000151e-02
-2.724800000000000139e-02
-2.724800000000000139e-02
-2.706199999999999925e-02
-2.704600000000000060e-02
-2.704600000000000060e-02
-2.704600000000000060e-02
-2.704600000000000060e-02
-2.698899999999999910e-02
-2.691899999999999848e-02
-2.691899999999999848e-02
-2.687900000000000011e-02
-2.679650000000000087e-02
-2.675949999999999857e-02
-2.675949999999999857e-02
-2.674999999999999947e-02
-2.669900000000000051e-02
-2.669900000000000051e-02
-2.668150000000000036e-02
-2.666999999999999926e-02
-2.660650000000000168e-02
-2.660650000000000168e-02
-2.630750000000000102e-02
-2.630750000000000102e-02
-2.630750000000000102e-02
-2.630750000000000102e-02
-2.630750000000000102e-02
-2.630100000000000146e-02
-2.615100000000000063e-02
-2.615100000000000063e-02
-2.615100000000000063e-02
-2.610799999999999926e-02
-2.610799999999999926e-02
-2.610799999999999926e-02
-2.575550000000000062e-02
-2.575550000000000062e-02
-2.574999999999999858e-02
-2.574800000000000005e-02
-2.570249999999999965e-02
-2.570249999999999965e-02
-2.531250000000000167e-02
-2.531250000000000167e-02
-2.513100000000000056e-02
-2.513100000000000056e-02
-2.513100000000000056e-02
-2.513100000000000056e-02
-2.502650000000000013e-02
-2.502650000000000013e-02
-2.499950000000000089e-02
-2.493549999999999933e-02
-2.492899999999999977e-02
-2.479949999999999863e-02
-2.479949999999999863e-02
-2.479949999999999863e-02
-2.478150000000000144e-02
-2.474449999999999913e-02
-2.455850000000000047e-02
-2.454249999999999834e-02
-2.445999999999999910e-02
-2.440600000000000061e-02
-2.436599999999999877e-02
-2.436599999999999877e-02
-2.429900000000000115e-02
-2.429900000000000115e-02
-2.429200000000000109e-02
-2.411949999999999858e-02
-2.411949999999999858e-02
-2.411949999999999858e-02
-2.410349999999999993e-02
-2.407449999999999868e-02
-2.403749999999999984e-02
-2.402450000000000072e-02
-2.396850000000000022e-02
-2.396850000000000022e-02
-2.383400000000000102e-02
-2.381499999999999936e-02
-2.381499999999999936e-02
-2.381499999999999936e-02
-2.380200000000000024e-02
-2.374400000000000122e-02
-2.374400000000000122e-02
-2.374400000000000122e-02
-2.367949999999999916e-02
-2.367949999999999916e-02
-2.367000000000000007e-02
-2.362550000000000067e-02
-2.354300000000000143e-02
-2.338000000000000148e-02
-2.333549999999999860e-02
-2.333549999999999860e-02
-2.329250000000000070e-02
-2.326850000000000099e-02
-2.325150000000000133e-02
-2.325150000000000133e-02
-2.323450000000000168e-02
-2.303499999999999992e-02
-2.303499999999999992e-02
-2.303499999999999992e-02
-2.303449999999999942e-02
-2.300500000000000114e-02
-2.289249999999999965e-02
-2.289249999999999965e-02
-2.289249999999999965e-02
-2.286149999999999988e-02
-2.285150000000000028e-02
-2.284649999999999875e-02
-2.269600000000000090e-02
-2.269600000000000090e-02
-2.268399999999999930e-02
-2.267049999999999968e-02
-2.267049999999999968e-02
-2.262250000000000025e-02
-2.252550000000000038e-02
-2.252550000000000038e-02
-2.252550000000000038e-02
-2.252550000000000038e-02
-2.251550000000000079e-02
-2.248199999999999851e-02
-2.248199999999999851e-02
-2.248199999999999851e-02
-2.247249999999999942e-02
-2.245350000000000124e-02
-2.210749999999999868e-02
-2.210749999999999868e-02
-2.210749999999999868e-02
-2.210600000000000065e-02
-2.207100000000000034e-02
-2.207100000000000034e-02
-2.203250000000000000e-02
-2.203250000000000000e-02
-2.203250000000000000e-02
-2.202849999999999947e-02
-2.193350000000000161e-02
-2.190949999999999842e-02
-2.187750000000000111e-02
-2.187750000000000111e-02
-2.184499999999999983e-02
-2.184499999999999983e-02
-2.184499999999999983e-02
-2.184499999999999983e-02
-2.184049999999999880e-02
-2.184049999999999880e-02
-2.182349999999999915e-02
-2.181999999999999912e-02
-2.180249999999999896e-02
-2.179800000000000140e-02
-2.174550000000000094e-02
-2.174349999999999894e-02
-2.174349999999999894e-02
-2.173100000000000032e-02
-2.173100000000000032e-02
-2.172400000000000025e-02
-2.172100000000000072e-02
-2.168149999999999938e-02
-2.168149999999999938e-02
-2.168149999999999938e-02
-2.168149999999999938e-02
-2.165200000000000111e-02
-2.165150000000000061e-02
-2.165150000000000061e-02
-2.158650000000000152e-02
-2.158650000000000152e-02
-2.158650000000000152e-02
-2.158650000000000152e-02
-2.158650000000000152e-02
-2.158650000000000152e-02
-2.154050000000000062e-02
-2.154050000000000062e-02
-2.154050000000000062e-02
-2.153149999999999856e-02
-2.151199999999999987e-02
-2.148450000000000013e-02
-2.143499999999999919e-02
-2.143149999999999916e-02
-2.140749999999999945e-02
-2.140200000000000088e-02
-2.138400000000000023e-02
-2.133950000000000083e-02
-2.133849999999999983e-02
-2.132550000000000071e-02
-2.132550000000000071e-02
-2.129850000000000146e-02
-2.128999999999999990e-02
-2.127000000000000071e-02
-2.127000000000000071e-02
-2.127000000000000071e-02
-2.123049999999999937e-02
-2.123049999999999937e-02
-2.121500000000000122e-02
-2.118700000000000097e-02
-2.115600000000000119e-02
-2.113649999999999904e-02
-2.113200000000000148e-02
-2.109750000000000167e-02
-2.109750000000000167e-02
-2.109750000000000167e-02
-2.106250000000000136e-02
-2.106250000000000136e-02
-2.106250000000000136e-02
-2.105699999999999933e-02
-2.104599999999999874e-02
-2.104200000000000167e-02
-2.101700000000000096e-02
-2.099650000000000127e-02
-2.099499999999999977e-02
-2.099499999999999977e-02
-2.098799999999999971e-02
-2.087599999999999872e-02
-2.081600000000000117e-02
-2.081600000000000117e-02
-2.081250000000000114e-02
-2.081250000000000114e-02
-2.081250000000000114e-02
-2.081250000000000114e-02
-2.081049999999999914e-02
-2.079399999999999998e-02
-2.076100000000000168e-02
-2.076100000000000168e-02
-2.069750000000000062e-02
-2.068650000000000003e-02
-2.067000000000000087e-02
-2.061699999999999991e-02
-2.059149999999999869e-02
-2.059149999999999869e-02
-2.054100000000000023e-02
-2.049849999999999936e-02
-2.045900000000000149e-02
-2.033149999999999888e-02
-2.032300000000000079e-02
-2.032049999999999829e-02
-2.028450000000000045e-02
-2.028450000000000045e-02
-2.028450000000000045e-02
-2.028450000000000045e-02
-2.028450000000000045e-02
-2.028150000000000092e-02
-2.027999999999999942e-02
-2.026599999999999929e-02
-2.025599999999999970e-02
-2.025599999999999970e-02
-2.025599999999999970e-02
-2.024600000000000011e-02
-2.023749999999999855e-02
-2.023749999999999855e-02
-2.023749999999999855e-02
-2.020800000000000027e-02
-2.017800000000000149e-02
-2.017249999999999946e-02
-2.017249999999999946e-02
-2.017249999999999946e-02
-2.017199999999999896e-02
-2.014000000000000165e-02
-2.014000000000000165e-02
-2.014000000000000165e-02
-2.014000000000000165e-02
-2.014000000000000165e-02
-2.014000000000000165e-02
-2.006849999999999953e-02
-2.006849999999999953e-02
-2.002949999999999869e-02
-2.002949999999999869e-02
-2.002949999999999869e-02
-2.002500000000000113e-02
-2.002500000000000113e-02
-2.000649999999999998e-02
-2.000649999999999998e-02
-1.997300000000000117e-02
-1.997300000000000117e-02
-1.997300000000000117e-02
-1.997300000000000117e-02
-1.995450000000000002e-02
-1.995450000000000002e-02
-1.995450000000000002e-02
-1.995450000000000002e-02
-1.994049999999999989e-02
-1.989449999999999899e-02
-1.987950000000000134e-02
-1.987950000000000134e-02
-1.984850000000000156e-02
-1.984850000000000156e-02
-1.984850000000000156e-02
-1.983700000000000047e-02
-1.983450000000000144e-02
-1.972449999999999898e-02
-1.972449999999999898e-02
-1.972449999999999898e-02
-1.972449999999999898e-02
-1.972449999999999898e-02
-1.972449999999999898e-02
-1.972199999999999995e-02
-1.972199999999999995e-02
-1.969699999999999923e-02
-1.969699999999999923e-02
-1.969699999999999923e-02
-1.966299999999999992e-02
-1.966100000000000139e-02
-1.957100000000000159e-02
-1.954399999999999887e-02
-1.954399999999999887e-02
-1.954399999999999887e-02
-1.954399999999999887e-02
-1.952600000000000169e-02
-1.952500000000000069e-02
-1.952500000000000069e-02
-1.952450000000000019e-02
-1.952450000000000019e-02
-1.951800000000000063e-02
-1.951500000000000110e-02
-1.950750000000000053e-02
-1.950750000000000053e-02
-1.949400000000000091e-02
-1.949400000000000091e-02
-1.947250000000000023e-02
-1.947250000000000023e-02
-1.946350000000000163e-02
-1.946350000000000163e-02
-1.943249999999999839e-02
-1.943249999999999839e-02
-1.941700000000000023e-02
-1.941700000000000023e-02
-1.941700000000000023e-02
-1.940700000000000064e-02
-1.930549999999999974e-02
-1.930549999999999974e-02
-1.927349999999999897e-02
-1.925500000000000128e-02
-1.924850000000000172e-02
-1.924850000000000172e-02
-1.924050000000000066e-02
-1.920650000000000135e-02
-1.918399999999999966e-02
-1.918399999999999966e-02
-1.918399999999999966e-02
-1.915999999999999995e-02
-1.915149999999999839e-02
-1.912600000000000064e-02
-1.912600000000000064e-02
-1.912600000000000064e-02
-1.912600000000000064e-02
-1.909850000000000089e-02
-1.909850000000000089e-02
-1.909649999999999889e-02
-1.909649999999999889e-02
-1.909299999999999886e-02
-1.909150000000000083e-02
-1.906750000000000111e-02
-1.906750000000000111e-02
-1.906750000000000111e-02
-1.902200000000000071e-02
-1.889149999999999857e-02
-1.888650000000000051e-02
-1.888650000000000051e-02
-1.888300000000000048e-02
-1.887549999999999992e-02
-1.887549999999999992e-02
-1.883450000000000055e-02
-1.883450000000000055e-02
-1.877850000000000005e-02
-1.871650000000000050e-02
-1.871650000000000050e-02
-1.870899999999999994e-02
-1.870899999999999994e-02
-1.867850000000000066e-02
-1.862899999999999973e-02
-1.862549999999999970e-02
-1.862549999999999970e-02
-1.860099999999999948e-02
-1.860099999999999948e-02
-1.859500000000000042e-02
-1.856549999999999867e-02
-1.856549999999999867e-02
-1.856549999999999867e-02
-1.856549999999999867e-02
-1.856549999999999867e-02
-1.854549999999999949e-02
-1.854050000000000142e-02
-1.854050000000000142e-02
-1.854050000000000142e-02
-1.854050000000000142e-02
-1.852449999999999930e-02
-1.852449999999999930e-02
-1.852449999999999930e-02
-1.850950000000000165e-02
-1.850950000000000165e-02
-1.849599999999999855e-02
-1.849349999999999952e-02
-1.845350000000000115e-02
-1.845350000000000115e-02
-1.845350000000000115e-02
-1.845350000000000115e-02
-1.845350000000000115e-02
-1.845350000000000115e-02
-1.845350000000000115e-02
-1.844000000000000153e-02
-1.844000000000000153e-02
-1.844000000000000153e-02
-1.843950000000000103e-02
-1.843950000000000103e-02
-1.843049999999999897e-02
-1.843049999999999897e-02
-1.838450000000000153e-02
-1.837750000000000147e-02
-1.837350000000000094e-02
-1.837149999999999894e-02
-1.837149999999999894e-02
-1.837149999999999894e-02
-1.837149999999999894e-02
-1.836950000000000041e-02
-1.835699999999999832e-02
-1.835699999999999832e-02
-1.834600000000000120e-02
-1.834600000000000120e-02
-1.833299999999999860e-02
-1.833299999999999860e-02
-1.833299999999999860e-02
-1.833299999999999860e-02
-1.833049999999999957e-02
-1.833049999999999957e-02
-1.833049999999999957e-02
-1.832100000000000048e-02
-1.832100000000000048e-02
-1.831199999999999842e-02
-1.831100000000000089e-02
-1.830750000000000086e-02
-1.830599999999999936e-02
-1.820499999999999896e-02
-1.820499999999999896e-02
-1.820499999999999896e-02
-1.820499999999999896e-02
-1.816800000000000012e-02
-1.816800000000000012e-02
-1.816800000000000012e-02
-1.816800000000000012e-02
-1.813999999999999987e-02
-1.813649999999999984e-02
-1.811799999999999869e-02
-1.811600000000000016e-02
-1.811600000000000016e-02
-1.811600000000000016e-02
-1.811600000000000016e-02
-1.811600000000000016e-02
-1.810200000000000004e-02
-1.810200000000000004e-02
-1.808900000000000091e-02
-1.807949999999999835e-02
-1.807949999999999835e-02
-1.805649999999999963e-02
-1.801499999999999976e-02
-1.801499999999999976e-02
-1.801449999999999926e-02
-1.800950000000000120e-02
-1.800749999999999920e-02
-1.799699999999999911e-02
-1.799649999999999861e-02
-1.788750000000000062e-02
-1.788750000000000062e-02
-1.788750000000000062e-02
-1.788750000000000062e-02
-1.788750000000000062e-02
-1.788350000000000009e-02
-1.788350000000000009e-02
-1.787700000000000053e-02
-1.786849999999999897e-02
-1.786849999999999897e-02
-1.786849999999999897e-02
-1.786849999999999897e-02
-1.786700000000000094e-02
-1.786599999999999994e-02
-1.786499999999999894e-02
-1.785849999999999937e-02
-1.785650000000000084e-02
-1.785600000000000034e-02
-1.783600000000000116e-02
-1.783600000000000116e-02
-1.783600000000000116e-02
-1.783250000000000113e-02
-1.782600000000000157e-02
-1.782500000000000057e-02
-1.781100000000000044e-02
-1.781100000000000044e-02
-1.780500000000000138e-02
-1.780500000000000138e-02
-1.780500000000000138e-02
-1.780299999999999938e-02
-1.779199999999999879e-02
-1.777050000000000157e-02
-1.777050000000000157e-02
-1.775550000000000045e-02
-1.775550000000000045e-02
-1.774999999999999842e-02
-1.773800000000000029e-02
-1.773649999999999879e-02
-1.773049999999999973e-02
-1.772800000000000070e-02
-1.771949999999999914e-02
-1.770149999999999849e-02
-1.770100000000000146e-02
-1.770100000000000146e-02
-1.770100000000000146e-02
-1.768199999999999980e-02
-1.768199999999999980e-02
-1.768199999999999980e-02
-1.768199999999999980e-02
-1.766749999999999918e-02
-1.766749999999999918e-02
-1.766150000000000012e-02
-1.764749999999999999e-02
-1.764749999999999999e-02
-1.764749999999999999e-02
-1.762649999999999981e-02
-1.762649999999999981e-02
-1.760000000000000106e-02
-1.760000000000000106e-02
-1.760000000000000106e-02
-1.760000000000000106e-02
-1.760000000000000106e-02
-1.759550000000000003e-02
-1.759550000000000003e-02
-1.757399999999999934e-02
-1.757399999999999934e-02
-1.757399999999999934e-02
-1.756550000000000125e-02
-1.756550000000000125e-02
-1.755999999999999922e-02
-1.755150000000000113e-02
-1.755150000000000113e-02
-1.754700000000000010e-02
-1.754400000000000057e-02
-1.754299999999999957e-02
-1.752199999999999938e-02
-1.751449999999999882e-02
-1.751449999999999882e-02
-1.751449999999999882e-02
-1.750200000000000020e-02
-1.750200000000000020e-02
-1.744949999999999973e-02
-1.743149999999999908e-02
-1.742550000000000002e-02
-1.739250000000000171e-02
-1.736149999999999846e-02
-1.735499999999999890e-02
-1.729649999999999938e-02
-1.729649999999999938e-02
-1.725600000000000050e-02
-1.725600000000000050e-02
-1.725600000000000050e-02
-1.725600000000000050e-02
-1.725300000000000097e-02
-1.725300000000000097e-02
-1.725300000000000097e-02
-1.725300000000000097e-02
-1.725300000000000097e-02
-1.724849999999999994e-02
-1.722800000000000026e-02
-1.722800000000000026e-02
-1.722749999999999976e-02
-1.722250000000000170e-02
-1.722250000000000170e-02
-1.722100000000000020e-02
-1.721299999999999913e-02
-1.721299999999999913e-02
-1.721299999999999913e-02
-1.719700000000000048e-02
-1.719700000000000048e-02
-1.718499999999999889e-02
-1.718400000000000136e-02
-1.716399999999999870e-02
-1.715900000000000064e-02
-1.714749999999999955e-02
-1.714450000000000002e-02
-1.713599999999999846e-02
-1.712199999999999833e-02
-1.711100000000000121e-02
-1.711100000000000121e-02
-1.707950000000000093e-02
-1.707950000000000093e-02
-1.707950000000000093e-02
-1.707499999999999990e-02
-1.707499999999999990e-02
-1.707349999999999840e-02
-1.706999999999999837e-02
-1.706950000000000134e-02
-1.705250000000000168e-02
-1.705250000000000168e-02
-1.705150000000000068e-02
-1.705150000000000068e-02
-1.705150000000000068e-02
-1.705150000000000068e-02
-1.703249999999999903e-02
-1.702450000000000144e-02
-1.701949999999999991e-02
-1.699799999999999922e-02
-1.699799999999999922e-02
-1.699600000000000069e-02
-1.699149999999999966e-02
-1.698550000000000060e-02
-1.697500000000000051e-02
-1.697500000000000051e-02
-1.695850000000000135e-02
-1.695850000000000135e-02
-1.695850000000000135e-02
-1.695850000000000135e-02
-1.695850000000000135e-02
-1.695850000000000135e-02
-1.694400000000000073e-02
-1.694400000000000073e-02
-1.693050000000000110e-02
-1.693050000000000110e-02
-1.692700000000000107e-02
-1.692549999999999957e-02
-1.692549999999999957e-02
-1.692549999999999957e-02
-1.691749999999999851e-02
-1.691399999999999848e-02
-1.691399999999999848e-02
-1.686850000000000155e-02
-1.686850000000000155e-02
-1.686850000000000155e-02
-1.686850000000000155e-02
-1.686850000000000155e-02
-1.686850000000000155e-02
-1.686850000000000155e-02
-1.686850000000000155e-02
-1.686850000000000155e-02
-1.686850000000000155e-02
-1.686850000000000155e-02
-1.686850000000000155e-02
-1.686850000000000155e-02
-1.686850000000000155e-02
-1.685149999999999842e-02
-1.684300000000000033e-02
-1.684300000000000033e-02
-1.684300000000000033e-02
-1.684300000000000033e-02
-1.683799999999999880e-02
-1.682700000000000168e-02
-1.682700000000000168e-02
-1.682700000000000168e-02
-1.682550000000000018e-02
-1.682350000000000165e-02
-1.682000000000000162e-02
-1.681250000000000105e-02
-1.681200000000000055e-02
-1.680250000000000146e-02
-1.680150000000000046e-02
-1.678899999999999837e-02
-1.677649999999999975e-02
-1.677649999999999975e-02
-1.677549999999999875e-02
-1.676949999999999968e-02
-1.676549999999999915e-02
-1.673849999999999991e-02
-1.671150000000000066e-02
-1.670900000000000163e-02
-1.670900000000000163e-02
-1.668549999999999894e-02
-1.668549999999999894e-02
-1.668499999999999844e-02
-1.668499999999999844e-02
-1.668499999999999844e-02
-1.664500000000000007e-02
-1.664500000000000007e-02
-1.664500000000000007e-02
-1.664500000000000007e-02
-1.664449999999999957e-02
-1.664449999999999957e-02
-1.664449999999999957e-02
-1.664449999999999957e-02
-1.664449999999999957e-02
-1.664399999999999907e-02
-1.663850000000000051e-02
-1.660899999999999876e-02
-1.660899999999999876e-02
-1.660899999999999876e-02
-1.660899999999999876e-02
-1.660899999999999876e-02
-1.660899999999999876e-02
-1.660899999999999876e-02
-1.660899999999999876e-02
-1.660000000000000017e-02
-1.660000000000000017e-02
-1.659750000000000114e-02
-1.658050000000000149e-02
-1.658000000000000099e-02
-1.658000000000000099e-02
-1.658000000000000099e-02
-1.658000000000000099e-02
-1.656149999999999983e-02
-1.656149999999999983e-02
-1.655749999999999930e-02
-1.655749999999999930e-02
-1.655649999999999830e-02
-1.654450000000000018e-02
-1.654450000000000018e-02
-1.654450000000000018e-02
-1.654450000000000018e-02
-1.654450000000000018e-02
-1.654100000000000015e-02
-1.654100000000000015e-02
-1.653550000000000159e-02
-1.653550000000000159e-02
-1.653550000000000159e-02
-1.649899999999999978e-02
-1.649899999999999978e-02
-1.649899999999999978e-02
-1.649899999999999978e-02
-1.649899999999999978e-02
-1.649899999999999978e-02
-1.649899999999999978e-02
-1.649899999999999978e-02
-1.649899999999999978e-02
-1.648650000000000115e-02
-1.648650000000000115e-02
-1.648650000000000115e-02
-1.648650000000000115e-02
-1.648650000000000115e-02
-1.648650000000000115e-02
-1.648650000000000115e-02
-1.648650000000000115e-02
-1.648650000000000115e-02
-1.648149999999999962e-02
-1.647600000000000106e-02
-1.647200000000000053e-02
-1.647200000000000053e-02
-1.646950000000000150e-02
-1.646850000000000050e-02
-1.646800000000000000e-02
-1.646649999999999850e-02
-1.646649999999999850e-02
-1.646649999999999850e-02
-1.646649999999999850e-02
-1.646600000000000147e-02
-1.646500000000000047e-02
-1.646200000000000094e-02
-1.646200000000000094e-02
-1.646200000000000094e-02
-1.646200000000000094e-02
-1.645699999999999941e-02
-1.645699999999999941e-02
-1.642650000000000013e-02
-1.642650000000000013e-02
-1.642650000000000013e-02
-1.642650000000000013e-02
-1.642499999999999863e-02
-1.641199999999999951e-02
-1.641199999999999951e-02
-1.640749999999999847e-02
-1.640749999999999847e-02
-1.640000000000000138e-02
-1.638799999999999979e-02
-1.637399999999999967e-02
-1.635649999999999951e-02
-1.635649999999999951e-02
-1.635649999999999951e-02
-1.635649999999999951e-02
-1.634999999999999995e-02
-1.634999999999999995e-02
-1.634999999999999995e-02
-1.634999999999999995e-02
-1.634999999999999995e-02
-1.634549999999999892e-02
-1.634549999999999892e-02
-1.634400000000000089e-02
-1.634400000000000089e-02
-1.633949999999999986e-02
-1.633949999999999986e-02
-1.633949999999999986e-02
-1.633700000000000083e-02
-1.633700000000000083e-02
-1.633700000000000083e-02
-1.633700000000000083e-02
-1.633400000000000130e-02
-1.631650000000000114e-02
-1.631350000000000161e-02
-1.630200000000000052e-02
-1.630200000000000052e-02
-1.629999999999999852e-02
-1.629999999999999852e-02
-1.629349999999999896e-02
-1.629299999999999846e-02
-1.625949999999999965e-02
-1.625949999999999965e-02
-1.625949999999999965e-02
-1.625949999999999965e-02
-1.625949999999999965e-02
-1.625949999999999965e-02
-1.625949999999999965e-02
-1.625949999999999965e-02
-1.625949999999999965e-02
-1.624499999999999902e-02
-1.624499999999999902e-02
-1.624499999999999902e-02
-1.621550000000000075e-02
-1.619550000000000156e-02
-1.619550000000000156e-02
-1.619349999999999956e-02
-1.618249999999999897e-02
-1.614499999999999963e-02
-1.614499999999999963e-02
-1.614250000000000060e-02
-1.614250000000000060e-02
-1.614250000000000060e-02
-1.614250000000000060e-02
-1.613099999999999951e-02
-1.610649999999999929e-02
-1.610649999999999929e-02
-1.610649999999999929e-02
-1.610649999999999929e-02
-1.610649999999999929e-02
-1.610150000000000123e-02
-1.610150000000000123e-02
-1.609850000000000170e-02
-1.609350000000000017e-02
-1.609350000000000017e-02
-1.609350000000000017e-02
-1.605250000000000080e-02
-1.605250000000000080e-02
-1.605250000000000080e-02
-1.605250000000000080e-02
-1.605149999999999980e-02
-1.605149999999999980e-02
-1.605149999999999980e-02
-1.605149999999999980e-02
-1.604699999999999876e-02
-1.604699999999999876e-02
-1.604699999999999876e-02
-1.604049999999999920e-02
-1.603800000000000017e-02
-1.603649999999999867e-02
-1.603600000000000164e-02
-1.602999999999999911e-02
-1.602900000000000158e-02
-1.602150000000000102e-02
-1.602150000000000102e-02
-1.601199999999999846e-02
-1.601199999999999846e-02
-1.601199999999999846e-02
-1.600849999999999843e-02
-1.600849999999999843e-02
-1.600750000000000089e-02
-1.600299999999999986e-02
-1.600299999999999986e-02
-1.599899999999999933e-02
-1.599300000000000027e-02
-1.599300000000000027e-02
-1.599300000000000027e-02
-1.598700000000000121e-02
-1.598099999999999868e-02
-1.598099999999999868e-02
-1.598000000000000115e-02
-1.598000000000000115e-02
-1.597350000000000159e-02
-1.597300000000000109e-02
-1.596850000000000006e-02
-1.594800000000000037e-02
-1.594800000000000037e-02
-1.594349999999999934e-02
-1.592649999999999968e-02
-1.592450000000000115e-02
-1.592450000000000115e-02
-1.592400000000000065e-02
-1.592299999999999965e-02
-1.592150000000000162e-02
-1.592050000000000062e-02
-1.591849999999999862e-02
-1.591800000000000159e-02
-1.591750000000000109e-02
-1.591400000000000106e-02
-1.591400000000000106e-02
-1.591400000000000106e-02
-1.591400000000000106e-02
-1.591050000000000103e-02
-1.590899999999999953e-02
-1.590899999999999953e-02
-1.590849999999999903e-02
-1.589449999999999891e-02
-1.589449999999999891e-02
-1.589449999999999891e-02
-1.589449999999999891e-02
-1.589449999999999891e-02
-1.589099999999999888e-02
-1.588799999999999935e-02
-1.588799999999999935e-02
-1.588250000000000078e-02
-1.587300000000000169e-02
-1.587250000000000119e-02
-1.587150000000000019e-02
-1.586299999999999863e-02
-1.586299999999999863e-02
-1.586299999999999863e-02
-1.586299999999999863e-02
-1.586200000000000110e-02
-1.585750000000000007e-02
-1.583949999999999941e-02
-1.583949999999999941e-02
-1.583949999999999941e-02
-1.583949999999999941e-02
-1.583949999999999941e-02
-1.583949999999999941e-02
-1.583050000000000082e-02
-1.583050000000000082e-02
-1.583050000000000082e-02
-1.582899999999999932e-02
-1.582549999999999929e-02
-1.581950000000000023e-02
-1.581700000000000120e-02
-1.581650000000000070e-02
-1.581650000000000070e-02
-1.581400000000000167e-02
-1.581400000000000167e-02
-1.580849999999999964e-02
-1.575450000000000114e-02
-1.575450000000000114e-02
-1.575450000000000114e-02
-1.575450000000000114e-02
-1.575450000000000114e-02
-1.575450000000000114e-02
-1.575050000000000061e-02
-1.575050000000000061e-02
-1.574800000000000158e-02
-1.574149999999999855e-02
-1.574149999999999855e-02
-1.573799999999999852e-02
-1.573799999999999852e-02
-1.573700000000000099e-02
-1.573700000000000099e-02
-1.573650000000000049e-02
-1.573599999999999999e-02
-1.573599999999999999e-02
-1.573549999999999949e-02
-1.573499999999999899e-02
-1.573499999999999899e-02
-1.572149999999999936e-02
-1.572149999999999936e-02
-1.572099999999999886e-02
-1.572099999999999886e-02
-1.572099999999999886e-02
-1.572099999999999886e-02
-1.572049999999999836e-02
-1.572049999999999836e-02
-1.572049999999999836e-02
-1.572049999999999836e-02
-1.572000000000000133e-02
-1.571699999999999833e-02
-1.571699999999999833e-02
-1.571550000000000030e-02
-1.571550000000000030e-02
-1.571550000000000030e-02
-1.569250000000000159e-02
-1.568949999999999859e-02
-1.567699999999999996e-02
-1.567699999999999996e-02
-1.566599999999999937e-02
-1.566599999999999937e-02
-1.566599999999999937e-02
-1.566450000000000134e-02
-1.566450000000000134e-02
-1.565700000000000078e-02
-1.565700000000000078e-02
-1.565700000000000078e-02
-1.565300000000000025e-02
-1.565149999999999875e-02
-1.565149999999999875e-02
-1.563849999999999962e-02
-1.563849999999999962e-02
-1.563849999999999962e-02
-1.563849999999999962e-02
-1.563849999999999962e-02
-1.563700000000000159e-02
-1.563700000000000159e-02
-1.563600000000000059e-02
-1.563200000000000006e-02
-1.563149999999999956e-02
-1.562950000000000103e-02
-1.562950000000000103e-02
-1.562149999999999997e-02
-1.562149999999999997e-02
-1.561899999999999920e-02
-1.560049999999999978e-02
-1.557749999999999933e-02
-1.557749999999999933e-02
-1.557749999999999933e-02
-1.557749999999999933e-02
-1.557500000000000030e-02
-1.556899999999999951e-02
-1.556899999999999951e-02
-1.556850000000000074e-02
-1.556850000000000074e-02
-1.556699999999999924e-02
-1.555499999999999938e-02
-1.555499999999999938e-02
-1.555499999999999938e-02
-1.555349999999999962e-02
-1.555349999999999962e-02
-1.555199999999999985e-02
-1.555149999999999935e-02
-1.554900000000000032e-02
-1.553749999999999923e-02
-1.553749999999999923e-02
-1.553749999999999923e-02
-1.553299999999999993e-02
-1.551100000000000048e-02
-1.551100000000000048e-02
-1.551100000000000048e-02
-1.551100000000000048e-02
-1.551100000000000048e-02
-1.551100000000000048e-02
-1.550499999999999969e-02
-1.549999999999999989e-02
-1.549999999999999989e-02
-1.549999999999999989e-02
-1.548399999999999950e-02
-1.548399999999999950e-02
-1.546600000000000058e-02
-1.545850000000000002e-02
-1.544850000000000043e-02
-1.544850000000000043e-02
-1.544850000000000043e-02
-1.544850000000000043e-02
-1.544850000000000043e-02
-1.544799999999999993e-02
-1.544799999999999993e-02
-1.544749999999999943e-02
-1.542849999999999951e-02
-1.542800000000000074e-02
-1.542800000000000074e-02
-1.542800000000000074e-02
-1.542100000000000068e-02
-1.542100000000000068e-02
-1.542100000000000068e-02
-1.542100000000000068e-02
-1.542100000000000068e-02
-1.541849999999999991e-02
-1.541449999999999938e-02
-1.541299999999999962e-02
-1.541250000000000085e-02
-1.541250000000000085e-02
-1.540049999999999926e-02
-1.540049999999999926e-02
-1.540049999999999926e-02
-1.539949999999999999e-02
-1.539850000000000073e-02
-1.539850000000000073e-02
-1.539500000000000070e-02
-1.538899999999999990e-02
-1.537849999999999981e-02
-1.537849999999999981e-02
-1.537849999999999981e-02
-1.537250000000000075e-02
-1.536550000000000069e-02
-1.536550000000000069e-02
-1.536550000000000069e-02
-1.536399999999999919e-02
-1.536399999999999919e-02
-1.535450000000000009e-02
-1.535450000000000009e-02
-1.535450000000000009e-02
-1.535450000000000009e-02
-1.535150000000000056e-02
-1.532449999999999958e-02
-1.532449999999999958e-02
-1.532449999999999958e-02
-1.532449999999999958e-02
-1.532449999999999958e-02
-1.531399999999999949e-02
-1.531399999999999949e-02
-1.530849999999999919e-02
-1.530849999999999919e-02
-1.530699999999999943e-02
-1.530699999999999943e-02
-1.530699999999999943e-02
-1.530499999999999916e-02
-1.530049999999999986e-02
-1.530049999999999986e-02
-1.530049999999999986e-02
-1.529999999999999936e-02
-1.529550000000000007e-02
-1.528050000000000068e-02
-1.527850000000000041e-02
-1.527850000000000041e-02
-1.527850000000000041e-02
-1.527850000000000041e-02
-1.527850000000000041e-02
-1.527700000000000065e-02
-1.527700000000000065e-02
-1.527599999999999965e-02
-1.527449999999999988e-02
-1.527249999999999962e-02
-1.527249999999999962e-02
-1.527150000000000035e-02
-1.527000000000000059e-02
-1.526950000000000009e-02
-1.526450000000000029e-02
-1.526450000000000029e-02
-1.526349999999999929e-02
-1.526349999999999929e-02
-1.526300000000000053e-02
-1.526250000000000002e-02
-1.526250000000000002e-02
-1.525999999999999926e-02
-1.525999999999999926e-02
-1.525999999999999926e-02
-1.525950000000000049e-02
-1.525950000000000049e-02
-1.525800000000000073e-02
-1.525800000000000073e-02
-1.525800000000000073e-02
-1.525299999999999920e-02
-1.525299999999999920e-02
-1.525299999999999920e-02
-1.525050000000000017e-02
-1.525050000000000017e-02
-1.525050000000000017e-02
-1.523650000000000004e-02
-1.522899999999999948e-02
-1.522850000000000072e-02
-1.522300000000000042e-02
-1.522300000000000042e-02
-1.522300000000000042e-02
-1.521849999999999939e-02
-1.521849999999999939e-02
-1.521100000000000056e-02
-1.521050000000000006e-02
-1.520750000000000053e-02
-1.520750000000000053e-02
-1.520750000000000053e-02
-1.520400000000000050e-02
-1.520400000000000050e-02
-1.520299999999999950e-02
-1.520250000000000073e-02
-1.517300000000000072e-02
-1.517300000000000072e-02
-1.517300000000000072e-02
-1.514150000000000044e-02
-1.514150000000000044e-02
-1.514150000000000044e-02
-1.514150000000000044e-02
-1.514150000000000044e-02
-1.514150000000000044e-02
-1.513800000000000041e-02
-1.513800000000000041e-02
-1.513800000000000041e-02
-1.513800000000000041e-02
-1.513800000000000041e-02
-1.513800000000000041e-02
-1.513699999999999941e-02
-1.513499999999999915e-02
-1.513499999999999915e-02
-1.513499999999999915e-02
-1.513349999999999938e-02
-1.513250000000000012e-02
-1.513100000000000035e-02
-1.513100000000000035e-02
-1.512200000000000003e-02
-1.512200000000000003e-02
-1.512200000000000003e-02
-1.512200000000000003e-02
-1.512200000000000003e-02
-1.512050000000000026e-02
-1.512050000000000026e-02
-1.511799999999999949e-02
-1.511799999999999949e-02
-1.511799999999999949e-02
-1.511750000000000073e-02
-1.511750000000000073e-02
-1.511750000000000073e-02
-1.511750000000000073e-02
-1.511599999999999923e-02
-1.511599999999999923e-02
-1.511599999999999923e-02
-1.511599999999999923e-02
-1.511599999999999923e-02
-1.511599999999999923e-02
-1.511599999999999923e-02
-1.510899999999999917e-02
-1.510350000000000061e-02
-1.510150000000000034e-02
-1.510150000000000034e-02
-1.510150000000000034e-02
-1.509699999999999931e-02
-1.509549999999999954e-02
-1.509549999999999954e-02
-1.509549999999999954e-02
-1.509549999999999954e-02
-1.509450000000000028e-02
-1.508849999999999948e-02
-1.508849999999999948e-02
-1.508100000000000065e-02
-1.508100000000000065e-02
-1.507750000000000062e-02
-1.507750000000000062e-02
-1.507499999999999986e-02
-1.507499999999999986e-02
-1.507449999999999936e-02
-1.507400000000000059e-02
-1.507400000000000059e-02
-1.507350000000000009e-02
-1.507350000000000009e-02
-1.507350000000000009e-02
-1.507350000000000009e-02
-1.507299999999999959e-02
-1.507149999999999983e-02
-1.507000000000000006e-02
-1.506900000000000080e-02
-1.506700000000000053e-02
-1.506550000000000077e-02
-1.506550000000000077e-02
-1.506000000000000047e-02
-1.506000000000000047e-02
-1.506000000000000047e-02
-1.506000000000000047e-02
-1.502649999999999993e-02
-1.502649999999999993e-02
-1.502050000000000086e-02
-1.502050000000000086e-02
-1.502050000000000086e-02
-1.502050000000000086e-02
-1.502050000000000086e-02
-1.502000000000000036e-02
-1.502000000000000036e-02
-1.502000000000000036e-02
-1.502000000000000036e-02
-1.502000000000000036e-02
-1.501650000000000033e-02
-1.501599999999999983e-02
-1.499349999999999988e-02
-1.499349999999999988e-02
-1.499349999999999988e-02
-1.499349999999999988e-02
-1.499349999999999988e-02
-1.498799999999999959e-02
-1.498799999999999959e-02
-1.498799999999999959e-02
-1.497799999999999999e-02
-1.497799999999999999e-02
-1.497799999999999999e-02
-1.497799999999999999e-02
-1.497799999999999999e-02
-1.497799999999999999e-02
-1.497799999999999999e-02
-1.497599999999999973e-02
-1.497549999999999923e-02
-1.497449999999999996e-02
-1.497449999999999996e-02
-1.497449999999999996e-02
-1.497350000000000070e-02
-1.496800000000000040e-02
-1.496800000000000040e-02
-1.496800000000000040e-02
-1.496499999999999914e-02
-1.496250000000000011e-02
-1.496250000000000011e-02
-1.496150000000000084e-02
-1.496150000000000084e-02
-1.496150000000000084e-02
-1.496150000000000084e-02
-1.495550000000000004e-02
-1.495349999999999978e-02
-1.495349999999999978e-02
-1.494499999999999995e-02
-1.493899999999999915e-02
-1.493899999999999915e-02
-1.493899999999999915e-02
-1.493650000000000012e-02
-1.493650000000000012e-02
-1.493650000000000012e-02
-1.493650000000000012e-02
-1.492450000000000027e-02
-1.492450000000000027e-02
-1.492349999999999927e-02
-1.491950000000000047e-02
-1.491899999999999997e-02
-1.491199999999999991e-02
-1.491199999999999991e-02
-1.491199999999999991e-02
-1.490799999999999938e-02
-1.490799999999999938e-02
-1.490050000000000055e-02
-1.489850000000000028e-02
-1.489850000000000028e-02
-1.489150000000000022e-02
-1.489150000000000022e-02
-1.489099999999999972e-02
-1.489099999999999972e-02
-1.488800000000000019e-02
-1.488800000000000019e-02
-1.488650000000000043e-02
-1.488349999999999916e-02
-1.488049999999999963e-02
-1.488049999999999963e-02
-1.488049999999999963e-02
-1.488049999999999963e-02
-1.488000000000000086e-02
-1.487849999999999936e-02
-1.487800000000000060e-02
-1.487800000000000060e-02
-1.487699999999999960e-02
-1.486099999999999921e-02
-1.486099999999999921e-02
-1.485999999999999995e-02
-1.485449999999999965e-02
-1.485449999999999965e-02
-1.485099999999999962e-02
-1.485099999999999962e-02
-1.484249999999999979e-02
-1.483699999999999949e-02
-1.482449999999999914e-02
-1.482299999999999937e-02
-1.482299999999999937e-02
-1.482299999999999937e-02
-1.481799999999999957e-02
-1.481150000000000001e-02
-1.480599999999999972e-02
-1.480199999999999919e-02
-1.479349999999999936e-02
-1.478200000000000000e-02
-1.478200000000000000e-02
-1.478200000000000000e-02
-1.477949999999999924e-02
-1.477949999999999924e-02
-1.477949999999999924e-02
-1.477750000000000070e-02
-1.477750000000000070e-02
-1.477599999999999920e-02
-1.477400000000000067e-02
-1.477400000000000067e-02
-1.477299999999999967e-02
-1.477050000000000064e-02
-1.477050000000000064e-02
-1.476399999999999935e-02
-1.474899999999999996e-02
-1.474800000000000069e-02
-1.474800000000000069e-02
-1.474199999999999990e-02
-1.474199999999999990e-02
-1.474199999999999990e-02
-1.474100000000000063e-02
-1.474100000000000063e-02
-1.473750000000000060e-02
-1.473750000000000060e-02
-1.473700000000000010e-02
-1.473700000000000010e-02
-1.473700000000000010e-02
-1.473499999999999983e-02
-1.469600000000000073e-02
-1.469600000000000073e-02
-1.469600000000000073e-02
-1.469600000000000073e-02
-1.469600000000000073e-02
-1.469299999999999946e-02
-1.469299999999999946e-02
-1.469299999999999946e-02
-1.466800000000000048e-02
-1.466800000000000048e-02
-1.466800000000000048e-02
-1.466699999999999948e-02
-1.466549999999999972e-02
-1.466549999999999972e-02
-1.465849999999999966e-02
-1.465849999999999966e-02
-1.465849999999999966e-02
-1.465849999999999966e-02
-1.465349999999999986e-02
-1.465349999999999986e-02
-1.465349999999999986e-02
-1.465050000000000033e-02
-1.464299999999999977e-02
-1.464299999999999977e-02
-1.464299999999999977e-02
-1.464299999999999977e-02
-1.464200000000000050e-02
-1.464200000000000050e-02
-1.464200000000000050e-02
-1.464200000000000050e-02
-1.464099999999999950e-02
-1.464099999999999950e-02
-1.464099999999999950e-02
-1.464099999999999950e-02
-1.464050000000000074e-02
-1.463899999999999924e-02
-1.463599999999999970e-02
-1.463549999999999920e-02
-1.463399999999999944e-02
-1.463150000000000041e-02
-1.463150000000000041e-02
-1.462950000000000014e-02
-1.462950000000000014e-02
-1.462600000000000011e-02
-1.462600000000000011e-02
-1.462049999999999982e-02
-1.462049999999999982e-02
-1.462049999999999982e-02
-1.462049999999999982e-02
-1.462049999999999982e-02
-1.461950000000000055e-02
-1.461299999999999925e-02
-1.461199999999999999e-02
-1.460149999999999990e-02
-1.459850000000000037e-02
-1.459350000000000057e-02
-1.458800000000000027e-02
-1.458399999999999974e-02
-1.458399999999999974e-02
-1.458049999999999971e-02
-1.458049999999999971e-02
-1.457800000000000068e-02
-1.457649999999999918e-02
-1.457450000000000065e-02
-1.457450000000000065e-02
-1.457450000000000065e-02
-1.457349999999999965e-02
-1.457250000000000038e-02
-1.456849999999999985e-02
-1.456799999999999935e-02
-1.456799999999999935e-02
-1.456799999999999935e-02
-1.456350000000000006e-02
-1.455850000000000026e-02
-1.455850000000000026e-02
-1.455550000000000073e-02
-1.455449999999999973e-02
-1.454899999999999943e-02
-1.454599999999999990e-02
-1.454549999999999940e-02
-1.454500000000000064e-02
-1.454349999999999914e-02
-1.454349999999999914e-02
-1.453800000000000057e-02
-1.453800000000000057e-02
-1.453800000000000057e-02
-1.453750000000000007e-02
-1.453699999999999957e-02
-1.453450000000000054e-02
-1.453250000000000028e-02
-1.452900000000000025e-02
-1.452900000000000025e-02
-1.452900000000000025e-02
-1.452799999999999925e-02
-1.452799999999999925e-02
-1.452750000000000048e-02
-1.452750000000000048e-02
-1.452750000000000048e-02
-1.451550000000000062e-02
-1.451550000000000062e-02
-1.451550000000000062e-02
-1.451550000000000062e-02
-1.451550000000000062e-02
-1.451550000000000062e-02
-1.451350000000000036e-02
-1.451350000000000036e-02
-1.451350000000000036e-02
-1.451350000000000036e-02
-1.450650000000000030e-02
-1.450650000000000030e-02
-1.450650000000000030e-02
-1.450650000000000030e-02
-1.450650000000000030e-02
-1.450450000000000003e-02
-1.450450000000000003e-02
-1.450249999999999977e-02
-1.450249999999999977e-02
-1.450000000000000074e-02
-1.449849999999999924e-02
-1.449800000000000047e-02
-1.449800000000000047e-02
-1.449699999999999947e-02
-1.448050000000000032e-02
-1.448050000000000032e-02
-1.448050000000000032e-02
-1.448050000000000032e-02
-1.447050000000000072e-02
-1.447050000000000072e-02
-1.447050000000000072e-02
-1.446850000000000046e-02
-1.446599999999999969e-02
-1.446599999999999969e-02
-1.446599999999999969e-02
-1.446599999999999969e-02
-1.445899999999999963e-02
-1.430900000000000054e-02
-1.430900000000000054e-02
-1.430900000000000054e-02
-1.429500000000000041e-02
-1.429500000000000041e-02
-1.429500000000000041e-02
-1.429199999999999915e-02
-1.429199999999999915e-02
-1.426149999999999987e-02
-1.424599999999999998e-02
-1.422299999999999953e-02
-1.422299999999999953e-02
-1.422299999999999953e-02
-1.422299999999999953e-02
-1.422250000000000077e-02
-1.422000000000000000e-02
-1.421249999999999944e-02
-1.421249999999999944e-02
-1.421049999999999917e-02
-1.420699999999999914e-02
-1.420699999999999914e-02
-1.420399999999999961e-02
-1.420399999999999961e-02
-1.420399999999999961e-02
-1.420000000000000082e-02
-1.419650000000000079e-02
-1.419650000000000079e-02
-1.419300000000000075e-02
-1.419300000000000075e-02
-1.419100000000000049e-02
-1.419100000000000049e-02
-1.419100000000000049e-02
-1.419100000000000049e-02
-1.419100000000000049e-02
-1.419100000000000049e-02
-1.419100000000000049e-02
-1.418999999999999949e-02
-1.418449999999999919e-02
-1.418449999999999919e-02
-1.418449999999999919e-02
-1.418349999999999993e-02
-1.418349999999999993e-02
-1.417900000000000063e-02
-1.417350000000000033e-02
-1.417350000000000033e-02
-1.417350000000000033e-02
-1.417350000000000033e-02
-1.417099999999999957e-02
-1.416800000000000004e-02
-1.416800000000000004e-02
-1.416800000000000004e-02
-1.416049999999999948e-02
-1.416049999999999948e-02
-1.416049999999999948e-02
-1.416049999999999948e-02
-1.416049999999999948e-02
-1.413750000000000076e-02
-1.413750000000000076e-02
-1.413750000000000076e-02
-1.413750000000000076e-02
-1.413099999999999946e-02
-1.413099999999999946e-02
-1.413099999999999946e-02
-1.413099999999999946e-02
-1.413099999999999946e-02
-1.412949999999999970e-02
-1.412949999999999970e-02
-1.412949999999999970e-02
-1.412899999999999920e-02
-1.412749999999999943e-02
-1.412749999999999943e-02
-1.412749999999999943e-02
-1.412749999999999943e-02
-1.412449999999999990e-02
-1.412449999999999990e-02
-1.412449999999999990e-02
-1.412449999999999990e-02
-1.412449999999999990e-02
-1.411800000000000034e-02
-1.411800000000000034e-02
-1.411800000000000034e-02
-1.411150000000000078e-02
-1.410999999999999928e-02
-1.410199999999999995e-02
-1.409149999999999986e-02
-1.409149999999999986e-02
-1.408749999999999933e-02
-1.408749999999999933e-02
-1.408749999999999933e-02
-1.408749999999999933e-02
-1.408749999999999933e-02
-1.408749999999999933e-02
-1.408749999999999933e-02
-1.408749999999999933e-02
-1.408500000000000030e-02
-1.408500000000000030e-02
-1.408500000000000030e-02
-1.408500000000000030e-02
-1.408500000000000030e-02
-1.408500000000000030e-02
-1.408500000000000030e-02
-1.408200000000000077e-02
-1.408200000000000077e-02
-1.408200000000000077e-02
-1.407950000000000000e-02
-1.407749999999999974e-02
-1.407749999999999974e-02
-1.407749999999999974e-02
-1.407749999999999974e-02
-1.407749999999999974e-02
-1.407749999999999974e-02
-1.407749999999999974e-02
-1.407599999999999997e-02
-1.407500000000000070e-02
-1.407450000000000020e-02
-1.407399999999999970e-02
-1.407399999999999970e-02
-1.407399999999999970e-02
-1.407349999999999920e-02
-1.407349999999999920e-02
-1.407300000000000044e-02
-1.407100000000000017e-02
-1.406549999999999988e-02
-1.406549999999999988e-02
-1.406549999999999988e-02
-1.406549999999999988e-02
-1.406549999999999988e-02
-1.406549999999999988e-02
-1.406549999999999988e-02
-1.406499999999999938e-02
-1.406349999999999961e-02
-1.406349999999999961e-02
-1.406349999999999961e-02
-1.406349999999999961e-02
-1.406149999999999935e-02
-1.406149999999999935e-02
-1.406149999999999935e-02
-1.406149999999999935e-02
-1.406149999999999935e-02
-1.406100000000000058e-02
-1.406100000000000058e-02
-1.406100000000000058e-02
-1.406100000000000058e-02
-1.405900000000000032e-02
-1.405900000000000032e-02
-1.405900000000000032e-02
-1.405550000000000029e-02
-1.405550000000000029e-02
-1.405550000000000029e-02
-1.405550000000000029e-02
-1.405550000000000029e-02
-1.405250000000000075e-02
-1.405250000000000075e-02
-1.405250000000000075e-02
-1.404500000000000019e-02
-1.404500000000000019e-02
-1.404299999999999993e-02
-1.404299999999999993e-02
-1.404299999999999993e-02
-1.404299999999999993e-02
-1.404249999999999943e-02
-1.404200000000000066e-02
-1.404200000000000066e-02
-1.403749999999999963e-02
-1.403700000000000087e-02
-1.403700000000000087e-02
-1.403450000000000010e-02
-1.403450000000000010e-02
-1.403450000000000010e-02
-1.403399999999999960e-02
-1.402300000000000074e-02
-1.402149999999999924e-02
-1.401999999999999948e-02
-1.401999999999999948e-02
-1.401999999999999948e-02
-1.401999999999999948e-02
-1.401849999999999971e-02
-1.401849999999999971e-02
-1.401699999999999995e-02
-1.401499999999999968e-02
-1.398899999999999970e-02
-1.398849999999999920e-02
-1.398749999999999993e-02
-1.398499999999999917e-02
-1.398450000000000040e-02
-1.398450000000000040e-02
-1.397699999999999984e-02
-1.397649999999999934e-02
-1.397649999999999934e-02
-1.397649999999999934e-02
-1.397499999999999958e-02
-1.393950000000000050e-02
-1.393950000000000050e-02
-1.393849999999999950e-02
-1.393649999999999924e-02
-1.393499999999999947e-02
-1.393499999999999947e-02
-1.393250000000000044e-02
-1.393250000000000044e-02
-1.392900000000000041e-02
-1.392799999999999941e-02
-1.392799999999999941e-02
-1.392799999999999941e-02
-1.392700000000000014e-02
-1.392700000000000014e-02
-1.392700000000000014e-02
-1.392649999999999964e-02
-1.388099999999999924e-02
-1.388099999999999924e-02
-1.388099999999999924e-02
-1.388099999999999924e-02
-1.388099999999999924e-02
-1.388099999999999924e-02
-1.387999999999999998e-02
-1.387949999999999948e-02
-1.387949999999999948e-02
-1.387949999999999948e-02
-1.387749999999999921e-02
-1.387749999999999921e-02
-1.385349999999999950e-02
-1.383449999999999958e-02
-1.383200000000000054e-02
-1.383099999999999954e-02
-1.383099999999999954e-02
-1.382949999999999978e-02
-1.382899999999999928e-02
-1.382599999999999975e-02
-1.382449999999999998e-02
-1.381800000000000042e-02
-1.381800000000000042e-02
-1.381749999999999992e-02
-1.381499999999999916e-02
-1.381499999999999916e-02
-1.381450000000000039e-02
-1.381150000000000086e-02
-1.381150000000000086e-02
-1.381100000000000036e-02
-1.380800000000000083e-02
-1.380800000000000083e-02
-1.380800000000000083e-02
-1.380800000000000083e-02
-1.380750000000000033e-02
-1.380750000000000033e-02
-1.380750000000000033e-02
-1.379750000000000074e-02
-1.379750000000000074e-02
-1.379750000000000074e-02
-1.379750000000000074e-02
-1.379750000000000074e-02
-1.379750000000000074e-02
-1.379750000000000074e-02
-1.379550000000000047e-02
-1.325649999999999919e-02
-1.325649999999999919e-02
-1.325649999999999919e-02
-1.325050000000000013e-02
-1.313650000000000061e-02
-1.307449999999999932e-02
-1.307449999999999932e-02
-1.302900000000000065e-02
-1.302200000000000059e-02
-1.288000000000000082e-02
-1.288000000000000082e-02
-1.287699999999999956e-02
-1.284450000000000001e-02
-1.276399999999999930e-02
-1.276399999999999930e-02
-1.273000000000000000e-02
-1.273000000000000000e-02
-1.273000000000000000e-02
-1.269649999999999945e-02
-1.269649999999999945e-02
-1.267450000000000000e-02
-1.267450000000000000e-02
-1.267450000000000000e-02
-1.263150000000000037e-02
-1.263150000000000037e-02
-1.263150000000000037e-02
-1.262950000000000010e-02
-1.262950000000000010e-02
-1.262899999999999960e-02
-1.262899999999999960e-02
-1.261750000000000024e-02
-1.261750000000000024e-02
-1.261100000000000068e-02
-1.261100000000000068e-02
-1.259249999999999953e-02
-1.259249999999999953e-02
-1.259249999999999953e-02
-1.259099999999999976e-02
-1.258500000000000070e-02
-1.258500000000000070e-02
-1.258500000000000070e-02
-1.258500000000000070e-02
-1.258399999999999970e-02
-1.257750000000000014e-02
-1.257750000000000014e-02
-1.257050000000000008e-02
-1.257050000000000008e-02
-1.256700000000000005e-02
-1.256499999999999978e-02
-1.256099999999999925e-02
-1.252950000000000071e-02
-1.252950000000000071e-02
-1.252250000000000064e-02
-1.252250000000000064e-02
-1.252149999999999964e-02
-1.251200000000000055e-02
-1.247649999999999974e-02
-1.247649999999999974e-02
-1.247649999999999974e-02
-1.247649999999999974e-02
-1.247649999999999974e-02
-1.247649999999999974e-02
-1.247649999999999974e-02
-1.247649999999999974e-02
-1.247649999999999974e-02
-1.246749999999999942e-02
-1.246749999999999942e-02
-1.244600000000000047e-02
-1.244400000000000020e-02
-1.244400000000000020e-02
-1.244400000000000020e-02
-1.244400000000000020e-02
-1.244349999999999970e-02
-1.244349999999999970e-02
-1.242650000000000005e-02
-1.242650000000000005e-02
-1.242650000000000005e-02
-1.242150000000000025e-02
-1.241899999999999948e-02
-1.241599999999999995e-02
-1.239900000000000030e-02
-1.239900000000000030e-02
-1.239900000000000030e-02
-1.239900000000000030e-02
-1.239900000000000030e-02
-1.239849999999999980e-02
-1.239849999999999980e-02
-1.239849999999999980e-02
-1.239799999999999930e-02
-1.239449999999999927e-02
-1.239449999999999927e-02
-1.239449999999999927e-02
-1.239400000000000050e-02
-1.239350000000000000e-02
-1.239350000000000000e-02
-1.239350000000000000e-02
-1.239299999999999950e-02
-1.239299999999999950e-02
-1.239200000000000024e-02
-1.239200000000000024e-02
-1.238700000000000044e-02
-1.238700000000000044e-02
-1.238700000000000044e-02
-1.238649999999999994e-02
-1.238649999999999994e-02
-1.238649999999999994e-02
-1.238599999999999944e-02
-1.238599999999999944e-02
-1.238599999999999944e-02
-1.238550000000000068e-02
-1.238500000000000018e-02
-1.237700000000000085e-02
-1.237700000000000085e-02
-1.237700000000000085e-02
-1.237000000000000079e-02
-1.236750000000000002e-02
-1.236750000000000002e-02
-1.236600000000000026e-02
-1.236199999999999972e-02
-1.236199999999999972e-02
-1.236199999999999972e-02
-1.236199999999999972e-02
-1.235999999999999946e-02
-1.235999999999999946e-02
-1.235999999999999946e-02
-1.235900000000000019e-02
-1.235900000000000019e-02
-1.231900000000000009e-02
-1.231900000000000009e-02
-1.231900000000000009e-02
-1.231900000000000009e-02
-1.231900000000000009e-02
-1.231900000000000009e-02
-1.231900000000000009e-02
-1.231900000000000009e-02
-1.231900000000000009e-02
-1.231900000000000009e-02
-1.231900000000000009e-02
-1.231900000000000009e-02
-1.231900000000000009e-02
-1.231699999999999982e-02
-1.231450000000000079e-02
-1.231450000000000079e-02
-1.231400000000000029e-02
-1.231299999999999929e-02
-1.231299999999999929e-02
-1.231149999999999953e-02
-1.231149999999999953e-02
-1.231149999999999953e-02
-1.231149999999999953e-02
-1.231149999999999953e-02
-1.231149999999999953e-02
-1.231149999999999953e-02
-1.231149999999999953e-02
-1.231100000000000076e-02
-1.231100000000000076e-02
-1.231100000000000076e-02
-1.229549999999999914e-02
-1.229549999999999914e-02
-1.227999999999999925e-02
-1.227999999999999925e-02
-1.227999999999999925e-02
-1.227999999999999925e-02
-1.227999999999999925e-02
-1.227999999999999925e-02
-1.226999999999999966e-02
-1.226999999999999966e-02
-1.226999999999999966e-02
-1.226999999999999966e-02
-1.226999999999999966e-02
-1.226999999999999966e-02
-1.226949999999999916e-02
-1.226949999999999916e-02
-1.226949999999999916e-02
-1.225650000000000003e-02
-1.225500000000000027e-02
-1.225249999999999950e-02
-1.225150000000000024e-02
-1.225150000000000024e-02
-1.225150000000000024e-02
-1.225099999999999974e-02
-1.225099999999999974e-02
-1.225099999999999974e-02
-1.225049999999999924e-02
-1.224949999999999997e-02
-1.224949999999999997e-02
-1.224899999999999947e-02
-1.224749999999999971e-02
-1.224699999999999921e-02
-1.224699999999999921e-02
-1.224699999999999921e-02
-1.224699999999999921e-02
-1.224699999999999921e-02
-1.224699999999999921e-02
-1.224549999999999944e-02
-1.224549999999999944e-02
-1.224549999999999944e-02
-1.224450000000000018e-02
-1.223849999999999938e-02
-1.223849999999999938e-02
-1.223499999999999935e-02
-1.223100000000000055e-02
-1.223100000000000055e-02
-1.222950000000000079e-02
-1.222950000000000079e-02
-1.222700000000000002e-02
-1.222550000000000026e-02
-1.222550000000000026e-02
-1.222499999999999976e-02
-1.222499999999999976e-02
-1.222149999999999972e-02
-1.221900000000000069e-02
-1.221550000000000066e-02
-1.221550000000000066e-02
-1.221299999999999990e-02
-1.221249999999999940e-02
-1.221249999999999940e-02
-1.221249999999999940e-02
-1.221050000000000087e-02
-1.221000000000000037e-02
-1.221000000000000037e-02
-1.220899999999999937e-02
-1.220899999999999937e-02
-1.217099999999999953e-02
-1.217099999999999953e-02
-1.217099999999999953e-02
-1.217099999999999953e-02
-1.215849999999999917e-02
-1.215849999999999917e-02
-1.215849999999999917e-02
-1.214550000000000005e-02
-1.209350000000000008e-02
-1.209350000000000008e-02
-1.209350000000000008e-02
-1.209350000000000008e-02
-1.209350000000000008e-02
-1.209350000000000008e-02
-1.209350000000000008e-02
-1.209350000000000008e-02
-1.209350000000000008e-02
-1.209350000000000008e-02
-1.207949999999999996e-02
-1.207949999999999996e-02
-1.206800000000000060e-02
-1.206499999999999934e-02
-1.205250000000000071e-02
-1.205250000000000071e-02
-1.201900000000000017e-02
-1.201849999999999967e-02
-1.201799999999999917e-02
-1.201699999999999990e-02
-1.201699999999999990e-02
-1.201349999999999987e-02
-1.200249999999999928e-02
-1.200000000000000025e-02
-1.199850000000000048e-02
-1.199850000000000048e-02
-1.199749999999999948e-02
-1.199749999999999948e-02
-1.199749999999999948e-02
-1.199500000000000045e-02
-1.199500000000000045e-02
-1.199350000000000069e-02
-1.199249999999999969e-02
-1.199249999999999969e-02
-1.199199999999999919e-02
-1.196149999999999991e-02
-1.196149999999999991e-02
-1.196149999999999991e-02
-1.196149999999999991e-02
-1.196149999999999991e-02
-1.196149999999999991e-02
-1.195350000000000058e-02
-1.195350000000000058e-02
-1.194899999999999955e-02
-1.194699999999999929e-02
-1.193199999999999990e-02
-1.192350000000000007e-02
-1.192350000000000007e-02
-1.192000000000000004e-02
-1.192000000000000004e-02
-1.191500000000000024e-02
-1.191500000000000024e-02
-1.191500000000000024e-02
-1.191099999999999971e-02
-1.191099999999999971e-02
-1.191099999999999971e-02
-1.191000000000000045e-02
-1.190749999999999968e-02
-1.190699999999999918e-02
-1.190699999999999918e-02
-1.190699999999999918e-02
-1.190349999999999915e-02
-1.190349999999999915e-02
-1.190199999999999939e-02
-1.190000000000000085e-02
-1.189499999999999932e-02
-1.188649999999999950e-02
-1.188649999999999950e-02
-1.188649999999999950e-02
-1.188649999999999950e-02
-1.188649999999999950e-02
-1.188649999999999950e-02
-1.188649999999999950e-02
-1.188649999999999950e-02
-1.188649999999999950e-02
-1.188600000000000073e-02
-1.187550000000000064e-02
-1.185800000000000048e-02
-1.185800000000000048e-02
-1.185399999999999995e-02
-1.185399999999999995e-02
-1.185399999999999995e-02
-1.185399999999999995e-02
-1.185399999999999995e-02
-1.185399999999999995e-02
-1.185399999999999995e-02
-1.184849999999999966e-02
-1.184799999999999916e-02
-1.184600000000000063e-02
-1.184250000000000060e-02
-1.184250000000000060e-02
-1.184200000000000010e-02
-1.184149999999999960e-02
-1.184149999999999960e-02
-1.183999999999999983e-02
-1.183999999999999983e-02
-1.183850000000000006e-02
-1.182749999999999947e-02
-1.182749999999999947e-02
-1.172100000000000052e-02
-1.172100000000000052e-02
-1.172100000000000052e-02
-1.172100000000000052e-02
-1.172100000000000052e-02
-1.172100000000000052e-02
-1.171950000000000075e-02
-1.170550000000000063e-02
-1.170550000000000063e-02
-1.169800000000000006e-02
-1.169700000000000080e-02
-1.169450000000000003e-02
-1.166900000000000055e-02
-1.166900000000000055e-02
-1.120550000000000018e-02
-1.120550000000000018e-02
-1.120550000000000018e-02
-1.120550000000000018e-02
-1.120550000000000018e-02
-1.120550000000000018e-02
-1.120400000000000042e-02
-1.119750000000000086e-02
-1.118350000000000073e-02
-1.115599999999999925e-02
-1.108050000000000007e-02
-1.108050000000000007e-02
-1.108050000000000007e-02
-1.108050000000000007e-02
-1.108050000000000007e-02
-1.108050000000000007e-02
-1.108050000000000007e-02
-1.107200000000000024e-02
-1.103799999999999920e-02
-1.101300000000000022e-02
-1.101300000000000022e-02
-1.101300000000000022e-02
-1.101300000000000022e-02
-1.101300000000000022e-02
-1.098449999999999947e-02
-1.097749999999999941e-02
-1.097749999999999941e-02
-1.097749999999999941e-02
-1.097749999999999941e-02
-1.097700000000000065e-02
-1.097650000000000015e-02
-1.097650000000000015e-02
-1.097650000000000015e-02
-1.097650000000000015e-02
-1.097650000000000015e-02
-1.097599999999999965e-02
-1.097399999999999938e-02
-1.097399999999999938e-02
-1.097300000000000011e-02
-1.097249999999999961e-02
-1.097150000000000035e-02
-1.097150000000000035e-02
-1.097049999999999935e-02
-1.097049999999999935e-02
-1.097049999999999935e-02
-1.097049999999999935e-02
-1.097049999999999935e-02
-1.096450000000000029e-02
-1.096150000000000076e-02
-1.096150000000000076e-02
-1.096150000000000076e-02
-1.096049999999999976e-02
-1.095999999999999926e-02
-1.095999999999999926e-02
-1.095050000000000016e-02
-1.094700000000000013e-02
-1.094700000000000013e-02
-1.094649999999999963e-02
-1.094599999999999913e-02
-1.094149999999999984e-02
-1.094149999999999984e-02
-1.094099999999999934e-02
-1.094099999999999934e-02
-1.094099999999999934e-02
-1.093850000000000031e-02
-1.093700000000000054e-02
-1.093700000000000054e-02
-1.093650000000000004e-02
-1.093650000000000004e-02
-1.092300000000000042e-02
-1.092300000000000042e-02
-1.092300000000000042e-02
-1.092300000000000042e-02
-1.092300000000000042e-02
-1.092300000000000042e-02
-1.092300000000000042e-02
-1.092199999999999942e-02
-1.092199999999999942e-02
-1.092199999999999942e-02
-1.091849999999999939e-02
-1.091349999999999959e-02
-1.091349999999999959e-02
-1.091349999999999959e-02
-1.091349999999999959e-02
-1.091349999999999959e-02
-1.091300000000000082e-02
-1.091300000000000082e-02
-1.091300000000000082e-02
-1.091300000000000082e-02
-1.091250000000000032e-02
-1.091250000000000032e-02
-1.091250000000000032e-02
-1.091199999999999982e-02
-1.091199999999999982e-02
-1.091199999999999982e-02
-1.091149999999999932e-02
-1.090900000000000029e-02
-1.090900000000000029e-02
-1.090700000000000003e-02
-1.090700000000000003e-02
-1.090700000000000003e-02
-1.090250000000000073e-02
-1.090200000000000023e-02
-1.090200000000000023e-02
-1.090200000000000023e-02
-1.090200000000000023e-02
-1.090200000000000023e-02
-1.090099999999999923e-02
-1.090099999999999923e-02
-1.090050000000000047e-02
-1.090050000000000047e-02
-1.089999999999999997e-02
-1.089999999999999997e-02
-1.089999999999999997e-02
-1.089949999999999947e-02
-1.089850000000000020e-02
-1.086600000000000066e-02
-1.086600000000000066e-02
-1.086600000000000066e-02
-1.086600000000000066e-02
-1.086600000000000066e-02
-1.086600000000000066e-02
-1.086600000000000066e-02
-1.086600000000000066e-02
-1.086600000000000066e-02
-1.086600000000000066e-02
-1.086600000000000066e-02
-1.086550000000000016e-02
-1.086550000000000016e-02
-1.086550000000000016e-02
-1.086550000000000016e-02
-1.086550000000000016e-02
-1.086499999999999966e-02
-1.086499999999999966e-02
-1.086499999999999966e-02
-1.086050000000000036e-02
-1.086050000000000036e-02
-1.085999999999999986e-02
-1.085999999999999986e-02
-1.085999999999999986e-02
-1.085500000000000007e-02
-1.085500000000000007e-02
-1.085500000000000007e-02
-1.085500000000000007e-02
-1.085500000000000007e-02
-1.085449999999999957e-02
-1.085150000000000003e-02
-1.085150000000000003e-02
-1.085150000000000003e-02
-1.085150000000000003e-02
-1.085150000000000003e-02
-1.085150000000000003e-02
-1.085150000000000003e-02
-1.084899999999999927e-02
-1.084899999999999927e-02
-1.084899999999999927e-02
-1.084899999999999927e-02
-1.084899999999999927e-02
-1.084899999999999927e-02
-1.084899999999999927e-02
-1.084899999999999927e-02
-1.084850000000000050e-02
-1.084850000000000050e-02
-1.084850000000000050e-02
-1.084850000000000050e-02
-1.084850000000000050e-02
-1.084850000000000050e-02
-1.084800000000000000e-02
-1.084800000000000000e-02
-1.084800000000000000e-02
-1.084800000000000000e-02
-1.084549999999999924e-02
-1.084549999999999924e-02
-1.084549999999999924e-02
-1.084449999999999997e-02
-1.084449999999999997e-02
-1.084399999999999947e-02
-1.077649999999999962e-02
-1.077400000000000059e-02
-1.077000000000000006e-02
-1.077000000000000006e-02
-1.077000000000000006e-02
-1.077000000000000006e-02
-1.077000000000000006e-02
-1.074549999999999984e-02
-1.074549999999999984e-02
-1.074549999999999984e-02
-1.074199999999999981e-02
-1.074100000000000055e-02
-1.073799999999999928e-02
-1.073799999999999928e-02
-1.073700000000000002e-02
-1.072500000000000016e-02
-1.072500000000000016e-02
-1.072399999999999916e-02
-1.072350000000000039e-02
-1.071749999999999960e-02
-1.071749999999999960e-02
-1.071749999999999960e-02
-1.071599999999999983e-02
-1.070800000000000050e-02
-1.070800000000000050e-02
-1.070800000000000050e-02
-1.070800000000000050e-02
-1.070800000000000050e-02
-1.070800000000000050e-02
-1.070800000000000050e-02
-1.070800000000000050e-02
-1.070800000000000050e-02
-1.070750000000000000e-02
-1.070699999999999950e-02
-1.070699999999999950e-02
-1.070699999999999950e-02
-1.070600000000000024e-02
-1.070600000000000024e-02
-1.070600000000000024e-02
-1.070499999999999924e-02
-1.070399999999999997e-02
-1.070399999999999997e-02
-1.070399999999999997e-02
-1.070399999999999997e-02
-1.070399999999999997e-02
-1.070300000000000071e-02
-1.069900000000000018e-02
-1.069449999999999915e-02
-1.069449999999999915e-02
-1.069449999999999915e-02
-1.069449999999999915e-02
-1.069449999999999915e-02
-1.069449999999999915e-02
-1.069349999999999988e-02
-1.069349999999999988e-02
-1.069050000000000035e-02
-1.069050000000000035e-02
-1.069050000000000035e-02
-1.069050000000000035e-02
-1.069050000000000035e-02
-1.068900000000000058e-02
-1.068900000000000058e-02
-1.068799999999999958e-02
-1.068799999999999958e-02
-1.068799999999999958e-02
-1.068750000000000082e-02
-1.068750000000000082e-02
-1.068750000000000082e-02
-1.068750000000000082e-02
-1.068750000000000082e-02
-1.068449999999999955e-02
-1.068249999999999929e-02
-1.068249999999999929e-02
-1.068249999999999929e-02
-1.068099999999999952e-02
-1.068099999999999952e-02
-1.065499999999999954e-02
-1.065499999999999954e-02
-1.065499999999999954e-02
-1.065499999999999954e-02
-1.065299999999999928e-02
-1.065299999999999928e-02
-1.065299999999999928e-02
-1.065299999999999928e-02
-1.065250000000000051e-02
-1.065250000000000051e-02
-1.065200000000000001e-02
-1.065050000000000024e-02
-1.065050000000000024e-02
-1.064900000000000048e-02
-1.064799999999999948e-02
-1.064799999999999948e-02
-1.064799999999999948e-02
-1.062450000000000026e-02
-1.062450000000000026e-02
-1.062450000000000026e-02
-1.062450000000000026e-02
-1.062450000000000026e-02
-1.062450000000000026e-02
-1.062450000000000026e-02
-1.062450000000000026e-02
-1.062450000000000026e-02
-1.062049999999999973e-02
-1.062049999999999973e-02
-1.062049999999999973e-02
-1.057450000000000057e-02
-1.057450000000000057e-02
-1.057450000000000057e-02
-1.017050000000000072e-02
-1.017050000000000072e-02
-1.017050000000000072e-02
-1.017050000000000072e-02
-1.017050000000000072e-02
-1.017050000000000072e-02
-1.017050000000000072e-02
-1.017050000000000072e-02
-1.017050000000000072e-02
-1.017050000000000072e-02
-1.017050000000000072e-02
-1.017050000000000072e-02
-1.016749999999999945e-02
-1.015150000000000080e-02
-1.014050000000000021e-02
-1.011049999999999970e-02
-1.011049999999999970e-02
-1.011049999999999970e-02
-1.011049999999999970e-02
-1.011049999999999970e-02
-1.011049999999999970e-02
-1.010699999999999966e-02
-1.009400000000000054e-02
-1.009400000000000054e-02
-1.009400000000000054e-02
-1.009400000000000054e-02
-1.009400000000000054e-02
-1.008700000000000048e-02
-1.008649999999999998e-02
-1.008649999999999998e-02
-1.008449999999999971e-02
-1.008449999999999971e-02
-1.008249999999999945e-02
-1.008200000000000068e-02
-1.008150000000000018e-02
-1.008099999999999968e-02
-1.008000000000000042e-02
-1.007699999999999915e-02
-1.007699999999999915e-02
-1.007699999999999915e-02
-1.006450000000000053e-02
-1.006450000000000053e-02
-1.006450000000000053e-02
-1.006450000000000053e-02
-1.006450000000000053e-02
-1.006400000000000003e-02
-1.006349999999999953e-02
-9.853499999999999412e-03
-9.853499999999999412e-03
-9.853499999999999412e-03
-9.853499999999999412e-03
-9.853499999999999412e-03
-9.853499999999999412e-03
-9.853499999999999412e-03
-9.853499999999999412e-03
-9.853499999999999412e-03
-9.853499999999999412e-03
-9.835999999999999258e-03
-9.835999999999999258e-03
-9.835999999999999258e-03
-9.820499999999999369e-03
-9.764999999999999375e-03
-9.726500000000000770e-03
-9.722500000000000239e-03
-9.722500000000000239e-03
-9.716999999999999943e-03
-9.716000000000000678e-03
-9.714999999999999677e-03
-9.714000000000000412e-03
-9.714000000000000412e-03
-9.605999999999999955e-03
-9.605999999999999955e-03
-9.605999999999999955e-03
-9.605999999999999955e-03
-9.605999999999999955e-03
-9.605999999999999955e-03
-9.605999999999999955e-03
-9.604500000000000190e-03
-9.544499999999999165e-03
-9.536499999999999838e-03
-9.536499999999999838e-03
-9.506000000000000560e-03
-9.477499999999999813e-03
-9.477499999999999813e-03
-9.477499999999999813e-03
-9.477499999999999813e-03
-9.477499999999999813e-03
-9.476999999999999313e-03
-9.476999999999999313e-03
-9.476999999999999313e-03
-9.476999999999999313e-03
-9.476999999999999313e-03
-9.473999999999999783e-03
-9.473999999999999783e-03
-9.473999999999999783e-03
-9.473999999999999783e-03
-9.473999999999999783e-03
-9.473999999999999783e-03
-9.473499999999999283e-03
-9.473499999999999283e-03
-9.473499999999999283e-03
-9.473000000000000517e-03
-9.471999999999999517e-03
-9.471999999999999517e-03
-9.459999999999999659e-03
-9.458499999999999894e-03
-9.458499999999999894e-03
-9.458499999999999894e-03
-9.458499999999999894e-03
-9.456000000000000863e-03
-9.456000000000000863e-03
-9.452000000000000332e-03
-9.450999999999999332e-03
-9.450999999999999332e-03
-9.443000000000000005e-03
-9.443000000000000005e-03
-9.443000000000000005e-03
-9.438500000000000709e-03
-9.438000000000000209e-03
-9.438000000000000209e-03
-9.434500000000000178e-03
-9.434500000000000178e-03
-9.431000000000000147e-03
-9.431000000000000147e-03
-9.431000000000000147e-03
-9.431000000000000147e-03
-9.431000000000000147e-03
-9.429999999999999147e-03
-9.428499999999999381e-03
-9.428499999999999381e-03
-9.418499999999999789e-03
-9.418499999999999789e-03
-9.211499999999999203e-03
-9.211499999999999203e-03
-9.211499999999999203e-03
-9.211499999999999203e-03
-9.203499999999999875e-03
-9.203499999999999875e-03
-9.118499999999999869e-03
-9.118499999999999869e-03
-9.118499999999999869e-03
-9.118499999999999869e-03
-9.118499999999999869e-03
-9.084500000000000561e-03
-9.046999999999999487e-03
-9.046999999999999487e-03
-9.046999999999999487e-03
-9.046999999999999487e-03
-9.046999999999999487e-03
-9.046999999999999487e-03
-9.046999999999999487e-03
-9.043000000000000690e-03
-9.043000000000000690e-03
-9.043000000000000690e-03
-9.043000000000000690e-03
-9.043000000000000690e-03
-9.043000000000000690e-03
-9.035500000000000129e-03
-9.035500000000000129e-03
-9.031000000000000832e-03
-9.031000000000000832e-03
-9.029499999999999332e-03
-9.029499999999999332e-03
-9.029499999999999332e-03
-9.029499999999999332e-03
-9.029499999999999332e-03
-9.029499999999999332e-03
-9.026499999999999801e-03
-9.026499999999999801e-03
-9.025999999999999301e-03
-9.025999999999999301e-03
-9.024000000000000771e-03
-9.024000000000000771e-03
-9.024000000000000771e-03
-9.024000000000000771e-03
-9.024000000000000771e-03
-9.024000000000000771e-03
-9.021500000000000005e-03
-9.021500000000000005e-03
-9.016500000000000209e-03
-9.016500000000000209e-03
-9.016500000000000209e-03
-9.016500000000000209e-03
-9.015999999999999709e-03
-9.013000000000000178e-03
-9.008499999999999147e-03
-9.008499999999999147e-03
-9.008499999999999147e-03
-9.008000000000000382e-03
-9.003000000000000586e-03
-9.003000000000000586e-03
