2.102502033235664480e-01
2.562571990574100123e-01
1.920591023512606688e-01
8.282919419863321586e-01
5.015226957679692621e-01
5.014426380567047481e-01
6.319546767118624508e-01
3.927156891499684610e-01
7.790784749259336284e-01
1.996305483876829046e-01
5.397832478828255010e-01
4.392057121503694095e-01
5.003082304401762492e-01
4.989474393474900848e-01
4.054881228723870024e-01
6.717143583455080780e-01
3.729865270553681666e-01
8.732707858528395706e-01
7.227270620361663234e-01
8.318607695364996779e-01
4.950012401110350235e-01
4.989985385134529938e-01
5.301384912945026340e-01
4.573624629764431182e-01
3.384922566989799764e-01
9.292043406319161480e-02
2.891585143269698177e-01
5.460750332561896681e-01
4.982552602232376837e-01
5.006032213897162464e-01
4.724569896645762768e-01
7.834406130428933634e-01
3.611706801228623531e-01
6.021561884780870511e-01
4.804309703661817088e-01
7.921411129513853400e-01
4.987429781735028822e-01
5.013600683840970795e-01
5.548332349220710391e-01
6.990709782932376104e-01
5.862512642367847526e-01
8.999870740795770097e-01
3.996445722714813131e-01
8.530817783732238535e-01
4.967392117704558241e-01
7.492100540566228872e-01
6.878415728583844313e-01
4.045298692144913000e-01
4.270752747453561149e-01
1.959719750827493001e-01
6.639943247732453813e-01
3.272008017688582404e-01
4.980636848806456740e-01
4.979179478485505905e-01
3.797042618436430317e-01
6.447220630228676086e-01
2.201921018540328734e-01
3.287624000403107094e-01
4.910274277186280623e-01
6.011491505542412295e-01
5.013120452703290209e-01
2.509557152763240429e-01
5.786885958849924405e-01
6.531102913576084523e-01
6.174188454228826117e-01
4.751137434314612884e-01
6.053544136466648684e-01
3.009063375132233764e-01
4.965325336991289751e-01
5.002724354347253266e-01
8.097107685348154948e-01
7.380014617016015244e-01
2.160987902558751950e-01
3.099423683378360606e-01
3.519802977888419893e-01
8.680610464292755069e-01
4.969037160732875380e-01
2.494775520312043637e-01
6.371352897451447728e-01
1.405000939891079548e-01
3.262492091713372622e-01
2.085186612737263689e-01
7.697572719747427517e-01
5.706923236391744370e-01
4.977194273757926113e-01
2.480901187820419018e-01
3.823521119669478496e-01
4.695707804268399732e-01
8.093828019892048697e-01
1.233200910652444138e-01
2.651092572203376241e-01
7.025848647647170431e-01
4.966642703433615802e-01
7.512507731595501337e-01
2.776986176978797349e-01
6.186830701239691699e-01
7.159201942721533651e-01
9.245499577889049192e-02
3.760006454511898299e-01
5.964729247167293025e-01
1.362480464380238510e-01
4.956347373083395125e-01
5.081576945918548915e-01
2.720876169600612293e-01
8.590110991024633158e-01
9.235638888769106547e-01
6.330011839998268552e-01
5.940161974479347684e-01
9.979291898282693918e-01
4.278302455288352513e-01
4.496981489497451356e-01
3.247568578286026408e-01
2.420675921809095077e-01
8.579598097466110129e-01
5.475629453179201578e-01
4.980026697248804979e-01
4.993687298516565898e-01
2.715018309711400221e-03
4.083929477049589307e-01
1.443760543178759792e-01
4.813220922044276762e-01
1.918078945924464040e-01
2.891387185691368655e-01
3.481835582006140850e-01
4.981408980832949807e-01
5.002701081884523004e-01
5.884698162419916834e-01
6.877866140900796843e-01
7.339824882001344530e-01
3.189074756394473797e-01
5.732224890121673244e-01
6.629409836501178876e-01
5.032366494708448990e-01
2.484118259878281831e-01
3.625546272325698149e-01
4.263652316843772327e-01
4.643350442316238613e-01
1.309023893360689028e-01
4.144464273960336564e-01
4.187438169069115368e-01
3.212893603559483727e-03
6.895011667805830413e-01
5.227716743874688543e-01
3.505890002880042156e-01
6.001772530127873484e-01
8.364602317538252230e-01
4.442605451493435997e-01
4.035053338119374278e-01
5.028748796518445197e-01
2.516361790512274266e-01
2.699109743892983415e-01
3.259234221098603612e-01
1.379082339999552764e-01
2.339138238425712557e-01
7.326550143352892341e-01
4.484175162115121571e-01
4.977412799232856511e-01
7.473716108345149767e-01
2.095959639826466270e-01
4.012558124659516556e-01
6.461771578192692100e-01
1.799735279298941282e-01
3.565162718923775564e-01
3.315419672921936511e-01
5.907077711598892819e-03
4.482314083376739422e-01
6.009462064803525738e-01
3.486126334477125943e-01
6.995070102626758102e-01
8.432887304153078301e-01
7.010520533285964362e-01
5.317512167965384728e-01
4.977044863517540163e-01
7.492544529905829087e-01
3.175086269572946485e-01
3.227484651657005488e-01
2.288985543889517360e-01
2.521814523118282025e-01
6.374981440904339269e-01
4.804002984277595534e-01
5.002998829397893310e-01
2.411728937328253344e-03
8.994097486458370039e-01
6.725480753607735451e-01
8.029919047253109010e-02
1.867886655025422227e-01
5.675703248626604580e-01
5.693875484177943758e-01
