-1.756699999999999928e-02
-1.756699999999999928e-02
-9.912499999999999437e-03
-9.912499999999999437e-03
-6.856000000000000115e-03
-6.856000000000000115e-03
-6.856000000000000115e-03
-6.856000000000000115e-03
-6.856000000000000115e-03
-6.856000000000000115e-03
-6.856000000000000115e-03
-6.501999999999999967e-03
-6.501999999999999967e-03
-4.865999999999999666e-03
-4.865999999999999666e-03
-4.865999999999999666e-03
-4.865999999999999666e-03
-4.865999999999999666e-03
-4.865999999999999666e-03
-4.865999999999999666e-03
-4.865999999999999666e-03
-4.865999999999999666e-03
-4.521500000000000345e-03
-4.521500000000000345e-03
-4.521500000000000345e-03
-4.521500000000000345e-03
-4.521500000000000345e-03
-4.521500000000000345e-03
-4.521500000000000345e-03
-4.521500000000000345e-03
-4.521500000000000345e-03
-4.521500000000000345e-03
-4.521500000000000345e-03
-4.521500000000000345e-03
-4.132000000000000256e-03
-4.069500000000000201e-03
-4.069500000000000201e-03
-4.069500000000000201e-03
-4.018500000000000370e-03
-4.018500000000000370e-03
-4.018500000000000370e-03
-4.018500000000000370e-03
-3.975000000000000235e-03
-3.975000000000000235e-03
-3.975000000000000235e-03
-3.975000000000000235e-03
-3.975000000000000235e-03
-3.975000000000000235e-03
-3.975000000000000235e-03
-3.975000000000000235e-03
-3.975000000000000235e-03
-3.975000000000000235e-03
-3.975000000000000235e-03
-3.975000000000000235e-03
-3.975000000000000235e-03
-3.975000000000000235e-03
-3.975000000000000235e-03
-3.968499999999999805e-03
-3.968499999999999805e-03
-3.949499999999999886e-03
-3.949499999999999886e-03
-3.949499999999999886e-03
-3.938500000000000160e-03
-3.938500000000000160e-03
-3.938500000000000160e-03
-3.938500000000000160e-03
-3.933500000000000364e-03
-3.933500000000000364e-03
-3.933500000000000364e-03
-3.933500000000000364e-03
-3.933500000000000364e-03
-3.933500000000000364e-03
-3.933500000000000364e-03
-3.933500000000000364e-03
-3.933500000000000364e-03
-3.930499999999999966e-03
-3.930499999999999966e-03
-3.930499999999999966e-03
-3.930499999999999966e-03
-3.929000000000000201e-03
-3.929000000000000201e-03
-3.929000000000000201e-03
-3.928499999999999701e-03
-3.926999999999999935e-03
-3.926999999999999935e-03
-3.926999999999999935e-03
-3.926999999999999935e-03
-3.926999999999999935e-03
-3.926999999999999935e-03
-3.926999999999999935e-03
-3.926999999999999935e-03
-3.926999999999999935e-03
-3.926999999999999935e-03
-3.926999999999999935e-03
-3.926999999999999935e-03
-3.926999999999999935e-03
-3.926999999999999935e-03
-3.926500000000000302e-03
-3.926500000000000302e-03
-3.926500000000000302e-03
-3.926500000000000302e-03
-3.926500000000000302e-03
-3.926500000000000302e-03
-3.926500000000000302e-03
-3.926500000000000302e-03
-3.926500000000000302e-03
-3.926500000000000302e-03
-3.926500000000000302e-03
-3.926500000000000302e-03
-3.926500000000000302e-03
-3.926500000000000302e-03
-3.926500000000000302e-03
-3.926500000000000302e-03
-3.926500000000000302e-03
-3.926500000000000302e-03
-3.926500000000000302e-03
-3.926500000000000302e-03
-3.926500000000000302e-03
-3.926500000000000302e-03
-3.926500000000000302e-03
-3.926500000000000302e-03
-3.926500000000000302e-03
-3.926500000000000302e-03
-3.926500000000000302e-03
-3.926500000000000302e-03
-3.926500000000000302e-03
-3.926500000000000302e-03
-3.926500000000000302e-03
-3.926500000000000302e-03
-3.926500000000000302e-03
-3.926500000000000302e-03
-3.926500000000000302e-03
-3.926500000000000302e-03
-3.926500000000000302e-03
-3.926500000000000302e-03
-3.926500000000000302e-03
-3.926500000000000302e-03
-3.926500000000000302e-03
-3.926500000000000302e-03
-3.926500000000000302e-03
-3.926500000000000302e-03
-3.926500000000000302e-03
-3.926500000000000302e-03
-3.926500000000000302e-03
-3.926500000000000302e-03
-3.926500000000000302e-03
-3.926500000000000302e-03
-3.926500000000000302e-03
-3.926500000000000302e-03
-3.926500000000000302e-03
-3.926500000000000302e-03
-3.926500000000000302e-03
-3.926500000000000302e-03
-3.926500000000000302e-03
-3.926500000000000302e-03
-3.926500000000000302e-03
-3.926500000000000302e-03
-3.926500000000000302e-03
-3.926500000000000302e-03
-3.926500000000000302e-03
-3.926500000000000302e-03
-3.926500000000000302e-03
-3.926500000000000302e-03
-3.926500000000000302e-03
-3.926500000000000302e-03
-3.926500000000000302e-03
-3.926500000000000302e-03
-3.926500000000000302e-03
-3.926500000000000302e-03
-3.926500000000000302e-03
-3.926500000000000302e-03
-3.926500000000000302e-03
-3.926500000000000302e-03
-3.926500000000000302e-03
-3.926500000000000302e-03
-3.926500000000000302e-03
-3.926500000000000302e-03
-3.926500000000000302e-03
-3.926500000000000302e-03
-3.926500000000000302e-03
-3.926500000000000302e-03
-3.926500000000000302e-03
-3.926500000000000302e-03
-3.926500000000000302e-03
-3.926500000000000302e-03
-3.926500000000000302e-03
-3.889500000000000162e-03
-3.889500000000000162e-03
-3.889500000000000162e-03
-3.889500000000000162e-03
-3.863999999999999813e-03
-3.863999999999999813e-03
-3.863999999999999813e-03
-3.863999999999999813e-03
-3.863999999999999813e-03
-3.863999999999999813e-03
-3.863999999999999813e-03
-3.863999999999999813e-03
-3.863999999999999813e-03
-3.863999999999999813e-03
-3.863999999999999813e-03
-3.863999999999999813e-03
-3.863999999999999813e-03
-3.863999999999999813e-03
-3.863999999999999813e-03
-3.863999999999999813e-03
-3.863999999999999813e-03
-3.863999999999999813e-03
-3.863999999999999813e-03
-3.863999999999999813e-03
-3.863999999999999813e-03
-3.854999999999999920e-03
-3.854999999999999920e-03
-3.854999999999999920e-03
-3.854499999999999853e-03
-3.851999999999999955e-03
-3.851999999999999955e-03
-3.851999999999999955e-03
-3.851999999999999955e-03
-3.851999999999999955e-03
-3.851999999999999955e-03
-3.851999999999999955e-03
-3.851999999999999955e-03
-3.851499999999999889e-03
-3.851499999999999889e-03
-3.851499999999999889e-03
-3.851499999999999889e-03
-3.851499999999999889e-03
-3.851499999999999889e-03
-3.851499999999999889e-03
-3.851499999999999889e-03
-3.851499999999999889e-03
-3.851499999999999889e-03
-3.851499999999999889e-03
-3.851499999999999889e-03
-3.851499999999999889e-03
-3.851499999999999889e-03
-3.851499999999999889e-03
-3.851499999999999889e-03
-3.851499999999999889e-03
-3.851499999999999889e-03
-3.851499999999999889e-03
-3.851499999999999889e-03
-3.851499999999999889e-03
-3.851499999999999889e-03
-3.851499999999999889e-03
-3.851499999999999889e-03
-3.851499999999999889e-03
-3.851499999999999889e-03
-3.851499999999999889e-03
-3.851499999999999889e-03
-3.851499999999999889e-03
-3.851499999999999889e-03
-3.851499999999999889e-03
-3.851499999999999889e-03
-3.851499999999999889e-03
-3.851499999999999889e-03
-3.851499999999999889e-03
-3.851499999999999889e-03
-3.851499999999999889e-03
-3.851499999999999889e-03
-3.851499999999999889e-03
-3.851499999999999889e-03
-3.851499999999999889e-03
-3.851499999999999889e-03
-3.851499999999999889e-03
-3.851499999999999889e-03
-3.851499999999999889e-03
-3.851499999999999889e-03
-3.851499999999999889e-03
-3.851499999999999889e-03
-3.851499999999999889e-03
-3.851499999999999889e-03
-3.851499999999999889e-03
-3.851499999999999889e-03
-3.851499999999999889e-03
-3.851499999999999889e-03
-3.851499999999999889e-03
-3.851499999999999889e-03
-3.851499999999999889e-03
-3.851499999999999889e-03
-3.851499999999999889e-03
-3.851499999999999889e-03
-3.851499999999999889e-03
-3.851499999999999889e-03
-3.851499999999999889e-03
-3.851499999999999889e-03
-3.851499999999999889e-03
-3.851499999999999889e-03
-3.851499999999999889e-03
-3.851499999999999889e-03
-3.851499999999999889e-03
-3.851499999999999889e-03
-3.851499999999999889e-03
-3.851499999999999889e-03
-3.851499999999999889e-03
-3.851499999999999889e-03
-3.851499999999999889e-03
-3.851499999999999889e-03
-3.851499999999999889e-03
-3.851499999999999889e-03
-3.851499999999999889e-03
-3.851499999999999889e-03
-3.851499999999999889e-03
-3.851499999999999889e-03
-3.851499999999999889e-03
-3.851499999999999889e-03
-3.851499999999999889e-03
-3.851499999999999889e-03
-3.851499999999999889e-03
-3.851499999999999889e-03
-3.851499999999999889e-03
-3.851499999999999889e-03
-3.851499999999999889e-03
-3.851499999999999889e-03
-3.851499999999999889e-03
-3.851499999999999889e-03
-3.851499999999999889e-03
-3.851499999999999889e-03
-3.851499999999999889e-03
-3.851499999999999889e-03
-3.851499999999999889e-03
-3.851499999999999889e-03
-3.851499999999999889e-03
-3.851499999999999889e-03
-3.851499999999999889e-03
-3.851499999999999889e-03
-3.851499999999999889e-03
-3.851499999999999889e-03
-3.851499999999999889e-03
-3.851499999999999889e-03
-3.851499999999999889e-03
-3.851499999999999889e-03
-3.851499999999999889e-03
-3.851499999999999889e-03
-3.851499999999999889e-03
-3.851499999999999889e-03
-3.851499999999999889e-03
-3.851499999999999889e-03
-3.851499999999999889e-03
-3.851499999999999889e-03
-3.851499999999999889e-03
-3.851499999999999889e-03
-3.851499999999999889e-03
-3.851499999999999889e-03
-3.851499999999999889e-03
-3.851499999999999889e-03
-3.851499999999999889e-03
-3.851499999999999889e-03
-3.851499999999999889e-03
-3.851499999999999889e-03
-3.851499999999999889e-03
-3.851499999999999889e-03
-3.851499999999999889e-03
-3.851499999999999889e-03
-3.851499999999999889e-03
-3.851499999999999889e-03
-3.851499999999999889e-03
-3.851499999999999889e-03
-3.851499999999999889e-03
-3.851499999999999889e-03
-3.851499999999999889e-03
-3.851499999999999889e-03
-3.851499999999999889e-03
-3.851499999999999889e-03
-3.851499999999999889e-03
-3.851499999999999889e-03
-3.851499999999999889e-03
-3.851499999999999889e-03
-3.851499999999999889e-03
-3.851499999999999889e-03
-3.851499999999999889e-03
-3.851499999999999889e-03
-3.851499999999999889e-03
-3.851499999999999889e-03
-3.851499999999999889e-03
-3.851499999999999889e-03
-3.851499999999999889e-03
-3.851499999999999889e-03
-3.851499999999999889e-03
-3.851499999999999889e-03
-3.851499999999999889e-03
-3.851499999999999889e-03
-3.851499999999999889e-03
-3.851499999999999889e-03
-3.851499999999999889e-03
-3.851499999999999889e-03
-3.851499999999999889e-03
-3.851499999999999889e-03
-3.851499999999999889e-03
-3.851499999999999889e-03
-3.851499999999999889e-03
-3.851499999999999889e-03
-3.851499999999999889e-03
-3.851499999999999889e-03
-3.851499999999999889e-03
-3.851499999999999889e-03
-3.851499999999999889e-03
-3.851499999999999889e-03
-3.851499999999999889e-03
-3.851499999999999889e-03
-3.851499999999999889e-03
-3.851499999999999889e-03
-3.851499999999999889e-03
-3.851499999999999889e-03
-3.851499999999999889e-03
-3.851499999999999889e-03
-3.851499999999999889e-03
-3.851499999999999889e-03
-3.851499999999999889e-03
-3.851499999999999889e-03
-3.851499999999999889e-03
-3.851499999999999889e-03
-3.851499999999999889e-03
-3.851499999999999889e-03
-3.851499999999999889e-03
-3.851499999999999889e-03
-3.851499999999999889e-03
-3.851499999999999889e-03
-3.851499999999999889e-03
-3.851499999999999889e-03
-3.851499999999999889e-03
-3.851499999999999889e-03
-3.851499999999999889e-03
-3.851499999999999889e-03
-3.851499999999999889e-03
-3.851499999999999889e-03
-3.851499999999999889e-03
-3.851499999999999889e-03
-3.851499999999999889e-03
-3.851499999999999889e-03
-3.851499999999999889e-03
-3.851499999999999889e-03
-3.851499999999999889e-03
-3.851499999999999889e-03
-3.851499999999999889e-03
-3.851499999999999889e-03
-3.851499999999999889e-03
-3.851499999999999889e-03
-3.851499999999999889e-03
-3.851499999999999889e-03
-3.851499999999999889e-03
-3.851499999999999889e-03
-3.851499999999999889e-03
-3.851499999999999889e-03
-3.851499999999999889e-03
-3.851499999999999889e-03
-3.851499999999999889e-03
-3.851499999999999889e-03
-3.851499999999999889e-03
-3.851499999999999889e-03
-3.851499999999999889e-03
-3.851499999999999889e-03
-3.851499999999999889e-03
-3.851499999999999889e-03
-3.851499999999999889e-03
-3.851499999999999889e-03
-3.820500000000000111e-03
-3.820500000000000111e-03
-3.820500000000000111e-03
-3.820500000000000111e-03
-3.820500000000000111e-03
-3.820500000000000111e-03
-3.820500000000000111e-03
-3.820500000000000111e-03
-3.820500000000000111e-03
-3.820500000000000111e-03
-3.820500000000000111e-03
-3.820500000000000111e-03
-3.820500000000000111e-03
-3.820500000000000111e-03
-3.820500000000000111e-03
-3.820500000000000111e-03
-3.820500000000000111e-03
-3.820500000000000111e-03
-3.820500000000000111e-03
-3.820500000000000111e-03
-3.820500000000000111e-03
-3.820500000000000111e-03
-3.820500000000000111e-03
-3.820500000000000111e-03
-3.820500000000000111e-03
-3.820500000000000111e-03
-3.820500000000000111e-03
-3.820500000000000111e-03
-3.820500000000000111e-03
-3.820500000000000111e-03
-3.820500000000000111e-03
-3.820500000000000111e-03
-3.820500000000000111e-03
-3.820500000000000111e-03
-3.820500000000000111e-03
-3.820500000000000111e-03
-3.820500000000000111e-03
-3.820500000000000111e-03
-3.820500000000000111e-03
-3.820500000000000111e-03
-3.820500000000000111e-03
-3.820500000000000111e-03
-3.820500000000000111e-03
-3.820500000000000111e-03
-3.820500000000000111e-03
-3.820500000000000111e-03
-3.820500000000000111e-03
-3.820500000000000111e-03
-3.820500000000000111e-03
-3.820500000000000111e-03
-3.820500000000000111e-03
-3.820500000000000111e-03
-3.820500000000000111e-03
-3.820500000000000111e-03
-3.820500000000000111e-03
-3.820500000000000111e-03
-3.820500000000000111e-03
-3.820500000000000111e-03
-3.820500000000000111e-03
-3.820500000000000111e-03
-3.820500000000000111e-03
-3.820500000000000111e-03
-3.820500000000000111e-03
-3.820500000000000111e-03
-3.820500000000000111e-03
-3.820500000000000111e-03
-3.820500000000000111e-03
-3.820500000000000111e-03
-3.820500000000000111e-03
-3.820500000000000111e-03
-3.820500000000000111e-03
-3.820500000000000111e-03
-3.820500000000000111e-03
-3.820500000000000111e-03
-3.820500000000000111e-03
-3.820500000000000111e-03
-3.820500000000000111e-03
-3.820500000000000111e-03
-3.820500000000000111e-03
-3.820500000000000111e-03
-3.820500000000000111e-03
-3.803500000000000023e-03
-3.801500000000000191e-03
-3.801500000000000191e-03
-3.801500000000000191e-03
-3.781000000000000073e-03
-3.781000000000000073e-03
-3.781000000000000073e-03
-3.781000000000000073e-03
-3.776499999999999909e-03
-3.764500000000000051e-03
-3.764500000000000051e-03
-3.764500000000000051e-03
-3.764500000000000051e-03
-3.764500000000000051e-03
-3.764500000000000051e-03
-3.764500000000000051e-03
-3.756499999999999857e-03
-3.756499999999999857e-03
-3.756499999999999857e-03
-3.754500000000000025e-03
-3.752000000000000127e-03
-3.752000000000000127e-03
-3.752000000000000127e-03
-3.752000000000000127e-03
-3.752000000000000127e-03
-3.752000000000000127e-03
-3.752000000000000127e-03
-3.752000000000000127e-03
-3.752000000000000127e-03
-3.752000000000000127e-03
-3.751500000000000060e-03
-3.751500000000000060e-03
-3.751500000000000060e-03
-3.751500000000000060e-03
-3.751500000000000060e-03
-3.751500000000000060e-03
-3.751500000000000060e-03
-3.751500000000000060e-03
-3.751500000000000060e-03
-3.751500000000000060e-03
-3.751500000000000060e-03
-3.751500000000000060e-03
-3.751500000000000060e-03
-3.751500000000000060e-03
-3.751500000000000060e-03
-3.751500000000000060e-03
-3.751500000000000060e-03
-3.751500000000000060e-03
-3.751500000000000060e-03
-3.751500000000000060e-03
-3.751500000000000060e-03
-3.751500000000000060e-03
-3.751500000000000060e-03
-3.751500000000000060e-03
-3.751500000000000060e-03
-3.751500000000000060e-03
-3.751500000000000060e-03
-3.751500000000000060e-03
-3.751500000000000060e-03
-3.751500000000000060e-03
-3.751500000000000060e-03
-3.751500000000000060e-03
-3.751500000000000060e-03
-3.751500000000000060e-03
-3.751500000000000060e-03
-3.751500000000000060e-03
-3.751500000000000060e-03
-3.751500000000000060e-03
-3.751500000000000060e-03
-3.751500000000000060e-03
-3.751500000000000060e-03
-3.751500000000000060e-03
-3.751500000000000060e-03
-3.751500000000000060e-03
-3.751500000000000060e-03
-3.751500000000000060e-03
-3.751500000000000060e-03
-3.751500000000000060e-03
-3.751500000000000060e-03
-3.751500000000000060e-03
-3.751500000000000060e-03
-3.751500000000000060e-03
-3.751500000000000060e-03
-3.751500000000000060e-03
-3.751500000000000060e-03
-3.751500000000000060e-03
-3.751500000000000060e-03
-3.751500000000000060e-03
-3.751500000000000060e-03
-3.751500000000000060e-03
-3.751500000000000060e-03
-3.751500000000000060e-03
-3.751500000000000060e-03
-3.751500000000000060e-03
-3.751500000000000060e-03
-3.751500000000000060e-03
-3.751500000000000060e-03
-3.751500000000000060e-03
-3.751500000000000060e-03
-3.751500000000000060e-03
-3.751500000000000060e-03
-3.751500000000000060e-03
-3.751500000000000060e-03
-3.751500000000000060e-03
-3.751500000000000060e-03
-3.751500000000000060e-03
-3.751500000000000060e-03
-3.751500000000000060e-03
-3.751500000000000060e-03
-3.751500000000000060e-03
-3.751500000000000060e-03
-3.751500000000000060e-03
-3.751500000000000060e-03
-3.751500000000000060e-03
-3.751500000000000060e-03
-3.751500000000000060e-03
-3.751500000000000060e-03
-3.751500000000000060e-03
-3.751500000000000060e-03
-3.751500000000000060e-03
-3.751500000000000060e-03
-3.751500000000000060e-03
-3.751500000000000060e-03
-3.751500000000000060e-03
-3.751500000000000060e-03
-3.751500000000000060e-03
-3.751500000000000060e-03
-3.751500000000000060e-03
-3.751500000000000060e-03
-3.751500000000000060e-03
-3.751500000000000060e-03
-3.751500000000000060e-03
-3.751500000000000060e-03
-3.751500000000000060e-03
-3.751500000000000060e-03
-3.751500000000000060e-03
-3.751500000000000060e-03
-3.751500000000000060e-03
-3.751500000000000060e-03
-3.751500000000000060e-03
-3.751500000000000060e-03
-3.751500000000000060e-03
-3.751500000000000060e-03
-3.751500000000000060e-03
-3.751500000000000060e-03
-3.751500000000000060e-03
-3.751500000000000060e-03
-3.751500000000000060e-03
-3.751500000000000060e-03
-3.751500000000000060e-03
-3.751500000000000060e-03
-3.751500000000000060e-03
-3.751500000000000060e-03
-3.751500000000000060e-03
-3.751500000000000060e-03
-3.751500000000000060e-03
-3.751500000000000060e-03
-3.751500000000000060e-03
-3.751500000000000060e-03
-3.751500000000000060e-03
-3.751500000000000060e-03
-3.751500000000000060e-03
-3.751500000000000060e-03
-3.751500000000000060e-03
-3.751500000000000060e-03
-3.751500000000000060e-03
-3.751500000000000060e-03
-3.751500000000000060e-03
-3.751500000000000060e-03
-3.751500000000000060e-03
-3.751500000000000060e-03
-3.751500000000000060e-03
-3.751500000000000060e-03
-3.751500000000000060e-03
-3.751500000000000060e-03
-3.751500000000000060e-03
-3.751500000000000060e-03
-3.751500000000000060e-03
-3.751500000000000060e-03
-3.751500000000000060e-03
-3.751500000000000060e-03
-3.751500000000000060e-03
-3.751500000000000060e-03
-3.751500000000000060e-03
-3.751500000000000060e-03
-3.751500000000000060e-03
-3.751500000000000060e-03
-3.751500000000000060e-03
-3.751500000000000060e-03
-3.751500000000000060e-03
-3.751500000000000060e-03
-3.751500000000000060e-03
-3.751500000000000060e-03
-3.751500000000000060e-03
-3.751500000000000060e-03
-3.751500000000000060e-03
-3.751500000000000060e-03
-3.751500000000000060e-03
-3.751500000000000060e-03
-3.751500000000000060e-03
-3.751500000000000060e-03
-3.751500000000000060e-03
-3.751500000000000060e-03
-3.751500000000000060e-03
-3.751500000000000060e-03
-3.751500000000000060e-03
-3.751500000000000060e-03
-3.751500000000000060e-03
-3.751500000000000060e-03
-3.751500000000000060e-03
-3.751500000000000060e-03
-3.751500000000000060e-03
-3.751500000000000060e-03
-3.751500000000000060e-03
-3.751500000000000060e-03
-3.751500000000000060e-03
-3.751500000000000060e-03
-3.751500000000000060e-03
-3.751500000000000060e-03
-3.751500000000000060e-03
-3.751500000000000060e-03
-3.751500000000000060e-03
-3.751500000000000060e-03
-3.751500000000000060e-03
-3.751500000000000060e-03
-3.751500000000000060e-03
-3.751500000000000060e-03
-3.751500000000000060e-03
-3.751500000000000060e-03
-3.751500000000000060e-03
-3.751500000000000060e-03
-3.751500000000000060e-03
-3.751500000000000060e-03
-3.751500000000000060e-03
-3.751500000000000060e-03
-3.751500000000000060e-03
-3.751500000000000060e-03
-3.751500000000000060e-03
-3.751500000000000060e-03
-3.751500000000000060e-03
-3.751500000000000060e-03
-3.751500000000000060e-03
-3.751500000000000060e-03
-3.751500000000000060e-03
-3.751500000000000060e-03
-3.751500000000000060e-03
-3.751500000000000060e-03
-3.751500000000000060e-03
-3.751500000000000060e-03
-3.751500000000000060e-03
-3.751500000000000060e-03
-3.751500000000000060e-03
-3.751500000000000060e-03
-3.751500000000000060e-03
-3.751500000000000060e-03
-3.751500000000000060e-03
-3.751500000000000060e-03
-3.751500000000000060e-03
-3.751500000000000060e-03
-3.751500000000000060e-03
-3.751500000000000060e-03
-3.751500000000000060e-03
-3.751500000000000060e-03
-3.751500000000000060e-03
-3.751500000000000060e-03
-3.751500000000000060e-03
-3.751500000000000060e-03
-3.751500000000000060e-03
-3.751500000000000060e-03
-3.751500000000000060e-03
-3.751500000000000060e-03
-3.751500000000000060e-03
-3.751500000000000060e-03
-3.751500000000000060e-03
-3.751500000000000060e-03
-3.751500000000000060e-03
-3.751500000000000060e-03
-3.751500000000000060e-03
-3.751500000000000060e-03
-3.751500000000000060e-03
-3.751500000000000060e-03
-3.751500000000000060e-03
-3.751500000000000060e-03
-3.751500000000000060e-03
-3.751500000000000060e-03
-3.751500000000000060e-03
-3.751500000000000060e-03
-3.751500000000000060e-03
-3.751500000000000060e-03
-3.751500000000000060e-03
-3.751500000000000060e-03
-3.751500000000000060e-03
-3.751500000000000060e-03
-3.751500000000000060e-03
-3.751500000000000060e-03
-3.751500000000000060e-03
-3.751500000000000060e-03
-3.751500000000000060e-03
-3.751500000000000060e-03
-3.751500000000000060e-03
-3.751500000000000060e-03
-3.751500000000000060e-03
-3.751500000000000060e-03
-3.751500000000000060e-03
-3.751500000000000060e-03
-3.751500000000000060e-03
-3.751500000000000060e-03
-3.751500000000000060e-03
-3.751500000000000060e-03
-3.751500000000000060e-03
-3.751500000000000060e-03
-3.751500000000000060e-03
-3.751500000000000060e-03
-3.751500000000000060e-03
-3.751500000000000060e-03
-3.751500000000000060e-03
-3.751500000000000060e-03
-3.751500000000000060e-03
-3.751500000000000060e-03
-3.751500000000000060e-03
-3.751500000000000060e-03
-3.751500000000000060e-03
-3.751500000000000060e-03
-3.751500000000000060e-03
-3.751500000000000060e-03
-3.751500000000000060e-03
-3.751500000000000060e-03
-3.751500000000000060e-03
-3.751500000000000060e-03
-3.751500000000000060e-03
-3.751500000000000060e-03
-3.751500000000000060e-03
-3.751500000000000060e-03
-3.751500000000000060e-03
-3.751500000000000060e-03
-3.751500000000000060e-03
-3.751500000000000060e-03
-3.751500000000000060e-03
-3.751500000000000060e-03
-3.751500000000000060e-03
-3.751500000000000060e-03
-3.751500000000000060e-03
-3.751500000000000060e-03
-3.751500000000000060e-03
-3.751500000000000060e-03
-3.751500000000000060e-03
-3.751500000000000060e-03
-3.751500000000000060e-03
-3.751500000000000060e-03
-3.751500000000000060e-03
-3.751500000000000060e-03
-3.751500000000000060e-03
-3.751500000000000060e-03
-3.751500000000000060e-03
-3.751500000000000060e-03
-3.751500000000000060e-03
-3.751500000000000060e-03
-3.751500000000000060e-03
-3.751500000000000060e-03
-3.751500000000000060e-03
-3.751500000000000060e-03
-3.751500000000000060e-03
-3.751500000000000060e-03
-3.751500000000000060e-03
-3.751500000000000060e-03
-3.751500000000000060e-03
-3.751500000000000060e-03
-3.751500000000000060e-03
-3.751500000000000060e-03
-3.751500000000000060e-03
-3.751500000000000060e-03
-3.751500000000000060e-03
-3.751500000000000060e-03
-3.751500000000000060e-03
-3.751500000000000060e-03
-3.751500000000000060e-03
-3.751500000000000060e-03
-3.751500000000000060e-03
-3.751500000000000060e-03
-3.751500000000000060e-03
-3.751500000000000060e-03
-3.751500000000000060e-03
-3.751500000000000060e-03
-3.751500000000000060e-03
-3.751500000000000060e-03
-3.751500000000000060e-03
-3.751500000000000060e-03
-3.751500000000000060e-03
-3.751500000000000060e-03
-3.751500000000000060e-03
-3.751500000000000060e-03
-3.751500000000000060e-03
-3.751500000000000060e-03
-3.751500000000000060e-03
-3.751500000000000060e-03
-3.751500000000000060e-03
-3.751500000000000060e-03
-3.751500000000000060e-03
-3.751500000000000060e-03
-3.751500000000000060e-03
-3.751500000000000060e-03
-3.751500000000000060e-03
-3.751500000000000060e-03
-3.751500000000000060e-03
-3.751500000000000060e-03
-3.751500000000000060e-03
-3.751500000000000060e-03
-3.751500000000000060e-03
-3.751500000000000060e-03
-3.751500000000000060e-03
-3.751500000000000060e-03
-3.751500000000000060e-03
-3.751500000000000060e-03
-3.751500000000000060e-03
-3.751500000000000060e-03
-3.751500000000000060e-03
-3.751500000000000060e-03
-3.751500000000000060e-03
-3.751500000000000060e-03
-3.751500000000000060e-03
-3.751500000000000060e-03
-3.751500000000000060e-03
-3.751500000000000060e-03
-3.751500000000000060e-03
-3.751500000000000060e-03
-3.751500000000000060e-03
-3.751500000000000060e-03
-3.751500000000000060e-03
-3.751500000000000060e-03
-3.751500000000000060e-03
-3.751500000000000060e-03
-3.751500000000000060e-03
-3.751500000000000060e-03
-3.751500000000000060e-03
-3.751500000000000060e-03
-3.751500000000000060e-03
-3.751500000000000060e-03
-3.751500000000000060e-03
-3.751500000000000060e-03
-3.751500000000000060e-03
-3.751500000000000060e-03
-3.751500000000000060e-03
-3.751500000000000060e-03
-3.751500000000000060e-03
-3.751500000000000060e-03
-3.751500000000000060e-03
-3.751500000000000060e-03
-3.751500000000000060e-03
-3.751500000000000060e-03
-3.751500000000000060e-03
-3.751500000000000060e-03
-3.751500000000000060e-03
-3.751500000000000060e-03
-3.751500000000000060e-03
-3.751500000000000060e-03
-3.751500000000000060e-03
-3.751500000000000060e-03
-3.751500000000000060e-03
-3.751500000000000060e-03
-3.751500000000000060e-03
-3.751500000000000060e-03
-3.751500000000000060e-03
