-1.093999999999999972e-01
-1.093999999999999972e-01
-1.018944999999999990e-01
-8.433050000000000268e-02
-7.235250000000000015e-02
-4.970050000000000162e-02
-2.520249999999999921e-02
-2.520249999999999921e-02
-2.520249999999999921e-02
-2.520249999999999921e-02
-1.522199999999999942e-02
-1.148000000000000062e-02
-1.148000000000000062e-02
-1.148000000000000062e-02
-5.023999999999999820e-03
-5.023999999999999820e-03
-5.023999999999999820e-03
-4.910499999999999934e-03
-2.964000000000000055e-03
-3.544999999999999974e-04
-3.544999999999999974e-04
-3.544999999999999974e-04
-3.384999999999999880e-04
-3.384999999999999880e-04
-3.384999999999999880e-04
-3.384999999999999880e-04
-3.384999999999999880e-04
-3.384999999999999880e-04
-3.384999999999999880e-04
-3.384999999999999880e-04
-3.384999999999999880e-04
-3.384999999999999880e-04
-3.384999999999999880e-04
-3.384999999999999880e-04
-3.384999999999999880e-04
-3.384999999999999880e-04
-3.384999999999999880e-04
-3.384999999999999880e-04
-3.384999999999999880e-04
-3.384999999999999880e-04
-3.384999999999999880e-04
-3.384999999999999880e-04
-3.384999999999999880e-04
-3.384999999999999880e-04
-3.384999999999999880e-04
-3.384999999999999880e-04
-3.384999999999999880e-04
-3.384999999999999880e-04
-3.384999999999999880e-04
-3.384999999999999880e-04
-3.384999999999999880e-04
-3.384999999999999880e-04
-3.384999999999999880e-04
-3.384999999999999880e-04
-3.384999999999999880e-04
-3.384999999999999880e-04
-3.384999999999999880e-04
-3.384999999999999880e-04
-3.384999999999999880e-04
-3.384999999999999880e-04
-3.384999999999999880e-04
-3.384999999999999880e-04
-3.384999999999999880e-04
-3.384999999999999880e-04
-3.384999999999999880e-04
-3.384999999999999880e-04
-3.384999999999999880e-04
-3.384999999999999880e-04
-3.384999999999999880e-04
-3.384999999999999880e-04
-3.384999999999999880e-04
-3.384999999999999880e-04
-3.384999999999999880e-04
-3.384999999999999880e-04
-3.384999999999999880e-04
-3.384999999999999880e-04
-3.020000000000000223e-04
-3.020000000000000223e-04
-2.835000000000000063e-04
-2.835000000000000063e-04
-2.835000000000000063e-04
-2.835000000000000063e-04
-2.835000000000000063e-04
-2.835000000000000063e-04
-2.835000000000000063e-04
-2.835000000000000063e-04
-2.835000000000000063e-04
-2.799999999999999755e-04
-2.775000000000000231e-04
-2.775000000000000231e-04
-2.764999999999999988e-04
-2.764999999999999988e-04
-2.754999999999999745e-04
-2.754999999999999745e-04
-2.754999999999999745e-04
-2.754999999999999745e-04
-2.754999999999999745e-04
-2.754999999999999745e-04
-2.754999999999999745e-04
-2.754999999999999745e-04
-2.754999999999999745e-04
-2.754999999999999745e-04
-2.754999999999999745e-04
-2.754999999999999745e-04
-2.754999999999999745e-04
-2.754999999999999745e-04
-2.754999999999999745e-04
-2.754999999999999745e-04
-2.754999999999999745e-04
-2.754999999999999745e-04
-2.754999999999999745e-04
-2.754999999999999745e-04
-2.754999999999999745e-04
-2.754999999999999745e-04
-2.754999999999999745e-04
-2.754999999999999745e-04
-2.754999999999999745e-04
-2.754999999999999745e-04
-2.754999999999999745e-04
-2.754999999999999745e-04
-2.754999999999999745e-04
-2.754999999999999745e-04
-2.754999999999999745e-04
-2.754999999999999745e-04
-2.754999999999999745e-04
-2.754999999999999745e-04
-2.754999999999999745e-04
-2.754999999999999745e-04
-2.754999999999999745e-04
-2.754999999999999745e-04
-2.754999999999999745e-04
-2.754999999999999745e-04
-2.754999999999999745e-04
-2.754999999999999745e-04
-2.754999999999999745e-04
-2.754999999999999745e-04
-2.754999999999999745e-04
-2.754999999999999745e-04
-2.754999999999999745e-04
-2.754999999999999745e-04
-2.754999999999999745e-04
-2.754999999999999745e-04
-2.754999999999999745e-04
-2.754999999999999745e-04
-2.754999999999999745e-04
-2.754999999999999745e-04
-2.754999999999999745e-04
-2.754999999999999745e-04
-2.754999999999999745e-04
-2.754999999999999745e-04
-2.750000000000000166e-04
-2.750000000000000166e-04
-2.750000000000000166e-04
-2.750000000000000166e-04
-2.750000000000000166e-04
-2.750000000000000166e-04
-2.750000000000000166e-04
-2.750000000000000166e-04
-2.734999999999999801e-04
-2.734999999999999801e-04
-2.734999999999999801e-04
-2.734999999999999801e-04
-2.734999999999999801e-04
-2.734999999999999801e-04
-2.734999999999999801e-04
-2.734999999999999801e-04
-2.734999999999999801e-04
-2.734999999999999801e-04
-2.734999999999999801e-04
-2.705000000000000156e-04
-2.705000000000000156e-04
-2.705000000000000156e-04
-2.700000000000000035e-04
-2.700000000000000035e-04
-2.700000000000000035e-04
-2.700000000000000035e-04
-2.700000000000000035e-04
-2.700000000000000035e-04
-2.700000000000000035e-04
-2.700000000000000035e-04
-2.700000000000000035e-04
-2.700000000000000035e-04
-2.700000000000000035e-04
-2.700000000000000035e-04
-2.700000000000000035e-04
-2.700000000000000035e-04
-2.700000000000000035e-04
-2.700000000000000035e-04
-2.700000000000000035e-04
-2.700000000000000035e-04
-2.700000000000000035e-04
-2.700000000000000035e-04
-2.700000000000000035e-04
-2.700000000000000035e-04
-2.700000000000000035e-04
-2.700000000000000035e-04
-2.700000000000000035e-04
-2.700000000000000035e-04
-2.700000000000000035e-04
-2.700000000000000035e-04
-2.700000000000000035e-04
-2.700000000000000035e-04
-2.700000000000000035e-04
-2.700000000000000035e-04
-2.700000000000000035e-04
-2.700000000000000035e-04
-2.700000000000000035e-04
-2.700000000000000035e-04
-2.700000000000000035e-04
-2.700000000000000035e-04
-2.700000000000000035e-04
-2.700000000000000035e-04
-2.700000000000000035e-04
-2.700000000000000035e-04
-2.700000000000000035e-04
-2.700000000000000035e-04
-2.700000000000000035e-04
-2.700000000000000035e-04
-2.700000000000000035e-04
-2.700000000000000035e-04
-2.700000000000000035e-04
-2.700000000000000035e-04
-2.700000000000000035e-04
-2.700000000000000035e-04
-2.700000000000000035e-04
-2.700000000000000035e-04
-2.700000000000000035e-04
-2.700000000000000035e-04
-2.700000000000000035e-04
-2.700000000000000035e-04
-2.700000000000000035e-04
-2.700000000000000035e-04
-2.700000000000000035e-04
-2.700000000000000035e-04
-2.700000000000000035e-04
-2.700000000000000035e-04
-2.700000000000000035e-04
-2.700000000000000035e-04
-2.700000000000000035e-04
-2.700000000000000035e-04
-2.700000000000000035e-04
-2.700000000000000035e-04
-2.700000000000000035e-04
-2.700000000000000035e-04
-2.700000000000000035e-04
-2.700000000000000035e-04
-2.700000000000000035e-04
-2.700000000000000035e-04
-2.700000000000000035e-04
-2.700000000000000035e-04
-2.700000000000000035e-04
-2.700000000000000035e-04
-2.700000000000000035e-04
-2.700000000000000035e-04
-2.700000000000000035e-04
-2.700000000000000035e-04
-2.700000000000000035e-04
-2.700000000000000035e-04
-2.700000000000000035e-04
-2.700000000000000035e-04
-2.700000000000000035e-04
-2.700000000000000035e-04
-2.700000000000000035e-04
-2.700000000000000035e-04
-2.700000000000000035e-04
-2.700000000000000035e-04
-2.700000000000000035e-04
-2.700000000000000035e-04
-2.700000000000000035e-04
-2.700000000000000035e-04
-2.700000000000000035e-04
-2.700000000000000035e-04
-2.700000000000000035e-04
-2.700000000000000035e-04
-2.700000000000000035e-04
-2.700000000000000035e-04
-2.700000000000000035e-04
-2.700000000000000035e-04
-2.700000000000000035e-04
-2.700000000000000035e-04
-2.700000000000000035e-04
-2.700000000000000035e-04
-2.700000000000000035e-04
-2.700000000000000035e-04
-2.700000000000000035e-04
-2.700000000000000035e-04
-2.700000000000000035e-04
-2.700000000000000035e-04
-2.700000000000000035e-04
-2.700000000000000035e-04
-2.700000000000000035e-04
-2.700000000000000035e-04
-2.700000000000000035e-04
-2.700000000000000035e-04
-2.700000000000000035e-04
-2.700000000000000035e-04
-2.700000000000000035e-04
-2.700000000000000035e-04
-2.700000000000000035e-04
-2.700000000000000035e-04
-2.700000000000000035e-04
-2.700000000000000035e-04
-2.700000000000000035e-04
-2.700000000000000035e-04
-2.700000000000000035e-04
-2.700000000000000035e-04
-2.700000000000000035e-04
-2.700000000000000035e-04
-2.700000000000000035e-04
-2.700000000000000035e-04
-2.700000000000000035e-04
-2.700000000000000035e-04
-2.700000000000000035e-04
-2.700000000000000035e-04
-2.700000000000000035e-04
-2.700000000000000035e-04
-2.700000000000000035e-04
-2.700000000000000035e-04
-2.700000000000000035e-04
-2.700000000000000035e-04
-2.700000000000000035e-04
-2.700000000000000035e-04
-2.700000000000000035e-04
-2.700000000000000035e-04
-2.700000000000000035e-04
-2.700000000000000035e-04
-2.700000000000000035e-04
-2.700000000000000035e-04
-2.700000000000000035e-04
-2.700000000000000035e-04
-2.700000000000000035e-04
-2.700000000000000035e-04
-2.700000000000000035e-04
-2.700000000000000035e-04
-2.700000000000000035e-04
-2.700000000000000035e-04
-2.700000000000000035e-04
-2.700000000000000035e-04
-2.700000000000000035e-04
-2.700000000000000035e-04
-2.700000000000000035e-04
-2.700000000000000035e-04
-2.700000000000000035e-04
-2.700000000000000035e-04
-2.700000000000000035e-04
-2.700000000000000035e-04
-2.700000000000000035e-04
-2.700000000000000035e-04
-2.700000000000000035e-04
-2.700000000000000035e-04
-2.700000000000000035e-04
-2.700000000000000035e-04
-2.700000000000000035e-04
-2.700000000000000035e-04
-2.700000000000000035e-04
-2.700000000000000035e-04
-2.700000000000000035e-04
-2.700000000000000035e-04
-2.700000000000000035e-04
-2.700000000000000035e-04
-2.700000000000000035e-04
-2.700000000000000035e-04
-2.700000000000000035e-04
-2.700000000000000035e-04
-2.700000000000000035e-04
-2.700000000000000035e-04
-2.700000000000000035e-04
-2.700000000000000035e-04
-2.700000000000000035e-04
-2.700000000000000035e-04
-2.700000000000000035e-04
-2.700000000000000035e-04
-2.700000000000000035e-04
-2.700000000000000035e-04
-2.700000000000000035e-04
-2.700000000000000035e-04
-2.700000000000000035e-04
-2.700000000000000035e-04
-2.700000000000000035e-04
-2.700000000000000035e-04
-2.700000000000000035e-04
-2.700000000000000035e-04
-2.700000000000000035e-04
-2.700000000000000035e-04
-2.700000000000000035e-04
-2.700000000000000035e-04
-2.700000000000000035e-04
-2.700000000000000035e-04
-2.700000000000000035e-04
-2.700000000000000035e-04
-2.700000000000000035e-04
-2.700000000000000035e-04
-2.700000000000000035e-04
-2.635000000000000081e-04
-2.635000000000000081e-04
-2.635000000000000081e-04
-2.635000000000000081e-04
-2.635000000000000081e-04
-2.635000000000000081e-04
-2.635000000000000081e-04
-2.635000000000000081e-04
-2.635000000000000081e-04
-2.635000000000000081e-04
-2.635000000000000081e-04
-2.635000000000000081e-04
-2.635000000000000081e-04
-2.635000000000000081e-04
-2.635000000000000081e-04
-2.635000000000000081e-04
-2.635000000000000081e-04
-2.635000000000000081e-04
-2.635000000000000081e-04
-2.635000000000000081e-04
-2.635000000000000081e-04
-2.635000000000000081e-04
-2.635000000000000081e-04
-2.635000000000000081e-04
-2.635000000000000081e-04
-2.635000000000000081e-04
-2.635000000000000081e-04
-2.635000000000000081e-04
-2.635000000000000081e-04
-2.635000000000000081e-04
-2.635000000000000081e-04
-2.635000000000000081e-04
-2.635000000000000081e-04
-2.509999999999999753e-04
-2.509999999999999753e-04
-2.509999999999999753e-04
-2.509999999999999753e-04
-2.509999999999999753e-04
-2.509999999999999753e-04
-2.509999999999999753e-04
-2.509999999999999753e-04
-2.509999999999999753e-04
-2.509999999999999753e-04
-2.509999999999999753e-04
-2.509999999999999753e-04
-2.509999999999999753e-04
-2.509999999999999753e-04
-2.509999999999999753e-04
-2.509999999999999753e-04
-2.509999999999999753e-04
-2.509999999999999753e-04
-2.509999999999999753e-04
-2.509999999999999753e-04
-2.410000000000000033e-04
-2.320000000000000014e-04
-2.320000000000000014e-04
-2.320000000000000014e-04
-2.320000000000000014e-04
-2.320000000000000014e-04
-2.320000000000000014e-04
-2.320000000000000014e-04
-2.314999999999999892e-04
-2.314999999999999892e-04
-2.314999999999999892e-04
-2.314999999999999892e-04
-2.314999999999999892e-04
-2.314999999999999892e-04
-2.314999999999999892e-04
-2.314999999999999892e-04
-2.314999999999999892e-04
-2.314999999999999892e-04
-2.314999999999999892e-04
-2.314999999999999892e-04
-2.314999999999999892e-04
-2.314999999999999892e-04
-2.314999999999999892e-04
-2.314999999999999892e-04
-2.314999999999999892e-04
-2.314999999999999892e-04
-2.314999999999999892e-04
-2.314999999999999892e-04
-2.314999999999999892e-04
-2.314999999999999892e-04
-2.314999999999999892e-04
-2.314999999999999892e-04
-2.314999999999999892e-04
-2.314999999999999892e-04
-2.314999999999999892e-04
-2.314999999999999892e-04
-2.314999999999999892e-04
-2.314999999999999892e-04
-2.314999999999999892e-04
-2.314999999999999892e-04
-2.314999999999999892e-04
-2.314999999999999892e-04
-2.314999999999999892e-04
-2.314999999999999892e-04
-2.314999999999999892e-04
-2.314999999999999892e-04
-2.314999999999999892e-04
-2.314999999999999892e-04
-2.314999999999999892e-04
-2.314999999999999892e-04
-2.314999999999999892e-04
-2.314999999999999892e-04
-2.314999999999999892e-04
-2.314999999999999892e-04
-2.314999999999999892e-04
-2.314999999999999892e-04
-2.314999999999999892e-04
-2.314999999999999892e-04
-2.314999999999999892e-04
-2.314999999999999892e-04
-2.314999999999999892e-04
-2.314999999999999892e-04
-2.314999999999999892e-04
-2.314999999999999892e-04
-2.314999999999999892e-04
-2.314999999999999892e-04
-2.314999999999999892e-04
-2.314999999999999892e-04
-2.314999999999999892e-04
-2.314999999999999892e-04
-2.314999999999999892e-04
-2.314999999999999892e-04
-2.314999999999999892e-04
-2.314999999999999892e-04
-2.314999999999999892e-04
-2.314999999999999892e-04
-2.314999999999999892e-04
-2.314999999999999892e-04
-2.314999999999999892e-04
-2.314999999999999892e-04
-2.314999999999999892e-04
-2.314999999999999892e-04
-2.314999999999999892e-04
-2.314999999999999892e-04
-2.314999999999999892e-04
-2.314999999999999892e-04
-2.314999999999999892e-04
-2.314999999999999892e-04
-2.314999999999999892e-04
-2.314999999999999892e-04
-2.314999999999999892e-04
-2.314999999999999892e-04
-2.314999999999999892e-04
-2.314999999999999892e-04
-2.314999999999999892e-04
-2.110000000000000059e-04
-2.110000000000000059e-04
-2.110000000000000059e-04
-2.110000000000000059e-04
-2.110000000000000059e-04
-2.110000000000000059e-04
-2.110000000000000059e-04
-2.110000000000000059e-04
-2.110000000000000059e-04
-2.110000000000000059e-04
-2.110000000000000059e-04
-2.110000000000000059e-04
-2.110000000000000059e-04
-2.110000000000000059e-04
-2.110000000000000059e-04
-2.110000000000000059e-04
-2.110000000000000059e-04
-2.110000000000000059e-04
-2.110000000000000059e-04
-2.110000000000000059e-04
-2.110000000000000059e-04
-2.110000000000000059e-04
-2.110000000000000059e-04
-2.110000000000000059e-04
-2.110000000000000059e-04
-2.110000000000000059e-04
-2.075000000000000022e-04
-2.075000000000000022e-04
-2.075000000000000022e-04
-2.075000000000000022e-04
-2.075000000000000022e-04
-2.075000000000000022e-04
-2.075000000000000022e-04
-2.075000000000000022e-04
-2.075000000000000022e-04
-2.075000000000000022e-04
-2.075000000000000022e-04
-2.075000000000000022e-04
-2.075000000000000022e-04
-2.075000000000000022e-04
-2.075000000000000022e-04
-2.075000000000000022e-04
-2.075000000000000022e-04
-2.075000000000000022e-04
-2.075000000000000022e-04
-2.069999999999999900e-04
-2.069999999999999900e-04
-2.069999999999999900e-04
-2.069999999999999900e-04
-2.069999999999999900e-04
-2.069999999999999900e-04
-2.069999999999999900e-04
-2.069999999999999900e-04
-2.069999999999999900e-04
-2.069999999999999900e-04
-2.069999999999999900e-04
-2.069999999999999900e-04
-2.069999999999999900e-04
-2.069999999999999900e-04
-2.069999999999999900e-04
-2.069999999999999900e-04
-2.069999999999999900e-04
-2.069999999999999900e-04
-2.069999999999999900e-04
-2.069999999999999900e-04
-2.069999999999999900e-04
-2.055000000000000077e-04
-2.049999999999999956e-04
-2.049999999999999956e-04
-2.049999999999999956e-04
-2.049999999999999956e-04
-2.049999999999999956e-04
-2.049999999999999956e-04
-2.039999999999999984e-04
-2.039999999999999984e-04
-2.039999999999999984e-04
-2.039999999999999984e-04
-2.035000000000000133e-04
-2.035000000000000133e-04
-2.035000000000000133e-04
-2.035000000000000133e-04
-2.035000000000000133e-04
-2.035000000000000133e-04
-2.035000000000000133e-04
-2.035000000000000133e-04
-2.035000000000000133e-04
-2.035000000000000133e-04
-2.035000000000000133e-04
-2.035000000000000133e-04
-2.035000000000000133e-04
-2.035000000000000133e-04
-2.035000000000000133e-04
-2.035000000000000133e-04
-2.035000000000000133e-04
-2.035000000000000133e-04
-2.035000000000000133e-04
-2.035000000000000133e-04
-2.035000000000000133e-04
-2.035000000000000133e-04
-2.035000000000000133e-04
-2.035000000000000133e-04
-2.035000000000000133e-04
-2.035000000000000133e-04
-2.035000000000000133e-04
-2.035000000000000133e-04
-2.035000000000000133e-04
-2.035000000000000133e-04
-2.035000000000000133e-04
-2.035000000000000133e-04
-2.035000000000000133e-04
-2.035000000000000133e-04
-2.035000000000000133e-04
-2.035000000000000133e-04
-2.035000000000000133e-04
-2.035000000000000133e-04
-2.035000000000000133e-04
-2.035000000000000133e-04
-2.035000000000000133e-04
-2.035000000000000133e-04
-2.035000000000000133e-04
-2.035000000000000133e-04
-2.035000000000000133e-04
-2.035000000000000133e-04
-2.035000000000000133e-04
-2.035000000000000133e-04
-2.035000000000000133e-04
-2.035000000000000133e-04
-2.035000000000000133e-04
-2.035000000000000133e-04
-2.035000000000000133e-04
-2.035000000000000133e-04
-2.035000000000000133e-04
-2.035000000000000133e-04
-2.035000000000000133e-04
-2.035000000000000133e-04
-2.035000000000000133e-04
-2.035000000000000133e-04
-2.035000000000000133e-04
-2.035000000000000133e-04
-2.035000000000000133e-04
-2.035000000000000133e-04
-2.035000000000000133e-04
-2.035000000000000133e-04
-2.035000000000000133e-04
-2.035000000000000133e-04
-2.035000000000000133e-04
-2.035000000000000133e-04
-2.035000000000000133e-04
-2.035000000000000133e-04
-2.035000000000000133e-04
-2.035000000000000133e-04
-2.035000000000000133e-04
-2.035000000000000133e-04
-2.035000000000000133e-04
-2.035000000000000133e-04
-2.035000000000000133e-04
-2.035000000000000133e-04
-2.035000000000000133e-04
-2.035000000000000133e-04
-2.035000000000000133e-04
-2.035000000000000133e-04
-2.035000000000000133e-04
-2.035000000000000133e-04
-2.035000000000000133e-04
-2.035000000000000133e-04
-2.035000000000000133e-04
-2.035000000000000133e-04
-2.035000000000000133e-04
-2.035000000000000133e-04
-2.035000000000000133e-04
-2.035000000000000133e-04
-2.035000000000000133e-04
-2.035000000000000133e-04
-2.035000000000000133e-04
-2.035000000000000133e-04
-2.035000000000000133e-04
-2.035000000000000133e-04
-2.035000000000000133e-04
-2.035000000000000133e-04
-2.035000000000000133e-04
-2.035000000000000133e-04
-2.035000000000000133e-04
-2.035000000000000133e-04
-2.035000000000000133e-04
-2.035000000000000133e-04
-2.035000000000000133e-04
-2.035000000000000133e-04
-2.035000000000000133e-04
-2.035000000000000133e-04
-2.035000000000000133e-04
-2.035000000000000133e-04
-2.035000000000000133e-04
-2.035000000000000133e-04
-2.035000000000000133e-04
-2.035000000000000133e-04
-2.035000000000000133e-04
-2.035000000000000133e-04
-2.035000000000000133e-04
-2.035000000000000133e-04
-2.035000000000000133e-04
-2.035000000000000133e-04
-2.035000000000000133e-04
-2.035000000000000133e-04
-2.035000000000000133e-04
-2.035000000000000133e-04
-2.035000000000000133e-04
-2.035000000000000133e-04
-2.035000000000000133e-04
-2.035000000000000133e-04
-2.035000000000000133e-04
-2.035000000000000133e-04
-2.035000000000000133e-04
-2.035000000000000133e-04
-2.035000000000000133e-04
-2.035000000000000133e-04
-2.035000000000000133e-04
-2.035000000000000133e-04
-2.035000000000000133e-04
-2.035000000000000133e-04
-2.035000000000000133e-04
-2.035000000000000133e-04
-2.035000000000000133e-04
-2.035000000000000133e-04
-2.035000000000000133e-04
-2.035000000000000133e-04
-2.035000000000000133e-04
-2.035000000000000133e-04
-2.035000000000000133e-04
-2.035000000000000133e-04
-2.035000000000000133e-04
-2.035000000000000133e-04
-2.035000000000000133e-04
-2.035000000000000133e-04
-2.035000000000000133e-04
-2.035000000000000133e-04
-2.035000000000000133e-04
-2.035000000000000133e-04
-2.035000000000000133e-04
-2.035000000000000133e-04
-2.035000000000000133e-04
-2.035000000000000133e-04
-2.035000000000000133e-04
-2.035000000000000133e-04
-2.035000000000000133e-04
-2.035000000000000133e-04
-2.035000000000000133e-04
-2.035000000000000133e-04
-2.035000000000000133e-04
-2.035000000000000133e-04
-2.035000000000000133e-04
-2.035000000000000133e-04
-2.035000000000000133e-04
-2.035000000000000133e-04
-2.035000000000000133e-04
-2.035000000000000133e-04
-2.035000000000000133e-04
-2.035000000000000133e-04
-2.035000000000000133e-04
-2.035000000000000133e-04
-2.035000000000000133e-04
-2.035000000000000133e-04
-2.035000000000000133e-04
-2.035000000000000133e-04
-2.035000000000000133e-04
-2.035000000000000133e-04
-2.035000000000000133e-04
-2.035000000000000133e-04
-2.035000000000000133e-04
-2.035000000000000133e-04
-2.035000000000000133e-04
-2.035000000000000133e-04
-2.035000000000000133e-04
-2.035000000000000133e-04
-2.035000000000000133e-04
-2.035000000000000133e-04
-2.035000000000000133e-04
-2.035000000000000133e-04
-2.035000000000000133e-04
-2.035000000000000133e-04
-2.035000000000000133e-04
-2.035000000000000133e-04
-2.035000000000000133e-04
-2.035000000000000133e-04
-2.035000000000000133e-04
-2.035000000000000133e-04
-2.035000000000000133e-04
-2.035000000000000133e-04
-2.035000000000000133e-04
-2.035000000000000133e-04
-2.035000000000000133e-04
-2.035000000000000133e-04
-2.035000000000000133e-04
-2.035000000000000133e-04
-2.035000000000000133e-04
-2.035000000000000133e-04
-2.035000000000000133e-04
-2.035000000000000133e-04
-2.035000000000000133e-04
-2.035000000000000133e-04
-2.035000000000000133e-04
-2.035000000000000133e-04
-2.035000000000000133e-04
-2.035000000000000133e-04
-2.035000000000000133e-04
-2.035000000000000133e-04
-2.035000000000000133e-04
-2.035000000000000133e-04
-2.035000000000000133e-04
-2.035000000000000133e-04
-2.035000000000000133e-04
-2.035000000000000133e-04
-2.035000000000000133e-04
-2.035000000000000133e-04
-2.035000000000000133e-04
-2.035000000000000133e-04
-2.035000000000000133e-04
-2.035000000000000133e-04
-2.035000000000000133e-04
-2.035000000000000133e-04
-2.035000000000000133e-04
-2.035000000000000133e-04
-2.035000000000000133e-04
-2.035000000000000133e-04
-2.035000000000000133e-04
-2.035000000000000133e-04
-2.035000000000000133e-04
-2.035000000000000133e-04
-2.035000000000000133e-04
-2.035000000000000133e-04
-2.035000000000000133e-04
-2.035000000000000133e-04
-2.035000000000000133e-04
-2.035000000000000133e-04
-2.035000000000000133e-04
-2.035000000000000133e-04
-2.035000000000000133e-04
-2.035000000000000133e-04
-2.035000000000000133e-04
-2.035000000000000133e-04
-2.035000000000000133e-04
-2.035000000000000133e-04
-2.035000000000000133e-04
-2.035000000000000133e-04
-2.035000000000000133e-04
-2.035000000000000133e-04
-2.035000000000000133e-04
-2.035000000000000133e-04
-2.035000000000000133e-04
-2.035000000000000133e-04
-2.035000000000000133e-04
-2.035000000000000133e-04
-2.035000000000000133e-04
-2.035000000000000133e-04
-2.035000000000000133e-04
-2.035000000000000133e-04
-2.035000000000000133e-04
-2.035000000000000133e-04
-2.035000000000000133e-04
-2.035000000000000133e-04
-2.035000000000000133e-04
-2.035000000000000133e-04
-2.035000000000000133e-04
-2.035000000000000133e-04
-2.035000000000000133e-04
-2.035000000000000133e-04
-2.035000000000000133e-04
-2.035000000000000133e-04
-2.024999999999999890e-04
-2.024999999999999890e-04
-2.024999999999999890e-04
-2.024999999999999890e-04
-2.010000000000000068e-04
-2.010000000000000068e-04
-2.010000000000000068e-04
-2.010000000000000068e-04
-2.010000000000000068e-04
-2.010000000000000068e-04
-2.010000000000000068e-04
-2.010000000000000068e-04
-2.010000000000000068e-04
-2.010000000000000068e-04
-2.010000000000000068e-04
-2.010000000000000068e-04
-2.010000000000000068e-04
-2.010000000000000068e-04
-2.004999999999999946e-04
-2.004999999999999946e-04
-2.004999999999999946e-04
-2.004999999999999946e-04
-2.004999999999999946e-04
-2.004999999999999946e-04
-2.004999999999999946e-04
-2.004999999999999946e-04
-2.004999999999999946e-04
-2.004999999999999946e-04
-2.004999999999999946e-04
-2.004999999999999946e-04
-2.004999999999999946e-04
-2.004999999999999946e-04
-2.004999999999999946e-04
-2.004999999999999946e-04
-2.004999999999999946e-04
-2.004999999999999946e-04
-2.004999999999999946e-04
-2.004999999999999946e-04
-2.004999999999999946e-04
-2.004999999999999946e-04
-2.004999999999999946e-04
-2.004999999999999946e-04
-2.004999999999999946e-04
-2.004999999999999946e-04
-2.004999999999999946e-04
-2.004999999999999946e-04
-2.004999999999999946e-04
-2.004999999999999946e-04
-2.004999999999999946e-04
-2.004999999999999946e-04
-2.004999999999999946e-04
-2.004999999999999946e-04
-2.004999999999999946e-04
-2.004999999999999946e-04
-2.004999999999999946e-04
-2.004999999999999946e-04
-2.004999999999999946e-04
-2.004999999999999946e-04
-2.004999999999999946e-04
-2.004999999999999946e-04
-2.004999999999999946e-04
-2.004999999999999946e-04
-2.004999999999999946e-04
-2.004999999999999946e-04
-2.004999999999999946e-04
-2.004999999999999946e-04
-2.004999999999999946e-04
-2.004999999999999946e-04
-2.004999999999999946e-04
-2.004999999999999946e-04
-2.004999999999999946e-04
-2.004999999999999946e-04
-2.004999999999999946e-04
-2.004999999999999946e-04
-2.004999999999999946e-04
-2.004999999999999946e-04
-2.004999999999999946e-04
-2.004999999999999946e-04
-2.004999999999999946e-04
-2.004999999999999946e-04
-2.004999999999999946e-04
-2.004999999999999946e-04
-2.004999999999999946e-04
-2.004999999999999946e-04
-2.004999999999999946e-04
-2.004999999999999946e-04
-2.004999999999999946e-04
-2.004999999999999946e-04
-2.004999999999999946e-04
-2.004999999999999946e-04
-2.004999999999999946e-04
-2.004999999999999946e-04
