-2.309769999999999879e-01
-2.309769999999999879e-01
-2.225395000000000012e-01
-2.191835000000000033e-01
-2.183225000000000027e-01
-2.147344999999999948e-01
-2.139334999999999987e-01
-2.125390000000000057e-01
-2.104395000000000016e-01
-2.086520000000000041e-01
-2.071034999999999959e-01
-2.071034999999999959e-01
-2.051735000000000086e-01
-2.042174999999999963e-01
-2.025210000000000066e-01
-2.025210000000000066e-01
-2.011219999999999952e-01
-2.011219999999999952e-01
-2.008554999999999924e-01
-2.008314999999999961e-01
-2.001370000000000093e-01
-1.998324999999999962e-01
-1.987949999999999995e-01
-1.987949999999999995e-01
-1.975355000000000028e-01
-1.975355000000000028e-01
-1.975355000000000028e-01
-1.968630000000000102e-01
-1.967804999999999971e-01
-1.967804999999999971e-01
-1.965594999999999981e-01
-1.960985000000000089e-01
-1.957915000000000072e-01
-1.956575000000000120e-01
-1.955449999999999966e-01
-1.953159999999999896e-01
-1.951440000000000119e-01
-1.950070000000000137e-01
-1.948360000000000092e-01
-1.943020000000000025e-01
-1.942929999999999935e-01
-1.940705000000000069e-01
-1.939740000000000075e-01
-1.938670000000000115e-01
-1.933584999999999887e-01
-1.933584999999999887e-01
-1.933584999999999887e-01
-1.930580000000000074e-01
-1.930580000000000074e-01
-1.927125000000000088e-01
-1.927125000000000088e-01
-1.926670000000000049e-01
-1.925955000000000028e-01
-1.923445000000000016e-01
-1.923445000000000016e-01
-1.922889999999999877e-01
-1.922419999999999962e-01
-1.920614999999999961e-01
-1.920389999999999875e-01
-1.919885000000000064e-01
-1.916944999999999899e-01
-1.916944999999999899e-01
-1.914260000000000128e-01
-1.914260000000000128e-01
-1.914260000000000128e-01
-1.914260000000000128e-01
-1.914260000000000128e-01
-1.914260000000000128e-01
-1.912069999999999881e-01
-1.912069999999999881e-01
-1.910644999999999982e-01
-1.908805000000000085e-01
-1.908805000000000085e-01
-1.908745000000000025e-01
-1.908745000000000025e-01
-1.908064999999999900e-01
-1.907109999999999916e-01
-1.907109999999999916e-01
-1.905310000000000059e-01
-1.905310000000000059e-01
-1.903805000000000081e-01
-1.903805000000000081e-01
-1.903805000000000081e-01
-1.903805000000000081e-01
-1.903529999999999944e-01
-1.903070000000000039e-01
-1.902155000000000096e-01
-1.902155000000000096e-01
-1.902155000000000096e-01
-1.901370000000000005e-01
-1.901265000000000038e-01
-1.900675000000000003e-01
-1.900675000000000003e-01
-1.900199999999999945e-01
-1.900014999999999898e-01
-1.899734999999999896e-01
-1.899720000000000020e-01
-1.898585000000000134e-01
-1.898404999999999954e-01
-1.898390000000000077e-01
-1.898390000000000077e-01
-1.897260000000000058e-01
-1.896345000000000114e-01
-1.896345000000000114e-01
-1.896345000000000114e-01
-1.896345000000000114e-01
-1.896035000000000081e-01
-1.895324999999999926e-01
-1.894770000000000065e-01
-1.894339999999999913e-01
-1.894339999999999913e-01
-1.894335000000000047e-01
-1.894190000000000040e-01
-1.894045000000000034e-01
-1.894045000000000034e-01
-1.893670000000000075e-01
-1.893545000000000089e-01
-1.893545000000000089e-01
-1.893035000000000134e-01
-1.892669999999999908e-01
-1.892669999999999908e-01
-1.892550000000000066e-01
-1.892550000000000066e-01
-1.891710000000000058e-01
-1.891710000000000058e-01
-1.891710000000000058e-01
-1.891184999999999949e-01
-1.891124999999999889e-01
-1.890235000000000110e-01
-1.890235000000000110e-01
-1.890235000000000110e-01
-1.890235000000000110e-01
-1.890235000000000110e-01
-1.889454999999999885e-01
-1.889454999999999885e-01
-1.888960000000000083e-01
-1.888960000000000083e-01
-1.888960000000000083e-01
-1.888569999999999971e-01
-1.888569999999999971e-01
-1.888569999999999971e-01
-1.887969999999999926e-01
-1.887969999999999926e-01
-1.887969999999999926e-01
-1.887969999999999926e-01
-1.887969999999999926e-01
-1.887969999999999926e-01
-1.887115000000000042e-01
-1.887115000000000042e-01
-1.887115000000000042e-01
-1.887115000000000042e-01
-1.887115000000000042e-01
-1.887115000000000042e-01
-1.886944999999999872e-01
-1.886944999999999872e-01
-1.886944999999999872e-01
-1.886299999999999921e-01
-1.886299999999999921e-01
-1.886299999999999921e-01
-1.886170000000000069e-01
-1.886170000000000069e-01
-1.886170000000000069e-01
-1.885830000000000006e-01
-1.885824999999999863e-01
-1.885824999999999863e-01
-1.885824999999999863e-01
-1.885809999999999986e-01
-1.885199999999999931e-01
-1.885199999999999931e-01
-1.885155000000000025e-01
-1.885135000000000005e-01
-1.885135000000000005e-01
-1.884899999999999909e-01
-1.884899999999999909e-01
-1.884899999999999909e-01
-1.884699999999999986e-01
-1.884629999999999916e-01
-1.884570000000000134e-01
-1.884570000000000134e-01
-1.884444999999999870e-01
-1.884359999999999924e-01
-1.884359999999999924e-01
-1.884129999999999971e-01
-1.884129999999999971e-01
-1.884129999999999971e-01
-1.884129999999999971e-01
-1.883984999999999965e-01
-1.883680000000000077e-01
-1.883680000000000077e-01
-1.883680000000000077e-01
-1.883680000000000077e-01
-1.883515000000000050e-01
-1.883515000000000050e-01
-1.883334999999999870e-01
-1.883229999999999904e-01
-1.883229999999999904e-01
-1.883229999999999904e-01
-1.883229999999999904e-01
-1.882969999999999922e-01
-1.882969999999999922e-01
-1.882790000000000019e-01
-1.882790000000000019e-01
-1.882790000000000019e-01
-1.882790000000000019e-01
-1.882790000000000019e-01
-1.882790000000000019e-01
-1.882790000000000019e-01
-1.882510000000000017e-01
-1.881980000000000042e-01
-1.881980000000000042e-01
-1.881980000000000042e-01
-1.881980000000000042e-01
-1.881980000000000042e-01
-1.881980000000000042e-01
-1.881980000000000042e-01
-1.881980000000000042e-01
-1.881980000000000042e-01
-1.881980000000000042e-01
-1.881929999999999992e-01
-1.881929999999999992e-01
-1.881915000000000115e-01
-1.881750000000000089e-01
-1.881750000000000089e-01
-1.881714999999999915e-01
-1.881714999999999915e-01
-1.881664999999999865e-01
-1.881520000000000137e-01
-1.881520000000000137e-01
-1.881520000000000137e-01
-1.881520000000000137e-01
-1.881520000000000137e-01
-1.881400000000000017e-01
-1.881400000000000017e-01
-1.881400000000000017e-01
-1.881295000000000051e-01
-1.881295000000000051e-01
-1.881295000000000051e-01
-1.881170000000000064e-01
-1.881170000000000064e-01
-1.881170000000000064e-01
-1.881110000000000004e-01
-1.880975000000000008e-01
-1.880975000000000008e-01
-1.880975000000000008e-01
-1.880975000000000008e-01
-1.880920000000000092e-01
-1.880830000000000002e-01
-1.880830000000000002e-01
-1.880830000000000002e-01
-1.880830000000000002e-01
-1.880830000000000002e-01
-1.880830000000000002e-01
-1.880640000000000089e-01
-1.880554999999999866e-01
-1.880554999999999866e-01
-1.880554999999999866e-01
-1.880495000000000083e-01
-1.880495000000000083e-01
-1.880495000000000083e-01
-1.880495000000000083e-01
-1.880394999999999983e-01
-1.880394999999999983e-01
-1.880394999999999983e-01
-1.880364999999999953e-01
-1.880364999999999953e-01
-1.880364999999999953e-01
-1.880364999999999953e-01
-1.880120000000000124e-01
-1.880120000000000124e-01
-1.880120000000000124e-01
-1.880120000000000124e-01
-1.880120000000000124e-01
-1.880120000000000124e-01
-1.880120000000000124e-01
-1.880120000000000124e-01
-1.880120000000000124e-01
-1.880090000000000094e-01
-1.879959999999999964e-01
-1.879959999999999964e-01
-1.879905000000000048e-01
-1.879905000000000048e-01
-1.879905000000000048e-01
-1.879695000000000116e-01
-1.879695000000000116e-01
-1.879695000000000116e-01
-1.879695000000000116e-01
-1.879695000000000116e-01
-1.879695000000000116e-01
-1.879695000000000116e-01
-1.879695000000000116e-01
-1.879685000000000106e-01
-1.879685000000000106e-01
-1.879474999999999896e-01
-1.879474999999999896e-01
-1.879474999999999896e-01
-1.879474999999999896e-01
-1.879474999999999896e-01
-1.879474999999999896e-01
-1.879379999999999939e-01
-1.879379999999999939e-01
-1.879379999999999939e-01
-1.879294999999999993e-01
-1.879294999999999993e-01
-1.879294999999999993e-01
-1.879149999999999987e-01
-1.879149999999999987e-01
-1.879149999999999987e-01
-1.879119999999999957e-01
-1.879119999999999957e-01
-1.879119999999999957e-01
-1.879119999999999957e-01
-1.879119999999999957e-01
-1.879119999999999957e-01
-1.878924999999999901e-01
-1.878924999999999901e-01
-1.878924999999999901e-01
-1.878924999999999901e-01
-1.878924999999999901e-01
-1.878924999999999901e-01
-1.878924999999999901e-01
-1.878924999999999901e-01
-1.878924999999999901e-01
-1.878859999999999975e-01
-1.878815000000000068e-01
-1.878815000000000068e-01
-1.878815000000000068e-01
-1.878815000000000068e-01
-1.878815000000000068e-01
-1.878710000000000102e-01
-1.878710000000000102e-01
-1.878710000000000102e-01
-1.878710000000000102e-01
-1.878710000000000102e-01
-1.878710000000000102e-01
-1.878589999999999982e-01
-1.878589999999999982e-01
-1.878589999999999982e-01
-1.878589999999999982e-01
-1.878589999999999982e-01
-1.878589999999999982e-01
-1.878589999999999982e-01
-1.878589999999999982e-01
-1.878589999999999982e-01
-1.878509999999999902e-01
-1.878509999999999902e-01
-1.878509999999999902e-01
-1.878440000000000110e-01
-1.878434999999999966e-01
-1.878410000000000080e-01
-1.878410000000000080e-01
-1.878350000000000020e-01
-1.878350000000000020e-01
-1.878350000000000020e-01
-1.878350000000000020e-01
-1.878350000000000020e-01
-1.878350000000000020e-01
-1.878229999999999900e-01
-1.878229999999999900e-01
-1.878229999999999900e-01
-1.878229999999999900e-01
-1.878229999999999900e-01
-1.878229999999999900e-01
-1.878229999999999900e-01
-1.878229999999999900e-01
-1.878229999999999900e-01
-1.878229999999999900e-01
-1.878205000000000013e-01
-1.878190000000000137e-01
-1.878160000000000107e-01
-1.878160000000000107e-01
-1.878160000000000107e-01
-1.878160000000000107e-01
-1.878160000000000107e-01
-1.878015000000000101e-01
-1.878015000000000101e-01
-1.878015000000000101e-01
-1.878015000000000101e-01
-1.877919999999999867e-01
-1.877919999999999867e-01
-1.877919999999999867e-01
-1.877919999999999867e-01
-1.877919999999999867e-01
-1.877919999999999867e-01
-1.877919999999999867e-01
-1.877919999999999867e-01
-1.877919999999999867e-01
-1.877919999999999867e-01
-1.877900000000000125e-01
-1.877900000000000125e-01
-1.877900000000000125e-01
-1.877900000000000125e-01
-1.877900000000000125e-01
-1.877900000000000125e-01
-1.877900000000000125e-01
-1.877900000000000125e-01
-1.877900000000000125e-01
-1.877890000000000115e-01
-1.877890000000000115e-01
-1.877759999999999985e-01
-1.877759999999999985e-01
-1.877759999999999985e-01
-1.877675000000000038e-01
-1.877675000000000038e-01
-1.877675000000000038e-01
-1.877675000000000038e-01
-1.877675000000000038e-01
-1.877614999999999978e-01
-1.877614999999999978e-01
-1.877614999999999978e-01
-1.877614999999999978e-01
-1.877614999999999978e-01
-1.877530000000000032e-01
-1.877530000000000032e-01
-1.877530000000000032e-01
-1.877530000000000032e-01
-1.877530000000000032e-01
-1.877530000000000032e-01
-1.877530000000000032e-01
-1.877530000000000032e-01
-1.877530000000000032e-01
-1.877530000000000032e-01
-1.877530000000000032e-01
-1.877520000000000022e-01
-1.877520000000000022e-01
-1.877520000000000022e-01
-1.877520000000000022e-01
-1.877399999999999902e-01
-1.877399999999999902e-01
-1.877399999999999902e-01
-1.877399999999999902e-01
-1.877399999999999902e-01
-1.877399999999999902e-01
-1.877324999999999966e-01
-1.877324999999999966e-01
-1.877324999999999966e-01
-1.877324999999999966e-01
-1.877324999999999966e-01
-1.877324999999999966e-01
-1.877324999999999966e-01
-1.877324999999999966e-01
-1.877324999999999966e-01
-1.877324999999999966e-01
-1.877324999999999966e-01
-1.877209999999999990e-01
-1.877209999999999990e-01
-1.877209999999999990e-01
-1.877209999999999990e-01
-1.877209999999999990e-01
-1.877209999999999990e-01
-1.877209999999999990e-01
-1.877209999999999990e-01
-1.877209999999999990e-01
-1.877175000000000094e-01
-1.877175000000000094e-01
-1.877175000000000094e-01
-1.877175000000000094e-01
-1.877175000000000094e-01
-1.877175000000000094e-01
-1.877175000000000094e-01
-1.877175000000000094e-01
-1.877175000000000094e-01
-1.877109999999999890e-01
-1.877109999999999890e-01
-1.877109999999999890e-01
-1.877085000000000004e-01
-1.877085000000000004e-01
-1.877085000000000004e-01
-1.877074999999999994e-01
-1.877074999999999994e-01
-1.877074999999999994e-01
-1.877074999999999994e-01
-1.877074999999999994e-01
-1.877074999999999994e-01
-1.877074999999999994e-01
-1.877064999999999984e-01
-1.877064999999999984e-01
-1.877064999999999984e-01
-1.877064999999999984e-01
-1.877010000000000067e-01
-1.877010000000000067e-01
-1.877010000000000067e-01
-1.877010000000000067e-01
-1.877010000000000067e-01
-1.877010000000000067e-01
-1.877010000000000067e-01
-1.877010000000000067e-01
-1.877010000000000067e-01
-1.877010000000000067e-01
-1.877010000000000067e-01
-1.877010000000000067e-01
-1.877010000000000067e-01
-1.877010000000000067e-01
-1.877010000000000067e-01
-1.876944999999999864e-01
-1.876944999999999864e-01
-1.876944999999999864e-01
-1.876944999999999864e-01
-1.876944999999999864e-01
-1.876944999999999864e-01
-1.876944999999999864e-01
-1.876944999999999864e-01
-1.876944999999999864e-01
-1.876925000000000121e-01
-1.876885000000000081e-01
-1.876885000000000081e-01
-1.876885000000000081e-01
-1.876885000000000081e-01
-1.876885000000000081e-01
-1.876885000000000081e-01
-1.876885000000000081e-01
-1.876885000000000081e-01
-1.876819999999999877e-01
-1.876819999999999877e-01
-1.876819999999999877e-01
-1.876819999999999877e-01
-1.876819999999999877e-01
-1.876819999999999877e-01
-1.876819999999999877e-01
-1.876819999999999877e-01
-1.876819999999999877e-01
-1.876819999999999877e-01
-1.876819999999999877e-01
-1.876774999999999971e-01
-1.876774999999999971e-01
-1.876774999999999971e-01
-1.876774999999999971e-01
-1.876710000000000045e-01
-1.876710000000000045e-01
-1.876659999999999995e-01
-1.876659999999999995e-01
-1.876659999999999995e-01
-1.876659999999999995e-01
-1.876659999999999995e-01
-1.876659999999999995e-01
-1.876659999999999995e-01
-1.876659999999999995e-01
-1.876659999999999995e-01
-1.876659999999999995e-01
-1.876659999999999995e-01
-1.876659999999999995e-01
-1.876659999999999995e-01
-1.876659999999999995e-01
-1.876659999999999995e-01
-1.876659999999999995e-01
-1.876659999999999995e-01
-1.876655000000000129e-01
-1.876655000000000129e-01
-1.876655000000000129e-01
-1.876655000000000129e-01
-1.876655000000000129e-01
-1.876655000000000129e-01
-1.876655000000000129e-01
-1.876655000000000129e-01
-1.876605000000000079e-01
-1.876605000000000079e-01
-1.876595000000000069e-01
-1.876595000000000069e-01
-1.876555000000000029e-01
-1.876555000000000029e-01
-1.876555000000000029e-01
-1.876555000000000029e-01
-1.876549999999999885e-01
-1.876549999999999885e-01
-1.876549999999999885e-01
-1.876549999999999885e-01
-1.876504999999999979e-01
-1.876504999999999979e-01
-1.876504999999999979e-01
-1.876504999999999979e-01
-1.876504999999999979e-01
-1.876504999999999979e-01
-1.876454999999999929e-01
-1.876454999999999929e-01
-1.876454999999999929e-01
-1.876454999999999929e-01
-1.876454999999999929e-01
-1.876454999999999929e-01
-1.876454999999999929e-01
-1.876430000000000042e-01
-1.876430000000000042e-01
-1.876430000000000042e-01
-1.876430000000000042e-01
-1.876430000000000042e-01
-1.876430000000000042e-01
-1.876430000000000042e-01
-1.876410000000000022e-01
-1.876410000000000022e-01
-1.876410000000000022e-01
-1.876394999999999869e-01
-1.876394999999999869e-01
-1.876394999999999869e-01
-1.876394999999999869e-01
-1.876375000000000126e-01
-1.876375000000000126e-01
-1.876375000000000126e-01
-1.876375000000000126e-01
-1.876375000000000126e-01
-1.876375000000000126e-01
-1.876375000000000126e-01
-1.876375000000000126e-01
-1.876335000000000086e-01
-1.876335000000000086e-01
-1.876335000000000086e-01
-1.876335000000000086e-01
-1.876335000000000086e-01
-1.876335000000000086e-01
-1.876309999999999922e-01
-1.876309999999999922e-01
-1.876309999999999922e-01
-1.876309999999999922e-01
-1.876309999999999922e-01
-1.876309999999999922e-01
-1.876309999999999922e-01
-1.876309999999999922e-01
-1.876249999999999862e-01
-1.876249999999999862e-01
-1.876249999999999862e-01
-1.876249999999999862e-01
-1.876249999999999862e-01
-1.876249999999999862e-01
-1.876249999999999862e-01
-1.876224999999999976e-01
-1.876224999999999976e-01
-1.876224999999999976e-01
-1.876224999999999976e-01
-1.876224999999999976e-01
-1.876224999999999976e-01
-1.876224999999999976e-01
-1.876224999999999976e-01
-1.876224999999999976e-01
-1.876224999999999976e-01
-1.876224999999999976e-01
-1.876224999999999976e-01
-1.876224999999999976e-01
-1.876204999999999956e-01
-1.876204999999999956e-01
-1.876204999999999956e-01
-1.876204999999999956e-01
-1.876204999999999956e-01
-1.876204999999999956e-01
-1.876204999999999956e-01
-1.876204999999999956e-01
-1.876204999999999956e-01
-1.876204999999999956e-01
-1.876204999999999956e-01
-1.876164999999999916e-01
-1.876164999999999916e-01
-1.876164999999999916e-01
-1.876164999999999916e-01
-1.876164999999999916e-01
-1.876164999999999916e-01
-1.876164999999999916e-01
-1.876164999999999916e-01
-1.876164999999999916e-01
-1.876164999999999916e-01
-1.876164999999999916e-01
-1.876164999999999916e-01
-1.876164999999999916e-01
-1.876164999999999916e-01
-1.876164999999999916e-01
-1.876164999999999916e-01
-1.876164999999999916e-01
-1.876164999999999916e-01
-1.876164999999999916e-01
-1.876160000000000050e-01
-1.876160000000000050e-01
-1.876160000000000050e-01
-1.876160000000000050e-01
-1.876140000000000030e-01
-1.876140000000000030e-01
-1.876140000000000030e-01
-1.876134999999999886e-01
-1.876134999999999886e-01
-1.876130000000000020e-01
-1.876130000000000020e-01
-1.876130000000000020e-01
-1.876130000000000020e-01
-1.876130000000000020e-01
-1.876130000000000020e-01
-1.876130000000000020e-01
-1.876130000000000020e-01
-1.876130000000000020e-01
-1.876130000000000020e-01
-1.876130000000000020e-01
-1.876130000000000020e-01
-1.876130000000000020e-01
-1.876120000000000010e-01
-1.876120000000000010e-01
-1.876120000000000010e-01
-1.876120000000000010e-01
-1.876120000000000010e-01
-1.876120000000000010e-01
-1.876089999999999980e-01
-1.876089999999999980e-01
-1.876089999999999980e-01
-1.876089999999999980e-01
-1.876089999999999980e-01
-1.876089999999999980e-01
-1.876089999999999980e-01
-1.876089999999999980e-01
-1.876089999999999980e-01
-1.876089999999999980e-01
-1.876089999999999980e-01
-1.876089999999999980e-01
-1.876089999999999980e-01
-1.876089999999999980e-01
-1.876089999999999980e-01
-1.876089999999999980e-01
-1.876089999999999980e-01
-1.876059999999999950e-01
-1.876059999999999950e-01
-1.876059999999999950e-01
-1.876059999999999950e-01
-1.876055000000000084e-01
-1.876055000000000084e-01
-1.876055000000000084e-01
-1.876055000000000084e-01
-1.876055000000000084e-01
-1.876055000000000084e-01
-1.876055000000000084e-01
-1.876055000000000084e-01
-1.876055000000000084e-01
-1.876055000000000084e-01
-1.876055000000000084e-01
-1.876009999999999900e-01
-1.876009999999999900e-01
-1.876009999999999900e-01
-1.876009999999999900e-01
-1.876009999999999900e-01
-1.876009999999999900e-01
-1.876009999999999900e-01
-1.876009999999999900e-01
-1.876009999999999900e-01
-1.876009999999999900e-01
-1.876009999999999900e-01
-1.876009999999999900e-01
-1.876009999999999900e-01
-1.876009999999999900e-01
-1.876009999999999900e-01
-1.876009999999999900e-01
-1.876009999999999900e-01
-1.876009999999999900e-01
-1.876009999999999900e-01
-1.876009999999999900e-01
-1.876009999999999900e-01
-1.875999999999999890e-01
-1.875999999999999890e-01
-1.875999999999999890e-01
-1.875999999999999890e-01
-1.875999999999999890e-01
-1.875999999999999890e-01
-1.875999999999999890e-01
-1.875999999999999890e-01
-1.875999999999999890e-01
-1.875999999999999890e-01
-1.875999999999999890e-01
-1.875999999999999890e-01
-1.875999999999999890e-01
-1.875999999999999890e-01
-1.875999999999999890e-01
-1.875999999999999890e-01
-1.875999999999999890e-01
-1.875999999999999890e-01
-1.875985000000000014e-01
-1.875985000000000014e-01
-1.875985000000000014e-01
-1.875985000000000014e-01
-1.875985000000000014e-01
-1.875985000000000014e-01
-1.875985000000000014e-01
-1.875985000000000014e-01
-1.875985000000000014e-01
-1.875985000000000014e-01
-1.875985000000000014e-01
-1.875985000000000014e-01
-1.875985000000000014e-01
-1.875985000000000014e-01
-1.875985000000000014e-01
-1.875985000000000014e-01
-1.875985000000000014e-01
-1.875985000000000014e-01
-1.875985000000000014e-01
-1.875985000000000014e-01
-1.875985000000000014e-01
-1.875985000000000014e-01
-1.875950000000000117e-01
-1.875950000000000117e-01
-1.875950000000000117e-01
-1.875950000000000117e-01
-1.875950000000000117e-01
-1.875950000000000117e-01
-1.875950000000000117e-01
-1.875950000000000117e-01
-1.875950000000000117e-01
-1.875950000000000117e-01
-1.875950000000000117e-01
-1.875950000000000117e-01
-1.875950000000000117e-01
-1.875950000000000117e-01
-1.875950000000000117e-01
-1.875950000000000117e-01
-1.875950000000000117e-01
-1.875950000000000117e-01
-1.875950000000000117e-01
-1.875950000000000117e-01
-1.875950000000000117e-01
-1.875950000000000117e-01
-1.875950000000000117e-01
-1.875940000000000107e-01
-1.875940000000000107e-01
-1.875940000000000107e-01
-1.875940000000000107e-01
-1.875940000000000107e-01
-1.875940000000000107e-01
-1.875940000000000107e-01
-1.875940000000000107e-01
-1.875940000000000107e-01
-1.875940000000000107e-01
-1.875940000000000107e-01
-1.875940000000000107e-01
-1.875940000000000107e-01
-1.875940000000000107e-01
-1.875940000000000107e-01
-1.875940000000000107e-01
-1.875940000000000107e-01
-1.875940000000000107e-01
-1.875910000000000077e-01
-1.875910000000000077e-01
-1.875910000000000077e-01
-1.875910000000000077e-01
-1.875910000000000077e-01
-1.875904999999999934e-01
-1.875904999999999934e-01
-1.875904999999999934e-01
-1.875904999999999934e-01
-1.875904999999999934e-01
-1.875904999999999934e-01
-1.875904999999999934e-01
-1.875904999999999934e-01
-1.875904999999999934e-01
-1.875870000000000037e-01
-1.875870000000000037e-01
-1.875870000000000037e-01
-1.875870000000000037e-01
-1.875870000000000037e-01
-1.875870000000000037e-01
-1.875870000000000037e-01
-1.875870000000000037e-01
-1.875870000000000037e-01
-1.875870000000000037e-01
-1.875870000000000037e-01
-1.875870000000000037e-01
-1.875870000000000037e-01
-1.875870000000000037e-01
-1.875870000000000037e-01
-1.875844999999999874e-01
-1.875844999999999874e-01
-1.875844999999999874e-01
-1.875844999999999874e-01
-1.875844999999999874e-01
-1.875844999999999874e-01
-1.875844999999999874e-01
-1.875844999999999874e-01
-1.875844999999999874e-01
-1.875844999999999874e-01
-1.875844999999999874e-01
-1.875844999999999874e-01
-1.875844999999999874e-01
-1.875844999999999874e-01
-1.875844999999999874e-01
-1.875844999999999874e-01
-1.875844999999999874e-01
-1.875844999999999874e-01
-1.875799999999999967e-01
-1.875799999999999967e-01
-1.875799999999999967e-01
-1.875799999999999967e-01
-1.875799999999999967e-01
-1.875799999999999967e-01
-1.875799999999999967e-01
-1.875799999999999967e-01
-1.875799999999999967e-01
-1.875799999999999967e-01
-1.875789999999999957e-01
-1.875789999999999957e-01
-1.875789999999999957e-01
-1.875789999999999957e-01
-1.875789999999999957e-01
-1.875789999999999957e-01
-1.875789999999999957e-01
-1.875789999999999957e-01
-1.875789999999999957e-01
-1.875789999999999957e-01
-1.875789999999999957e-01
-1.875789999999999957e-01
-1.875789999999999957e-01
-1.875789999999999957e-01
-1.875789999999999957e-01
-1.875789999999999957e-01
-1.875789999999999957e-01
-1.875785000000000091e-01
-1.875769999999999937e-01
-1.875769999999999937e-01
-1.875769999999999937e-01
-1.875769999999999937e-01
-1.875769999999999937e-01
-1.875769999999999937e-01
-1.875769999999999937e-01
-1.875769999999999937e-01
-1.875745000000000051e-01
-1.875745000000000051e-01
-1.875745000000000051e-01
-1.875745000000000051e-01
-1.875745000000000051e-01
-1.875745000000000051e-01
-1.875745000000000051e-01
-1.875745000000000051e-01
-1.875745000000000051e-01
-1.875745000000000051e-01
-1.875745000000000051e-01
-1.875745000000000051e-01
-1.875735000000000041e-01
-1.875735000000000041e-01
-1.875735000000000041e-01
-1.875735000000000041e-01
-1.875735000000000041e-01
-1.875735000000000041e-01
-1.875735000000000041e-01
-1.875735000000000041e-01
-1.875735000000000041e-01
-1.875735000000000041e-01
-1.875735000000000041e-01
-1.875735000000000041e-01
-1.875735000000000041e-01
-1.875735000000000041e-01
-1.875735000000000041e-01
-1.875735000000000041e-01
-1.875719999999999887e-01
-1.875719999999999887e-01
-1.875719999999999887e-01
-1.875719999999999887e-01
-1.875719999999999887e-01
-1.875719999999999887e-01
-1.875719999999999887e-01
-1.875719999999999887e-01
-1.875719999999999887e-01
-1.875719999999999887e-01
-1.875719999999999887e-01
-1.875719999999999887e-01
-1.875719999999999887e-01
-1.875719999999999887e-01
-1.875719999999999887e-01
-1.875719999999999887e-01
-1.875719999999999887e-01
-1.875709999999999877e-01
-1.875709999999999877e-01
-1.875709999999999877e-01
-1.875709999999999877e-01
-1.875709999999999877e-01
-1.875709999999999877e-01
-1.875709999999999877e-01
-1.875709999999999877e-01
-1.875709999999999877e-01
-1.875709999999999877e-01
-1.875709999999999877e-01
-1.875705000000000011e-01
-1.875705000000000011e-01
-1.875705000000000011e-01
-1.875705000000000011e-01
-1.875705000000000011e-01
-1.875705000000000011e-01
-1.875695000000000001e-01
-1.875695000000000001e-01
-1.875695000000000001e-01
-1.875695000000000001e-01
-1.875695000000000001e-01
-1.875695000000000001e-01
-1.875695000000000001e-01
-1.875695000000000001e-01
-1.875695000000000001e-01
-1.875695000000000001e-01
-1.875695000000000001e-01
-1.875695000000000001e-01
-1.875695000000000001e-01
-1.875695000000000001e-01
-1.875695000000000001e-01
-1.875695000000000001e-01
-1.875695000000000001e-01
-1.875695000000000001e-01
-1.875695000000000001e-01
-1.875695000000000001e-01
-1.875695000000000001e-01
-1.875695000000000001e-01
-1.875695000000000001e-01
-1.875695000000000001e-01
-1.875695000000000001e-01
-1.875695000000000001e-01
-1.875695000000000001e-01
-1.875695000000000001e-01
-1.875695000000000001e-01
