3.595289452740256953e-03
1.514564176666513811e-03
7.502422198545463834e-04
3.366785875090021023e-03
3.140307605168222126e-03
3.696831291178625731e-03
2.026074697986081363e-03
9.920140148141558083e-04
7.115170887227208456e-04
5.142749753494981965e-03
1.435119687843759272e-03
4.713536328599913713e-03
3.586258394616065673e-03
2.892272629338740395e-03
2.262000561526937917e-03
2.458746867807774794e-03
6.417618017748634310e-04
2.216636700451143395e-03
4.794087145001252586e-04
3.897947920087893592e-03
