-5.250150000000000095e-01
-5.250150000000000095e-01
-5.250150000000000095e-01
-5.250150000000000095e-01
-5.216735000000000122e-01
-5.106260000000000243e-01
-5.106260000000000243e-01
-5.106260000000000243e-01
-5.106260000000000243e-01
-5.078335000000000488e-01
-5.078335000000000488e-01
-5.078335000000000488e-01
-5.078335000000000488e-01
-5.050664999999999738e-01
-5.026110000000000300e-01
-5.026110000000000300e-01
-5.008384999999999643e-01
-5.008384999999999643e-01
-5.008384999999999643e-01
-5.008384999999999643e-01
-5.008384999999999643e-01
-5.008384999999999643e-01
-5.008384999999999643e-01
-4.999689999999999968e-01
-4.999689999999999968e-01
-4.999689999999999968e-01
-4.999689999999999968e-01
-4.998214999999999741e-01
-4.993520000000000181e-01
-4.993520000000000181e-01
-4.993520000000000181e-01
-4.993520000000000181e-01
-4.993520000000000181e-01
-4.993520000000000181e-01
-4.990580000000000016e-01
-4.988985000000000225e-01
-4.988985000000000225e-01
-4.988985000000000225e-01
-4.986309999999999909e-01
-4.986309999999999909e-01
-4.986309999999999909e-01
-4.985864999999999880e-01
-4.985864999999999880e-01
-4.984270000000000089e-01
-4.984270000000000089e-01
-4.984270000000000089e-01
-4.984270000000000089e-01
-4.984270000000000089e-01
-4.984270000000000089e-01
-4.981590000000000185e-01
-4.981590000000000185e-01
-4.981590000000000185e-01
-4.981590000000000185e-01
-4.981590000000000185e-01
-4.981464999999999921e-01
-4.981439999999999757e-01
-4.978485000000000271e-01
-4.978485000000000271e-01
-4.978485000000000271e-01
-4.978485000000000271e-01
-4.978485000000000271e-01
-4.978485000000000271e-01
-4.974230000000000040e-01
-4.974230000000000040e-01
-4.974230000000000040e-01
-4.974230000000000040e-01
-4.974230000000000040e-01
-4.974230000000000040e-01
-4.974230000000000040e-01
-4.974230000000000040e-01
-4.974230000000000040e-01
-4.974230000000000040e-01
-4.973980000000000068e-01
-4.973075000000000134e-01
-4.973075000000000134e-01
-4.973075000000000134e-01
-4.973075000000000134e-01
-4.971964999999999857e-01
-4.969720000000000248e-01
-4.969720000000000248e-01
-4.968839999999999923e-01
-4.968839999999999923e-01
-4.968839999999999923e-01
-4.968839999999999923e-01
-4.968779999999999863e-01
-4.968779999999999863e-01
-4.968779999999999863e-01
-4.968755000000000255e-01
-4.968650000000000011e-01
-4.968650000000000011e-01
-4.968650000000000011e-01
-4.968595000000000095e-01
-4.968469999999999831e-01
-4.968190000000000106e-01
-4.968099999999999739e-01
-4.968099999999999739e-01
-4.968099999999999739e-01
-4.968069999999999986e-01
-4.958204999999999973e-01
-4.958204999999999973e-01
-4.958204999999999973e-01
-4.958204999999999973e-01
-4.958204999999999973e-01
-4.958204999999999973e-01
-4.958204999999999973e-01
-4.958204999999999973e-01
-4.958204999999999973e-01
-4.958204999999999973e-01
-4.958204999999999973e-01
-4.958204999999999973e-01
-4.958204999999999973e-01
-4.958204999999999973e-01
-4.958204999999999973e-01
-4.958204999999999973e-01
-4.958190000000000097e-01
-4.958190000000000097e-01
-4.958190000000000097e-01
-4.958190000000000097e-01
-4.958190000000000097e-01
-4.958190000000000097e-01
-4.958190000000000097e-01
-4.958190000000000097e-01
-4.958190000000000097e-01
-4.956590000000000162e-01
-4.956590000000000162e-01
-4.956590000000000162e-01
-4.956590000000000162e-01
-4.956579999999999875e-01
-4.956579999999999875e-01
-4.956579999999999875e-01
-4.956579999999999875e-01
-4.956579999999999875e-01
-4.956335000000000046e-01
-4.956335000000000046e-01
-4.956335000000000046e-01
-4.956335000000000046e-01
-4.956335000000000046e-01
-4.956335000000000046e-01
-4.956335000000000046e-01
-4.956335000000000046e-01
-4.956335000000000046e-01
-4.956335000000000046e-01
-4.956335000000000046e-01
-4.956335000000000046e-01
-4.956335000000000046e-01
-4.956335000000000046e-01
-4.956329999999999902e-01
-4.956329999999999902e-01
-4.956329999999999902e-01
-4.956329999999999902e-01
-4.956329999999999902e-01
-4.956329999999999902e-01
-4.956329999999999902e-01
-4.956160000000000010e-01
-4.956160000000000010e-01
-4.956160000000000010e-01
-4.956154999999999866e-01
-4.956154999999999866e-01
-4.956154999999999866e-01
-4.956154999999999866e-01
-4.956154999999999866e-01
-4.956154999999999866e-01
-4.956154999999999866e-01
-4.956154999999999866e-01
-4.956154999999999866e-01
-4.956154999999999866e-01
-4.956154999999999866e-01
-4.956154999999999866e-01
-4.955995000000000261e-01
-4.955995000000000261e-01
-4.955995000000000261e-01
-4.955995000000000261e-01
-4.955995000000000261e-01
-4.955995000000000261e-01
-4.955995000000000261e-01
-4.955995000000000261e-01
-4.955915000000000181e-01
-4.955915000000000181e-01
-4.955915000000000181e-01
-4.955915000000000181e-01
-4.955915000000000181e-01
-4.955904999999999894e-01
-4.955654999999999921e-01
-4.955654999999999921e-01
-4.955654999999999921e-01
-4.955654999999999921e-01
-4.955654999999999921e-01
-4.955040000000000000e-01
-4.955040000000000000e-01
-4.955040000000000000e-01
-4.955040000000000000e-01
-4.955040000000000000e-01
-4.955040000000000000e-01
-4.955040000000000000e-01
-4.955040000000000000e-01
-4.955040000000000000e-01
-4.955040000000000000e-01
-4.955040000000000000e-01
-4.955040000000000000e-01
-4.955040000000000000e-01
-4.955040000000000000e-01
-4.955040000000000000e-01
-4.955040000000000000e-01
-4.955040000000000000e-01
-4.955040000000000000e-01
-4.955040000000000000e-01
-4.955040000000000000e-01
-4.955040000000000000e-01
-4.955040000000000000e-01
-4.955040000000000000e-01
-4.955040000000000000e-01
-4.955040000000000000e-01
-4.953954999999999886e-01
-4.953954999999999886e-01
-4.953954999999999886e-01
-4.953954999999999886e-01
-4.953954999999999886e-01
-4.953954999999999886e-01
-4.953954999999999886e-01
-4.953954999999999886e-01
-4.953954999999999886e-01
-4.953954999999999886e-01
-4.953929999999999723e-01
-4.953929999999999723e-01
-4.953929999999999723e-01
-4.953929999999999723e-01
-4.953929999999999723e-01
-4.953929999999999723e-01
-4.953929999999999723e-01
-4.953929999999999723e-01
-4.953929999999999723e-01
-4.953925000000000134e-01
-4.953925000000000134e-01
-4.953925000000000134e-01
-4.953925000000000134e-01
-4.953859999999999930e-01
-4.953859999999999930e-01
-4.953859999999999930e-01
-4.953859999999999930e-01
-4.953859999999999930e-01
-4.953859999999999930e-01
-4.953859999999999930e-01
-4.953859999999999930e-01
-4.953859999999999930e-01
-4.953859999999999930e-01
-4.953859999999999930e-01
-4.953854999999999786e-01
-4.953850000000000198e-01
-4.953850000000000198e-01
-4.953850000000000198e-01
-4.953850000000000198e-01
-4.953850000000000198e-01
-4.953850000000000198e-01
-4.953850000000000198e-01
-4.953850000000000198e-01
-4.953850000000000198e-01
-4.953850000000000198e-01
-4.953850000000000198e-01
-4.953850000000000198e-01
-4.953850000000000198e-01
-4.953850000000000198e-01
-4.953850000000000198e-01
-4.953850000000000198e-01
-4.953850000000000198e-01
-4.953850000000000198e-01
-4.953850000000000198e-01
-4.953850000000000198e-01
-4.953850000000000198e-01
-4.953850000000000198e-01
-4.953850000000000198e-01
-4.953850000000000198e-01
-4.953830000000000178e-01
-4.953830000000000178e-01
-4.953830000000000178e-01
-4.953830000000000178e-01
-4.953830000000000178e-01
-4.953830000000000178e-01
-4.953830000000000178e-01
-4.953830000000000178e-01
-4.953830000000000178e-01
-4.953830000000000178e-01
-4.953830000000000178e-01
-4.953830000000000178e-01
-4.953830000000000178e-01
-4.953830000000000178e-01
-4.953830000000000178e-01
-4.953830000000000178e-01
-4.953830000000000178e-01
-4.953830000000000178e-01
-4.953830000000000178e-01
-4.953830000000000178e-01
-4.953830000000000178e-01
-4.953830000000000178e-01
-4.953830000000000178e-01
-4.953830000000000178e-01
-4.953830000000000178e-01
-4.953830000000000178e-01
-4.953830000000000178e-01
-4.953830000000000178e-01
-4.953830000000000178e-01
-4.953830000000000178e-01
-4.953830000000000178e-01
-4.953830000000000178e-01
-4.953819999999999890e-01
-4.953819999999999890e-01
-4.953819999999999890e-01
-4.953819999999999890e-01
-4.953819999999999890e-01
-4.953819999999999890e-01
-4.953819999999999890e-01
-4.953819999999999890e-01
-4.953819999999999890e-01
-4.953819999999999890e-01
-4.953819999999999890e-01
-4.953819999999999890e-01
-4.953819999999999890e-01
-4.953819999999999890e-01
-4.953819999999999890e-01
-4.953819999999999890e-01
-4.953819999999999890e-01
-4.953819999999999890e-01
-4.953819999999999890e-01
-4.953819999999999890e-01
-4.953819999999999890e-01
-4.953819999999999890e-01
-4.953819999999999890e-01
-4.953819999999999890e-01
-4.953819999999999890e-01
-4.953819999999999890e-01
-4.953819999999999890e-01
-4.953819999999999890e-01
-4.953819999999999890e-01
-4.953819999999999890e-01
-4.953819999999999890e-01
-4.953819999999999890e-01
-4.953819999999999890e-01
-4.953819999999999890e-01
-4.953819999999999890e-01
-4.953819999999999890e-01
-4.953819999999999890e-01
-4.953819999999999890e-01
-4.953819999999999890e-01
-4.953819999999999890e-01
-4.953819999999999890e-01
-4.953819999999999890e-01
-4.953819999999999890e-01
-4.953819999999999890e-01
-4.953819999999999890e-01
-4.953819999999999890e-01
-4.953819999999999890e-01
-4.953819999999999890e-01
-4.953819999999999890e-01
-4.953819999999999890e-01
-4.953819999999999890e-01
-4.953819999999999890e-01
-4.953819999999999890e-01
-4.953819999999999890e-01
-4.953819999999999890e-01
-4.953819999999999890e-01
-4.953819999999999890e-01
-4.953819999999999890e-01
-4.953819999999999890e-01
-4.953819999999999890e-01
-4.953819999999999890e-01
-4.953819999999999890e-01
-4.953819999999999890e-01
-4.953819999999999890e-01
-4.953819999999999890e-01
-4.953819999999999890e-01
-4.953819999999999890e-01
-4.953819999999999890e-01
-4.953819999999999890e-01
-4.953819999999999890e-01
-4.953819999999999890e-01
-4.953819999999999890e-01
-4.953819999999999890e-01
-4.953819999999999890e-01
-4.953819999999999890e-01
-4.953819999999999890e-01
-4.953819999999999890e-01
-4.953819999999999890e-01
-4.953819999999999890e-01
-4.953819999999999890e-01
-4.953819999999999890e-01
-4.953819999999999890e-01
-4.953819999999999890e-01
-4.953819999999999890e-01
-4.953819999999999890e-01
-4.953819999999999890e-01
-4.953819999999999890e-01
-4.953819999999999890e-01
-4.953819999999999890e-01
-4.953819999999999890e-01
-4.953819999999999890e-01
-4.953819999999999890e-01
-4.953819999999999890e-01
-4.953819999999999890e-01
-4.953819999999999890e-01
-4.953819999999999890e-01
-4.953819999999999890e-01
-4.953819999999999890e-01
-4.953819999999999890e-01
-4.953819999999999890e-01
-4.953819999999999890e-01
-4.953819999999999890e-01
-4.953819999999999890e-01
-4.953819999999999890e-01
-4.953819999999999890e-01
-4.953819999999999890e-01
-4.953819999999999890e-01
-4.953819999999999890e-01
-4.953819999999999890e-01
-4.953819999999999890e-01
-4.953819999999999890e-01
-4.953819999999999890e-01
-4.953819999999999890e-01
-4.953819999999999890e-01
-4.953819999999999890e-01
-4.953819999999999890e-01
-4.953819999999999890e-01
-4.953819999999999890e-01
-4.953819999999999890e-01
-4.953819999999999890e-01
-4.953819999999999890e-01
-4.953819999999999890e-01
-4.953819999999999890e-01
-4.953819999999999890e-01
-4.953819999999999890e-01
-4.953819999999999890e-01
-4.953819999999999890e-01
-4.953819999999999890e-01
-4.953819999999999890e-01
-4.953819999999999890e-01
-4.953819999999999890e-01
-4.953819999999999890e-01
-4.953819999999999890e-01
-4.953819999999999890e-01
-4.953819999999999890e-01
-4.953819999999999890e-01
-4.953819999999999890e-01
-4.953819999999999890e-01
-4.953819999999999890e-01
-4.953819999999999890e-01
-4.953819999999999890e-01
-4.953819999999999890e-01
-4.953819999999999890e-01
-4.953819999999999890e-01
-4.953819999999999890e-01
-4.953819999999999890e-01
-4.953819999999999890e-01
-4.953819999999999890e-01
-4.953819999999999890e-01
-4.953819999999999890e-01
-4.953819999999999890e-01
-4.953819999999999890e-01
-4.953819999999999890e-01
-4.953819999999999890e-01
-4.953819999999999890e-01
-4.953819999999999890e-01
-4.953819999999999890e-01
-4.953819999999999890e-01
-4.953819999999999890e-01
-4.953819999999999890e-01
-4.953819999999999890e-01
-4.953819999999999890e-01
-4.953819999999999890e-01
-4.953819999999999890e-01
-4.953819999999999890e-01
-4.953819999999999890e-01
-4.953819999999999890e-01
-4.953819999999999890e-01
-4.953819999999999890e-01
-4.953819999999999890e-01
-4.953819999999999890e-01
-4.953819999999999890e-01
-4.953819999999999890e-01
-4.953819999999999890e-01
-4.953819999999999890e-01
-4.953819999999999890e-01
-4.953819999999999890e-01
-4.953819999999999890e-01
-4.953819999999999890e-01
-4.953819999999999890e-01
-4.953819999999999890e-01
-4.953819999999999890e-01
-4.953819999999999890e-01
-4.953819999999999890e-01
-4.953819999999999890e-01
-4.953819999999999890e-01
-4.953819999999999890e-01
-4.953819999999999890e-01
-4.953819999999999890e-01
-4.953819999999999890e-01
-4.953819999999999890e-01
-4.953819999999999890e-01
-4.953819999999999890e-01
-4.953819999999999890e-01
-4.953819999999999890e-01
-4.953819999999999890e-01
-4.953819999999999890e-01
-4.953819999999999890e-01
-4.953819999999999890e-01
-4.953819999999999890e-01
-4.953819999999999890e-01
-4.953819999999999890e-01
-4.953819999999999890e-01
-4.953819999999999890e-01
-4.953819999999999890e-01
-4.953819999999999890e-01
-4.953819999999999890e-01
-4.953819999999999890e-01
-4.953819999999999890e-01
-4.953819999999999890e-01
-4.953819999999999890e-01
-4.953819999999999890e-01
-4.953819999999999890e-01
-4.953819999999999890e-01
-4.953819999999999890e-01
-4.953819999999999890e-01
-4.953819999999999890e-01
-4.953819999999999890e-01
-4.953819999999999890e-01
-4.953819999999999890e-01
-4.953819999999999890e-01
-4.953819999999999890e-01
-4.953819999999999890e-01
-4.953819999999999890e-01
-4.953819999999999890e-01
-4.953819999999999890e-01
-4.953819999999999890e-01
-4.953819999999999890e-01
-4.953819999999999890e-01
-4.953819999999999890e-01
-4.953819999999999890e-01
-4.953819999999999890e-01
-4.953819999999999890e-01
-4.953819999999999890e-01
-4.953819999999999890e-01
-4.953819999999999890e-01
-4.953819999999999890e-01
-4.953819999999999890e-01
-4.953819999999999890e-01
-4.953819999999999890e-01
-4.953819999999999890e-01
-4.953819999999999890e-01
-4.953819999999999890e-01
-4.953819999999999890e-01
-4.953819999999999890e-01
-4.953819999999999890e-01
-4.953819999999999890e-01
-4.953819999999999890e-01
-4.953819999999999890e-01
-4.953819999999999890e-01
-4.953819999999999890e-01
-4.953819999999999890e-01
-4.953819999999999890e-01
-4.953819999999999890e-01
-4.953819999999999890e-01
-4.953819999999999890e-01
-4.953819999999999890e-01
-4.953819999999999890e-01
-4.953819999999999890e-01
-4.953819999999999890e-01
-4.953819999999999890e-01
-4.953819999999999890e-01
-4.953819999999999890e-01
-4.953819999999999890e-01
-4.953819999999999890e-01
-4.953819999999999890e-01
-4.953819999999999890e-01
-4.953819999999999890e-01
-4.953819999999999890e-01
-4.953819999999999890e-01
-4.953819999999999890e-01
-4.953819999999999890e-01
-4.953819999999999890e-01
-4.953819999999999890e-01
-4.953819999999999890e-01
-4.953819999999999890e-01
-4.953819999999999890e-01
-4.953819999999999890e-01
-4.953819999999999890e-01
-4.953819999999999890e-01
-4.953819999999999890e-01
-4.953819999999999890e-01
-4.953819999999999890e-01
-4.953819999999999890e-01
-4.953819999999999890e-01
-4.953819999999999890e-01
-4.953819999999999890e-01
-4.953819999999999890e-01
-4.953819999999999890e-01
-4.953819999999999890e-01
-4.953819999999999890e-01
-4.953819999999999890e-01
-4.953819999999999890e-01
-4.953819999999999890e-01
-4.953819999999999890e-01
-4.953819999999999890e-01
-4.953819999999999890e-01
-4.953819999999999890e-01
-4.953819999999999890e-01
-4.953819999999999890e-01
-4.953819999999999890e-01
-4.953819999999999890e-01
-4.953819999999999890e-01
-4.953819999999999890e-01
-4.953819999999999890e-01
-4.953819999999999890e-01
-4.953819999999999890e-01
-4.953819999999999890e-01
-4.953819999999999890e-01
-4.953819999999999890e-01
-4.953819999999999890e-01
-4.953819999999999890e-01
-4.953819999999999890e-01
-4.953819999999999890e-01
-4.953819999999999890e-01
-4.953819999999999890e-01
-4.953819999999999890e-01
-4.953819999999999890e-01
-4.953819999999999890e-01
-4.953819999999999890e-01
-4.953819999999999890e-01
-4.953819999999999890e-01
-4.953819999999999890e-01
-4.953819999999999890e-01
-4.953819999999999890e-01
-4.953819999999999890e-01
-4.953819999999999890e-01
-4.953819999999999890e-01
-4.953819999999999890e-01
-4.953819999999999890e-01
-4.953819999999999890e-01
-4.953819999999999890e-01
-4.953819999999999890e-01
-4.953819999999999890e-01
-4.953819999999999890e-01
-4.953819999999999890e-01
-4.953819999999999890e-01
-4.953819999999999890e-01
-4.953819999999999890e-01
-4.953819999999999890e-01
-4.953819999999999890e-01
-4.953819999999999890e-01
-4.953819999999999890e-01
-4.953819999999999890e-01
-4.953819999999999890e-01
-4.953819999999999890e-01
-4.953819999999999890e-01
-4.953819999999999890e-01
-4.953819999999999890e-01
-4.953819999999999890e-01
-4.953819999999999890e-01
-4.953819999999999890e-01
-4.953819999999999890e-01
-4.953819999999999890e-01
-4.953819999999999890e-01
-4.953819999999999890e-01
-4.953819999999999890e-01
-4.953819999999999890e-01
-4.953819999999999890e-01
-4.953819999999999890e-01
-4.953819999999999890e-01
-4.953819999999999890e-01
-4.953819999999999890e-01
-4.953819999999999890e-01
-4.953819999999999890e-01
-4.953819999999999890e-01
-4.953819999999999890e-01
-4.953819999999999890e-01
-4.953819999999999890e-01
-4.953819999999999890e-01
-4.953819999999999890e-01
-4.953819999999999890e-01
-4.953819999999999890e-01
-4.953819999999999890e-01
-4.953819999999999890e-01
-4.953819999999999890e-01
-4.953819999999999890e-01
-4.953819999999999890e-01
-4.953819999999999890e-01
-4.953819999999999890e-01
-4.953819999999999890e-01
-4.953819999999999890e-01
-4.953819999999999890e-01
-4.953819999999999890e-01
-4.953819999999999890e-01
-4.953819999999999890e-01
-4.953819999999999890e-01
-4.953819999999999890e-01
-4.953819999999999890e-01
-4.953819999999999890e-01
-4.953819999999999890e-01
-4.953819999999999890e-01
-4.953819999999999890e-01
-4.953819999999999890e-01
-4.953819999999999890e-01
-4.953819999999999890e-01
-4.953819999999999890e-01
-4.953819999999999890e-01
-4.953819999999999890e-01
-4.953819999999999890e-01
-4.953819999999999890e-01
-4.953819999999999890e-01
-4.953819999999999890e-01
-4.953819999999999890e-01
-4.953819999999999890e-01
-4.953819999999999890e-01
-4.953819999999999890e-01
-4.953819999999999890e-01
-4.953819999999999890e-01
-4.953819999999999890e-01
-4.953819999999999890e-01
-4.953819999999999890e-01
-4.953819999999999890e-01
-4.953819999999999890e-01
-4.953819999999999890e-01
-4.953819999999999890e-01
-4.953819999999999890e-01
-4.953819999999999890e-01
-4.953819999999999890e-01
-4.953819999999999890e-01
-4.953819999999999890e-01
-4.953819999999999890e-01
-4.953819999999999890e-01
-4.953819999999999890e-01
-4.953819999999999890e-01
-4.953819999999999890e-01
-4.953819999999999890e-01
-4.953819999999999890e-01
-4.953819999999999890e-01
-4.953819999999999890e-01
-4.953819999999999890e-01
-4.953819999999999890e-01
-4.953819999999999890e-01
-4.953819999999999890e-01
-4.953819999999999890e-01
-4.953819999999999890e-01
-4.953819999999999890e-01
-4.953819999999999890e-01
-4.953819999999999890e-01
-4.953819999999999890e-01
-4.953819999999999890e-01
-4.953819999999999890e-01
-4.953819999999999890e-01
-4.953819999999999890e-01
-4.953819999999999890e-01
-4.953819999999999890e-01
-4.953819999999999890e-01
-4.953819999999999890e-01
-4.953819999999999890e-01
-4.953819999999999890e-01
-4.953819999999999890e-01
-4.953819999999999890e-01
-4.953819999999999890e-01
-4.953819999999999890e-01
-4.953819999999999890e-01
-4.953819999999999890e-01
-4.953819999999999890e-01
-4.953819999999999890e-01
-4.953819999999999890e-01
-4.953819999999999890e-01
-4.953819999999999890e-01
-4.953819999999999890e-01
-4.953819999999999890e-01
-4.953819999999999890e-01
-4.953819999999999890e-01
-4.953819999999999890e-01
-4.953819999999999890e-01
-4.953819999999999890e-01
-4.953819999999999890e-01
-4.953819999999999890e-01
-4.953819999999999890e-01
-4.953819999999999890e-01
-4.953819999999999890e-01
-4.953819999999999890e-01
-4.953819999999999890e-01
-4.953819999999999890e-01
-4.953819999999999890e-01
-4.953819999999999890e-01
-4.953819999999999890e-01
-4.953819999999999890e-01
-4.953819999999999890e-01
-4.953819999999999890e-01
-4.953819999999999890e-01
-4.953819999999999890e-01
-4.953819999999999890e-01
-4.953819999999999890e-01
-4.953819999999999890e-01
-4.953819999999999890e-01
-4.953819999999999890e-01
-4.953819999999999890e-01
-4.953819999999999890e-01
-4.953819999999999890e-01
-4.953819999999999890e-01
-4.953819999999999890e-01
-4.953819999999999890e-01
-4.953819999999999890e-01
-4.953819999999999890e-01
-4.953819999999999890e-01
-4.953819999999999890e-01
-4.953819999999999890e-01
-4.953819999999999890e-01
-4.953819999999999890e-01
-4.953819999999999890e-01
-4.953819999999999890e-01
-4.953819999999999890e-01
-4.953819999999999890e-01
-4.953819999999999890e-01
-4.953819999999999890e-01
-4.953819999999999890e-01
-4.953819999999999890e-01
-4.953819999999999890e-01
-4.953819999999999890e-01
-4.953819999999999890e-01
-4.953819999999999890e-01
-4.953819999999999890e-01
-4.953819999999999890e-01
-4.953819999999999890e-01
-4.953819999999999890e-01
-4.953819999999999890e-01
-4.953819999999999890e-01
-4.953819999999999890e-01
-4.953819999999999890e-01
-4.953819999999999890e-01
-4.953819999999999890e-01
-4.953819999999999890e-01
-4.953819999999999890e-01
-4.953819999999999890e-01
-4.953819999999999890e-01
-4.953819999999999890e-01
-4.953819999999999890e-01
-4.953819999999999890e-01
-4.953819999999999890e-01
-4.953819999999999890e-01
-4.953819999999999890e-01
-4.953819999999999890e-01
-4.953819999999999890e-01
-4.953819999999999890e-01
-4.953819999999999890e-01
-4.953819999999999890e-01
-4.953819999999999890e-01
-4.953819999999999890e-01
-4.953819999999999890e-01
-4.953819999999999890e-01
-4.953819999999999890e-01
-4.953819999999999890e-01
-4.953819999999999890e-01
-4.953819999999999890e-01
-4.953819999999999890e-01
-4.953819999999999890e-01
-4.953819999999999890e-01
-4.953819999999999890e-01
-4.953819999999999890e-01
-4.953819999999999890e-01
-4.953819999999999890e-01
-4.953819999999999890e-01
-4.953819999999999890e-01
-4.953819999999999890e-01
-4.953819999999999890e-01
-4.953819999999999890e-01
-4.953819999999999890e-01
-4.953819999999999890e-01
-4.953819999999999890e-01
-4.953819999999999890e-01
-4.953819999999999890e-01
-4.953819999999999890e-01
-4.953819999999999890e-01
-4.953819999999999890e-01
-4.953819999999999890e-01
-4.953819999999999890e-01
-4.953819999999999890e-01
-4.953819999999999890e-01
-4.953819999999999890e-01
-4.953819999999999890e-01
-4.953819999999999890e-01
-4.953819999999999890e-01
-4.953819999999999890e-01
-4.953819999999999890e-01
-4.953819999999999890e-01
-4.953819999999999890e-01
-4.953819999999999890e-01
-4.953819999999999890e-01
-4.953819999999999890e-01
-4.953819999999999890e-01
-4.953819999999999890e-01
-4.953819999999999890e-01
-4.953819999999999890e-01
-4.953819999999999890e-01
-4.953819999999999890e-01
-4.953819999999999890e-01
-4.953819999999999890e-01
-4.953819999999999890e-01
-4.953819999999999890e-01
-4.953819999999999890e-01
-4.953819999999999890e-01
-4.953819999999999890e-01
-4.953819999999999890e-01
-4.953819999999999890e-01
-4.953819999999999890e-01
-4.953819999999999890e-01
-4.953819999999999890e-01
-4.953819999999999890e-01
-4.953819999999999890e-01
-4.953819999999999890e-01
-4.953819999999999890e-01
-4.953819999999999890e-01
-4.953819999999999890e-01
-4.953819999999999890e-01
-4.953819999999999890e-01
-4.953819999999999890e-01
-4.953819999999999890e-01
-4.953819999999999890e-01
-4.953819999999999890e-01
-4.953819999999999890e-01
-4.953819999999999890e-01
-4.953819999999999890e-01
-4.953819999999999890e-01
-4.953819999999999890e-01
-4.953819999999999890e-01
-4.953819999999999890e-01
-4.953819999999999890e-01
-4.953819999999999890e-01
-4.953819999999999890e-01
-4.953819999999999890e-01
-4.953819999999999890e-01
-4.953819999999999890e-01
-4.953819999999999890e-01
-4.953819999999999890e-01
-4.953819999999999890e-01
-4.953819999999999890e-01
-4.953819999999999890e-01
-4.953819999999999890e-01
-4.953819999999999890e-01
-4.953819999999999890e-01
-4.953819999999999890e-01
-4.953819999999999890e-01
-4.953819999999999890e-01
-4.953819999999999890e-01
-4.953819999999999890e-01
-4.953819999999999890e-01
-4.953819999999999890e-01
-4.953819999999999890e-01
-4.953819999999999890e-01
-4.953819999999999890e-01
-4.953819999999999890e-01
-4.953819999999999890e-01
-4.953819999999999890e-01
-4.953819999999999890e-01
-4.953819999999999890e-01
-4.953819999999999890e-01
-4.953819999999999890e-01
-4.953819999999999890e-01
-4.953819999999999890e-01
-4.953819999999999890e-01
-4.953819999999999890e-01
-4.953819999999999890e-01
-4.953819999999999890e-01
-4.953819999999999890e-01
-4.953819999999999890e-01
-4.953819999999999890e-01
-4.953819999999999890e-01
-4.953819999999999890e-01
-4.953819999999999890e-01
-4.953819999999999890e-01
-4.953819999999999890e-01
-4.953819999999999890e-01
-4.953819999999999890e-01
-4.953819999999999890e-01
-4.953819999999999890e-01
-4.953819999999999890e-01
-4.953819999999999890e-01
-4.953819999999999890e-01
-4.953819999999999890e-01
-4.953819999999999890e-01
-4.953819999999999890e-01
-4.953819999999999890e-01
-4.953819999999999890e-01
-4.953819999999999890e-01
-4.953819999999999890e-01
-4.953819999999999890e-01
-4.953819999999999890e-01
-4.953819999999999890e-01
-4.953819999999999890e-01
-4.953819999999999890e-01
-4.953819999999999890e-01
-4.953819999999999890e-01
-4.953819999999999890e-01
-4.953819999999999890e-01
-4.953819999999999890e-01
-4.953819999999999890e-01
-4.953819999999999890e-01
-4.953819999999999890e-01
-4.953819999999999890e-01
-4.953819999999999890e-01
-4.953819999999999890e-01
-4.953819999999999890e-01
-4.953819999999999890e-01
-4.953819999999999890e-01
