-1.596819999999999906e-01
-1.591214999999999991e-01
-1.590050000000000074e-01
-1.581484999999999974e-01
-1.578360000000000041e-01
-1.576990000000000058e-01
-1.570320000000000049e-01
-1.568589999999999984e-01
-1.568589999999999984e-01
-1.558609999999999995e-01
-1.527709999999999901e-01
-1.482580000000000009e-01
-1.482580000000000009e-01
-1.481774999999999898e-01
-1.477690000000000115e-01
-1.473794999999999966e-01
-1.470605000000000107e-01
-1.443595000000000017e-01
-1.442100000000000048e-01
-1.436405000000000043e-01
-1.407440000000000080e-01
-1.407440000000000080e-01
-1.406145000000000034e-01
-1.399370000000000058e-01
-1.366064999999999918e-01
-1.366064999999999918e-01
-1.366064999999999918e-01
-1.366064999999999918e-01
-1.359345000000000137e-01
-1.350635000000000030e-01
-1.350635000000000030e-01
-1.321869999999999989e-01
-1.316160000000000108e-01
-1.296960000000000057e-01
-1.296960000000000057e-01
-1.296960000000000057e-01
-1.275409999999999877e-01
-1.275409999999999877e-01
-1.252540000000000042e-01
-1.252540000000000042e-01
-1.252540000000000042e-01
-1.252540000000000042e-01
-1.252540000000000042e-01
-1.242224999999999996e-01
-1.214834999999999943e-01
-1.214834999999999943e-01
-1.213444999999999940e-01
-1.213444999999999940e-01
-1.211985000000000007e-01
-1.195745000000000002e-01
-1.190755000000000008e-01
-1.185964999999999936e-01
-1.185964999999999936e-01
-1.184729999999999950e-01
-1.172895000000000049e-01
-1.172895000000000049e-01
-1.162625000000000047e-01
-1.159744999999999943e-01
-1.157080000000000053e-01
-1.157004999999999978e-01
-1.153499999999999942e-01
-1.153499999999999942e-01
-1.137564999999999965e-01
-1.137564999999999965e-01
-1.137564999999999965e-01
-1.136029999999999957e-01
-1.111570000000000058e-01
-1.105720000000000036e-01
-1.105720000000000036e-01
-1.100234999999999963e-01
-1.091069999999999957e-01
-1.091069999999999957e-01
-1.091069999999999957e-01
-1.085450000000000026e-01
-1.068304999999999949e-01
-1.068304999999999949e-01
-1.068304999999999949e-01
-1.068304999999999949e-01
-1.058474999999999971e-01
-1.058474999999999971e-01
-1.045085000000000042e-01
-1.045085000000000042e-01
-1.044910000000000005e-01
-1.037440000000000029e-01
-1.033670000000000005e-01
-1.021500000000000047e-01
-1.019980000000000053e-01
-1.016340000000000021e-01
-1.012674999999999964e-01
-1.011485000000000023e-01
-1.000365000000000004e-01
-1.000365000000000004e-01
-9.928499999999999825e-02
-9.883749999999999480e-02
-9.865899999999999670e-02
-9.854899999999999771e-02
-9.854899999999999771e-02
-9.802500000000000102e-02
-9.802500000000000102e-02
-9.701750000000000651e-02
-9.701750000000000651e-02
-9.647799999999999432e-02
-9.647799999999999432e-02
-9.609499999999999986e-02
-9.594750000000000500e-02
-9.579550000000000565e-02
-9.502900000000000236e-02
-9.469700000000000339e-02
-9.337349999999999817e-02
-9.337349999999999817e-02
-9.325100000000000056e-02
-9.325100000000000056e-02
-9.309050000000000658e-02
-9.309050000000000658e-02
-9.273800000000000099e-02
-9.273800000000000099e-02
-9.244149999999999590e-02
-9.220599999999999630e-02
-9.185999999999999721e-02
-9.116699999999999804e-02
-9.063250000000000473e-02
-9.063250000000000473e-02
-9.049150000000000249e-02
-9.049150000000000249e-02
-9.032800000000000551e-02
-8.983750000000000069e-02
-8.983750000000000069e-02
-8.980899999999999994e-02
-8.893449999999999966e-02
-8.866849999999999732e-02
-8.862499999999999545e-02
-8.852300000000000446e-02
-8.842099999999999960e-02
-8.841250000000000497e-02
-8.776150000000000617e-02
-8.730599999999999472e-02
-8.730599999999999472e-02
-8.687100000000000377e-02
-8.684999999999999665e-02
-8.675900000000000278e-02
-8.614850000000000285e-02
-8.602600000000000524e-02
-8.543100000000000693e-02
-8.539349999999999719e-02
-8.423250000000000182e-02
-8.423250000000000182e-02
-8.423250000000000182e-02
-8.423250000000000182e-02
-8.314399999999999569e-02
-8.314399999999999569e-02
-8.314399999999999569e-02
-8.295750000000000346e-02
-8.295750000000000346e-02
-8.295750000000000346e-02
-8.219200000000000117e-02
-8.219200000000000117e-02
-8.219200000000000117e-02
-8.176350000000000284e-02
-8.159199999999999786e-02
-8.151100000000000012e-02
-8.113049999999999429e-02
-8.113049999999999429e-02
-8.099399999999999655e-02
-8.066650000000000209e-02
-8.050200000000000411e-02
-8.030349999999999988e-02
-7.965700000000000558e-02
-7.912900000000000489e-02
-7.843300000000000272e-02
-7.843300000000000272e-02
-7.837900000000000422e-02
-7.837900000000000422e-02
-7.821899999999999686e-02
-7.746799999999999520e-02
-7.746799999999999520e-02
-7.709599999999999786e-02
-7.690950000000000564e-02
-7.690950000000000564e-02
-7.681300000000000627e-02
-7.661550000000000304e-02
-7.661550000000000304e-02
-7.632500000000000395e-02
-7.630299999999999583e-02
-7.599200000000000399e-02
-7.574050000000000227e-02
-7.494149999999999423e-02
-7.478100000000000025e-02
-7.473599999999999688e-02
-7.473599999999999688e-02
-7.473599999999999688e-02
-7.460749999999999327e-02
-7.332299999999999929e-02
-7.332299999999999929e-02
-7.332299999999999929e-02
-7.314450000000000118e-02
-7.284999999999999809e-02
-7.284999999999999809e-02
-7.280150000000000510e-02
-7.210300000000000042e-02
-7.195300000000000307e-02
-7.189249999999999807e-02
-7.180499999999999383e-02
-7.180499999999999383e-02
-7.162899999999999823e-02
-7.089149999999999618e-02
-7.066200000000000259e-02
-6.977600000000000469e-02
-6.977600000000000469e-02
-6.977600000000000469e-02
-6.977600000000000469e-02
-6.894450000000000578e-02
-6.894450000000000578e-02
-6.894450000000000578e-02
-6.894450000000000578e-02
-6.881450000000000067e-02
-6.881450000000000067e-02
-6.788900000000000490e-02
-6.756800000000000306e-02
-6.756800000000000306e-02
-6.756800000000000306e-02
-6.756800000000000306e-02
-6.672350000000000503e-02
-6.659550000000000192e-02
-6.659550000000000192e-02
-6.648049999999999793e-02
-6.648049999999999793e-02
-6.620750000000000246e-02
-6.594049999999999911e-02
-6.565000000000000002e-02
-6.552349999999999841e-02
-6.528950000000000031e-02
-6.500899999999999734e-02
-6.457050000000000289e-02
-6.380950000000000510e-02
-6.380950000000000510e-02
-6.364100000000000312e-02
-6.364100000000000312e-02
-6.335449999999999415e-02
-6.335449999999999415e-02
-6.335449999999999415e-02
-6.330950000000000466e-02
-6.256050000000000499e-02
-6.240899999999999920e-02
-6.239000000000000101e-02
-6.235149999999999720e-02
-6.224550000000000222e-02
-6.149600000000000205e-02
-6.119949999999999696e-02
-6.119949999999999696e-02
-6.048300000000000204e-02
-6.048300000000000204e-02
-6.004550000000000165e-02
-6.004550000000000165e-02
-5.978100000000000080e-02
-5.921950000000000131e-02
-5.921950000000000131e-02
-5.921950000000000131e-02
-5.913050000000000250e-02
-5.878250000000000142e-02
-5.878250000000000142e-02
-5.826150000000000079e-02
-5.826150000000000079e-02
-5.770150000000000279e-02
-5.770150000000000279e-02
-5.756850000000000162e-02
-5.756850000000000162e-02
-5.756850000000000162e-02
-5.745299999999999713e-02
-5.726200000000000040e-02
-5.674499999999999683e-02
-5.672499999999999765e-02
-5.660799999999999860e-02
-5.660799999999999860e-02
-5.647350000000000286e-02
-5.623600000000000126e-02
-5.605650000000000216e-02
-5.597549999999999748e-02
-5.597549999999999748e-02
-5.559250000000000302e-02
-5.461350000000000232e-02
-5.461350000000000232e-02
-5.461350000000000232e-02
-5.433999999999999941e-02
-5.433999999999999941e-02
-5.394150000000000333e-02
-5.331199999999999828e-02
-5.331199999999999828e-02
-5.331199999999999828e-02
-5.331000000000000322e-02
-5.298499999999999738e-02
-5.290050000000000308e-02
-5.289350000000000301e-02
-5.266499999999999654e-02
-5.265449999999999992e-02
-5.199949999999999711e-02
-5.180150000000000032e-02
-5.180150000000000032e-02
-5.180150000000000032e-02
-5.180150000000000032e-02
-5.150350000000000067e-02
-5.150350000000000067e-02
-5.150350000000000067e-02
-5.136899999999999800e-02
-5.128950000000000176e-02
-5.064599999999999658e-02
-5.025199999999999806e-02
-5.025199999999999806e-02
-4.998400000000000065e-02
-4.998400000000000065e-02
-4.993449999999999972e-02
-4.927900000000000336e-02
-4.927900000000000336e-02
-4.902399999999999813e-02
-4.894600000000000339e-02
-4.894600000000000339e-02
-4.892400000000000221e-02
-4.859650000000000081e-02
-4.856549999999999756e-02
-4.842250000000000026e-02
-4.842250000000000026e-02
-4.820599999999999885e-02
-4.820599999999999885e-02
-4.794149999999999801e-02
-4.749049999999999799e-02
-4.749049999999999799e-02
-4.707299999999999679e-02
-4.707299999999999679e-02
-4.704450000000000298e-02
-4.658349999999999991e-02
-4.658349999999999991e-02
-4.658349999999999991e-02
-4.658349999999999991e-02
-4.589599999999999930e-02
-4.589599999999999930e-02
-4.589599999999999930e-02
-4.579500000000000237e-02
-4.578499999999999931e-02
-4.568350000000000188e-02
-4.550599999999999784e-02
-4.497299999999999909e-02
-4.497299999999999909e-02
-4.497299999999999909e-02
-4.473150000000000043e-02
-4.470149999999999818e-02
-4.470149999999999818e-02
-4.462300000000000294e-02
-4.435999999999999666e-02
-4.388800000000000340e-02
-4.388800000000000340e-02
-4.383150000000000240e-02
-4.358900000000000274e-02
-4.351499999999999813e-02
-4.343299999999999939e-02
-4.294350000000000250e-02
-4.294350000000000250e-02
-4.294350000000000250e-02
-4.294350000000000250e-02
-4.293149999999999744e-02
-4.289799999999999863e-02
-4.233950000000000213e-02
-4.233950000000000213e-02
-4.209449999999999997e-02
-4.209449999999999997e-02
-4.164650000000000296e-02
-4.164650000000000296e-02
-4.164450000000000096e-02
-4.115350000000000258e-02
-4.115350000000000258e-02
-4.115350000000000258e-02
-4.115350000000000258e-02
-4.087299999999999961e-02
-4.081499999999999712e-02
-4.081499999999999712e-02
-4.066499999999999976e-02
-4.064000000000000251e-02
-4.063250000000000195e-02
-3.997350000000000209e-02
-3.997350000000000209e-02
-3.994049999999999684e-02
-3.988200000000000078e-02
-3.988200000000000078e-02
-3.974250000000000005e-02
-3.954400000000000276e-02
-3.954400000000000276e-02
-3.921600000000000086e-02
-3.921600000000000086e-02
-3.921000000000000180e-02
-3.918399999999999661e-02
-3.888250000000000040e-02
-3.888250000000000040e-02
-3.888250000000000040e-02
-3.888250000000000040e-02
-3.857950000000000268e-02
-3.857950000000000268e-02
-3.857050000000000062e-02
-3.817550000000000110e-02
-3.817550000000000110e-02
-3.784850000000000020e-02
-3.744900000000000312e-02
-3.744399999999999812e-02
-3.744399999999999812e-02
-3.744399999999999812e-02
-3.744399999999999812e-02
-3.744399999999999812e-02
-3.709900000000000003e-02
-3.709900000000000003e-02
-3.706500000000000072e-02
-3.706500000000000072e-02
-3.702550000000000285e-02
-3.702550000000000285e-02
-3.690800000000000330e-02
-3.671200000000000158e-02
-3.671200000000000158e-02
-3.671200000000000158e-02
-3.658949999999999703e-02
-3.629999999999999893e-02
-3.629999999999999893e-02
-3.629999999999999893e-02
-3.629999999999999893e-02
-3.626999999999999669e-02
-3.586000000000000298e-02
-3.586000000000000298e-02
-3.577550000000000174e-02
-3.485549999999999760e-02
-3.485549999999999760e-02
-3.485549999999999760e-02
-3.485549999999999760e-02
-3.485549999999999760e-02
-3.467400000000000343e-02
-3.465250000000000274e-02
-3.465250000000000274e-02
-3.434299999999999853e-02
-3.434299999999999853e-02
-3.434299999999999853e-02
-3.434299999999999853e-02
-3.434299999999999853e-02
-3.414600000000000274e-02
-3.399850000000000094e-02
-3.393800000000000289e-02
-3.351500000000000312e-02
-3.351500000000000312e-02
-3.351500000000000312e-02
-3.351500000000000312e-02
-3.238449999999999662e-02
-3.238449999999999662e-02
-3.238449999999999662e-02
-3.238449999999999662e-02
-3.238449999999999662e-02
-3.238449999999999662e-02
-3.238449999999999662e-02
-3.238449999999999662e-02
-3.238449999999999662e-02
-3.216449999999999865e-02
-3.216449999999999865e-02
-3.216449999999999865e-02
-3.216449999999999865e-02
-3.205399999999999916e-02
-3.205399999999999916e-02
-3.200100000000000167e-02
-3.192600000000000299e-02
-3.174699999999999744e-02
-3.174699999999999744e-02
-3.174699999999999744e-02
-3.149600000000000316e-02
-3.149600000000000316e-02
-3.136900000000000105e-02
-3.075999999999999915e-02
-3.075999999999999915e-02
-3.064599999999999963e-02
-3.053950000000000067e-02
-3.053950000000000067e-02
-3.053950000000000067e-02
-3.050500000000000086e-02
-3.043999999999999831e-02
-3.038849999999999885e-02
-3.016200000000000131e-02
-2.998500000000000124e-02
-2.985449999999999909e-02
-2.985449999999999909e-02
-2.980949999999999919e-02
-2.979800000000000157e-02
-2.956349999999999950e-02
-2.956349999999999950e-02
-2.953700000000000075e-02
-2.919450000000000170e-02
-2.919450000000000170e-02
-2.918899999999999967e-02
-2.913450000000000067e-02
-2.892899999999999985e-02
-2.881699999999999887e-02
-2.881600000000000134e-02
-2.852000000000000021e-02
-2.833099999999999855e-02
-2.833099999999999855e-02
-2.816899999999999959e-02
-2.816899999999999959e-02
-2.816899999999999959e-02
-2.802850000000000133e-02
-2.802850000000000133e-02
-2.802850000000000133e-02
-2.802850000000000133e-02
-2.773499999999999924e-02
-2.773499999999999924e-02
-2.773499999999999924e-02
-2.755099999999999910e-02
-2.755099999999999910e-02
-2.755099999999999910e-02
-2.753399999999999945e-02
-2.743550000000000155e-02
-2.743550000000000155e-02
-2.743550000000000155e-02
-2.743550000000000155e-02
-2.714849999999999902e-02
-2.714849999999999902e-02
-2.689249999999999974e-02
-2.689249999999999974e-02
-2.686300000000000146e-02
-2.686300000000000146e-02
-2.684299999999999881e-02
-2.675699999999999953e-02
-2.664149999999999852e-02
-2.650100000000000025e-02
-2.648299999999999960e-02
-2.644499999999999976e-02
-2.644499999999999976e-02
-2.600799999999999987e-02
-2.600799999999999987e-02
-2.600799999999999987e-02
-2.600799999999999987e-02
-2.585199999999999998e-02
-2.585199999999999998e-02
-2.578499999999999889e-02
-2.561149999999999885e-02
-2.561149999999999885e-02
-2.561149999999999885e-02
-2.560899999999999982e-02
-2.556349999999999942e-02
-2.556349999999999942e-02
-2.544249999999999984e-02
-2.499349999999999836e-02
-2.499349999999999836e-02
-2.499349999999999836e-02
-2.483700000000000144e-02
-2.459700000000000081e-02
-2.459700000000000081e-02
-2.455449999999999994e-02
-2.455449999999999994e-02
-2.403699999999999934e-02
-2.403699999999999934e-02
-2.403699999999999934e-02
-2.403699999999999934e-02
-2.403699999999999934e-02
-2.400499999999999856e-02
-2.395749999999999963e-02
-2.395749999999999963e-02
-2.395749999999999963e-02
-2.356099999999999861e-02
-2.356099999999999861e-02
-2.349350000000000049e-02
-2.310850000000000057e-02
-2.305199999999999957e-02
-2.305199999999999957e-02
-2.305199999999999957e-02
-2.305199999999999957e-02
-2.292999999999999899e-02
-2.284949999999999828e-02
-2.284949999999999828e-02
-2.251600000000000129e-02
-2.251600000000000129e-02
-2.251600000000000129e-02
-2.251600000000000129e-02
-2.239849999999999827e-02
-2.239849999999999827e-02
-2.239849999999999827e-02
-2.238350000000000062e-02
-2.238350000000000062e-02
-2.205299999999999969e-02
-2.205299999999999969e-02
-2.205299999999999969e-02
-2.205299999999999969e-02
-2.205249999999999919e-02
-2.193049999999999861e-02
-2.193049999999999861e-02
-2.193049999999999861e-02
-2.184399999999999883e-02
-2.179050000000000084e-02
-2.155899999999999830e-02
-2.155899999999999830e-02
-2.147200000000000150e-02
-2.136050000000000101e-02
-2.136050000000000101e-02
-2.136050000000000101e-02
-2.136050000000000101e-02
-2.128050000000000080e-02
-2.111800000000000135e-02
-2.111800000000000135e-02
-2.109250000000000014e-02
-2.066650000000000084e-02
-2.066650000000000084e-02
-2.066650000000000084e-02
-2.066650000000000084e-02
-2.066650000000000084e-02
-2.066650000000000084e-02
-2.066650000000000084e-02
-2.066650000000000084e-02
-2.066650000000000084e-02
-2.053050000000000014e-02
-2.053050000000000014e-02
-2.053050000000000014e-02
-2.053050000000000014e-02
-2.053050000000000014e-02
-2.021349999999999883e-02
-2.021349999999999883e-02
-2.021349999999999883e-02
-2.006350000000000147e-02
-2.006350000000000147e-02
-2.000549999999999898e-02
-2.000549999999999898e-02
-2.000549999999999898e-02
-2.000549999999999898e-02
-1.998050000000000173e-02
-1.997499999999999970e-02
-1.976949999999999888e-02
-1.976949999999999888e-02
-1.976949999999999888e-02
-1.969450000000000020e-02
-1.969450000000000020e-02
-1.965449999999999836e-02
-1.959100000000000077e-02
-1.922499999999999903e-02
-1.922499999999999903e-02
-1.918800000000000019e-02
-1.918800000000000019e-02
-1.918800000000000019e-02
-1.918800000000000019e-02
-1.915700000000000042e-02
-1.915450000000000139e-02
-1.913750000000000173e-02
-1.913750000000000173e-02
-1.906350000000000058e-02
-1.902950000000000128e-02
-1.900599999999999859e-02
-1.900599999999999859e-02
-1.889149999999999857e-02
-1.889149999999999857e-02
-1.877799999999999955e-02
-1.868200000000000069e-02
-1.859900000000000095e-02
-1.859900000000000095e-02
-1.854199999999999945e-02
-1.836449999999999888e-02
-1.836449999999999888e-02
-1.836449999999999888e-02
-1.836449999999999888e-02
-1.825999999999999845e-02
-1.815349999999999950e-02
-1.792499999999999996e-02
-1.792499999999999996e-02
-1.792499999999999996e-02
-1.792499999999999996e-02
-1.792499999999999996e-02
-1.792499999999999996e-02
-1.792499999999999996e-02
-1.792499999999999996e-02
-1.779949999999999935e-02
-1.775499999999999995e-02
-1.775499999999999995e-02
-1.763299999999999937e-02
-1.763299999999999937e-02
-1.763299999999999937e-02
-1.763299999999999937e-02
-1.750250000000000070e-02
-1.739250000000000171e-02
-1.739250000000000171e-02
-1.739250000000000171e-02
-1.739250000000000171e-02
-1.729999999999999941e-02
-1.729999999999999941e-02
-1.729999999999999941e-02
-1.727650000000000019e-02
-1.727650000000000019e-02
-1.714950000000000155e-02
-1.714950000000000155e-02
-1.714950000000000155e-02
-1.710300000000000015e-02
-1.699099999999999916e-02
-1.699099999999999916e-02
-1.673499999999999988e-02
-1.673499999999999988e-02
-1.673499999999999988e-02
-1.673499999999999988e-02
-1.673499999999999988e-02
-1.673499999999999988e-02
-1.670100000000000057e-02
-1.670100000000000057e-02
-1.670100000000000057e-02
-1.663049999999999945e-02
-1.648049999999999862e-02
-1.648049999999999862e-02
-1.648049999999999862e-02
-1.648049999999999862e-02
-1.620450000000000015e-02
-1.615750000000000172e-02
-1.615750000000000172e-02
-1.615750000000000172e-02
-1.615750000000000172e-02
-1.614099999999999910e-02
-1.614099999999999910e-02
-1.606000000000000136e-02
-1.606000000000000136e-02
-1.606000000000000136e-02
-1.584999999999999951e-02
-1.584999999999999951e-02
-1.584999999999999951e-02
-1.584999999999999951e-02
-1.584999999999999951e-02
-1.584999999999999951e-02
-1.572549999999999989e-02
-1.572549999999999989e-02
-1.572549999999999989e-02
-1.564950000000000022e-02
-1.557249999999999954e-02
-1.557249999999999954e-02
-1.557249999999999954e-02
-1.555600000000000038e-02
-1.555600000000000038e-02
-1.555600000000000038e-02
-1.555600000000000038e-02
-1.551300000000000075e-02
-1.529550000000000007e-02
-1.529550000000000007e-02
-1.527150000000000035e-02
-1.525100000000000067e-02
-1.525100000000000067e-02
-1.524149999999999984e-02
-1.524149999999999984e-02
-1.517950000000000028e-02
-1.503499999999999975e-02
-1.503499999999999975e-02
-1.483499999999999923e-02
-1.483499999999999923e-02
-1.483499999999999923e-02
-1.483499999999999923e-02
-1.459049999999999930e-02
-1.459049999999999930e-02
-1.459049999999999930e-02
-1.459049999999999930e-02
-1.445800000000000037e-02
-1.445800000000000037e-02
-1.445800000000000037e-02
-1.445800000000000037e-02
-1.445399999999999983e-02
-1.445399999999999983e-02
-1.421649999999999997e-02
-1.421649999999999997e-02
-1.415699999999999945e-02
-1.415699999999999945e-02
-1.415699999999999945e-02
-1.415699999999999945e-02
-1.415699999999999945e-02
-1.415699999999999945e-02
-1.415450000000000041e-02
-1.409299999999999962e-02
-1.409299999999999962e-02
-1.392250000000000085e-02
-1.379799999999999950e-02
-1.365500000000000047e-02
-1.365500000000000047e-02
-1.365500000000000047e-02
-1.365500000000000047e-02
-1.361249999999999960e-02
-1.361249999999999960e-02
-1.352800000000000009e-02
-1.352800000000000009e-02
-1.348549999999999922e-02
-1.348549999999999922e-02
-1.348249999999999969e-02
-1.348249999999999969e-02
-1.345799999999999948e-02
-1.345799999999999948e-02
-1.342800000000000070e-02
-1.342800000000000070e-02
-1.342800000000000070e-02
-1.312499999999999951e-02
-1.312499999999999951e-02
-1.312499999999999951e-02
-1.312499999999999951e-02
-1.312499999999999951e-02
-1.301899999999999932e-02
-1.301899999999999932e-02
-1.301899999999999932e-02
-1.299499999999999961e-02
-1.299499999999999961e-02
-1.299499999999999961e-02
-1.294550000000000041e-02
-1.293399999999999932e-02
-1.293099999999999979e-02
-1.284399999999999951e-02
-1.284399999999999951e-02
-1.272299999999999993e-02
-1.272049999999999917e-02
-1.269950000000000072e-02
-1.269950000000000072e-02
-1.269950000000000072e-02
-1.269950000000000072e-02
-1.269950000000000072e-02
-1.269950000000000072e-02
-1.268299999999999983e-02
-1.254450000000000010e-02
-1.254450000000000010e-02
-1.254450000000000010e-02
-1.251649999999999985e-02
-1.250099999999999996e-02
-1.248499999999999957e-02
-1.248499999999999957e-02
-1.238599999999999944e-02
-1.235100000000000087e-02
-1.235100000000000087e-02
-1.235100000000000087e-02
-1.226099999999999933e-02
-1.226099999999999933e-02
-1.196649999999999971e-02
-1.196649999999999971e-02
-1.195399999999999935e-02
-1.195399999999999935e-02
-1.159950000000000044e-02
-1.159950000000000044e-02
-1.159950000000000044e-02
-1.142849999999999942e-02
-1.117549999999999967e-02
-1.103950000000000070e-02
-1.103950000000000070e-02
-1.103950000000000070e-02
-1.103950000000000070e-02
-1.103950000000000070e-02
-1.103950000000000070e-02
-1.103950000000000070e-02
-1.095950000000000049e-02
-1.095100000000000066e-02
-1.095100000000000066e-02
-1.078750000000000021e-02
-1.078750000000000021e-02
-1.078750000000000021e-02
-1.078750000000000021e-02
-1.078750000000000021e-02
-1.078750000000000021e-02
-1.078750000000000021e-02
-1.077449999999999936e-02
-1.075749999999999970e-02
-1.072050000000000086e-02
-1.064900000000000048e-02
-1.064900000000000048e-02
-1.062300000000000050e-02
-1.062300000000000050e-02
-1.048250000000000050e-02
-1.047700000000000020e-02
-1.045199999999999949e-02
-1.045199999999999949e-02
-1.036699999999999948e-02
-1.036699999999999948e-02
-1.036699999999999948e-02
-1.035550000000000012e-02
-1.031499999999999952e-02
-1.029300000000000007e-02
-1.029300000000000007e-02
-1.014299999999999924e-02
-1.014299999999999924e-02
-1.014299999999999924e-02
-1.014299999999999924e-02
-1.014299999999999924e-02
-1.013449999999999941e-02
-9.965999999999999165e-03
-9.965999999999999165e-03
-9.965999999999999165e-03
-9.965999999999999165e-03
-9.929500000000000826e-03
-9.929500000000000826e-03
-9.887999999999999221e-03
-9.887999999999999221e-03
-9.856500000000000677e-03
-9.849500000000000616e-03
-9.849500000000000616e-03
-9.843499999999999819e-03
-9.816999999999999338e-03
-9.811000000000000276e-03
-9.811000000000000276e-03
-9.811000000000000276e-03
-9.688999999999999696e-03
-9.688999999999999696e-03
-9.688999999999999696e-03
-9.688999999999999696e-03
-9.688999999999999696e-03
-9.688999999999999696e-03
-9.554500000000000492e-03
-9.549500000000000696e-03
-9.549500000000000696e-03
-9.549500000000000696e-03
-9.544999999999999665e-03
-9.442000000000000740e-03
-9.394500000000000073e-03
-9.394500000000000073e-03
-9.394500000000000073e-03
-9.394500000000000073e-03
-9.329000000000000486e-03
-9.208499999999999672e-03
-9.208499999999999672e-03
-9.208499999999999672e-03
-9.208499999999999672e-03
-9.208499999999999672e-03
-9.007499999999999882e-03
-9.007499999999999882e-03
-9.007499999999999882e-03
-9.007499999999999882e-03
-9.007499999999999882e-03
-8.983500000000000166e-03
-8.983500000000000166e-03
-8.983500000000000166e-03
-8.983500000000000166e-03
-8.954500000000000653e-03
-8.872500000000000178e-03
-8.816499999999999684e-03
-8.816499999999999684e-03
-8.816499999999999684e-03
-8.816499999999999684e-03
-8.805000000000000326e-03
-8.789999999999999203e-03
-8.732500000000000678e-03
-8.698499999999999635e-03
-8.698499999999999635e-03
-8.698499999999999635e-03
-8.698499999999999635e-03
-8.698499999999999635e-03
-8.698499999999999635e-03
-8.641499999999999876e-03
-8.641499999999999876e-03
-8.641499999999999876e-03
-8.524500000000000827e-03
-8.468500000000000333e-03
-8.468500000000000333e-03
-8.468500000000000333e-03
-8.460000000000000506e-03
-8.460000000000000506e-03
-8.460000000000000506e-03
-8.460000000000000506e-03
-8.309000000000000413e-03
-8.309000000000000413e-03
-8.309000000000000413e-03
-8.309000000000000413e-03
-8.309000000000000413e-03
-8.309000000000000413e-03
-8.309000000000000413e-03
-8.308499999999999913e-03
-8.308499999999999913e-03
-8.268499999999999808e-03
-8.268499999999999808e-03
-8.215000000000000080e-03
-8.215000000000000080e-03
-8.147500000000000228e-03
-8.147500000000000228e-03
-8.016000000000000555e-03
-8.016000000000000555e-03
-8.016000000000000555e-03
-8.016000000000000555e-03
-7.934000000000000080e-03
-7.934000000000000080e-03
-7.899500000000000272e-03
-7.899500000000000272e-03
-7.899500000000000272e-03
-7.899500000000000272e-03
-7.899500000000000272e-03
-7.899500000000000272e-03
-7.899500000000000272e-03
-7.899500000000000272e-03
-7.784499999999999753e-03
-7.784499999999999753e-03
-7.719000000000000167e-03
-7.701000000000000380e-03
-7.701000000000000380e-03
-7.669999999999999735e-03
-7.635499999999999926e-03
-7.635499999999999926e-03
-7.558500000000000114e-03
-7.558500000000000114e-03
-7.558500000000000114e-03
-7.557999999999999614e-03
-7.557999999999999614e-03
-7.557999999999999614e-03
-7.557999999999999614e-03
-7.557999999999999614e-03
-7.557499999999999982e-03
-7.557499999999999982e-03
-7.468999999999999945e-03
-7.450000000000000025e-03
-7.450000000000000025e-03
-7.430499999999999605e-03
-7.415500000000000216e-03
-7.415500000000000216e-03
-7.415500000000000216e-03
-7.410500000000000420e-03
-7.410500000000000420e-03
