6.109903302855789198e-01
2.389759224888111100e-01
6.748382166856785602e-01
9.033047084745904343e-01
1.662026601689713112e-01
7.350382927684449008e-01
9.079148349592148781e-01
1.750676639158387227e-01
5.219293011417784900e-01
9.351938431407518237e-01
6.293158288548791890e-02
2.696266929343376084e-01
9.515710691502259344e-01
1.258702703784094767e-01
1.904077267914530136e-01
9.017539077878906628e-01
1.924217137470955463e-01
4.876719858968220356e-01
9.536107274926294286e-01
5.960112927769853353e-02
7.787672421416678148e-01
9.249880788887663297e-01
9.447213983937229054e-02
6.433173951917684485e-01
9.006445106437499515e-01
1.588546743148852303e-01
5.911626729098053978e-01
9.290703812198941591e-01
7.224703255829879878e-02
6.146779042502559243e-01
9.422849049200463512e-01
8.159812873012020629e-02
3.953731685907711513e-01
8.707212688565113545e-01
1.520957798398383520e-01
7.374189566757816117e-01
9.506407125011993031e-01
9.798487511221112833e-02
8.212579139140836482e-01
9.040183393359519926e-01
1.351480615428622967e-01
2.771021367029468663e-01
9.637062324937379909e-01
1.161408257555298085e-01
1.541949161391951151e-01
9.504158694010937936e-01
8.747072992161564198e-02
4.308322360761422942e-01
9.079985499707429186e-01
1.292766918888242356e-01
6.910614307678399904e-01
9.199264943496705538e-01
1.093122172086881116e-01
4.786735335185539064e-01
9.571386156114736199e-01
8.868543820079739792e-02
7.583752040084560386e-01
9.389867095871633484e-01
4.384597834613687684e-02
5.878510516001085318e-01
9.418295378402137263e-01
1.308598768619368968e-01
3.818720525124084664e-01
9.426732888411915035e-01
6.470146391092509996e-02
4.971613692443321852e-01
9.426268346630886086e-01
1.127857611455475861e-01
4.664071804919557307e-01
9.427863973822740995e-01
1.067307114105237043e-01
5.958059409549464336e-01
9.574960668462808577e-01
1.362233922049173040e-01
9.273533697428868461e-01
9.315795607217611796e-01
1.943262174321287450e-01
1.058059713653355383e-01
9.394424025672098999e-01
1.166473139458202579e-01
4.818146631573324012e-01
9.234835725968602027e-01
7.937478412618417800e-02
3.324600604316469976e-01
9.254593842997387299e-01
1.455510424686210502e-01
6.241742174862843218e-01
9.459206647010482971e-01
1.436773424390185294e-01
2.997818563933905001e-01
9.527854536987654388e-01
1.552725298121202524e-01
5.803682368783665835e-01
9.396451182560935367e-01
8.256500747542488972e-02
3.306063388124352853e-01
9.454430929346105961e-01
1.206169831877394460e-01
7.257966872525138946e-01
9.422262143308135496e-01
1.085238521588069993e-01
1.004103317250037430e-01
9.119344569559628688e-01
1.420586002303281248e-01
5.312790311931898657e-01
9.597381920761363094e-01
8.763503430419339324e-02
5.318552572009828117e-01
9.504288864756517130e-01
6.716467009963140999e-02
8.457026280188746359e-01
9.146535557962165441e-01
1.514785638342368845e-01
4.165626101151522764e-01
9.376823244905923005e-01
1.347548499519282961e-01
6.585167929338117121e-01
9.603020856642088265e-01
1.601586388104937198e-01
8.522023438988663990e-01
9.480747338819064396e-01
1.248255491877937606e-01
3.314575302087882092e-01
9.491120783184781029e-01
8.407725595200318813e-02
3.633872967835618528e-01
9.048555590245641600e-01
1.172676034487250274e-01
1.485846453390748667e-01
9.594094277101935520e-01
8.412385764333610294e-02
5.448684731779549484e-01
9.592592565322728415e-01
5.752769586641208466e-02
2.100734956815493715e-01
9.146687233270900386e-01
9.561780896346172565e-02
7.980468998552922022e-01
9.294364706361166739e-01
1.630458530117029348e-01
4.387676351529977703e-01
9.443437873943427707e-01
1.355576617765814895e-01
6.425938692331760738e-01
9.406292992439484468e-01
1.358770216152938581e-01
3.613293844438835167e-01
9.174298213030305238e-01
8.587089443291734403e-02
7.421118971079441184e-01
