-4.320344999999999880e-01
-4.320344999999999880e-01
-3.929584999999999884e-01
-3.929584999999999884e-01
-3.813334999999999919e-01
-3.773914999999999909e-01
-3.773914999999999909e-01
-3.683029999999999915e-01
-3.628040000000000154e-01
-3.534220000000000139e-01
-3.532195000000000196e-01
-3.227194999999999925e-01
-3.227194999999999925e-01
-3.227194999999999925e-01
-3.172935000000000061e-01
-3.004959999999999853e-01
-2.887135000000000118e-01
-2.887135000000000118e-01
-2.887135000000000118e-01
-2.790305000000000146e-01
-2.790305000000000146e-01
-2.790305000000000146e-01
-2.790305000000000146e-01
-2.767410000000000148e-01
-2.592765000000000208e-01
-2.561625000000000152e-01
-2.499780000000000058e-01
-2.342174999999999951e-01
-2.342174999999999951e-01
-2.342174999999999951e-01
-2.342174999999999951e-01
-2.261199999999999877e-01
-2.261199999999999877e-01
-2.261199999999999877e-01
-2.261199999999999877e-01
-2.173744999999999983e-01
-2.121615000000000029e-01
-2.121615000000000029e-01
-2.090154999999999930e-01
-2.084519999999999984e-01
-2.084519999999999984e-01
-2.084519999999999984e-01
-2.040410000000000001e-01
-2.010724999999999874e-01
-1.943999999999999895e-01
-1.943999999999999895e-01
-1.941704999999999959e-01
-1.920624999999999971e-01
-1.851190000000000058e-01
-1.851190000000000058e-01
-1.805424999999999947e-01
-1.805424999999999947e-01
-1.805424999999999947e-01
-1.784479999999999955e-01
-1.709674999999999945e-01
-1.709674999999999945e-01
-1.687224999999999975e-01
-1.687224999999999975e-01
-1.687224999999999975e-01
-1.664720000000000089e-01
-1.600024999999999920e-01
-1.600024999999999920e-01
-1.593904999999999905e-01
-1.593904999999999905e-01
-1.593904999999999905e-01
-1.593904999999999905e-01
-1.563454999999999984e-01
-1.563454999999999984e-01
-1.563454999999999984e-01
-1.535944999999999949e-01
-1.535944999999999949e-01
-1.526939999999999964e-01
-1.491135000000000099e-01
-1.491135000000000099e-01
-1.491135000000000099e-01
-1.471780000000000033e-01
-1.471780000000000033e-01
-1.471780000000000033e-01
-1.471780000000000033e-01
-1.466129999999999933e-01
-1.466129999999999933e-01
-1.466129999999999933e-01
-1.466129999999999933e-01
-1.459965000000000013e-01
-1.450265000000000026e-01
-1.446820000000000050e-01
-1.431499999999999995e-01
-1.428329999999999878e-01
-1.414424999999999988e-01
-1.407954999999999901e-01
-1.407269999999999910e-01
-1.368995000000000073e-01
-1.368995000000000073e-01
-1.368995000000000073e-01
-1.360530000000000073e-01
-1.343799999999999994e-01
-1.343799999999999994e-01
-1.343799999999999994e-01
-1.337025000000000019e-01
-1.337025000000000019e-01
-1.318135000000000001e-01
-1.282975000000000088e-01
-1.282975000000000088e-01
-1.282975000000000088e-01
-1.282975000000000088e-01
-1.282975000000000088e-01
-1.282975000000000088e-01
-1.282975000000000088e-01
-1.265904999999999947e-01
-1.265904999999999947e-01
-1.250280000000000002e-01
-1.250280000000000002e-01
-1.245865000000000028e-01
-1.245200000000000057e-01
-1.238935000000000036e-01
-1.237029999999999935e-01
-1.228584999999999955e-01
-1.219515000000000043e-01
-1.219515000000000043e-01
-1.219515000000000043e-01
-1.219515000000000043e-01
-1.217280000000000029e-01
-1.217280000000000029e-01
-1.204235000000000028e-01
-1.204235000000000028e-01
-1.204235000000000028e-01
-1.204235000000000028e-01
-1.204235000000000028e-01
-1.192175000000000040e-01
-1.192175000000000040e-01
-1.189650000000000013e-01
-1.189650000000000013e-01
-1.189650000000000013e-01
-1.189650000000000013e-01
-1.189650000000000013e-01
-1.189650000000000013e-01
-1.189650000000000013e-01
-1.171669999999999934e-01
-1.171669999999999934e-01
-1.171669999999999934e-01
-1.171669999999999934e-01
-1.171669999999999934e-01
-1.136064999999999992e-01
-1.136064999999999992e-01
-1.136064999999999992e-01
-1.136064999999999992e-01
-1.136064999999999992e-01
-1.136064999999999992e-01
-1.136064999999999992e-01
-1.136064999999999992e-01
-1.131830000000000058e-01
-1.131830000000000058e-01
-1.131830000000000058e-01
-1.131830000000000058e-01
-1.131830000000000058e-01
-1.131830000000000058e-01
-1.131830000000000058e-01
-1.131830000000000058e-01
-1.131830000000000058e-01
-1.120020000000000043e-01
-1.120020000000000043e-01
-1.120020000000000043e-01
-1.103745000000000004e-01
-1.103745000000000004e-01
-1.103745000000000004e-01
-1.103745000000000004e-01
-1.103745000000000004e-01
-1.103745000000000004e-01
-1.103745000000000004e-01
-1.088360000000000022e-01
-1.088360000000000022e-01
-1.088360000000000022e-01
-1.088360000000000022e-01
-1.088360000000000022e-01
-1.078135000000000066e-01
-1.078135000000000066e-01
-1.078135000000000066e-01
-1.078135000000000066e-01
-1.078135000000000066e-01
-1.078135000000000066e-01
-1.078135000000000066e-01
-1.078135000000000066e-01
-1.073405000000000054e-01
-1.065539999999999959e-01
-1.065539999999999959e-01
-1.065539999999999959e-01
-1.065539999999999959e-01
-1.065539999999999959e-01
-1.061789999999999956e-01
-1.060880000000000017e-01
-1.060880000000000017e-01
-1.060684999999999961e-01
-1.055730000000000002e-01
-1.052389999999999992e-01
-1.051890000000000047e-01
-1.051890000000000047e-01
-1.043784999999999991e-01
-1.042275000000000007e-01
-1.042275000000000007e-01
-1.042275000000000007e-01
-1.040394999999999931e-01
-1.040394999999999931e-01
-1.037094999999999961e-01
-1.032555000000000001e-01
-1.020540000000000058e-01
-1.020540000000000058e-01
-1.020540000000000058e-01
-1.020520000000000038e-01
-1.020520000000000038e-01
-1.020520000000000038e-01
-1.015014999999999945e-01
-1.004889999999999950e-01
-1.004889999999999950e-01
-1.004889999999999950e-01
-9.973550000000000471e-02
-9.973550000000000471e-02
-9.973550000000000471e-02
-9.973550000000000471e-02
-9.973550000000000471e-02
-9.973550000000000471e-02
-9.973550000000000471e-02
-9.973550000000000471e-02
-9.973550000000000471e-02
-9.973550000000000471e-02
-9.705300000000000038e-02
-9.705300000000000038e-02
-9.705300000000000038e-02
-9.705300000000000038e-02
-9.705300000000000038e-02
-9.705300000000000038e-02
-9.705300000000000038e-02
-9.705300000000000038e-02
-9.705300000000000038e-02
-9.705300000000000038e-02
-9.705300000000000038e-02
-9.705300000000000038e-02
-9.705300000000000038e-02
-9.705300000000000038e-02
-9.705300000000000038e-02
-9.705300000000000038e-02
-9.689799999999999802e-02
-9.689799999999999802e-02
-9.689799999999999802e-02
-9.689799999999999802e-02
-9.689799999999999802e-02
-9.603699999999999737e-02
-9.603699999999999737e-02
-9.603699999999999737e-02
-9.603699999999999737e-02
-9.603699999999999737e-02
-9.603699999999999737e-02
-9.603699999999999737e-02
-9.603699999999999737e-02
-9.603699999999999737e-02
-9.603699999999999737e-02
-9.603699999999999737e-02
-9.603699999999999737e-02
-9.601550000000000362e-02
-9.457050000000000178e-02
-9.457050000000000178e-02
-9.420699999999999907e-02
-9.420699999999999907e-02
-9.420699999999999907e-02
-9.420699999999999907e-02
-9.420699999999999907e-02
-9.420699999999999907e-02
-9.420699999999999907e-02
-9.420699999999999907e-02
-9.420699999999999907e-02
-9.420699999999999907e-02
-9.420699999999999907e-02
-9.397250000000000048e-02
-9.397250000000000048e-02
-9.386049999999999949e-02
-9.079349999999999921e-02
-9.079349999999999921e-02
-9.079349999999999921e-02
-9.079349999999999921e-02
-9.079349999999999921e-02
-9.079349999999999921e-02
-9.079349999999999921e-02
-9.079349999999999921e-02
-9.079349999999999921e-02
-9.079349999999999921e-02
-9.079349999999999921e-02
-9.055050000000000598e-02
-9.055050000000000598e-02
-9.046150000000000024e-02
-9.046150000000000024e-02
-9.046150000000000024e-02
-8.982450000000000156e-02
-8.982450000000000156e-02
-8.924999999999999600e-02
-8.924999999999999600e-02
-8.924999999999999600e-02
-8.924999999999999600e-02
-8.924999999999999600e-02
-8.924999999999999600e-02
-8.924999999999999600e-02
-8.924999999999999600e-02
-8.924999999999999600e-02
-8.924999999999999600e-02
-8.920549999999999313e-02
-8.920549999999999313e-02
-8.919100000000000639e-02
-8.909749999999999615e-02
-8.909749999999999615e-02
-8.909749999999999615e-02
-8.909749999999999615e-02
-8.904700000000000115e-02
-8.904399999999999815e-02
-8.902350000000000541e-02
-8.902350000000000541e-02
-8.880100000000000493e-02
-8.880100000000000493e-02
-8.880100000000000493e-02
-8.880100000000000493e-02
-8.880100000000000493e-02
-8.879650000000000043e-02
-8.879599999999999993e-02
-8.878999999999999393e-02
-8.878999999999999393e-02
-8.878999999999999393e-02
-8.876000000000000556e-02
-8.875550000000000106e-02
-8.875149999999999706e-02
-8.875099999999999656e-02
-8.872249999999999581e-02
-8.872249999999999581e-02
-8.872249999999999581e-02
-8.872249999999999581e-02
-8.872249999999999581e-02
-8.872249999999999581e-02
-8.809849999999999626e-02
-8.809849999999999626e-02
-8.809849999999999626e-02
-8.809849999999999626e-02
-8.809849999999999626e-02
-8.809849999999999626e-02
-8.809849999999999626e-02
-8.809849999999999626e-02
-8.809849999999999626e-02
-8.778249999999999942e-02
-8.778249999999999942e-02
-8.778249999999999942e-02
-8.778249999999999942e-02
-8.778249999999999942e-02
-8.778249999999999942e-02
-8.778249999999999942e-02
-8.778249999999999942e-02
-8.778249999999999942e-02
-8.778249999999999942e-02
-8.778249999999999942e-02
-8.778249999999999942e-02
-8.778249999999999942e-02
-8.767550000000000343e-02
-8.767550000000000343e-02
-8.737699999999999634e-02
-8.737699999999999634e-02
-8.737699999999999634e-02
-8.737699999999999634e-02
-8.737699999999999634e-02
-8.737699999999999634e-02
-8.735199999999999909e-02
-8.735199999999999909e-02
-8.735199999999999909e-02
-8.735199999999999909e-02
-8.733950000000000047e-02
-8.727500000000000535e-02
-8.724550000000000360e-02
-8.724550000000000360e-02
-8.724550000000000360e-02
-8.724450000000000260e-02
-8.724200000000000010e-02
-8.724200000000000010e-02
-8.724149999999999960e-02
-8.718149999999999511e-02
-8.702500000000000513e-02
-8.702500000000000513e-02
-8.688049999999999939e-02
-8.668349999999999667e-02
-8.666849999999999554e-02
-8.663800000000000667e-02
-8.663800000000000667e-02
-8.663800000000000667e-02
-8.663800000000000667e-02
-8.663800000000000667e-02
-8.604749999999999899e-02
-8.604749999999999899e-02
-8.604749999999999899e-02
-8.604749999999999899e-02
-8.604749999999999899e-02
-8.604749999999999899e-02
-8.604749999999999899e-02
-8.604749999999999899e-02
-8.604749999999999899e-02
-8.604749999999999899e-02
-8.604749999999999899e-02
-8.604749999999999899e-02
-8.604749999999999899e-02
-8.604749999999999899e-02
-8.604749999999999899e-02
-8.604749999999999899e-02
-8.604649999999999799e-02
-8.604649999999999799e-02
-8.604649999999999799e-02
-8.604000000000000536e-02
-8.593499999999999750e-02
-8.593199999999999450e-02
-8.592800000000000438e-02
-8.591400000000000425e-02
-8.591200000000000225e-02
-8.570600000000000440e-02
-8.554449999999999554e-02
-8.554449999999999554e-02
-8.554449999999999554e-02
-8.536799999999999944e-02
-8.536799999999999944e-02
-8.536799999999999944e-02
-8.488500000000000212e-02
-8.488500000000000212e-02
-8.488500000000000212e-02
-8.488500000000000212e-02
-8.488500000000000212e-02
-8.488500000000000212e-02
-8.488500000000000212e-02
-8.488500000000000212e-02
-8.488500000000000212e-02
-8.488500000000000212e-02
-8.488500000000000212e-02
-8.488500000000000212e-02
-8.488500000000000212e-02
-8.487649999999999362e-02
-8.487649999999999362e-02
-8.487649999999999362e-02
-8.487649999999999362e-02
-8.481350000000000000e-02
-8.476300000000000501e-02
-8.473799999999999388e-02
-8.473799999999999388e-02
-8.473799999999999388e-02
-8.473799999999999388e-02
-8.473799999999999388e-02
-8.473799999999999388e-02
-8.473650000000000626e-02
-8.471850000000000214e-02
-8.471449999999999814e-02
-8.457950000000000190e-02
-8.456850000000000478e-02
-8.396599999999999897e-02
-8.396599999999999897e-02
-8.396599999999999897e-02
-8.396599999999999897e-02
-8.396599999999999897e-02
-8.396599999999999897e-02
-8.394350000000000422e-02
-8.394350000000000422e-02
-8.394350000000000422e-02
-8.394350000000000422e-02
-8.394350000000000422e-02
-8.393549999999999622e-02
-8.393549999999999622e-02
-8.388850000000000473e-02
-8.388299999999999923e-02
-8.380700000000000649e-02
-8.380700000000000649e-02
-8.380700000000000649e-02
-8.375900000000000012e-02
-8.375900000000000012e-02
-8.351150000000000240e-02
-8.351150000000000240e-02
-8.351150000000000240e-02
-8.343449999999999478e-02
-8.343449999999999478e-02
-8.343449999999999478e-02
-8.343449999999999478e-02
-8.343449999999999478e-02
-8.343449999999999478e-02
-8.343449999999999478e-02
-8.341850000000000653e-02
-8.341850000000000653e-02
-8.341850000000000653e-02
-8.341850000000000653e-02
-8.341850000000000653e-02
-8.341850000000000653e-02
-8.341850000000000653e-02
-8.341850000000000653e-02
-8.341850000000000653e-02
-8.341850000000000653e-02
-8.341850000000000653e-02
-8.341850000000000653e-02
-8.341850000000000653e-02
-8.341850000000000653e-02
-8.341850000000000653e-02
-8.341850000000000653e-02
-8.341850000000000653e-02
-8.341600000000000403e-02
-8.341600000000000403e-02
-8.337150000000000116e-02
-8.329250000000000542e-02
-8.320550000000000168e-02
-8.320550000000000168e-02
-8.319949999999999568e-02
-8.319949999999999568e-02
-8.319949999999999568e-02
-8.319949999999999568e-02
-8.319949999999999568e-02
-8.314100000000000656e-02
-8.314100000000000656e-02
-8.314100000000000656e-02
-8.314100000000000656e-02
-8.314100000000000656e-02
-8.314100000000000656e-02
-8.314100000000000656e-02
-8.314100000000000656e-02
-8.314100000000000656e-02
-8.303549999999999820e-02
-8.301649999999999308e-02
-8.301649999999999308e-02
-8.301200000000000245e-02
-8.301200000000000245e-02
-8.301200000000000245e-02
-8.301050000000000095e-02
-8.300549999999999595e-02
-8.295500000000000096e-02
-8.295500000000000096e-02
-8.292199999999999571e-02
-8.292199999999999571e-02
-8.292199999999999571e-02
-8.292199999999999571e-02
-8.292199999999999571e-02
-8.291500000000000259e-02
-8.291500000000000259e-02
-8.291400000000000159e-02
-8.288149999999999684e-02
-8.288149999999999684e-02
-8.266049999999999787e-02
-8.266049999999999787e-02
-8.266049999999999787e-02
-8.266049999999999787e-02
-8.266049999999999787e-02
-8.266049999999999787e-02
-8.265300000000000424e-02
-8.265300000000000424e-02
-8.265300000000000424e-02
-8.265300000000000424e-02
-8.265300000000000424e-02
-8.264499999999999624e-02
-8.264499999999999624e-02
-8.264199999999999324e-02
-8.264199999999999324e-02
-8.263650000000000162e-02
-8.263650000000000162e-02
-8.263650000000000162e-02
-8.263650000000000162e-02
-8.233600000000000640e-02
-8.227450000000000041e-02
-8.227450000000000041e-02
-8.227450000000000041e-02
-8.227450000000000041e-02
-8.227450000000000041e-02
-8.227450000000000041e-02
-8.227450000000000041e-02
-8.227450000000000041e-02
-8.227450000000000041e-02
-8.227450000000000041e-02
-8.227450000000000041e-02
-8.227450000000000041e-02
-8.227450000000000041e-02
-8.227450000000000041e-02
-8.222200000000000342e-02
-8.222200000000000342e-02
-8.221849999999999992e-02
-8.221849999999999992e-02
-8.221849999999999992e-02
-8.221849999999999992e-02
-8.221849999999999992e-02
-8.220299999999999829e-02
-8.217399999999999705e-02
-8.217399999999999705e-02
-8.217399999999999705e-02
-8.217399999999999705e-02
-8.217399999999999705e-02
-8.217399999999999705e-02
-8.217399999999999705e-02
-8.217399999999999705e-02
-8.217399999999999705e-02
-8.209800000000000431e-02
-8.209800000000000431e-02
-8.208749999999999380e-02
-8.208749999999999380e-02
-8.208749999999999380e-02
-8.208749999999999380e-02
-8.191700000000000370e-02
-8.191700000000000370e-02
-8.191700000000000370e-02
-8.191700000000000370e-02
-8.174950000000000272e-02
-8.174950000000000272e-02
-8.174950000000000272e-02
-8.174950000000000272e-02
-8.162800000000000611e-02
-8.162800000000000611e-02
-8.162800000000000611e-02
-8.162800000000000611e-02
-8.161699999999999511e-02
-8.158150000000000124e-02
-8.158150000000000124e-02
-8.157949999999999924e-02
-8.153699999999999837e-02
-8.153699999999999837e-02
-8.153699999999999837e-02
-8.153699999999999837e-02
-8.153699999999999837e-02
-8.153699999999999837e-02
-8.153699999999999837e-02
-8.153699999999999837e-02
-8.153699999999999837e-02
-8.152399999999999924e-02
-8.151450000000000362e-02
-8.150399999999999312e-02
-8.149099999999999400e-02
-8.149099999999999400e-02
-8.143200000000000438e-02
-8.143200000000000438e-02
-8.143200000000000438e-02
-8.143200000000000438e-02
-8.143200000000000438e-02
-8.143200000000000438e-02
-8.143200000000000438e-02
-8.143200000000000438e-02
-8.143200000000000438e-02
-8.143200000000000438e-02
-8.143200000000000438e-02
-8.128599999999999715e-02
-8.128599999999999715e-02
-8.128599999999999715e-02
-8.128599999999999715e-02
-8.128599999999999715e-02
-8.118350000000000566e-02
-8.118350000000000566e-02
-8.118350000000000566e-02
-8.118350000000000566e-02
-8.118350000000000566e-02
-8.118350000000000566e-02
-8.118350000000000566e-02
-8.118350000000000566e-02
-8.118350000000000566e-02
-8.118350000000000566e-02
-8.118350000000000566e-02
-8.108400000000000329e-02
-8.108400000000000329e-02
-8.108400000000000329e-02
-8.108400000000000329e-02
-8.108400000000000329e-02
-8.108400000000000329e-02
-8.080650000000000333e-02
-8.080650000000000333e-02
-8.080650000000000333e-02
-8.080650000000000333e-02
-8.067349999999999521e-02
-8.067349999999999521e-02
-8.067349999999999521e-02
-8.066299999999999859e-02
-8.065749999999999309e-02
-8.059249999999999747e-02
-8.059249999999999747e-02
-8.059249999999999747e-02
-8.059249999999999747e-02
-8.059249999999999747e-02
-8.059249999999999747e-02
-8.059249999999999747e-02
-8.059249999999999747e-02
-8.059249999999999747e-02
-8.059249999999999747e-02
-8.059249999999999747e-02
-8.059249999999999747e-02
-8.059149999999999647e-02
-8.059149999999999647e-02
-8.059149999999999647e-02
-8.059149999999999647e-02
-8.055149999999999810e-02
-8.041550000000000087e-02
-8.041550000000000087e-02
-8.041550000000000087e-02
-8.041550000000000087e-02
-8.041550000000000087e-02
-8.041550000000000087e-02
-8.041550000000000087e-02
-8.041550000000000087e-02
-8.041550000000000087e-02
-8.041550000000000087e-02
-8.041550000000000087e-02
-8.041550000000000087e-02
-8.041550000000000087e-02
-8.041550000000000087e-02
-8.041550000000000087e-02
-8.041550000000000087e-02
-8.041550000000000087e-02
-8.041550000000000087e-02
-8.038249999999999562e-02
-8.038249999999999562e-02
-8.038249999999999562e-02
-8.037999999999999312e-02
-8.037999999999999312e-02
-8.037999999999999312e-02
-8.037999999999999312e-02
-8.037999999999999312e-02
-8.035799999999999887e-02
-8.035749999999999837e-02
-8.035449999999999537e-02
-8.035449999999999537e-02
-8.028200000000000613e-02
-8.027049999999999463e-02
-8.024199999999999389e-02
-8.024199999999999389e-02
-8.023600000000000176e-02
-8.014250000000000540e-02
-8.014250000000000540e-02
-8.014250000000000540e-02
-8.011849999999999528e-02
-8.011849999999999528e-02
-8.011849999999999528e-02
-8.011849999999999528e-02
-8.011749999999999428e-02
-8.011749999999999428e-02
-8.011749999999999428e-02
-8.011749999999999428e-02
-8.011749999999999428e-02
-8.011749999999999428e-02
-8.011649999999999328e-02
-8.011100000000000165e-02
-8.011050000000000115e-02
-8.010749999999999815e-02
-8.010649999999999715e-02
-8.006800000000000028e-02
-8.006800000000000028e-02
-7.993050000000000155e-02
-7.993050000000000155e-02
-7.993050000000000155e-02
-7.993050000000000155e-02
-7.993050000000000155e-02
-7.993050000000000155e-02
-7.993050000000000155e-02
-7.993050000000000155e-02
-7.993050000000000155e-02
-7.993050000000000155e-02
-7.993050000000000155e-02
-7.993050000000000155e-02
-7.993050000000000155e-02
-7.993050000000000155e-02
-7.993050000000000155e-02
-7.993050000000000155e-02
-7.993050000000000155e-02
-7.993050000000000155e-02
-7.993050000000000155e-02
-7.987199999999999855e-02
-7.987199999999999855e-02
-7.986150000000000193e-02
-7.985699999999999743e-02
-7.985499999999999543e-02
-7.985499999999999543e-02
-7.985150000000000581e-02
-7.985150000000000581e-02
-7.985150000000000581e-02
-7.985150000000000581e-02
-7.985150000000000581e-02
-7.985150000000000581e-02
-7.980049999999999644e-02
-7.980049999999999644e-02
-7.980049999999999644e-02
-7.975250000000000394e-02
-7.975250000000000394e-02
-7.972150000000000070e-02
-7.972150000000000070e-02
-7.972150000000000070e-02
-7.972150000000000070e-02
-7.964999999999999858e-02
-7.964999999999999858e-02
-7.964999999999999858e-02
-7.964999999999999858e-02
-7.964999999999999858e-02
-7.964599999999999458e-02
-7.964549999999999408e-02
-7.964000000000000246e-02
-7.964000000000000246e-02
-7.964000000000000246e-02
-7.964000000000000246e-02
-7.963549999999999796e-02
-7.963499999999999746e-02
-7.963199999999999446e-02
-7.963099999999999346e-02
-7.963050000000000683e-02
-7.949100000000000610e-02
-7.949100000000000610e-02
-7.949100000000000610e-02
-7.949100000000000610e-02
-7.949100000000000610e-02
-7.949100000000000610e-02
-7.949100000000000610e-02
-7.949100000000000610e-02
-7.949100000000000610e-02
-7.936699999999999311e-02
-7.936699999999999311e-02
-7.936699999999999311e-02
-7.936699999999999311e-02
-7.936699999999999311e-02
-7.936699999999999311e-02
-7.936699999999999311e-02
-7.936699999999999311e-02
-7.936699999999999311e-02
-7.936699999999999311e-02
-7.936699999999999311e-02
-7.936699999999999311e-02
-7.936699999999999311e-02
-7.936699999999999311e-02
-7.932050000000000212e-02
-7.932050000000000212e-02
-7.930750000000000299e-02
-7.930750000000000299e-02
-7.928300000000000625e-02
-7.928300000000000625e-02
-7.928300000000000625e-02
-7.928300000000000625e-02
-7.928300000000000625e-02
-7.928300000000000625e-02
-7.928250000000000575e-02
-7.928250000000000575e-02
-7.925550000000000650e-02
-7.925550000000000650e-02
-7.925500000000000600e-02
-7.920299999999999563e-02
-7.920299999999999563e-02
-7.920299999999999563e-02
-7.920000000000000651e-02
-7.920000000000000651e-02
-7.920000000000000651e-02
-7.920000000000000651e-02
-7.920000000000000651e-02
-7.920000000000000651e-02
-7.920000000000000651e-02
-7.919500000000000151e-02
-7.919500000000000151e-02
-7.919249999999999901e-02
-7.917299999999999338e-02
-7.917299999999999338e-02
-7.916750000000000176e-02
-7.916750000000000176e-02
-7.916750000000000176e-02
-7.916750000000000176e-02
-7.916750000000000176e-02
-7.916750000000000176e-02
-7.916650000000000076e-02
-7.916549999999999976e-02
-7.916349999999999776e-02
-7.913499999999999701e-02
-7.913499999999999701e-02
-7.913499999999999701e-02
-7.913499999999999701e-02
-7.904250000000000165e-02
-7.904250000000000165e-02
-7.904250000000000165e-02
-7.904250000000000165e-02
-7.900899999999999590e-02
-7.900899999999999590e-02
-7.900899999999999590e-02
-7.900899999999999590e-02
-7.900899999999999590e-02
-7.900899999999999590e-02
-7.898399999999999865e-02
-7.898399999999999865e-02
-7.898199999999999665e-02
-7.898199999999999665e-02
-7.897849999999999315e-02
-7.897849999999999315e-02
-7.897800000000000653e-02
-7.897800000000000653e-02
-7.897800000000000653e-02
-7.897800000000000653e-02
-7.895199999999999441e-02
-7.894349999999999978e-02
-7.894099999999999728e-02
-7.894049999999999678e-02
-7.893949999999999578e-02
-7.893849999999999478e-02
-7.893849999999999478e-02
-7.892899999999999916e-02
-7.892150000000000554e-02
-7.892150000000000554e-02
-7.892150000000000554e-02
-7.892150000000000554e-02
-7.890999999999999404e-02
-7.890650000000000441e-02
-7.890350000000000141e-02
-7.887049999999999617e-02
-7.887049999999999617e-02
-7.887049999999999617e-02
-7.886849999999999417e-02
-7.880500000000000005e-02
-7.880500000000000005e-02
-7.880500000000000005e-02
-7.880500000000000005e-02
-7.880500000000000005e-02
-7.880500000000000005e-02
-7.880500000000000005e-02
-7.880500000000000005e-02
-7.879750000000000643e-02
-7.879750000000000643e-02
-7.879750000000000643e-02
-7.879500000000000393e-02
-7.879500000000000393e-02
-7.878000000000000280e-02
-7.878000000000000280e-02
-7.878000000000000280e-02
-7.878000000000000280e-02
-7.878000000000000280e-02
-7.878000000000000280e-02
-7.878000000000000280e-02
-7.878000000000000280e-02
-7.873850000000000293e-02
-7.873700000000000143e-02
-7.872700000000000531e-02
-7.872700000000000531e-02
-7.864450000000000607e-02
-7.864450000000000607e-02
-7.864450000000000607e-02
-7.864450000000000607e-02
-7.864450000000000607e-02
-7.864450000000000607e-02
-7.864450000000000607e-02
-7.862800000000000344e-02
-7.862800000000000344e-02
-7.862800000000000344e-02
-7.862800000000000344e-02
-7.862700000000000244e-02
-7.862700000000000244e-02
-7.862700000000000244e-02
-7.861949999999999494e-02
-7.861949999999999494e-02
-7.861949999999999494e-02
-7.857899999999999607e-02
-7.844950000000000534e-02
-7.844049999999999634e-02
-7.844049999999999634e-02
-7.844049999999999634e-02
-7.844049999999999634e-02
-7.844049999999999634e-02
-7.833149999999999835e-02
-7.833149999999999835e-02
-7.833149999999999835e-02
-7.833149999999999835e-02
-7.833149999999999835e-02
-7.833149999999999835e-02
-7.833149999999999835e-02
-7.833149999999999835e-02
-7.833149999999999835e-02
-7.833149999999999835e-02
-7.833149999999999835e-02
-7.833149999999999835e-02
-7.833149999999999835e-02
-7.833149999999999835e-02
-7.833149999999999835e-02
-7.833149999999999835e-02
-7.833149999999999835e-02
-7.833149999999999835e-02
-7.833149999999999835e-02
-7.833149999999999835e-02
-7.833149999999999835e-02
-7.828150000000000386e-02
-7.828150000000000386e-02
-7.828150000000000386e-02
-7.827850000000000086e-02
-7.827850000000000086e-02
-7.827749999999999986e-02
-7.827649999999999886e-02
-7.827599999999999836e-02
-7.827599999999999836e-02
-7.827599999999999836e-02
-7.827549999999999786e-02
-7.827549999999999786e-02
-7.827549999999999786e-02
-7.827549999999999786e-02
-7.827549999999999786e-02
-7.827549999999999786e-02
-7.822500000000000286e-02
-7.822500000000000286e-02
-7.822500000000000286e-02
-7.817849999999999799e-02
-7.817849999999999799e-02
-7.817849999999999799e-02
-7.817849999999999799e-02
-7.817849999999999799e-02
-7.817849999999999799e-02
-7.817399999999999349e-02
-7.816900000000000237e-02
-7.816900000000000237e-02
-7.816449999999999787e-02
-7.816449999999999787e-02
-7.815249999999999975e-02
-7.815249999999999975e-02
