9.957680465314375784e-01
9.578466336110759149e-01
5.205419894308219719e-01
9.982774641244318570e-01
9.361957424833149410e-01
5.634890155257464839e-01
9.974569094614722520e-01
9.486165679336125978e-01
5.875209330323912793e-01
9.993238527915462299e-01
9.410858263312861238e-01
7.123202182756180889e-01
9.994512996738679211e-01
9.271313427715315303e-01
5.667931711916570636e-01
9.993132489680589536e-01
9.666931514791419211e-01
2.987872385462758684e-01
9.994918385323552368e-01
9.353727977091896850e-01
3.681084278971565871e-01
9.960810411330132119e-01
9.557770012860368203e-01
4.937186056692319802e-01
