-1.416975000000000040e-01
-1.416975000000000040e-01
-1.341930000000000067e-01
-1.166284999999999961e-01
-1.046504999999999935e-01
-8.199900000000000244e-02
-5.750000000000000250e-02
-5.750000000000000250e-02
-5.750000000000000250e-02
-5.750000000000000250e-02
-4.751849999999999824e-02
-4.377849999999999797e-02
-4.377849999999999797e-02
-4.377849999999999797e-02
-3.732200000000000101e-02
-3.732200000000000101e-02
-3.732200000000000101e-02
-3.720799999999999802e-02
-2.936599999999999974e-02
-2.936599999999999974e-02
-2.936599999999999974e-02
-2.936599999999999974e-02
-2.872349999999999903e-02
-2.843100000000000141e-02
-2.670499999999999957e-02
-2.670499999999999957e-02
-2.656100000000000128e-02
-2.306100000000000164e-02
-2.275249999999999842e-02
-2.275249999999999842e-02
-2.223100000000000076e-02
-2.223100000000000076e-02
-2.170149999999999857e-02
-2.145450000000000135e-02
-1.879799999999999874e-02
-1.871650000000000050e-02
-1.757600000000000134e-02
-1.745199999999999876e-02
-1.731749999999999956e-02
-1.688900000000000123e-02
-1.478450000000000077e-02
-1.478450000000000077e-02
-1.444900000000000004e-02
-1.444900000000000004e-02
-1.442350000000000056e-02
-1.293799999999999985e-02
-1.293799999999999985e-02
-1.293799999999999985e-02
-1.293799999999999985e-02
-1.293799999999999985e-02
-1.293799999999999985e-02
-1.247700000000000024e-02
-1.190850000000000068e-02
-1.190850000000000068e-02
-1.147500000000000082e-02
-1.147500000000000082e-02
-1.147500000000000082e-02
-1.129400000000000022e-02
-1.129400000000000022e-02
-1.104049999999999997e-02
-1.069900000000000018e-02
-1.066399999999999987e-02
-1.053499999999999923e-02
-1.053499999999999923e-02
-1.053499999999999923e-02
-1.043099999999999930e-02
-1.023750000000000007e-02
-9.818999999999999603e-03
-9.818999999999999603e-03
-9.668500000000000011e-03
-9.666499999999999745e-03
-9.334500000000000783e-03
-9.334500000000000783e-03
-9.334500000000000783e-03
-9.136500000000000524e-03
-8.936499999999999999e-03
-8.933999999999999234e-03
-8.921500000000000610e-03
-8.921500000000000610e-03
-8.649999999999999703e-03
-8.649999999999999703e-03
-8.649999999999999703e-03
-8.649999999999999703e-03
-8.304499999999999382e-03
-8.304499999999999382e-03
-8.304499999999999382e-03
-8.304499999999999382e-03
-8.304499999999999382e-03
-7.754999999999999741e-03
-7.754999999999999741e-03
-7.754999999999999741e-03
-7.754999999999999741e-03
-7.754999999999999741e-03
-7.754999999999999741e-03
-7.467500000000000179e-03
-7.467500000000000179e-03
-7.467500000000000179e-03
-7.467500000000000179e-03
-7.318500000000000352e-03
-7.318500000000000352e-03
-7.222000000000000121e-03
-7.120500000000000093e-03
-7.120500000000000093e-03
-6.994000000000000217e-03
-6.994000000000000217e-03
-6.994000000000000217e-03
-6.994000000000000217e-03
-6.989000000000000420e-03
-6.902000000000000149e-03
-6.833999999999999797e-03
-6.833999999999999797e-03
-6.833999999999999797e-03
-6.725499999999999708e-03
-6.725499999999999708e-03
-6.725499999999999708e-03
-6.725499999999999708e-03
-6.725499999999999708e-03
-6.704500000000000390e-03
-6.537499999999999908e-03
-6.465000000000000260e-03
-6.465000000000000260e-03
-6.465000000000000260e-03
-6.465000000000000260e-03
-6.227500000000000396e-03
-6.227500000000000396e-03
-6.065000000000000079e-03
-6.065000000000000079e-03
-6.065000000000000079e-03
-6.065000000000000079e-03
-6.065000000000000079e-03
-5.836000000000000042e-03
-5.836000000000000042e-03
-5.836000000000000042e-03
-5.836000000000000042e-03
-5.836000000000000042e-03
-5.759499999999999863e-03
-5.751000000000000036e-03
-5.751000000000000036e-03
-5.709500000000000165e-03
-5.618999999999999863e-03
-5.618999999999999863e-03
-5.618999999999999863e-03
-5.618999999999999863e-03
-5.618999999999999863e-03
-5.492999999999999619e-03
-5.492999999999999619e-03
-5.492999999999999619e-03
-5.492999999999999619e-03
-5.492999999999999619e-03
-5.442999999999999922e-03
-5.442999999999999922e-03
-5.442999999999999922e-03
-5.442999999999999922e-03
-5.442999999999999922e-03
-5.369500000000000141e-03
-5.246999999999999928e-03
-5.246999999999999928e-03
-5.246999999999999928e-03
-5.246999999999999928e-03
-5.246999999999999928e-03
-5.246999999999999928e-03
-5.246999999999999928e-03
-5.246999999999999928e-03
-5.242499999999999764e-03
-5.189000000000000036e-03
-5.140999999999999737e-03
-5.139499999999999971e-03
-5.063500000000000292e-03
-5.063500000000000292e-03
-5.063500000000000292e-03
-5.063500000000000292e-03
-4.969000000000000326e-03
-4.969000000000000326e-03
-4.969000000000000326e-03
-4.969000000000000326e-03
-4.969000000000000326e-03
-4.969000000000000326e-03
-4.969000000000000326e-03
-4.969000000000000326e-03
-4.959500000000000366e-03
-4.959500000000000366e-03
-4.959500000000000366e-03
-4.959500000000000366e-03
-4.954000000000000070e-03
-4.928499999999999721e-03
-4.928499999999999721e-03
-4.839500000000000052e-03
-4.839500000000000052e-03
-4.839500000000000052e-03
-4.839500000000000052e-03
-4.790499999999999620e-03
-4.790499999999999620e-03
-4.790499999999999620e-03
-4.790499999999999620e-03
-4.790499999999999620e-03
-4.790499999999999620e-03
-4.790499999999999620e-03
-4.790499999999999620e-03
-4.790499999999999620e-03
-4.553500000000000256e-03
-4.553500000000000256e-03
-4.553500000000000256e-03
-4.553500000000000256e-03
-4.553500000000000256e-03
-4.553500000000000256e-03
-4.553500000000000256e-03
-4.553500000000000256e-03
-4.553500000000000256e-03
-4.553500000000000256e-03
-4.553500000000000256e-03
-4.553500000000000256e-03
-4.553500000000000256e-03
-4.553500000000000256e-03
-4.553500000000000256e-03
-4.553500000000000256e-03
-4.544000000000000296e-03
-4.445000000000000166e-03
-4.439000000000000237e-03
-4.439000000000000237e-03
-4.439000000000000237e-03
-4.439000000000000237e-03
-4.384500000000000376e-03
-4.384500000000000376e-03
-4.384500000000000376e-03
-4.384500000000000376e-03
-4.384500000000000376e-03
-4.384500000000000376e-03
-4.384500000000000376e-03
-4.384500000000000376e-03
-4.384500000000000376e-03
-4.384500000000000376e-03
-4.384500000000000376e-03
-4.372499999999999651e-03
-4.372499999999999651e-03
-4.372499999999999651e-03
-4.372499999999999651e-03
-4.372499999999999651e-03
-4.353000000000000098e-03
-4.353000000000000098e-03
-4.353000000000000098e-03
-4.265999999999999827e-03
-4.265999999999999827e-03
-4.265999999999999827e-03
-4.265999999999999827e-03
-4.265999999999999827e-03
-4.265999999999999827e-03
-4.253999999999999969e-03
-4.253999999999999969e-03
-4.253999999999999969e-03
-4.253999999999999969e-03
-4.253999999999999969e-03
-4.253999999999999969e-03
-4.253999999999999969e-03
-4.253999999999999969e-03
-4.253999999999999969e-03
-4.253999999999999969e-03
-4.253999999999999969e-03
-4.253999999999999969e-03
-4.253999999999999969e-03
-4.253999999999999969e-03
-4.253999999999999969e-03
-4.226500000000000222e-03
-4.182499999999999586e-03
-4.182499999999999586e-03
-4.182499999999999586e-03
-4.182499999999999586e-03
-4.182499999999999586e-03
-4.121999999999999796e-03
-4.121999999999999796e-03
-4.121999999999999796e-03
-4.121999999999999796e-03
-4.121999999999999796e-03
-4.121999999999999796e-03
-4.121999999999999796e-03
-4.121999999999999796e-03
-4.120000000000000398e-03
-4.065000000000000037e-03
-4.042999999999999719e-03
-4.042999999999999719e-03
-4.042999999999999719e-03
-4.042999999999999719e-03
-4.042999999999999719e-03
-4.042999999999999719e-03
-4.042999999999999719e-03
-4.042999999999999719e-03
-4.021000000000000268e-03
-4.021000000000000268e-03
-4.021000000000000268e-03
-4.021000000000000268e-03
-4.021000000000000268e-03
-3.981499999999999796e-03
-3.981499999999999796e-03
-3.981499999999999796e-03
-3.981499999999999796e-03
-3.981499999999999796e-03
-3.981499999999999796e-03
-3.981499999999999796e-03
-3.981499999999999796e-03
-3.981499999999999796e-03
-3.981499999999999796e-03
-3.981499999999999796e-03
-3.981499999999999796e-03
-3.981499999999999796e-03
-3.981499999999999796e-03
-3.981499999999999796e-03
-3.981499999999999796e-03
-3.981499999999999796e-03
-3.981499999999999796e-03
-3.961000000000000111e-03
-3.961000000000000111e-03
-3.961000000000000111e-03
-3.961000000000000111e-03
-3.961000000000000111e-03
-3.961000000000000111e-03
-3.961000000000000111e-03
-3.961000000000000111e-03
-3.935000000000000130e-03
-3.935000000000000130e-03
-3.935000000000000130e-03
-3.935000000000000130e-03
-3.935000000000000130e-03
-3.935000000000000130e-03
-3.935000000000000130e-03
-3.935000000000000130e-03
-3.907500000000000383e-03
-3.907500000000000383e-03
-3.907500000000000383e-03
-3.907500000000000383e-03
-3.907500000000000383e-03
-3.907500000000000383e-03
-3.880000000000000202e-03
-3.880000000000000202e-03
-3.880000000000000202e-03
-3.880000000000000202e-03
-3.880000000000000202e-03
-3.880000000000000202e-03
-3.880000000000000202e-03
-3.880000000000000202e-03
-3.872000000000000008e-03
-3.872000000000000008e-03
-3.872000000000000008e-03
-3.872000000000000008e-03
-3.872000000000000008e-03
-3.872000000000000008e-03
-3.872000000000000008e-03
-3.872000000000000008e-03
-3.872000000000000008e-03
-3.872000000000000008e-03
-3.872000000000000008e-03
-3.872000000000000008e-03
-3.872000000000000008e-03
-3.872000000000000008e-03
-3.871499999999999941e-03
-3.841499999999999863e-03
-3.841499999999999863e-03
-3.841499999999999863e-03
-3.841499999999999863e-03
-3.841499999999999863e-03
-3.834499999999999801e-03
-3.834499999999999801e-03
-3.834499999999999801e-03
-3.834499999999999801e-03
-3.834499999999999801e-03
-3.834499999999999801e-03
-3.811999999999999850e-03
-3.811999999999999850e-03
-3.811999999999999850e-03
-3.811999999999999850e-03
-3.811999999999999850e-03
-3.811999999999999850e-03
-3.811999999999999850e-03
-3.811999999999999850e-03
-3.792499999999999864e-03
-3.792499999999999864e-03
-3.792499999999999864e-03
-3.792499999999999864e-03
-3.792499999999999864e-03
-3.792499999999999864e-03
-3.785000000000000170e-03
-3.785000000000000170e-03
-3.785000000000000170e-03
-3.785000000000000170e-03
-3.785000000000000170e-03
-3.785000000000000170e-03
-3.785000000000000170e-03
-3.785000000000000170e-03
-3.785000000000000170e-03
-3.785000000000000170e-03
-3.785000000000000170e-03
-3.785000000000000170e-03
-3.744499999999999999e-03
-3.744499999999999999e-03
-3.744499999999999999e-03
-3.744499999999999999e-03
-3.732500000000000141e-03
-3.732500000000000141e-03
-3.732500000000000141e-03
-3.732500000000000141e-03
-3.732500000000000141e-03
-3.732500000000000141e-03
-3.732500000000000141e-03
-3.732500000000000141e-03
-3.732500000000000141e-03
-3.732500000000000141e-03
-3.712000000000000022e-03
-3.712000000000000022e-03
-3.712000000000000022e-03
-3.712000000000000022e-03
-3.712000000000000022e-03
-3.712000000000000022e-03
-3.712000000000000022e-03
-3.712000000000000022e-03
-3.712000000000000022e-03
-3.712000000000000022e-03
-3.712000000000000022e-03
-3.712000000000000022e-03
-3.712000000000000022e-03
-3.712000000000000022e-03
-3.704499999999999894e-03
-3.704499999999999894e-03
-3.704499999999999894e-03
-3.704499999999999894e-03
-3.704499999999999894e-03
-3.704499999999999894e-03
-3.704499999999999894e-03
-3.704499999999999894e-03
-3.704499999999999894e-03
-3.704499999999999894e-03
-3.704499999999999894e-03
-3.704499999999999894e-03
-3.664499999999999789e-03
-3.664499999999999789e-03
-3.664499999999999789e-03
-3.664499999999999789e-03
-3.664499999999999789e-03
-3.664499999999999789e-03
-3.664499999999999789e-03
-3.664499999999999789e-03
-3.664499999999999789e-03
-3.664499999999999789e-03
-3.664499999999999789e-03
-3.664499999999999789e-03
-3.664499999999999789e-03
-3.664499999999999789e-03
-3.664499999999999789e-03
-3.664499999999999789e-03
-3.664499999999999789e-03
-3.664499999999999789e-03
-3.664499999999999789e-03
-3.664499999999999789e-03
-3.664499999999999789e-03
-3.664499999999999789e-03
-3.664499999999999789e-03
-3.664499999999999789e-03
-3.664499999999999789e-03
-3.664499999999999789e-03
-3.664499999999999789e-03
-3.664499999999999789e-03
-3.664499999999999789e-03
-3.664499999999999789e-03
-3.664499999999999789e-03
-3.664499999999999789e-03
-3.664499999999999789e-03
-3.664499999999999789e-03
-3.664499999999999789e-03
-3.664499999999999789e-03
-3.664499999999999789e-03
-3.657500000000000161e-03
-3.657500000000000161e-03
-3.657500000000000161e-03
-3.657500000000000161e-03
-3.657500000000000161e-03
-3.657500000000000161e-03
-3.657500000000000161e-03
-3.657500000000000161e-03
-3.657500000000000161e-03
-3.657500000000000161e-03
-3.657500000000000161e-03
-3.657500000000000161e-03
-3.657500000000000161e-03
-3.657500000000000161e-03
-3.657500000000000161e-03
-3.657500000000000161e-03
-3.657500000000000161e-03
-3.654999999999999829e-03
-3.654999999999999829e-03
-3.654999999999999829e-03
-3.654999999999999829e-03
-3.654999999999999829e-03
-3.654999999999999829e-03
-3.654999999999999829e-03
-3.654999999999999829e-03
-3.654999999999999829e-03
-3.654999999999999829e-03
-3.654999999999999829e-03
-3.654999999999999829e-03
-3.654999999999999829e-03
-3.654999999999999829e-03
-3.654999999999999829e-03
-3.654999999999999829e-03
-3.654999999999999829e-03
-3.654999999999999829e-03
-3.648000000000000201e-03
-3.648000000000000201e-03
-3.648000000000000201e-03
-3.648000000000000201e-03
-3.648000000000000201e-03
-3.648000000000000201e-03
-3.648000000000000201e-03
-3.648000000000000201e-03
-3.648000000000000201e-03
-3.648000000000000201e-03
-3.648000000000000201e-03
-3.648000000000000201e-03
-3.648000000000000201e-03
-3.648000000000000201e-03
-3.648000000000000201e-03
-3.648000000000000201e-03
-3.648000000000000201e-03
-3.642499999999999905e-03
-3.642499999999999905e-03
-3.642499999999999905e-03
-3.642499999999999905e-03
-3.641000000000000139e-03
-3.641000000000000139e-03
-3.641000000000000139e-03
-3.641000000000000139e-03
-3.641000000000000139e-03
-3.641000000000000139e-03
-3.641000000000000139e-03
-3.641000000000000139e-03
-3.641000000000000139e-03
-3.641000000000000139e-03
-3.641000000000000139e-03
-3.641000000000000139e-03
-3.636499999999999976e-03
-3.636499999999999976e-03
-3.636499999999999976e-03
-3.636499999999999976e-03
-3.636499999999999976e-03
-3.636499999999999976e-03
-3.636499999999999976e-03
-3.636499999999999976e-03
-3.636499999999999976e-03
-3.636499999999999976e-03
-3.636499999999999976e-03
-3.636499999999999976e-03
-3.636499999999999976e-03
-3.636499999999999976e-03
-3.636499999999999976e-03
-3.636499999999999976e-03
-3.636499999999999976e-03
-3.636499999999999976e-03
-3.636499999999999976e-03
-3.636499999999999976e-03
-3.636499999999999976e-03
-3.636499999999999976e-03
-3.636499999999999976e-03
-3.636499999999999976e-03
-3.636499999999999976e-03
-3.636499999999999976e-03
-3.636499999999999976e-03
-3.636499999999999976e-03
-3.636499999999999976e-03
-3.636499999999999976e-03
-3.636499999999999976e-03
-3.636499999999999976e-03
-3.636499999999999976e-03
-3.636499999999999976e-03
-3.636499999999999976e-03
-3.634500000000000144e-03
-3.634500000000000144e-03
-3.634500000000000144e-03
-3.634500000000000144e-03
-3.634500000000000144e-03
-3.634500000000000144e-03
-3.634500000000000144e-03
-3.634500000000000144e-03
-3.634500000000000144e-03
-3.634500000000000144e-03
-3.634500000000000144e-03
-3.634500000000000144e-03
-3.634500000000000144e-03
-3.634500000000000144e-03
-3.634500000000000144e-03
-3.634500000000000144e-03
-3.634500000000000144e-03
-3.634500000000000144e-03
-3.634500000000000144e-03
-3.634500000000000144e-03
-3.634500000000000144e-03
-3.634500000000000144e-03
-3.634500000000000144e-03
-3.634500000000000144e-03
-3.634500000000000144e-03
-3.634500000000000144e-03
-3.634500000000000144e-03
-3.634500000000000144e-03
-3.634500000000000144e-03
-3.634500000000000144e-03
-3.634500000000000144e-03
-3.634500000000000144e-03
-3.634500000000000144e-03
-3.634500000000000144e-03
-3.634500000000000144e-03
-3.634500000000000144e-03
-3.634500000000000144e-03
-3.634500000000000144e-03
-3.634500000000000144e-03
-3.634500000000000144e-03
-3.634500000000000144e-03
-3.634500000000000144e-03
-3.634500000000000144e-03
-3.634500000000000144e-03
-3.634500000000000144e-03
-3.634500000000000144e-03
-3.634500000000000144e-03
-3.634500000000000144e-03
-3.634500000000000144e-03
-3.634500000000000144e-03
-3.634500000000000144e-03
-3.634500000000000144e-03
-3.626499999999999949e-03
-3.626499999999999949e-03
-3.626499999999999949e-03
-3.626499999999999949e-03
-3.626499999999999949e-03
-3.626499999999999949e-03
-3.626499999999999949e-03
-3.626499999999999949e-03
-3.626499999999999949e-03
-3.626499999999999949e-03
-3.626499999999999949e-03
-3.626499999999999949e-03
-3.626499999999999949e-03
-3.625000000000000184e-03
-3.625000000000000184e-03
-3.612000000000000193e-03
-3.612000000000000193e-03
-3.612000000000000193e-03
-3.612000000000000193e-03
-3.612000000000000193e-03
-3.612000000000000193e-03
-3.612000000000000193e-03
-3.612000000000000193e-03
-3.612000000000000193e-03
-3.612000000000000193e-03
-3.612000000000000193e-03
-3.612000000000000193e-03
-3.612000000000000193e-03
-3.612000000000000193e-03
-3.612000000000000193e-03
-3.612000000000000193e-03
-3.612000000000000193e-03
-3.612000000000000193e-03
-3.612000000000000193e-03
-3.612000000000000193e-03
-3.612000000000000193e-03
-3.612000000000000193e-03
-3.612000000000000193e-03
-3.612000000000000193e-03
-3.612000000000000193e-03
-3.598500000000000136e-03
-3.598500000000000136e-03
-3.598500000000000136e-03
-3.598500000000000136e-03
-3.598500000000000136e-03
-3.598500000000000136e-03
-3.598500000000000136e-03
-3.598500000000000136e-03
-3.598500000000000136e-03
-3.598500000000000136e-03
-3.598500000000000136e-03
-3.598500000000000136e-03
-3.598500000000000136e-03
-3.598500000000000136e-03
-3.598500000000000136e-03
-3.598500000000000136e-03
-3.598500000000000136e-03
-3.598500000000000136e-03
-3.598500000000000136e-03
-3.598500000000000136e-03
-3.598500000000000136e-03
-3.598500000000000136e-03
-3.598500000000000136e-03
-3.598000000000000070e-03
-3.598000000000000070e-03
-3.598000000000000070e-03
-3.598000000000000070e-03
-3.598000000000000070e-03
-3.598000000000000070e-03
-3.598000000000000070e-03
-3.598000000000000070e-03
-3.598000000000000070e-03
-3.598000000000000070e-03
-3.598000000000000070e-03
-3.598000000000000070e-03
-3.598000000000000070e-03
-3.598000000000000070e-03
-3.598000000000000070e-03
-3.598000000000000070e-03
-3.598000000000000070e-03
-3.598000000000000070e-03
-3.598000000000000070e-03
-3.598000000000000070e-03
-3.598000000000000070e-03
-3.598000000000000070e-03
-3.598000000000000070e-03
-3.598000000000000070e-03
-3.598000000000000070e-03
-3.598000000000000070e-03
-3.598000000000000070e-03
-3.598000000000000070e-03
-3.598000000000000070e-03
-3.598000000000000070e-03
-3.598000000000000070e-03
-3.598000000000000070e-03
-3.598000000000000070e-03
-3.597500000000000003e-03
-3.597500000000000003e-03
-3.597500000000000003e-03
-3.597500000000000003e-03
-3.597500000000000003e-03
-3.597500000000000003e-03
-3.597500000000000003e-03
-3.597500000000000003e-03
-3.597500000000000003e-03
-3.597500000000000003e-03
-3.597500000000000003e-03
-3.597500000000000003e-03
-3.597500000000000003e-03
-3.597500000000000003e-03
-3.597500000000000003e-03
-3.597500000000000003e-03
-3.597500000000000003e-03
-3.597500000000000003e-03
-3.597500000000000003e-03
-3.597500000000000003e-03
-3.597500000000000003e-03
-3.597500000000000003e-03
-3.597500000000000003e-03
-3.597500000000000003e-03
-3.597500000000000003e-03
-3.597500000000000003e-03
-3.597500000000000003e-03
-3.597500000000000003e-03
-3.596499999999999871e-03
-3.596499999999999871e-03
-3.596499999999999871e-03
-3.596499999999999871e-03
-3.596499999999999871e-03
-3.596499999999999871e-03
-3.596499999999999871e-03
-3.596499999999999871e-03
-3.596499999999999871e-03
-3.596499999999999871e-03
-3.596499999999999871e-03
-3.596499999999999871e-03
-3.596499999999999871e-03
-3.596499999999999871e-03
-3.596499999999999871e-03
-3.596499999999999871e-03
-3.596499999999999871e-03
-3.596499999999999871e-03
-3.596499999999999871e-03
-3.596499999999999871e-03
-3.596499999999999871e-03
-3.596499999999999871e-03
-3.596499999999999871e-03
-3.596499999999999871e-03
-3.596499999999999871e-03
-3.596499999999999871e-03
-3.596499999999999871e-03
-3.596499999999999871e-03
-3.596499999999999871e-03
-3.596499999999999871e-03
-3.596499999999999871e-03
-3.596499999999999871e-03
-3.595999999999999804e-03
-3.579000000000000150e-03
-3.579000000000000150e-03
-3.579000000000000150e-03
-3.579000000000000150e-03
-3.579000000000000150e-03
-3.579000000000000150e-03
-3.579000000000000150e-03
-3.579000000000000150e-03
-3.578500000000000084e-03
-3.578500000000000084e-03
-3.578500000000000084e-03
-3.578500000000000084e-03
-3.578500000000000084e-03
-3.578500000000000084e-03
-3.578500000000000084e-03
-3.578500000000000084e-03
-3.578500000000000084e-03
-3.578500000000000084e-03
-3.578500000000000084e-03
-3.578500000000000084e-03
-3.578500000000000084e-03
-3.578500000000000084e-03
-3.578500000000000084e-03
-3.578500000000000084e-03
-3.578500000000000084e-03
-3.578500000000000084e-03
-3.578500000000000084e-03
-3.578500000000000084e-03
-3.578500000000000084e-03
-3.578500000000000084e-03
-3.578500000000000084e-03
-3.578500000000000084e-03
-3.578500000000000084e-03
-3.578500000000000084e-03
-3.578500000000000084e-03
-3.578500000000000084e-03
-3.578500000000000084e-03
-3.578500000000000084e-03
-3.578500000000000084e-03
-3.578500000000000084e-03
-3.578500000000000084e-03
-3.578500000000000084e-03
-3.578500000000000084e-03
-3.578500000000000084e-03
-3.563499999999999827e-03
-3.563499999999999827e-03
-3.563499999999999827e-03
-3.563499999999999827e-03
-3.563499999999999827e-03
-3.563499999999999827e-03
-3.563499999999999827e-03
-3.563499999999999827e-03
-3.563499999999999827e-03
-3.563499999999999827e-03
-3.563499999999999827e-03
-3.563499999999999827e-03
-3.563499999999999827e-03
-3.563499999999999827e-03
-3.563499999999999827e-03
-3.563499999999999827e-03
-3.563499999999999827e-03
-3.563499999999999827e-03
-3.563499999999999827e-03
-3.563499999999999827e-03
-3.563499999999999827e-03
-3.563499999999999827e-03
-3.563499999999999827e-03
-3.563499999999999827e-03
-3.563499999999999827e-03
-3.563499999999999827e-03
-3.563499999999999827e-03
-3.563499999999999827e-03
-3.563499999999999827e-03
-3.563499999999999827e-03
-3.563499999999999827e-03
-3.563499999999999827e-03
-3.563499999999999827e-03
-3.563499999999999827e-03
-3.563499999999999827e-03
-3.563499999999999827e-03
-3.563499999999999827e-03
-3.563499999999999827e-03
-3.563499999999999827e-03
-3.563499999999999827e-03
-3.563499999999999827e-03
-3.563499999999999827e-03
-3.563499999999999827e-03
-3.563499999999999827e-03
-3.563499999999999827e-03
-3.563499999999999827e-03
-3.563499999999999827e-03
-3.556999999999999832e-03
-3.556999999999999832e-03
-3.556999999999999832e-03
-3.556999999999999832e-03
-3.556999999999999832e-03
-3.556999999999999832e-03
-3.556999999999999832e-03
-3.556999999999999832e-03
-3.556999999999999832e-03
-3.556999999999999832e-03
-3.556999999999999832e-03
-3.556999999999999832e-03
-3.556999999999999832e-03
-3.556999999999999832e-03
-3.556999999999999832e-03
-3.556999999999999832e-03
-3.556999999999999832e-03
-3.556999999999999832e-03
-3.556999999999999832e-03
-3.556999999999999832e-03
-3.556999999999999832e-03
-3.556999999999999832e-03
-3.556999999999999832e-03
-3.556999999999999832e-03
-3.556999999999999832e-03
-3.556999999999999832e-03
-3.556999999999999832e-03
-3.556999999999999832e-03
-3.556999999999999832e-03
-3.556999999999999832e-03
-3.556999999999999832e-03
-3.556999999999999832e-03
-3.556999999999999832e-03
-3.553499999999999801e-03
-3.553499999999999801e-03
-3.553499999999999801e-03
-3.552500000000000102e-03
-3.550499999999999837e-03
-3.550499999999999837e-03
-3.550499999999999837e-03
-3.550499999999999837e-03
-3.550499999999999837e-03
-3.550499999999999837e-03
-3.550499999999999837e-03
-3.550499999999999837e-03
-3.550499999999999837e-03
-3.550499999999999837e-03
-3.550499999999999837e-03
-3.550499999999999837e-03
-3.550499999999999837e-03
-3.550499999999999837e-03
-3.550499999999999837e-03
-3.545500000000000040e-03
-3.545500000000000040e-03
-3.545500000000000040e-03
-3.545500000000000040e-03
-3.544999999999999974e-03
-3.544999999999999974e-03
-3.544999999999999974e-03
-3.544999999999999974e-03
-3.542500000000000076e-03
-3.542500000000000076e-03
-3.542500000000000076e-03
-3.542500000000000076e-03
-3.542500000000000076e-03
-3.542500000000000076e-03
-3.542500000000000076e-03
-3.542500000000000076e-03
-3.542500000000000076e-03
-3.542500000000000076e-03
-3.542500000000000076e-03
-3.542500000000000076e-03
-3.542500000000000076e-03
-3.542500000000000076e-03
-3.542500000000000076e-03
-3.542500000000000076e-03
-3.542500000000000076e-03
-3.542500000000000076e-03
-3.542500000000000076e-03
-3.542500000000000076e-03
-3.542500000000000076e-03
-3.542500000000000076e-03
-3.542500000000000076e-03
-3.542500000000000076e-03
-3.542500000000000076e-03
-3.542500000000000076e-03
-3.540499999999999810e-03
-3.540499999999999810e-03
-3.540499999999999810e-03
-3.540499999999999810e-03
-3.540499999999999810e-03
-3.540499999999999810e-03
-3.540499999999999810e-03
-3.540499999999999810e-03
-3.540499999999999810e-03
-3.540499999999999810e-03
-3.540499999999999810e-03
-3.540499999999999810e-03
-3.540499999999999810e-03
-3.540499999999999810e-03
-3.537000000000000213e-03
-3.537000000000000213e-03
-3.537000000000000213e-03
-3.537000000000000213e-03
-3.537000000000000213e-03
-3.537000000000000213e-03
-3.537000000000000213e-03
-3.537000000000000213e-03
-3.537000000000000213e-03
-3.537000000000000213e-03
-3.537000000000000213e-03
-3.537000000000000213e-03
-3.537000000000000213e-03
-3.537000000000000213e-03
-3.537000000000000213e-03
-3.537000000000000213e-03
-3.537000000000000213e-03
-3.537000000000000213e-03
-3.537000000000000213e-03
-3.537000000000000213e-03
-3.537000000000000213e-03
-3.537000000000000213e-03
-3.537000000000000213e-03
-3.537000000000000213e-03
-3.537000000000000213e-03
-3.529000000000000019e-03
-3.529000000000000019e-03
-3.529000000000000019e-03
-3.529000000000000019e-03
-3.529000000000000019e-03
