-1.063285000000000063e-01
-1.063285000000000063e-01
-1.063285000000000063e-01
-1.059355000000000019e-01
-9.786599999999999466e-02
-9.620499999999999885e-02
-9.620499999999999885e-02
-9.620499999999999885e-02
-9.620499999999999885e-02
-9.444750000000000367e-02
-9.385050000000000336e-02
-9.385050000000000336e-02
-9.385050000000000336e-02
-9.333950000000000580e-02
-9.308450000000000057e-02
-9.268200000000000049e-02
-9.268200000000000049e-02
-9.268200000000000049e-02
-9.265600000000000225e-02
-9.260200000000000375e-02
-9.240450000000000053e-02
-9.240450000000000053e-02
-9.240450000000000053e-02
-9.240450000000000053e-02
-9.240450000000000053e-02
-9.240450000000000053e-02
-9.240450000000000053e-02
-9.240450000000000053e-02
-9.240450000000000053e-02
-9.211700000000000443e-02
-9.183700000000000196e-02
-9.183700000000000196e-02
-9.174949999999999772e-02
-9.174949999999999772e-02
-9.174000000000000210e-02
-8.959050000000000347e-02
-8.959050000000000347e-02
-8.959050000000000347e-02
-8.959050000000000347e-02
-8.959050000000000347e-02
-8.959050000000000347e-02
-8.959050000000000347e-02
-8.930050000000000487e-02
-8.918199999999999739e-02
-8.918199999999999739e-02
-8.918199999999999739e-02
-8.909799999999999665e-02
-8.909799999999999665e-02
-8.909799999999999665e-02
-8.909250000000000502e-02
-8.854650000000000021e-02
-8.854449999999999821e-02
-8.838150000000000173e-02
-8.832299999999999873e-02
-8.823899999999999799e-02
-8.814500000000000113e-02
-8.814500000000000113e-02
-8.814500000000000113e-02
-8.814500000000000113e-02
-8.814500000000000113e-02
-8.814500000000000113e-02
-8.814500000000000113e-02
-8.814500000000000113e-02
-8.813100000000000100e-02
-8.811950000000000338e-02
-8.811950000000000338e-02
-8.811950000000000338e-02
-8.811950000000000338e-02
-8.811950000000000338e-02
-8.811950000000000338e-02
-8.811950000000000338e-02
-8.811950000000000338e-02
-8.811950000000000338e-02
-8.811950000000000338e-02
-8.811950000000000338e-02
-8.811950000000000338e-02
-8.811950000000000338e-02
-8.811950000000000338e-02
-8.811950000000000338e-02
-8.811950000000000338e-02
-8.811950000000000338e-02
-8.811900000000000288e-02
-8.811900000000000288e-02
-8.811900000000000288e-02
-8.811900000000000288e-02
-8.811900000000000288e-02
-8.811900000000000288e-02
-8.811900000000000288e-02
-8.811900000000000288e-02
-8.811900000000000288e-02
-8.811900000000000288e-02
-8.807650000000000201e-02
-8.807650000000000201e-02
-8.807650000000000201e-02
-8.807650000000000201e-02
-8.807650000000000201e-02
-8.807650000000000201e-02
-8.807650000000000201e-02
-8.807650000000000201e-02
-8.807650000000000201e-02
-8.807650000000000201e-02
-8.807650000000000201e-02
-8.807650000000000201e-02
-8.807650000000000201e-02
-8.807650000000000201e-02
-8.807650000000000201e-02
-8.807650000000000201e-02
-8.807650000000000201e-02
-8.807650000000000201e-02
-8.807650000000000201e-02
-8.807650000000000201e-02
-8.807650000000000201e-02
-8.806100000000000039e-02
-8.806100000000000039e-02
-8.806100000000000039e-02
-8.806100000000000039e-02
-8.806100000000000039e-02
-8.806100000000000039e-02
-8.806100000000000039e-02
-8.806100000000000039e-02
-8.804750000000000076e-02
-8.804349999999999676e-02
-8.804299999999999626e-02
-8.804299999999999626e-02
-8.804299999999999626e-02
-8.804299999999999626e-02
-8.804299999999999626e-02
-8.804299999999999626e-02
-8.804249999999999576e-02
-8.804249999999999576e-02
-8.804249999999999576e-02
-8.804199999999999526e-02
-8.804199999999999526e-02
-8.804199999999999526e-02
-8.804199999999999526e-02
-8.804199999999999526e-02
-8.804199999999999526e-02
-8.804199999999999526e-02
-8.804199999999999526e-02
-8.804149999999999476e-02
-8.804149999999999476e-02
-8.803999999999999326e-02
-8.803999999999999326e-02
-8.803950000000000664e-02
-8.803300000000000014e-02
-8.803300000000000014e-02
-8.802849999999999564e-02
-8.802799999999999514e-02
-8.802799999999999514e-02
-8.802699999999999414e-02
-8.802699999999999414e-02
-8.802699999999999414e-02
-8.802699999999999414e-02
-8.802699999999999414e-02
-8.802000000000000102e-02
-8.801050000000000539e-02
-8.801050000000000539e-02
-8.801000000000000489e-02
-8.801000000000000489e-02
-8.801000000000000489e-02
-8.801000000000000489e-02
-8.801000000000000489e-02
-8.800950000000000439e-02
-8.800950000000000439e-02
-8.800950000000000439e-02
-8.800950000000000439e-02
-8.800900000000000389e-02
-8.800900000000000389e-02
-8.800850000000000339e-02
-8.800850000000000339e-02
-8.800850000000000339e-02
-8.800850000000000339e-02
-8.800850000000000339e-02
-8.800850000000000339e-02
-8.800850000000000339e-02
-8.800249999999999739e-02
-8.800049999999999539e-02
-8.799800000000000677e-02
-8.799800000000000677e-02
-8.799750000000000627e-02
-8.799750000000000627e-02
-8.799750000000000627e-02
-8.799700000000000577e-02
-8.799700000000000577e-02
-8.799700000000000577e-02
-8.799650000000000527e-02
-8.799650000000000527e-02
-8.799650000000000527e-02
-8.799650000000000527e-02
-8.799650000000000527e-02
-8.799650000000000527e-02
-8.799650000000000527e-02
-8.799650000000000527e-02
-8.799650000000000527e-02
-8.799650000000000527e-02
-8.799650000000000527e-02
-8.799650000000000527e-02
-8.799650000000000527e-02
-8.799650000000000527e-02
-8.798799999999999677e-02
-8.798499999999999377e-02
-8.798400000000000665e-02
-8.798400000000000665e-02
-8.798350000000000615e-02
-8.798350000000000615e-02
-8.798350000000000615e-02
-8.798350000000000615e-02
-8.798350000000000615e-02
-8.798350000000000615e-02
-8.798350000000000615e-02
-8.798350000000000615e-02
-8.798300000000000565e-02
-8.798300000000000565e-02
-8.798300000000000565e-02
-8.798300000000000565e-02
-8.798300000000000565e-02
-8.798300000000000565e-02
-8.798300000000000565e-02
-8.798300000000000565e-02
-8.798300000000000565e-02
-8.798300000000000565e-02
-8.798300000000000565e-02
-8.798300000000000565e-02
-8.798300000000000565e-02
-8.798300000000000565e-02
-8.798300000000000565e-02
-8.798300000000000565e-02
-8.798300000000000565e-02
-8.798300000000000565e-02
-8.798300000000000565e-02
-8.798300000000000565e-02
-8.798300000000000565e-02
-8.798300000000000565e-02
-8.798300000000000565e-02
-8.798300000000000565e-02
-8.798300000000000565e-02
-8.798300000000000565e-02
-8.798300000000000565e-02
-8.798300000000000565e-02
-8.798300000000000565e-02
-8.798300000000000565e-02
-8.798300000000000565e-02
-8.798300000000000565e-02
-8.798300000000000565e-02
-8.798300000000000565e-02
-8.798300000000000565e-02
-8.798300000000000565e-02
-8.798300000000000565e-02
-8.798300000000000565e-02
-8.798300000000000565e-02
-8.798300000000000565e-02
-8.798300000000000565e-02
-8.798300000000000565e-02
-8.798300000000000565e-02
-8.798300000000000565e-02
-8.798300000000000565e-02
-8.798300000000000565e-02
-8.798300000000000565e-02
-8.798300000000000565e-02
-8.798300000000000565e-02
-8.798300000000000565e-02
-8.798300000000000565e-02
-8.798300000000000565e-02
-8.798300000000000565e-02
-8.798300000000000565e-02
-8.798300000000000565e-02
-8.798300000000000565e-02
-8.798300000000000565e-02
-8.798300000000000565e-02
-8.798300000000000565e-02
-8.798300000000000565e-02
-8.798300000000000565e-02
-8.798300000000000565e-02
-8.798300000000000565e-02
-8.798300000000000565e-02
-8.798300000000000565e-02
-8.798200000000000465e-02
-8.798200000000000465e-02
-8.798150000000000415e-02
-8.798050000000000315e-02
-8.798050000000000315e-02
-8.798050000000000315e-02
-8.798050000000000315e-02
-8.798050000000000315e-02
-8.798050000000000315e-02
-8.798050000000000315e-02
-8.798050000000000315e-02
-8.798050000000000315e-02
-8.798050000000000315e-02
-8.798000000000000265e-02
-8.798000000000000265e-02
-8.798000000000000265e-02
-8.798000000000000265e-02
-8.798000000000000265e-02
-8.798000000000000265e-02
-8.798000000000000265e-02
-8.797199999999999465e-02
-8.797199999999999465e-02
-8.797199999999999465e-02
-8.797199999999999465e-02
-8.797199999999999465e-02
-8.797199999999999465e-02
-8.797199999999999465e-02
-8.797199999999999465e-02
-8.797199999999999465e-02
-8.797199999999999465e-02
-8.797199999999999465e-02
-8.797199999999999465e-02
-8.797199999999999465e-02
-8.797199999999999465e-02
-8.797199999999999465e-02
-8.797199999999999465e-02
-8.797199999999999465e-02
-8.797199999999999465e-02
-8.797199999999999465e-02
-8.797199999999999465e-02
-8.797199999999999465e-02
-8.797199999999999465e-02
-8.797199999999999465e-02
-8.797199999999999465e-02
-8.797199999999999465e-02
-8.797199999999999465e-02
-8.797199999999999465e-02
-8.797199999999999465e-02
-8.797199999999999465e-02
-8.797199999999999465e-02
-8.796800000000000452e-02
-8.796800000000000452e-02
-8.796700000000000352e-02
-8.796700000000000352e-02
-8.796650000000000302e-02
-8.796600000000000252e-02
-8.796600000000000252e-02
-8.796600000000000252e-02
-8.796600000000000252e-02
-8.796350000000000002e-02
-8.796350000000000002e-02
-8.796299999999999952e-02
-8.796299999999999952e-02
-8.796299999999999952e-02
-8.796299999999999952e-02
-8.796299999999999952e-02
-8.796299999999999952e-02
-8.796299999999999952e-02
-8.796299999999999952e-02
-8.796299999999999952e-02
-8.796199999999999852e-02
-8.796199999999999852e-02
-8.796199999999999852e-02
-8.796199999999999852e-02
-8.796199999999999852e-02
-8.796199999999999852e-02
-8.796199999999999852e-02
-8.796199999999999852e-02
-8.796199999999999852e-02
-8.796199999999999852e-02
-8.796199999999999852e-02
-8.796199999999999852e-02
-8.796199999999999852e-02
-8.796199999999999852e-02
-8.796199999999999852e-02
-8.796199999999999852e-02
-8.796199999999999852e-02
-8.796199999999999852e-02
-8.796199999999999852e-02
-8.796199999999999852e-02
-8.796199999999999852e-02
-8.796199999999999852e-02
-8.796199999999999852e-02
-8.796199999999999852e-02
-8.796199999999999852e-02
-8.796199999999999852e-02
-8.796199999999999852e-02
-8.796199999999999852e-02
-8.796199999999999852e-02
-8.796199999999999852e-02
-8.795799999999999452e-02
-8.795799999999999452e-02
-8.795799999999999452e-02
-8.795799999999999452e-02
-8.795799999999999452e-02
-8.795799999999999452e-02
-8.795799999999999452e-02
-8.795799999999999452e-02
-8.795799999999999452e-02
-8.795799999999999452e-02
-8.795799999999999452e-02
-8.795799999999999452e-02
-8.795799999999999452e-02
-8.795799999999999452e-02
-8.795799999999999452e-02
-8.795799999999999452e-02
-8.795799999999999452e-02
-8.795799999999999452e-02
-8.795799999999999452e-02
-8.795799999999999452e-02
-8.795799999999999452e-02
-8.795799999999999452e-02
-8.795799999999999452e-02
-8.795799999999999452e-02
-8.795799999999999452e-02
-8.795799999999999452e-02
-8.795799999999999452e-02
-8.795799999999999452e-02
-8.795799999999999452e-02
-8.795799999999999452e-02
-8.795799999999999452e-02
-8.795799999999999452e-02
-8.795799999999999452e-02
-8.795799999999999452e-02
-8.795799999999999452e-02
-8.795799999999999452e-02
-8.795799999999999452e-02
-8.795799999999999452e-02
-8.795799999999999452e-02
-8.795799999999999452e-02
-8.795799999999999452e-02
-8.795799999999999452e-02
-8.795799999999999452e-02
-8.795799999999999452e-02
-8.795799999999999452e-02
-8.795799999999999452e-02
-8.795799999999999452e-02
-8.795799999999999452e-02
-8.795799999999999452e-02
-8.795799999999999452e-02
-8.795799999999999452e-02
-8.795799999999999452e-02
-8.795799999999999452e-02
-8.795799999999999452e-02
-8.795799999999999452e-02
-8.795799999999999452e-02
-8.795799999999999452e-02
-8.795799999999999452e-02
-8.795799999999999452e-02
-8.795799999999999452e-02
-8.795799999999999452e-02
-8.795799999999999452e-02
-8.795799999999999452e-02
-8.795799999999999452e-02
-8.795799999999999452e-02
-8.795799999999999452e-02
-8.795799999999999452e-02
-8.795799999999999452e-02
-8.795799999999999452e-02
-8.795799999999999452e-02
-8.795799999999999452e-02
-8.795799999999999452e-02
-8.795799999999999452e-02
-8.795799999999999452e-02
-8.795799999999999452e-02
-8.795799999999999452e-02
-8.795799999999999452e-02
-8.795799999999999452e-02
-8.795799999999999452e-02
-8.795799999999999452e-02
-8.795799999999999452e-02
-8.795749999999999402e-02
-8.795749999999999402e-02
-8.795749999999999402e-02
-8.795749999999999402e-02
-8.795749999999999402e-02
-8.795749999999999402e-02
-8.795749999999999402e-02
-8.795749999999999402e-02
-8.795749999999999402e-02
-8.795749999999999402e-02
-8.795749999999999402e-02
-8.795749999999999402e-02
-8.795749999999999402e-02
-8.795749999999999402e-02
-8.795749999999999402e-02
-8.795749999999999402e-02
-8.795749999999999402e-02
-8.795749999999999402e-02
-8.795749999999999402e-02
-8.795749999999999402e-02
-8.795749999999999402e-02
-8.795749999999999402e-02
-8.795749999999999402e-02
-8.795749999999999402e-02
-8.795749999999999402e-02
-8.795749999999999402e-02
-8.795749999999999402e-02
-8.795749999999999402e-02
-8.795749999999999402e-02
-8.795749999999999402e-02
-8.795749999999999402e-02
-8.795749999999999402e-02
-8.795749999999999402e-02
-8.795749999999999402e-02
-8.795749999999999402e-02
-8.795749999999999402e-02
-8.795749999999999402e-02
-8.795749999999999402e-02
-8.795749999999999402e-02
-8.795749999999999402e-02
-8.795749999999999402e-02
-8.795749999999999402e-02
-8.795749999999999402e-02
-8.795749999999999402e-02
-8.795749999999999402e-02
-8.795749999999999402e-02
-8.795749999999999402e-02
-8.795749999999999402e-02
-8.795749999999999402e-02
-8.795749999999999402e-02
-8.795749999999999402e-02
-8.795749999999999402e-02
-8.795749999999999402e-02
-8.795749999999999402e-02
-8.795749999999999402e-02
-8.795749999999999402e-02
-8.795749999999999402e-02
-8.795749999999999402e-02
-8.795749999999999402e-02
-8.795749999999999402e-02
-8.795749999999999402e-02
-8.795749999999999402e-02
-8.795749999999999402e-02
-8.795749999999999402e-02
-8.795749999999999402e-02
-8.795749999999999402e-02
-8.795749999999999402e-02
-8.795749999999999402e-02
-8.795749999999999402e-02
-8.795749999999999402e-02
-8.795749999999999402e-02
-8.795749999999999402e-02
-8.795749999999999402e-02
-8.795749999999999402e-02
-8.795749999999999402e-02
-8.795749999999999402e-02
-8.795749999999999402e-02
-8.795749999999999402e-02
-8.795749999999999402e-02
-8.795749999999999402e-02
-8.795749999999999402e-02
-8.795749999999999402e-02
-8.795749999999999402e-02
-8.795749999999999402e-02
-8.795749999999999402e-02
-8.795749999999999402e-02
-8.795749999999999402e-02
-8.795749999999999402e-02
-8.795350000000000390e-02
-8.795350000000000390e-02
-8.795350000000000390e-02
-8.795350000000000390e-02
-8.795350000000000390e-02
-8.795350000000000390e-02
-8.795350000000000390e-02
-8.795350000000000390e-02
-8.795350000000000390e-02
-8.795350000000000390e-02
-8.795350000000000390e-02
-8.795350000000000390e-02
-8.795350000000000390e-02
-8.795350000000000390e-02
-8.795350000000000390e-02
-8.795350000000000390e-02
-8.795350000000000390e-02
-8.795350000000000390e-02
-8.795350000000000390e-02
-8.795350000000000390e-02
-8.795350000000000390e-02
-8.795350000000000390e-02
-8.795350000000000390e-02
-8.795350000000000390e-02
-8.795350000000000390e-02
-8.795350000000000390e-02
-8.795350000000000390e-02
-8.795350000000000390e-02
-8.795350000000000390e-02
-8.795350000000000390e-02
-8.795350000000000390e-02
-8.795350000000000390e-02
-8.795350000000000390e-02
-8.795300000000000340e-02
-8.795300000000000340e-02
-8.795250000000000290e-02
-8.795250000000000290e-02
-8.795200000000000240e-02
-8.795200000000000240e-02
-8.795200000000000240e-02
-8.795200000000000240e-02
-8.795200000000000240e-02
-8.795200000000000240e-02
-8.795200000000000240e-02
-8.795200000000000240e-02
-8.795200000000000240e-02
-8.795050000000000090e-02
-8.795050000000000090e-02
-8.795050000000000090e-02
-8.795050000000000090e-02
-8.795050000000000090e-02
-8.795050000000000090e-02
-8.795050000000000090e-02
-8.795050000000000090e-02
-8.795050000000000090e-02
-8.795050000000000090e-02
-8.795050000000000090e-02
-8.795050000000000090e-02
-8.795050000000000090e-02
-8.795050000000000090e-02
-8.795050000000000090e-02
-8.795000000000000040e-02
-8.795000000000000040e-02
-8.795000000000000040e-02
-8.795000000000000040e-02
-8.795000000000000040e-02
-8.795000000000000040e-02
-8.795000000000000040e-02
-8.795000000000000040e-02
-8.794849999999999890e-02
-8.794849999999999890e-02
-8.794849999999999890e-02
-8.794849999999999890e-02
-8.794849999999999890e-02
-8.794849999999999890e-02
-8.794849999999999890e-02
-8.794849999999999890e-02
-8.794849999999999890e-02
-8.794849999999999890e-02
-8.794849999999999890e-02
-8.794849999999999890e-02
-8.794849999999999890e-02
-8.794849999999999890e-02
-8.794849999999999890e-02
-8.794849999999999890e-02
-8.794849999999999890e-02
-8.794849999999999890e-02
-8.794849999999999890e-02
-8.794849999999999890e-02
-8.794849999999999890e-02
-8.794849999999999890e-02
-8.794849999999999890e-02
-8.794849999999999890e-02
-8.794849999999999890e-02
-8.794849999999999890e-02
-8.794849999999999890e-02
-8.794849999999999890e-02
-8.794849999999999890e-02
-8.794849999999999890e-02
-8.794849999999999890e-02
-8.794849999999999890e-02
-8.794849999999999890e-02
-8.794849999999999890e-02
-8.794849999999999890e-02
-8.794849999999999890e-02
-8.794849999999999890e-02
-8.794849999999999890e-02
-8.794849999999999890e-02
-8.794849999999999890e-02
-8.794849999999999890e-02
-8.794849999999999890e-02
-8.794849999999999890e-02
-8.794849999999999890e-02
-8.794849999999999890e-02
-8.794849999999999890e-02
-8.794499999999999540e-02
-8.794499999999999540e-02
-8.794499999999999540e-02
-8.794499999999999540e-02
-8.794499999999999540e-02
-8.794499999999999540e-02
-8.794499999999999540e-02
-8.794499999999999540e-02
-8.794499999999999540e-02
-8.794499999999999540e-02
-8.794499999999999540e-02
-8.794499999999999540e-02
-8.794499999999999540e-02
-8.794499999999999540e-02
-8.794499999999999540e-02
-8.794499999999999540e-02
-8.794499999999999540e-02
-8.794499999999999540e-02
-8.794499999999999540e-02
-8.794499999999999540e-02
-8.794499999999999540e-02
-8.794499999999999540e-02
-8.794499999999999540e-02
-8.794499999999999540e-02
-8.794499999999999540e-02
-8.794499999999999540e-02
-8.794499999999999540e-02
-8.794499999999999540e-02
-8.794499999999999540e-02
-8.794499999999999540e-02
-8.794499999999999540e-02
-8.794499999999999540e-02
-8.794499999999999540e-02
-8.794499999999999540e-02
-8.794499999999999540e-02
-8.794499999999999540e-02
-8.794499999999999540e-02
-8.794499999999999540e-02
-8.794499999999999540e-02
-8.794499999999999540e-02
-8.794499999999999540e-02
-8.794499999999999540e-02
-8.794499999999999540e-02
-8.794499999999999540e-02
-8.794499999999999540e-02
-8.794499999999999540e-02
-8.794499999999999540e-02
-8.794499999999999540e-02
-8.794499999999999540e-02
-8.794499999999999540e-02
-8.794499999999999540e-02
-8.794499999999999540e-02
-8.794499999999999540e-02
-8.794499999999999540e-02
-8.794499999999999540e-02
-8.794499999999999540e-02
-8.794499999999999540e-02
-8.794499999999999540e-02
-8.794499999999999540e-02
-8.794499999999999540e-02
-8.794499999999999540e-02
-8.794499999999999540e-02
-8.794499999999999540e-02
-8.794499999999999540e-02
-8.794499999999999540e-02
-8.794499999999999540e-02
-8.794499999999999540e-02
-8.794499999999999540e-02
-8.794499999999999540e-02
-8.794499999999999540e-02
-8.794499999999999540e-02
-8.794499999999999540e-02
-8.794499999999999540e-02
-8.794499999999999540e-02
-8.794499999999999540e-02
-8.794499999999999540e-02
-8.794499999999999540e-02
-8.794499999999999540e-02
-8.794499999999999540e-02
-8.794499999999999540e-02
-8.794499999999999540e-02
-8.794499999999999540e-02
-8.794499999999999540e-02
-8.794499999999999540e-02
-8.794499999999999540e-02
-8.794499999999999540e-02
-8.794499999999999540e-02
-8.794499999999999540e-02
-8.794499999999999540e-02
-8.794499999999999540e-02
-8.794499999999999540e-02
-8.794499999999999540e-02
-8.794499999999999540e-02
-8.794499999999999540e-02
-8.794499999999999540e-02
-8.794499999999999540e-02
-8.794499999999999540e-02
-8.794499999999999540e-02
-8.794499999999999540e-02
-8.794499999999999540e-02
-8.794499999999999540e-02
-8.794499999999999540e-02
-8.794499999999999540e-02
-8.794499999999999540e-02
-8.794499999999999540e-02
-8.794499999999999540e-02
-8.794499999999999540e-02
-8.794499999999999540e-02
-8.794499999999999540e-02
-8.794499999999999540e-02
-8.794499999999999540e-02
-8.794499999999999540e-02
-8.794499999999999540e-02
-8.794499999999999540e-02
-8.794499999999999540e-02
-8.794499999999999540e-02
-8.794499999999999540e-02
-8.794499999999999540e-02
-8.794499999999999540e-02
-8.794499999999999540e-02
-8.794499999999999540e-02
-8.794499999999999540e-02
-8.794499999999999540e-02
-8.794499999999999540e-02
-8.794499999999999540e-02
-8.794499999999999540e-02
-8.794499999999999540e-02
-8.794499999999999540e-02
-8.794499999999999540e-02
-8.794499999999999540e-02
-8.794499999999999540e-02
-8.794499999999999540e-02
-8.794499999999999540e-02
-8.794499999999999540e-02
-8.794499999999999540e-02
-8.794499999999999540e-02
-8.794499999999999540e-02
-8.794499999999999540e-02
-8.794499999999999540e-02
-8.794499999999999540e-02
-8.794499999999999540e-02
-8.794499999999999540e-02
-8.794499999999999540e-02
-8.794499999999999540e-02
-8.794499999999999540e-02
-8.794499999999999540e-02
-8.794499999999999540e-02
-8.794499999999999540e-02
-8.794499999999999540e-02
-8.794499999999999540e-02
-8.794499999999999540e-02
-8.794499999999999540e-02
-8.794499999999999540e-02
-8.794499999999999540e-02
-8.794499999999999540e-02
-8.794499999999999540e-02
-8.794499999999999540e-02
-8.794499999999999540e-02
-8.794499999999999540e-02
-8.794499999999999540e-02
-8.794499999999999540e-02
-8.794499999999999540e-02
-8.794499999999999540e-02
-8.794499999999999540e-02
-8.794499999999999540e-02
-8.794499999999999540e-02
-8.794499999999999540e-02
-8.794499999999999540e-02
-8.794499999999999540e-02
-8.794499999999999540e-02
-8.794499999999999540e-02
-8.794499999999999540e-02
-8.794499999999999540e-02
-8.794499999999999540e-02
-8.794499999999999540e-02
-8.794499999999999540e-02
-8.794499999999999540e-02
-8.794499999999999540e-02
-8.794499999999999540e-02
-8.794499999999999540e-02
-8.794499999999999540e-02
-8.794499999999999540e-02
-8.794499999999999540e-02
-8.794499999999999540e-02
-8.794499999999999540e-02
-8.794499999999999540e-02
-8.794499999999999540e-02
-8.794499999999999540e-02
-8.794499999999999540e-02
-8.794499999999999540e-02
-8.794499999999999540e-02
-8.794499999999999540e-02
-8.794499999999999540e-02
-8.794499999999999540e-02
-8.794499999999999540e-02
-8.794499999999999540e-02
-8.794499999999999540e-02
-8.794499999999999540e-02
-8.794499999999999540e-02
-8.794499999999999540e-02
-8.794499999999999540e-02
-8.794499999999999540e-02
-8.794499999999999540e-02
-8.794499999999999540e-02
-8.794499999999999540e-02
-8.794499999999999540e-02
-8.794499999999999540e-02
-8.794499999999999540e-02
-8.794499999999999540e-02
-8.794499999999999540e-02
-8.794499999999999540e-02
-8.794499999999999540e-02
-8.794499999999999540e-02
-8.794499999999999540e-02
-8.794499999999999540e-02
-8.794499999999999540e-02
-8.794499999999999540e-02
-8.794299999999999340e-02
-8.793900000000000328e-02
-8.793900000000000328e-02
-8.793900000000000328e-02
-8.793900000000000328e-02
-8.793900000000000328e-02
-8.793900000000000328e-02
-8.793900000000000328e-02
-8.793900000000000328e-02
-8.793900000000000328e-02
-8.793900000000000328e-02
-8.793900000000000328e-02
-8.793900000000000328e-02
-8.793900000000000328e-02
-8.793900000000000328e-02
-8.793900000000000328e-02
-8.793900000000000328e-02
-8.793900000000000328e-02
-8.793900000000000328e-02
-8.793900000000000328e-02
-8.793900000000000328e-02
-8.793900000000000328e-02
-8.793900000000000328e-02
-8.793900000000000328e-02
-8.793900000000000328e-02
-8.793900000000000328e-02
-8.793900000000000328e-02
-8.793900000000000328e-02
-8.793900000000000328e-02
-8.793900000000000328e-02
-8.793900000000000328e-02
-8.793900000000000328e-02
-8.793900000000000328e-02
-8.793900000000000328e-02
-8.793900000000000328e-02
-8.793900000000000328e-02
-8.793900000000000328e-02
-8.793900000000000328e-02
-8.793900000000000328e-02
-8.793900000000000328e-02
-8.793900000000000328e-02
-8.793900000000000328e-02
-8.793900000000000328e-02
-8.793900000000000328e-02
-8.793700000000000128e-02
-8.793700000000000128e-02
-8.793650000000000078e-02
-8.793650000000000078e-02
-8.793650000000000078e-02
-8.793650000000000078e-02
-8.793650000000000078e-02
-8.793600000000000028e-02
-8.793600000000000028e-02
-8.793600000000000028e-02
-8.793600000000000028e-02
-8.793600000000000028e-02
-8.793600000000000028e-02
-8.793600000000000028e-02
-8.793600000000000028e-02
-8.793600000000000028e-02
-8.793600000000000028e-02
-8.793600000000000028e-02
-8.793600000000000028e-02
-8.793600000000000028e-02
-8.793600000000000028e-02
-8.793600000000000028e-02
-8.793600000000000028e-02
-8.793600000000000028e-02
-8.793600000000000028e-02
-8.793600000000000028e-02
-8.793600000000000028e-02
-8.793600000000000028e-02
-8.793600000000000028e-02
-8.793600000000000028e-02
-8.793600000000000028e-02
-8.793600000000000028e-02
-8.793600000000000028e-02
-8.793600000000000028e-02
-8.793600000000000028e-02
-8.793249999999999678e-02
-8.793249999999999678e-02
-8.793249999999999678e-02
-8.793249999999999678e-02
-8.793249999999999678e-02
-8.793249999999999678e-02
-8.793249999999999678e-02
-8.793249999999999678e-02
-8.793249999999999678e-02
-8.793249999999999678e-02
-8.793249999999999678e-02
-8.793249999999999678e-02
-8.793249999999999678e-02
-8.793249999999999678e-02
-8.793249999999999678e-02
-8.793249999999999678e-02
-8.793249999999999678e-02
-8.793249999999999678e-02
-8.793249999999999678e-02
-8.793249999999999678e-02
-8.793249999999999678e-02
-8.793249999999999678e-02
-8.793249999999999678e-02
-8.793249999999999678e-02
-8.793249999999999678e-02
-8.793249999999999678e-02
-8.793249999999999678e-02
-8.793249999999999678e-02
-8.793249999999999678e-02
-8.793249999999999678e-02
-8.793249999999999678e-02
-8.793249999999999678e-02
-8.793249999999999678e-02
-8.793249999999999678e-02
-8.793249999999999678e-02
-8.793249999999999678e-02
-8.793249999999999678e-02
-8.793249999999999678e-02
-8.793249999999999678e-02
-8.793249999999999678e-02
-8.793249999999999678e-02
-8.793249999999999678e-02
-8.793249999999999678e-02
-8.793249999999999678e-02
