-5.246200000000000169e-02
-4.238299999999999707e-02
-4.238299999999999707e-02
-3.778100000000000208e-02
-2.651799999999999990e-02
-2.559550000000000020e-02
-2.559550000000000020e-02
-2.559550000000000020e-02
-2.479200000000000154e-02
-2.335299999999999876e-02
-2.335299999999999876e-02
-2.013699999999999865e-02
-2.013699999999999865e-02
-2.013699999999999865e-02
-2.013699999999999865e-02
-1.958949999999999927e-02
-1.958949999999999927e-02
-1.958949999999999927e-02
-1.947700000000000126e-02
-1.929550000000000015e-02
-1.929550000000000015e-02
-1.929550000000000015e-02
-1.925999999999999934e-02
-1.925999999999999934e-02
-1.925999999999999934e-02
-1.925999999999999934e-02
-1.925999999999999934e-02
-1.925999999999999934e-02
-1.925150000000000125e-02
-1.914849999999999886e-02
-1.914849999999999886e-02
-1.914549999999999932e-02
-1.913149999999999920e-02
-1.913149999999999920e-02
-1.913149999999999920e-02
-1.913149999999999920e-02
-1.912049999999999861e-02
-1.912049999999999861e-02
-1.909100000000000033e-02
-1.909100000000000033e-02
-1.909100000000000033e-02
-1.909100000000000033e-02
-1.909100000000000033e-02
-1.909100000000000033e-02
-1.909100000000000033e-02
-1.909100000000000033e-02
-1.909100000000000033e-02
-1.909100000000000033e-02
-1.909100000000000033e-02
-1.909049999999999983e-02
-1.909049999999999983e-02
-1.909049999999999983e-02
-1.909049999999999983e-02
-1.909049999999999983e-02
-1.909049999999999983e-02
-1.909049999999999983e-02
-1.909049999999999983e-02
-1.909049999999999983e-02
-1.908999999999999933e-02
-1.908649999999999930e-02
-1.907400000000000068e-02
-1.907050000000000065e-02
-1.906300000000000008e-02
-1.906300000000000008e-02
-1.906300000000000008e-02
-1.906300000000000008e-02
-1.906300000000000008e-02
-1.906300000000000008e-02
-1.906300000000000008e-02
-1.901049999999999962e-02
-1.901049999999999962e-02
-1.901049999999999962e-02
-1.901049999999999962e-02
-1.901049999999999962e-02
-1.901049999999999962e-02
-1.901049999999999962e-02
-1.901049999999999962e-02
-1.901049999999999962e-02
-1.901049999999999962e-02
-1.901049999999999962e-02
-1.901049999999999962e-02
-1.901049999999999962e-02
-1.901049999999999962e-02
-1.901049999999999962e-02
-1.900599999999999859e-02
-1.900599999999999859e-02
-1.900599999999999859e-02
-1.900599999999999859e-02
-1.900599999999999859e-02
-1.900599999999999859e-02
-1.900450000000000056e-02
-1.900450000000000056e-02
-1.900450000000000056e-02
-1.900450000000000056e-02
-1.900150000000000103e-02
-1.900150000000000103e-02
-1.900150000000000103e-02
-1.900150000000000103e-02
-1.900150000000000103e-02
-1.900150000000000103e-02
-1.900150000000000103e-02
-1.900150000000000103e-02
-1.900150000000000103e-02
-1.900150000000000103e-02
-1.900150000000000103e-02
-1.900150000000000103e-02
-1.900150000000000103e-02
-1.899949999999999903e-02
-1.899949999999999903e-02
-1.899949999999999903e-02
-1.899949999999999903e-02
-1.899949999999999903e-02
-1.899949999999999903e-02
-1.899949999999999903e-02
-1.899949999999999903e-02
-1.899949999999999903e-02
-1.899949999999999903e-02
-1.899949999999999903e-02
-1.899949999999999903e-02
-1.899949999999999903e-02
-1.899949999999999903e-02
-1.899949999999999903e-02
-1.899949999999999903e-02
-1.899949999999999903e-02
-1.899949999999999903e-02
-1.899949999999999903e-02
-1.899949999999999903e-02
-1.899949999999999903e-02
-1.899949999999999903e-02
-1.899949999999999903e-02
-1.896250000000000019e-02
-1.895399999999999863e-02
-1.895000000000000157e-02
-1.895000000000000157e-02
-1.895000000000000157e-02
-1.895000000000000157e-02
-1.895000000000000157e-02
-1.895000000000000157e-02
-1.895000000000000157e-02
-1.895000000000000157e-02
-1.895000000000000157e-02
-1.894950000000000107e-02
-1.894950000000000107e-02
-1.894950000000000107e-02
-1.894950000000000107e-02
-1.894950000000000107e-02
-1.894950000000000107e-02
-1.894950000000000107e-02
-1.894950000000000107e-02
-1.894950000000000107e-02
-1.894950000000000107e-02
-1.894950000000000107e-02
-1.894950000000000107e-02
-1.894950000000000107e-02
-1.894950000000000107e-02
-1.894950000000000107e-02
-1.894950000000000107e-02
-1.894950000000000107e-02
-1.894950000000000107e-02
-1.894950000000000107e-02
-1.894950000000000107e-02
-1.894950000000000107e-02
-1.894950000000000107e-02
-1.894950000000000107e-02
-1.894850000000000007e-02
-1.894850000000000007e-02
-1.894850000000000007e-02
-1.894850000000000007e-02
-1.894850000000000007e-02
-1.894850000000000007e-02
-1.894850000000000007e-02
-1.894850000000000007e-02
-1.894850000000000007e-02
-1.894850000000000007e-02
-1.894850000000000007e-02
-1.894850000000000007e-02
-1.894850000000000007e-02
-1.894850000000000007e-02
-1.894850000000000007e-02
-1.894850000000000007e-02
-1.894850000000000007e-02
-1.894850000000000007e-02
-1.894850000000000007e-02
-1.894850000000000007e-02
-1.894799999999999957e-02
-1.894799999999999957e-02
-1.894799999999999957e-02
-1.894799999999999957e-02
-1.894799999999999957e-02
-1.894799999999999957e-02
-1.894799999999999957e-02
-1.894799999999999957e-02
-1.894799999999999957e-02
-1.894799999999999957e-02
-1.894799999999999957e-02
-1.894799999999999957e-02
-1.894799999999999957e-02
-1.894799999999999957e-02
-1.894799999999999957e-02
-1.894799999999999957e-02
-1.894799999999999957e-02
-1.894799999999999957e-02
-1.894799999999999957e-02
-1.894749999999999907e-02
-1.894650000000000153e-02
-1.894650000000000153e-02
-1.894650000000000153e-02
-1.894650000000000153e-02
-1.894650000000000153e-02
-1.894650000000000153e-02
-1.894650000000000153e-02
-1.894650000000000153e-02
-1.894650000000000153e-02
-1.894650000000000153e-02
-1.894650000000000153e-02
-1.894650000000000153e-02
-1.894650000000000153e-02
-1.894650000000000153e-02
-1.894650000000000153e-02
-1.894650000000000153e-02
-1.894550000000000053e-02
-1.894550000000000053e-02
-1.894550000000000053e-02
-1.894550000000000053e-02
-1.894550000000000053e-02
-1.894550000000000053e-02
-1.894550000000000053e-02
-1.894550000000000053e-02
-1.894500000000000003e-02
-1.894500000000000003e-02
-1.894500000000000003e-02
-1.894500000000000003e-02
-1.894500000000000003e-02
-1.894500000000000003e-02
-1.894500000000000003e-02
-1.894500000000000003e-02
-1.894500000000000003e-02
-1.894500000000000003e-02
-1.894500000000000003e-02
-1.894500000000000003e-02
-1.894500000000000003e-02
-1.894500000000000003e-02
-1.894500000000000003e-02
-1.894500000000000003e-02
-1.894500000000000003e-02
-1.894500000000000003e-02
-1.894500000000000003e-02
-1.894500000000000003e-02
-1.894500000000000003e-02
-1.894500000000000003e-02
-1.894500000000000003e-02
-1.894500000000000003e-02
-1.894500000000000003e-02
-1.894500000000000003e-02
-1.894500000000000003e-02
-1.894500000000000003e-02
-1.894500000000000003e-02
-1.894500000000000003e-02
-1.894500000000000003e-02
-1.894500000000000003e-02
-1.894500000000000003e-02
-1.894500000000000003e-02
-1.894500000000000003e-02
-1.894500000000000003e-02
-1.894500000000000003e-02
-1.894500000000000003e-02
-1.894500000000000003e-02
-1.894500000000000003e-02
-1.894500000000000003e-02
-1.894500000000000003e-02
-1.894500000000000003e-02
-1.894500000000000003e-02
-1.894500000000000003e-02
-1.894500000000000003e-02
-1.894500000000000003e-02
-1.894500000000000003e-02
-1.894500000000000003e-02
-1.894500000000000003e-02
-1.894500000000000003e-02
-1.894500000000000003e-02
-1.894500000000000003e-02
-1.894500000000000003e-02
-1.894500000000000003e-02
-1.894500000000000003e-02
-1.894500000000000003e-02
-1.894500000000000003e-02
-1.894500000000000003e-02
-1.894500000000000003e-02
-1.894500000000000003e-02
-1.894500000000000003e-02
-1.894500000000000003e-02
-1.894500000000000003e-02
-1.894500000000000003e-02
-1.894500000000000003e-02
-1.894500000000000003e-02
-1.894500000000000003e-02
-1.894500000000000003e-02
-1.894500000000000003e-02
-1.894500000000000003e-02
-1.894500000000000003e-02
-1.894500000000000003e-02
-1.894500000000000003e-02
-1.894500000000000003e-02
-1.894500000000000003e-02
-1.894500000000000003e-02
-1.894300000000000150e-02
-1.894300000000000150e-02
-1.894300000000000150e-02
-1.894300000000000150e-02
-1.894300000000000150e-02
-1.894300000000000150e-02
-1.894300000000000150e-02
-1.894300000000000150e-02
-1.894300000000000150e-02
-1.894300000000000150e-02
-1.894300000000000150e-02
-1.894300000000000150e-02
-1.894300000000000150e-02
-1.894300000000000150e-02
-1.894300000000000150e-02
-1.894300000000000150e-02
-1.894300000000000150e-02
-1.894300000000000150e-02
-1.894300000000000150e-02
-1.894300000000000150e-02
-1.894300000000000150e-02
-1.894300000000000150e-02
-1.894300000000000150e-02
-1.894300000000000150e-02
-1.894300000000000150e-02
-1.894300000000000150e-02
-1.894300000000000150e-02
-1.894300000000000150e-02
-1.894300000000000150e-02
-1.894300000000000150e-02
-1.894300000000000150e-02
-1.894300000000000150e-02
-1.894300000000000150e-02
-1.894300000000000150e-02
-1.894300000000000150e-02
-1.894300000000000150e-02
-1.894300000000000150e-02
-1.894300000000000150e-02
-1.894300000000000150e-02
-1.894300000000000150e-02
-1.894300000000000150e-02
-1.894300000000000150e-02
-1.894300000000000150e-02
-1.894300000000000150e-02
-1.894300000000000150e-02
-1.894300000000000150e-02
-1.894300000000000150e-02
-1.894300000000000150e-02
-1.894300000000000150e-02
-1.894300000000000150e-02
-1.894300000000000150e-02
-1.894300000000000150e-02
-1.894300000000000150e-02
-1.894300000000000150e-02
-1.894300000000000150e-02
-1.894300000000000150e-02
-1.894300000000000150e-02
-1.894300000000000150e-02
-1.894300000000000150e-02
-1.894300000000000150e-02
-1.894300000000000150e-02
-1.894300000000000150e-02
-1.894300000000000150e-02
-1.894300000000000150e-02
-1.894300000000000150e-02
-1.894300000000000150e-02
-1.894300000000000150e-02
-1.894300000000000150e-02
-1.894300000000000150e-02
-1.894300000000000150e-02
-1.894300000000000150e-02
-1.894300000000000150e-02
-1.894300000000000150e-02
-1.894300000000000150e-02
-1.894300000000000150e-02
-1.894300000000000150e-02
-1.894300000000000150e-02
-1.894300000000000150e-02
-1.894300000000000150e-02
-1.894300000000000150e-02
-1.894300000000000150e-02
-1.894300000000000150e-02
-1.894300000000000150e-02
-1.894300000000000150e-02
-1.894300000000000150e-02
-1.894300000000000150e-02
-1.894300000000000150e-02
-1.894300000000000150e-02
-1.894300000000000150e-02
-1.894300000000000150e-02
-1.894300000000000150e-02
-1.894300000000000150e-02
-1.894300000000000150e-02
-1.894300000000000150e-02
-1.894300000000000150e-02
-1.894300000000000150e-02
-1.894300000000000150e-02
-1.894300000000000150e-02
-1.894300000000000150e-02
-1.894300000000000150e-02
-1.894300000000000150e-02
-1.894300000000000150e-02
-1.894300000000000150e-02
-1.894300000000000150e-02
-1.894300000000000150e-02
-1.894300000000000150e-02
-1.894300000000000150e-02
-1.894300000000000150e-02
-1.894300000000000150e-02
-1.894300000000000150e-02
-1.894300000000000150e-02
-1.894300000000000150e-02
-1.894300000000000150e-02
-1.894300000000000150e-02
-1.894300000000000150e-02
-1.894300000000000150e-02
-1.894300000000000150e-02
-1.894300000000000150e-02
-1.894300000000000150e-02
-1.894300000000000150e-02
-1.894300000000000150e-02
-1.894300000000000150e-02
-1.894300000000000150e-02
-1.894300000000000150e-02
-1.894300000000000150e-02
-1.894300000000000150e-02
-1.894300000000000150e-02
-1.894300000000000150e-02
-1.894300000000000150e-02
-1.894300000000000150e-02
-1.894300000000000150e-02
-1.894300000000000150e-02
-1.894300000000000150e-02
-1.894300000000000150e-02
-1.894300000000000150e-02
-1.894300000000000150e-02
-1.894300000000000150e-02
-1.894300000000000150e-02
-1.894300000000000150e-02
-1.894300000000000150e-02
-1.894300000000000150e-02
-1.894300000000000150e-02
-1.894300000000000150e-02
-1.894300000000000150e-02
-1.894300000000000150e-02
-1.894300000000000150e-02
-1.894300000000000150e-02
-1.894300000000000150e-02
-1.894300000000000150e-02
-1.894300000000000150e-02
-1.894300000000000150e-02
-1.894300000000000150e-02
-1.894300000000000150e-02
-1.894300000000000150e-02
-1.894300000000000150e-02
-1.894300000000000150e-02
-1.894300000000000150e-02
-1.894300000000000150e-02
-1.894300000000000150e-02
-1.894300000000000150e-02
-1.894300000000000150e-02
-1.894300000000000150e-02
-1.894300000000000150e-02
-1.894300000000000150e-02
-1.894300000000000150e-02
-1.894300000000000150e-02
-1.894300000000000150e-02
-1.894300000000000150e-02
-1.894300000000000150e-02
-1.894300000000000150e-02
-1.894300000000000150e-02
-1.894300000000000150e-02
-1.894300000000000150e-02
-1.894300000000000150e-02
-1.894300000000000150e-02
-1.894300000000000150e-02
-1.894300000000000150e-02
-1.894300000000000150e-02
-1.894300000000000150e-02
-1.894300000000000150e-02
-1.894300000000000150e-02
-1.894300000000000150e-02
-1.894300000000000150e-02
-1.894300000000000150e-02
-1.894300000000000150e-02
-1.894300000000000150e-02
-1.894300000000000150e-02
-1.894300000000000150e-02
-1.894300000000000150e-02
-1.894300000000000150e-02
-1.894300000000000150e-02
-1.894300000000000150e-02
-1.894300000000000150e-02
-1.894300000000000150e-02
-1.894300000000000150e-02
-1.894300000000000150e-02
-1.894300000000000150e-02
-1.894300000000000150e-02
-1.894300000000000150e-02
-1.894300000000000150e-02
-1.894300000000000150e-02
-1.894300000000000150e-02
-1.894300000000000150e-02
-1.894300000000000150e-02
-1.894300000000000150e-02
-1.894300000000000150e-02
-1.894300000000000150e-02
-1.894300000000000150e-02
-1.894300000000000150e-02
-1.894300000000000150e-02
-1.894300000000000150e-02
-1.894300000000000150e-02
-1.894300000000000150e-02
-1.894300000000000150e-02
-1.894300000000000150e-02
-1.894300000000000150e-02
-1.894300000000000150e-02
-1.894300000000000150e-02
-1.894300000000000150e-02
-1.894300000000000150e-02
-1.894300000000000150e-02
-1.894300000000000150e-02
-1.894300000000000150e-02
-1.894300000000000150e-02
-1.894300000000000150e-02
-1.894300000000000150e-02
-1.894300000000000150e-02
-1.894300000000000150e-02
-1.894300000000000150e-02
-1.894300000000000150e-02
-1.894300000000000150e-02
-1.894300000000000150e-02
-1.894300000000000150e-02
-1.894300000000000150e-02
-1.894300000000000150e-02
-1.894300000000000150e-02
-1.894300000000000150e-02
-1.894300000000000150e-02
-1.894300000000000150e-02
-1.894300000000000150e-02
-1.894300000000000150e-02
-1.894300000000000150e-02
-1.894300000000000150e-02
-1.894300000000000150e-02
-1.894300000000000150e-02
-1.894300000000000150e-02
-1.894300000000000150e-02
-1.894300000000000150e-02
-1.894300000000000150e-02
-1.894300000000000150e-02
-1.894300000000000150e-02
-1.894300000000000150e-02
-1.894300000000000150e-02
-1.894300000000000150e-02
-1.894300000000000150e-02
-1.894300000000000150e-02
-1.894300000000000150e-02
-1.894300000000000150e-02
-1.894300000000000150e-02
-1.894300000000000150e-02
-1.894300000000000150e-02
-1.894300000000000150e-02
-1.894300000000000150e-02
-1.894300000000000150e-02
-1.894300000000000150e-02
-1.894300000000000150e-02
-1.894300000000000150e-02
-1.894300000000000150e-02
-1.894300000000000150e-02
-1.894300000000000150e-02
-1.894300000000000150e-02
-1.894300000000000150e-02
-1.894300000000000150e-02
-1.894300000000000150e-02
-1.894300000000000150e-02
-1.894300000000000150e-02
-1.894300000000000150e-02
-1.894300000000000150e-02
-1.894300000000000150e-02
-1.894300000000000150e-02
-1.894300000000000150e-02
-1.894300000000000150e-02
-1.894300000000000150e-02
-1.894300000000000150e-02
-1.894300000000000150e-02
-1.894300000000000150e-02
-1.894300000000000150e-02
-1.894300000000000150e-02
-1.894300000000000150e-02
-1.894300000000000150e-02
-1.894300000000000150e-02
-1.894250000000000100e-02
-1.894250000000000100e-02
-1.894250000000000100e-02
-1.894250000000000100e-02
-1.894250000000000100e-02
-1.894250000000000100e-02
-1.894250000000000100e-02
-1.894250000000000100e-02
-1.894250000000000100e-02
-1.894250000000000100e-02
-1.894250000000000100e-02
-1.894250000000000100e-02
-1.894250000000000100e-02
-1.894250000000000100e-02
-1.894250000000000100e-02
-1.894250000000000100e-02
-1.894250000000000100e-02
-1.894250000000000100e-02
-1.894250000000000100e-02
-1.894250000000000100e-02
-1.894250000000000100e-02
-1.894250000000000100e-02
-1.894250000000000100e-02
-1.894250000000000100e-02
-1.894250000000000100e-02
-1.894250000000000100e-02
-1.894250000000000100e-02
-1.894250000000000100e-02
-1.894250000000000100e-02
-1.894250000000000100e-02
-1.894250000000000100e-02
-1.894250000000000100e-02
-1.894250000000000100e-02
-1.894250000000000100e-02
-1.894250000000000100e-02
-1.894250000000000100e-02
-1.894250000000000100e-02
-1.894250000000000100e-02
-1.894250000000000100e-02
-1.894250000000000100e-02
-1.894250000000000100e-02
-1.894250000000000100e-02
-1.894250000000000100e-02
-1.894250000000000100e-02
-1.894250000000000100e-02
-1.894250000000000100e-02
-1.894250000000000100e-02
-1.894250000000000100e-02
-1.894250000000000100e-02
-1.894250000000000100e-02
-1.894250000000000100e-02
-1.894250000000000100e-02
-1.894250000000000100e-02
-1.894250000000000100e-02
-1.894250000000000100e-02
-1.894250000000000100e-02
-1.894250000000000100e-02
-1.894250000000000100e-02
-1.894250000000000100e-02
-1.894250000000000100e-02
-1.894250000000000100e-02
-1.894250000000000100e-02
-1.894250000000000100e-02
-1.894250000000000100e-02
-1.894250000000000100e-02
-1.894250000000000100e-02
-1.894250000000000100e-02
-1.894250000000000100e-02
-1.894250000000000100e-02
-1.894250000000000100e-02
-1.894250000000000100e-02
-1.894250000000000100e-02
-1.894250000000000100e-02
-1.894250000000000100e-02
-1.894250000000000100e-02
-1.894250000000000100e-02
-1.894250000000000100e-02
-1.894250000000000100e-02
-1.894250000000000100e-02
-1.894250000000000100e-02
-1.894250000000000100e-02
-1.894250000000000100e-02
-1.894250000000000100e-02
-1.894250000000000100e-02
-1.894250000000000100e-02
-1.894250000000000100e-02
-1.894250000000000100e-02
-1.894250000000000100e-02
-1.894250000000000100e-02
-1.894250000000000100e-02
-1.894250000000000100e-02
-1.894250000000000100e-02
-1.894250000000000100e-02
-1.894250000000000100e-02
-1.894250000000000100e-02
-1.894250000000000100e-02
-1.894250000000000100e-02
-1.894250000000000100e-02
-1.894250000000000100e-02
-1.894250000000000100e-02
-1.894250000000000100e-02
-1.894250000000000100e-02
-1.894250000000000100e-02
-1.894250000000000100e-02
-1.894250000000000100e-02
-1.894250000000000100e-02
-1.894250000000000100e-02
-1.894250000000000100e-02
-1.894250000000000100e-02
-1.894250000000000100e-02
-1.894250000000000100e-02
-1.894250000000000100e-02
-1.894250000000000100e-02
-1.894250000000000100e-02
-1.894250000000000100e-02
-1.894250000000000100e-02
-1.894250000000000100e-02
-1.894250000000000100e-02
-1.894250000000000100e-02
-1.894250000000000100e-02
-1.894250000000000100e-02
-1.894250000000000100e-02
-1.894250000000000100e-02
-1.894250000000000100e-02
-1.894250000000000100e-02
-1.894250000000000100e-02
-1.894250000000000100e-02
-1.894250000000000100e-02
-1.894250000000000100e-02
-1.894250000000000100e-02
-1.894250000000000100e-02
-1.894250000000000100e-02
-1.894250000000000100e-02
-1.894250000000000100e-02
-1.894250000000000100e-02
-1.894250000000000100e-02
-1.894250000000000100e-02
-1.894250000000000100e-02
-1.894250000000000100e-02
-1.894250000000000100e-02
-1.894250000000000100e-02
-1.894250000000000100e-02
-1.894250000000000100e-02
-1.894250000000000100e-02
-1.894250000000000100e-02
-1.894250000000000100e-02
-1.894250000000000100e-02
-1.894250000000000100e-02
-1.894250000000000100e-02
-1.894250000000000100e-02
-1.894250000000000100e-02
-1.894250000000000100e-02
-1.894250000000000100e-02
-1.894250000000000100e-02
-1.894250000000000100e-02
-1.894250000000000100e-02
-1.894250000000000100e-02
-1.894250000000000100e-02
-1.894250000000000100e-02
-1.894250000000000100e-02
-1.894250000000000100e-02
-1.894250000000000100e-02
-1.894250000000000100e-02
-1.894250000000000100e-02
-1.894250000000000100e-02
-1.894250000000000100e-02
-1.894250000000000100e-02
-1.894250000000000100e-02
-1.894250000000000100e-02
-1.894250000000000100e-02
-1.894250000000000100e-02
-1.894250000000000100e-02
-1.894250000000000100e-02
-1.894250000000000100e-02
-1.894250000000000100e-02
-1.894250000000000100e-02
-1.894250000000000100e-02
-1.894250000000000100e-02
-1.894250000000000100e-02
-1.894250000000000100e-02
-1.894250000000000100e-02
-1.894250000000000100e-02
-1.894250000000000100e-02
-1.894250000000000100e-02
-1.894250000000000100e-02
-1.894250000000000100e-02
-1.894250000000000100e-02
-1.894250000000000100e-02
-1.894250000000000100e-02
-1.894250000000000100e-02
-1.894250000000000100e-02
-1.894250000000000100e-02
-1.894250000000000100e-02
-1.894250000000000100e-02
-1.894250000000000100e-02
-1.894250000000000100e-02
-1.894250000000000100e-02
-1.894250000000000100e-02
-1.894250000000000100e-02
-1.894250000000000100e-02
-1.894250000000000100e-02
-1.894250000000000100e-02
-1.894250000000000100e-02
-1.894250000000000100e-02
-1.894250000000000100e-02
-1.894250000000000100e-02
-1.894250000000000100e-02
-1.894250000000000100e-02
-1.894250000000000100e-02
-1.894250000000000100e-02
-1.894250000000000100e-02
-1.894250000000000100e-02
-1.894250000000000100e-02
-1.894250000000000100e-02
-1.894250000000000100e-02
-1.894250000000000100e-02
-1.894250000000000100e-02
-1.894250000000000100e-02
-1.894250000000000100e-02
-1.894250000000000100e-02
-1.894250000000000100e-02
-1.894250000000000100e-02
-1.894250000000000100e-02
-1.894250000000000100e-02
-1.894250000000000100e-02
-1.894250000000000100e-02
-1.894250000000000100e-02
-1.894250000000000100e-02
-1.894250000000000100e-02
-1.894250000000000100e-02
-1.894250000000000100e-02
-1.894250000000000100e-02
-1.894250000000000100e-02
-1.894250000000000100e-02
-1.894250000000000100e-02
-1.894250000000000100e-02
-1.894250000000000100e-02
-1.894250000000000100e-02
-1.894250000000000100e-02
-1.894250000000000100e-02
-1.894250000000000100e-02
-1.894250000000000100e-02
-1.894250000000000100e-02
-1.894250000000000100e-02
-1.894250000000000100e-02
-1.894250000000000100e-02
-1.894250000000000100e-02
-1.894250000000000100e-02
-1.894250000000000100e-02
-1.894250000000000100e-02
-1.894250000000000100e-02
-1.894250000000000100e-02
-1.881499999999999839e-02
-1.881499999999999839e-02
-1.881499999999999839e-02
-1.881499999999999839e-02
-1.881499999999999839e-02
-1.881499999999999839e-02
-1.881499999999999839e-02
-1.881499999999999839e-02
-1.881499999999999839e-02
-1.881499999999999839e-02
-1.881499999999999839e-02
-1.881499999999999839e-02
-1.881499999999999839e-02
-1.881499999999999839e-02
-1.881400000000000086e-02
-1.881149999999999836e-02
-1.881149999999999836e-02
-1.881149999999999836e-02
-1.881149999999999836e-02
-1.881149999999999836e-02
-1.881149999999999836e-02
-1.881149999999999836e-02
-1.881149999999999836e-02
-1.881149999999999836e-02
-1.877550000000000052e-02
-1.877550000000000052e-02
-1.877550000000000052e-02
-1.877550000000000052e-02
-1.877550000000000052e-02
-1.877550000000000052e-02
-1.877550000000000052e-02
-1.877550000000000052e-02
-1.877550000000000052e-02
-1.877550000000000052e-02
-1.877500000000000002e-02
-1.877500000000000002e-02
-1.877500000000000002e-02
-1.877449999999999952e-02
-1.877449999999999952e-02
-1.877449999999999952e-02
-1.876449999999999993e-02
-1.876449999999999993e-02
-1.876449999999999993e-02
-1.876449999999999993e-02
-1.876449999999999993e-02
-1.876449999999999993e-02
-1.876449999999999993e-02
-1.876449999999999993e-02
-1.876449999999999993e-02
-1.873700000000000018e-02
-1.873700000000000018e-02
-1.873700000000000018e-02
-1.873700000000000018e-02
-1.873700000000000018e-02
-1.873700000000000018e-02
-1.873700000000000018e-02
-1.873700000000000018e-02
-1.873700000000000018e-02
-1.873700000000000018e-02
-1.873700000000000018e-02
-1.873700000000000018e-02
-1.873700000000000018e-02
-1.873700000000000018e-02
-1.873700000000000018e-02
-1.873700000000000018e-02
-1.873700000000000018e-02
-1.873700000000000018e-02
-1.873700000000000018e-02
-1.873700000000000018e-02
-1.873700000000000018e-02
-1.873700000000000018e-02
-1.873700000000000018e-02
-1.873700000000000018e-02
-1.873700000000000018e-02
-1.873700000000000018e-02
-1.873700000000000018e-02
-1.873700000000000018e-02
-1.873700000000000018e-02
-1.873700000000000018e-02
-1.873700000000000018e-02
-1.873299999999999965e-02
-1.873299999999999965e-02
-1.873299999999999965e-02
-1.873299999999999965e-02
-1.873299999999999965e-02
-1.873299999999999965e-02
-1.873299999999999965e-02
-1.873299999999999965e-02
-1.873299999999999965e-02
-1.873299999999999965e-02
-1.871849999999999903e-02
-1.871849999999999903e-02
-1.871750000000000150e-02
-1.871750000000000150e-02
-1.871700000000000100e-02
-1.871700000000000100e-02
-1.871700000000000100e-02
-1.871700000000000100e-02
-1.871700000000000100e-02
-1.871700000000000100e-02
-1.871700000000000100e-02
-1.871700000000000100e-02
-1.871700000000000100e-02
-1.871700000000000100e-02
-1.871700000000000100e-02
-1.871700000000000100e-02
-1.871700000000000100e-02
-1.871700000000000100e-02
-1.871700000000000100e-02
-1.871700000000000100e-02
-1.871700000000000100e-02
-1.871700000000000100e-02
-1.871700000000000100e-02
-1.871700000000000100e-02
-1.871700000000000100e-02
-1.871700000000000100e-02
-1.871700000000000100e-02
-1.871700000000000100e-02
-1.871700000000000100e-02
-1.871700000000000100e-02
-1.871700000000000100e-02
-1.871700000000000100e-02
-1.871700000000000100e-02
-1.871700000000000100e-02
-1.871700000000000100e-02
-1.871700000000000100e-02
-1.871700000000000100e-02
-1.871700000000000100e-02
-1.871700000000000100e-02
-1.871549999999999950e-02
-1.871549999999999950e-02
-1.871549999999999950e-02
-1.871549999999999950e-02
-1.871549999999999950e-02
-1.871549999999999950e-02
-1.871549999999999950e-02
-1.871549999999999950e-02
-1.871549999999999950e-02
-1.871549999999999950e-02
-1.871549999999999950e-02
-1.871549999999999950e-02
-1.871549999999999950e-02
-1.871549999999999950e-02
-1.871549999999999950e-02
-1.871549999999999950e-02
-1.871549999999999950e-02
-1.871549999999999950e-02
-1.871549999999999950e-02
-1.871549999999999950e-02
-1.871549999999999950e-02
-1.871549999999999950e-02
-1.871549999999999950e-02
