-3.899940000000000073e-01
-3.899940000000000073e-01
-3.822105000000000086e-01
-3.683440000000000047e-01
-3.516739999999999866e-01
-3.279825000000000101e-01
-3.240595000000000003e-01
-3.148810000000000220e-01
-2.880854999999999944e-01
-2.862750000000000017e-01
-2.862750000000000017e-01
-2.862750000000000017e-01
-2.862750000000000017e-01
-2.749269999999999770e-01
-2.731844999999999968e-01
-2.666200000000000236e-01
-2.650804999999999967e-01
-2.605290000000000106e-01
-2.605290000000000106e-01
-2.577119999999999966e-01
-2.488450000000000106e-01
-2.437765000000000071e-01
-2.437765000000000071e-01
-2.367249999999999910e-01
-2.339565000000000117e-01
-2.203189999999999871e-01
-2.203189999999999871e-01
-2.203189999999999871e-01
-2.203189999999999871e-01
-2.203189999999999871e-01
-2.203189999999999871e-01
-2.148710000000000064e-01
-2.139594999999999969e-01
-2.139594999999999969e-01
-2.089485000000000092e-01
-2.089485000000000092e-01
-2.089485000000000092e-01
-2.031590000000000062e-01
-2.031590000000000062e-01
-2.014084999999999903e-01
-2.013075000000000003e-01
-1.991149999999999864e-01
-1.967200000000000060e-01
-1.967200000000000060e-01
-1.901644999999999863e-01
-1.901644999999999863e-01
-1.901644999999999863e-01
-1.820170000000000121e-01
-1.820170000000000121e-01
-1.820170000000000121e-01
-1.820170000000000121e-01
-1.807660000000000100e-01
-1.802400000000000113e-01
-1.802400000000000113e-01
-1.778869999999999896e-01
-1.748355000000000048e-01
-1.748355000000000048e-01
-1.724304999999999866e-01
-1.724304999999999866e-01
-1.724304999999999866e-01
-1.724304999999999866e-01
-1.724304999999999866e-01
-1.724070000000000047e-01
-1.720675000000000121e-01
-1.706735000000000058e-01
-1.702015000000000056e-01
-1.701570000000000027e-01
-1.681010000000000004e-01
-1.614909999999999957e-01
-1.614909999999999957e-01
-1.614909999999999957e-01
-1.614909999999999957e-01
-1.614909999999999957e-01
-1.614909999999999957e-01
-1.614909999999999957e-01
-1.614909999999999957e-01
-1.614909999999999957e-01
-1.557435000000000069e-01
-1.557435000000000069e-01
-1.557435000000000069e-01
-1.557435000000000069e-01
-1.557435000000000069e-01
-1.557435000000000069e-01
-1.557435000000000069e-01
-1.557435000000000069e-01
-1.557435000000000069e-01
-1.557435000000000069e-01
-1.550829999999999986e-01
-1.550829999999999986e-01
-1.544740000000000002e-01
-1.544740000000000002e-01
-1.544740000000000002e-01
-1.529105000000000047e-01
-1.529105000000000047e-01
-1.529105000000000047e-01
-1.529105000000000047e-01
-1.529105000000000047e-01
-1.503974999999999895e-01
-1.503974999999999895e-01
-1.503974999999999895e-01
-1.487350000000000061e-01
-1.487350000000000061e-01
-1.487350000000000061e-01
-1.487350000000000061e-01
-1.487350000000000061e-01
-1.486369999999999914e-01
-1.484354999999999980e-01
-1.483389999999999986e-01
-1.471844999999999959e-01
-1.471844999999999959e-01
-1.471844999999999959e-01
-1.470269999999999910e-01
-1.458125000000000115e-01
-1.458125000000000115e-01
-1.458125000000000115e-01
-1.458125000000000115e-01
-1.452684999999999949e-01
-1.445329999999999948e-01
-1.445329999999999948e-01
-1.431505000000000138e-01
-1.431505000000000138e-01
-1.431505000000000138e-01
-1.431505000000000138e-01
-1.431505000000000138e-01
-1.431505000000000138e-01
-1.412160000000000082e-01
-1.412160000000000082e-01
-1.412160000000000082e-01
-1.412160000000000082e-01
-1.412160000000000082e-01
-1.405150000000000010e-01
-1.405150000000000010e-01
-1.405150000000000010e-01
-1.405150000000000010e-01
-1.395565000000000000e-01
-1.395565000000000000e-01
-1.395565000000000000e-01
-1.395565000000000000e-01
-1.395494999999999930e-01
-1.395494999999999930e-01
-1.395494999999999930e-01
-1.395494999999999930e-01
-1.395494999999999930e-01
-1.384390000000000065e-01
-1.384390000000000065e-01
-1.384390000000000065e-01
-1.384390000000000065e-01
-1.384390000000000065e-01
-1.384390000000000065e-01
-1.384390000000000065e-01
-1.380494999999999917e-01
-1.380494999999999917e-01
-1.380494999999999917e-01
-1.380494999999999917e-01
-1.371040000000000036e-01
-1.371040000000000036e-01
-1.367960000000000009e-01
-1.367960000000000009e-01
-1.367960000000000009e-01
-1.367960000000000009e-01
-1.367960000000000009e-01
-1.367960000000000009e-01
-1.367960000000000009e-01
-1.367960000000000009e-01
-1.367960000000000009e-01
-1.367960000000000009e-01
-1.358840000000000048e-01
-1.358840000000000048e-01
-1.358840000000000048e-01
-1.358840000000000048e-01
-1.358840000000000048e-01
-1.358840000000000048e-01
-1.358840000000000048e-01
-1.358840000000000048e-01
-1.358840000000000048e-01
-1.357945000000000124e-01
-1.357945000000000124e-01
-1.357945000000000124e-01
-1.357170000000000043e-01
-1.357170000000000043e-01
-1.357170000000000043e-01
-1.357170000000000043e-01
-1.356904999999999917e-01
-1.355719999999999981e-01
-1.355719999999999981e-01
-1.355719999999999981e-01
-1.355635000000000034e-01
-1.355175000000000129e-01
-1.354815000000000047e-01
-1.354815000000000047e-01
-1.351475000000000037e-01
-1.347254999999999980e-01
-1.347254999999999980e-01
-1.347254999999999980e-01
-1.347055000000000058e-01
-1.347055000000000058e-01
-1.347055000000000058e-01
-1.347055000000000058e-01
-1.347055000000000058e-01
-1.347055000000000058e-01
-1.347055000000000058e-01
-1.347055000000000058e-01
-1.346660000000000079e-01
-1.346660000000000079e-01
-1.345580000000000109e-01
-1.345580000000000109e-01
-1.345580000000000109e-01
-1.318274999999999864e-01
-1.318274999999999864e-01
-1.318274999999999864e-01
-1.318274999999999864e-01
-1.318274999999999864e-01
-1.318274999999999864e-01
-1.318274999999999864e-01
-1.318274999999999864e-01
-1.318274999999999864e-01
-1.318274999999999864e-01
-1.318274999999999864e-01
-1.318274999999999864e-01
-1.318274999999999864e-01
-1.304035000000000055e-01
-1.304035000000000055e-01
-1.304035000000000055e-01
-1.299430000000000029e-01
-1.299430000000000029e-01
-1.299430000000000029e-01
-1.299430000000000029e-01
-1.299430000000000029e-01
-1.299430000000000029e-01
-1.299430000000000029e-01
-1.297999999999999987e-01
-1.297010000000000107e-01
-1.296049999999999980e-01
-1.296049999999999980e-01
-1.296049999999999980e-01
-1.296049999999999980e-01
-1.296049999999999980e-01
-1.282145000000000090e-01
-1.282145000000000090e-01
-1.282145000000000090e-01
-1.282145000000000090e-01
-1.282145000000000090e-01
-1.282145000000000090e-01
-1.282145000000000090e-01
-1.282145000000000090e-01
-1.282145000000000090e-01
-1.282145000000000090e-01
-1.276585000000000081e-01
-1.276585000000000081e-01
-1.276585000000000081e-01
-1.276585000000000081e-01
-1.276585000000000081e-01
-1.276585000000000081e-01
-1.276585000000000081e-01
-1.276585000000000081e-01
-1.276585000000000081e-01
-1.276585000000000081e-01
-1.276585000000000081e-01
-1.276585000000000081e-01
-1.276585000000000081e-01
-1.276585000000000081e-01
-1.276585000000000081e-01
-1.263054999999999872e-01
-1.263054999999999872e-01
-1.263054999999999872e-01
-1.263054999999999872e-01
-1.263054999999999872e-01
-1.263054999999999872e-01
-1.262675000000000047e-01
-1.262675000000000047e-01
-1.262675000000000047e-01
-1.262020000000000086e-01
-1.262020000000000086e-01
-1.260844999999999883e-01
-1.258104999999999918e-01
-1.258104999999999918e-01
-1.258104999999999918e-01
-1.258104999999999918e-01
-1.258104999999999918e-01
-1.258104999999999918e-01
-1.258104999999999918e-01
-1.257334999999999980e-01
-1.257334999999999980e-01
-1.257334999999999980e-01
-1.257334999999999980e-01
-1.255759999999999932e-01
-1.253354999999999886e-01
-1.253354999999999886e-01
-1.253354999999999886e-01
-1.253354999999999886e-01
-1.253354999999999886e-01
-1.252614999999999978e-01
-1.252614999999999978e-01
-1.252614999999999978e-01
-1.252554999999999918e-01
-1.252465000000000106e-01
-1.251240000000000130e-01
-1.251240000000000130e-01
-1.250149999999999872e-01
-1.248839999999999950e-01
-1.247280000000000055e-01
-1.247019999999999934e-01
-1.247019999999999934e-01
-1.245419999999999999e-01
-1.244944999999999941e-01
-1.244944999999999941e-01
-1.244515000000000066e-01
-1.244159999999999988e-01
-1.244159999999999988e-01
-1.244009999999999977e-01
-1.244009999999999977e-01
-1.243979999999999947e-01
-1.243979999999999947e-01
-1.243960000000000066e-01
-1.243960000000000066e-01
-1.243960000000000066e-01
-1.242980000000000057e-01
-1.242980000000000057e-01
-1.242980000000000057e-01
-1.242980000000000057e-01
-1.241664999999999991e-01
-1.241300000000000042e-01
-1.241214999999999957e-01
-1.241160000000000041e-01
-1.241160000000000041e-01
-1.238159999999999955e-01
-1.238159999999999955e-01
-1.238159999999999955e-01
-1.238159999999999955e-01
-1.238159999999999955e-01
-1.238159999999999955e-01
-1.238159999999999955e-01
-1.238159999999999955e-01
-1.238159999999999955e-01
-1.238159999999999955e-01
-1.238159999999999955e-01
-1.238159999999999955e-01
-1.238159999999999955e-01
-1.238159999999999955e-01
-1.238159999999999955e-01
-1.236820000000000003e-01
-1.234299999999999981e-01
-1.234299999999999981e-01
-1.233655000000000029e-01
-1.233655000000000029e-01
-1.233655000000000029e-01
-1.233655000000000029e-01
-1.233619999999999994e-01
-1.233564999999999939e-01
-1.229699999999999960e-01
-1.229670000000000069e-01
-1.229090000000000044e-01
-1.229090000000000044e-01
-1.228115000000000040e-01
-1.228115000000000040e-01
-1.227879999999999944e-01
-1.227879999999999944e-01
-1.227879999999999944e-01
-1.227739999999999942e-01
-1.227739999999999942e-01
-1.227705000000000046e-01
-1.227435000000000054e-01
-1.227435000000000054e-01
-1.227435000000000054e-01
-1.227435000000000054e-01
-1.227105000000000001e-01
-1.227105000000000001e-01
-1.227025000000000060e-01
-1.227025000000000060e-01
-1.227025000000000060e-01
-1.227025000000000060e-01
-1.227025000000000060e-01
-1.227025000000000060e-01
-1.227025000000000060e-01
-1.227025000000000060e-01
-1.227025000000000060e-01
-1.226985000000000020e-01
-1.226985000000000020e-01
-1.226985000000000020e-01
-1.226190000000000058e-01
-1.226190000000000058e-01
-1.225979999999999986e-01
-1.225979999999999986e-01
-1.225979999999999986e-01
-1.225979999999999986e-01
-1.225979999999999986e-01
-1.225979999999999986e-01
-1.225979999999999986e-01
-1.225974999999999981e-01
-1.225974999999999981e-01
-1.225905000000000050e-01
-1.224434999999999968e-01
-1.224434999999999968e-01
-1.224055000000000004e-01
-1.224055000000000004e-01
-1.224055000000000004e-01
-1.224055000000000004e-01
-1.224004999999999954e-01
-1.223614999999999980e-01
-1.223614999999999980e-01
-1.223614999999999980e-01
-1.223614999999999980e-01
-1.223614999999999980e-01
-1.222184999999999938e-01
-1.222184999999999938e-01
-1.222184999999999938e-01
-1.222184999999999938e-01
-1.222184999999999938e-01
-1.222184999999999938e-01
-1.222184999999999938e-01
-1.222184999999999938e-01
-1.222184999999999938e-01
-1.217199999999999949e-01
-1.217199999999999949e-01
-1.217199999999999949e-01
-1.217199999999999949e-01
-1.217199999999999949e-01
-1.217199999999999949e-01
-1.217199999999999949e-01
-1.217199999999999949e-01
-1.217199999999999949e-01
-1.217199999999999949e-01
-1.217199999999999949e-01
-1.217199999999999949e-01
-1.217199999999999949e-01
-1.217199999999999949e-01
-1.217199999999999949e-01
-1.217199999999999949e-01
-1.217199999999999949e-01
-1.217199999999999949e-01
-1.217199999999999949e-01
-1.217199999999999949e-01
-1.217199999999999949e-01
-1.217199999999999949e-01
-1.217199999999999949e-01
-1.216895000000000060e-01
-1.216895000000000060e-01
-1.216895000000000060e-01
-1.216895000000000060e-01
-1.216895000000000060e-01
-1.216895000000000060e-01
-1.214650000000000035e-01
-1.214650000000000035e-01
-1.214650000000000035e-01
-1.214650000000000035e-01
-1.214650000000000035e-01
-1.214650000000000035e-01
-1.214650000000000035e-01
-1.214650000000000035e-01
-1.214650000000000035e-01
-1.214650000000000035e-01
-1.214650000000000035e-01
-1.214650000000000035e-01
-1.214650000000000035e-01
-1.214650000000000035e-01
-1.214650000000000035e-01
-1.214525000000000049e-01
-1.214159999999999962e-01
-1.214159999999999962e-01
-1.214159999999999962e-01
-1.213774999999999993e-01
-1.213535000000000030e-01
-1.213535000000000030e-01
-1.213535000000000030e-01
-1.213309999999999944e-01
-1.213309999999999944e-01
-1.213280000000000053e-01
-1.213280000000000053e-01
-1.213280000000000053e-01
-1.213280000000000053e-01
-1.213159999999999933e-01
-1.213159999999999933e-01
-1.213159999999999933e-01
-1.213159999999999933e-01
-1.213159999999999933e-01
-1.213159999999999933e-01
-1.213159999999999933e-01
-1.213039999999999952e-01
-1.212064999999999948e-01
-1.212064999999999948e-01
-1.212064999999999948e-01
-1.212064999999999948e-01
-1.212054999999999938e-01
-1.212054999999999938e-01
-1.212015000000000037e-01
-1.212015000000000037e-01
-1.212005000000000027e-01
-1.212005000000000027e-01
-1.212005000000000027e-01
-1.211980000000000002e-01
-1.211980000000000002e-01
-1.211974999999999997e-01
-1.210490000000000038e-01
-1.210490000000000038e-01
-1.210490000000000038e-01
-1.210490000000000038e-01
-1.210490000000000038e-01
-1.210490000000000038e-01
-1.210490000000000038e-01
-1.210490000000000038e-01
-1.210490000000000038e-01
-1.210490000000000038e-01
-1.210490000000000038e-01
-1.210444999999999993e-01
-1.210394999999999943e-01
-1.208889999999999965e-01
-1.208889999999999965e-01
-1.208889999999999965e-01
-1.208889999999999965e-01
-1.208889999999999965e-01
-1.208889999999999965e-01
-1.208889999999999965e-01
-1.208889999999999965e-01
-1.208889999999999965e-01
-1.208889999999999965e-01
-1.208889999999999965e-01
-1.208835000000000048e-01
-1.208769999999999983e-01
-1.208769999999999983e-01
-1.208769999999999983e-01
-1.208769999999999983e-01
-1.208749999999999963e-01
-1.208749999999999963e-01
-1.208749999999999963e-01
-1.208749999999999963e-01
-1.208749999999999963e-01
-1.208749999999999963e-01
-1.208749999999999963e-01
-1.208744999999999958e-01
-1.208739999999999953e-01
-1.208739999999999953e-01
-1.208739999999999953e-01
-1.208660000000000012e-01
-1.208459999999999951e-01
-1.208435000000000065e-01
-1.208435000000000065e-01
-1.207119999999999999e-01
-1.207119999999999999e-01
-1.207119999999999999e-01
-1.207119999999999999e-01
-1.207119999999999999e-01
-1.207119999999999999e-01
-1.207119999999999999e-01
-1.207119999999999999e-01
-1.207119999999999999e-01
-1.207119999999999999e-01
-1.207119999999999999e-01
-1.207119999999999999e-01
-1.207119999999999999e-01
-1.207119999999999999e-01
-1.207119999999999999e-01
-1.207119999999999999e-01
-1.207119999999999999e-01
-1.207119999999999999e-01
-1.206905000000000061e-01
-1.206905000000000061e-01
-1.206905000000000061e-01
-1.206905000000000061e-01
-1.206905000000000061e-01
-1.206905000000000061e-01
-1.206905000000000061e-01
-1.206905000000000061e-01
-1.206905000000000061e-01
-1.206905000000000061e-01
-1.206905000000000061e-01
-1.205564999999999970e-01
-1.205564999999999970e-01
-1.205564999999999970e-01
-1.205564999999999970e-01
-1.205564999999999970e-01
-1.205564999999999970e-01
-1.205564999999999970e-01
-1.205564999999999970e-01
-1.205564999999999970e-01
-1.205564999999999970e-01
-1.205564999999999970e-01
-1.205564999999999970e-01
-1.205564999999999970e-01
-1.205564999999999970e-01
-1.205564999999999970e-01
-1.205564999999999970e-01
-1.205564999999999970e-01
-1.205564999999999970e-01
-1.205564999999999970e-01
-1.205330000000000013e-01
-1.205330000000000013e-01
-1.205289999999999973e-01
-1.205284999999999968e-01
-1.205269999999999953e-01
-1.205269999999999953e-01
-1.205264999999999947e-01
-1.205264999999999947e-01
-1.205264999999999947e-01
-1.204999999999999960e-01
-1.204630000000000006e-01
-1.204630000000000006e-01
-1.204630000000000006e-01
-1.204630000000000006e-01
-1.204630000000000006e-01
-1.204415000000000069e-01
-1.204400000000000054e-01
-1.204400000000000054e-01
-1.204400000000000054e-01
-1.204365000000000019e-01
-1.204365000000000019e-01
-1.204245000000000038e-01
-1.204245000000000038e-01
-1.204245000000000038e-01
-1.204245000000000038e-01
-1.204245000000000038e-01
-1.204245000000000038e-01
-1.203739999999999949e-01
-1.203739999999999949e-01
-1.203739999999999949e-01
-1.203739999999999949e-01
-1.203739999999999949e-01
-1.203739999999999949e-01
-1.203739999999999949e-01
-1.203739999999999949e-01
-1.203739999999999949e-01
-1.203739999999999949e-01
-1.203739999999999949e-01
-1.203729999999999939e-01
-1.203729999999999939e-01
-1.203729999999999939e-01
-1.203145000000000048e-01
-1.203145000000000048e-01
-1.203145000000000048e-01
-1.203135000000000038e-01
-1.203100000000000003e-01
-1.203100000000000003e-01
-1.203100000000000003e-01
-1.202275000000000010e-01
-1.202275000000000010e-01
-1.202275000000000010e-01
-1.202275000000000010e-01
-1.202275000000000010e-01
-1.202275000000000010e-01
-1.202275000000000010e-01
-1.202275000000000010e-01
-1.202275000000000010e-01
-1.202275000000000010e-01
-1.202275000000000010e-01
-1.202275000000000010e-01
-1.202275000000000010e-01
-1.201860000000000012e-01
-1.201860000000000012e-01
-1.201860000000000012e-01
-1.201860000000000012e-01
-1.201860000000000012e-01
-1.201860000000000012e-01
-1.201860000000000012e-01
-1.201814999999999967e-01
-1.201814999999999967e-01
-1.201050000000000034e-01
-1.201050000000000034e-01
-1.200790000000000052e-01
-1.200790000000000052e-01
-1.200790000000000052e-01
-1.200790000000000052e-01
-1.200790000000000052e-01
-1.200790000000000052e-01
-1.200740000000000002e-01
-1.200660000000000061e-01
-1.200534999999999936e-01
-1.200534999999999936e-01
-1.200515000000000054e-01
-1.200515000000000054e-01
-1.200350000000000028e-01
-1.200350000000000028e-01
-1.200350000000000028e-01
-1.200350000000000028e-01
-1.200340000000000018e-01
-1.200340000000000018e-01
-1.199800000000000033e-01
-1.199800000000000033e-01
-1.199800000000000033e-01
-1.199800000000000033e-01
-1.199800000000000033e-01
-1.199800000000000033e-01
-1.199800000000000033e-01
-1.199800000000000033e-01
-1.199800000000000033e-01
-1.199800000000000033e-01
-1.199800000000000033e-01
-1.199800000000000033e-01
-1.199800000000000033e-01
-1.199800000000000033e-01
-1.199800000000000033e-01
-1.199800000000000033e-01
-1.199599999999999972e-01
-1.199589999999999962e-01
-1.199589999999999962e-01
-1.199589999999999962e-01
-1.199525000000000036e-01
-1.199525000000000036e-01
-1.199525000000000036e-01
-1.199520000000000031e-01
-1.199520000000000031e-01
-1.199510000000000021e-01
-1.199510000000000021e-01
-1.199510000000000021e-01
-1.199505000000000016e-01
-1.199505000000000016e-01
-1.199505000000000016e-01
-1.199505000000000016e-01
-1.199505000000000016e-01
-1.199484999999999996e-01
-1.199474999999999986e-01
-1.199474999999999986e-01
-1.199454999999999966e-01
-1.199454999999999966e-01
-1.199449999999999961e-01
-1.199449999999999961e-01
-1.199449999999999961e-01
-1.199449999999999961e-01
-1.199449999999999961e-01
-1.199380000000000029e-01
-1.199314999999999964e-01
-1.199314999999999964e-01
-1.199314999999999964e-01
-1.199314999999999964e-01
-1.199314999999999964e-01
-1.199309999999999959e-01
-1.199189999999999978e-01
-1.198329999999999951e-01
-1.198329999999999951e-01
-1.198329999999999951e-01
-1.198329999999999951e-01
-1.198329999999999951e-01
-1.198209999999999970e-01
-1.198209999999999970e-01
-1.198209999999999970e-01
-1.198209999999999970e-01
-1.198209999999999970e-01
-1.198209999999999970e-01
-1.198189999999999950e-01
-1.198189999999999950e-01
-1.198189999999999950e-01
-1.198189999999999950e-01
-1.198189999999999950e-01
-1.198189999999999950e-01
-1.198099999999999998e-01
-1.197954999999999992e-01
-1.197954999999999992e-01
-1.197954999999999992e-01
-1.197835000000000011e-01
-1.197835000000000011e-01
-1.197784999999999961e-01
-1.197745000000000060e-01
-1.197745000000000060e-01
-1.197585000000000038e-01
-1.197585000000000038e-01
-1.197585000000000038e-01
-1.197585000000000038e-01
-1.197450000000000042e-01
-1.197310000000000041e-01
-1.197310000000000041e-01
-1.197305000000000036e-01
-1.197275000000000006e-01
-1.197275000000000006e-01
-1.197275000000000006e-01
-1.197275000000000006e-01
-1.197275000000000006e-01
-1.197275000000000006e-01
-1.197275000000000006e-01
-1.197185000000000055e-01
-1.197185000000000055e-01
-1.197155000000000025e-01
-1.197155000000000025e-01
-1.196865000000000012e-01
-1.196865000000000012e-01
-1.196804999999999952e-01
-1.196770000000000056e-01
-1.196770000000000056e-01
-1.196770000000000056e-01
-1.196770000000000056e-01
-1.196750000000000036e-01
-1.196745000000000031e-01
-1.196745000000000031e-01
-1.196730000000000016e-01
-1.196730000000000016e-01
-1.196730000000000016e-01
-1.196730000000000016e-01
-1.196730000000000016e-01
-1.196715000000000001e-01
-1.196715000000000001e-01
-1.196715000000000001e-01
-1.196715000000000001e-01
-1.196704999999999991e-01
-1.196704999999999991e-01
-1.196704999999999991e-01
-1.196704999999999991e-01
-1.196704999999999991e-01
-1.196704999999999991e-01
-1.196704999999999991e-01
-1.196704999999999991e-01
-1.196704999999999991e-01
-1.196704999999999991e-01
-1.196704999999999991e-01
-1.196704999999999991e-01
-1.195365000000000039e-01
-1.195365000000000039e-01
-1.195365000000000039e-01
-1.195365000000000039e-01
-1.195365000000000039e-01
-1.195365000000000039e-01
-1.195365000000000039e-01
-1.195365000000000039e-01
-1.195365000000000039e-01
-1.195365000000000039e-01
-1.195365000000000039e-01
-1.195365000000000039e-01
-1.195365000000000039e-01
-1.195365000000000039e-01
-1.195365000000000039e-01
-1.195365000000000039e-01
-1.195365000000000039e-01
-1.195345000000000019e-01
-1.195345000000000019e-01
-1.195340000000000014e-01
-1.195340000000000014e-01
-1.194474999999999981e-01
-1.194474999999999981e-01
-1.194474999999999981e-01
-1.194474999999999981e-01
-1.194474999999999981e-01
-1.194474999999999981e-01
-1.194474999999999981e-01
-1.194474999999999981e-01
-1.194474999999999981e-01
-1.194474999999999981e-01
-1.194474999999999981e-01
-1.194474999999999981e-01
-1.194474999999999981e-01
-1.194474999999999981e-01
-1.194415000000000060e-01
-1.194415000000000060e-01
-1.194415000000000060e-01
-1.194294999999999940e-01
-1.194294999999999940e-01
-1.194294999999999940e-01
-1.194294999999999940e-01
-1.194294999999999940e-01
-1.194294999999999940e-01
-1.194294999999999940e-01
-1.194294999999999940e-01
-1.194294999999999940e-01
-1.194294999999999940e-01
-1.194294999999999940e-01
-1.194294999999999940e-01
-1.194294999999999940e-01
-1.194294999999999940e-01
-1.194289999999999935e-01
-1.194289999999999935e-01
-1.194289999999999935e-01
-1.194289999999999935e-01
-1.194289999999999935e-01
-1.194280000000000064e-01
-1.194280000000000064e-01
-1.194280000000000064e-01
-1.194280000000000064e-01
-1.194280000000000064e-01
-1.194280000000000064e-01
-1.194280000000000064e-01
-1.194280000000000064e-01
-1.194280000000000064e-01
-1.194280000000000064e-01
-1.194280000000000064e-01
-1.194280000000000064e-01
-1.194280000000000064e-01
-1.194280000000000064e-01
-1.194280000000000064e-01
-1.194280000000000064e-01
-1.194280000000000064e-01
-1.194280000000000064e-01
-1.194275000000000059e-01
-1.194275000000000059e-01
-1.194275000000000059e-01
-1.194275000000000059e-01
-1.194265000000000049e-01
-1.194265000000000049e-01
-1.194265000000000049e-01
-1.194260000000000044e-01
-1.194260000000000044e-01
-1.194260000000000044e-01
-1.194260000000000044e-01
-1.194260000000000044e-01
-1.194260000000000044e-01
-1.194260000000000044e-01
-1.194260000000000044e-01
-1.194260000000000044e-01
-1.194260000000000044e-01
-1.194260000000000044e-01
-1.194260000000000044e-01
-1.194260000000000044e-01
-1.194260000000000044e-01
-1.194194999999999979e-01
-1.194194999999999979e-01
-1.194194999999999979e-01
-1.194194999999999979e-01
-1.194194999999999979e-01
-1.194194999999999979e-01
-1.194194999999999979e-01
-1.191679999999999962e-01
-1.191679999999999962e-01
-1.191679999999999962e-01
-1.191679999999999962e-01
-1.191679999999999962e-01
-1.191679999999999962e-01
-1.191679999999999962e-01
-1.191679999999999962e-01
-1.191679999999999962e-01
-1.191679999999999962e-01
-1.191679999999999962e-01
-1.191679999999999962e-01
-1.191679999999999962e-01
-1.191679999999999962e-01
-1.191679999999999962e-01
-1.191455000000000014e-01
-1.191455000000000014e-01
-1.191455000000000014e-01
-1.191455000000000014e-01
-1.191455000000000014e-01
-1.191455000000000014e-01
-1.191455000000000014e-01
-1.191455000000000014e-01
-1.191455000000000014e-01
-1.191455000000000014e-01
-1.191455000000000014e-01
-1.191305000000000003e-01
-1.191305000000000003e-01
-1.191305000000000003e-01
-1.191294999999999993e-01
-1.191294999999999993e-01
-1.191294999999999993e-01
-1.191289999999999988e-01
-1.191289999999999988e-01
-1.191289999999999988e-01
-1.191289999999999988e-01
-1.191289999999999988e-01
-1.191289999999999988e-01
-1.191289999999999988e-01
-1.191289999999999988e-01
-1.191289999999999988e-01
-1.191289999999999988e-01
-1.190989999999999965e-01
-1.190930000000000044e-01
-1.190905000000000019e-01
-1.190905000000000019e-01
-1.190905000000000019e-01
-1.190905000000000019e-01
-1.190905000000000019e-01
-1.190905000000000019e-01
-1.190805000000000058e-01
-1.190800000000000053e-01
-1.190719999999999973e-01
-1.190719999999999973e-01
-1.190719999999999973e-01
-1.190665000000000057e-01
-1.190615000000000007e-01
-1.190615000000000007e-01
-1.190615000000000007e-01
-1.190615000000000007e-01
-1.190615000000000007e-01
-1.190615000000000007e-01
-1.190615000000000007e-01
-1.189955000000000040e-01
-1.189955000000000040e-01
-1.188685000000000019e-01
-1.188685000000000019e-01
-1.188685000000000019e-01
-1.188685000000000019e-01
-1.188685000000000019e-01
-1.188685000000000019e-01
-1.188685000000000019e-01
-1.188685000000000019e-01
-1.188685000000000019e-01
-1.188685000000000019e-01
-1.188685000000000019e-01
-1.188685000000000019e-01
-1.188685000000000019e-01
-1.188685000000000019e-01
-1.188685000000000019e-01
-1.188680000000000014e-01
-1.188680000000000014e-01
-1.188680000000000014e-01
-1.188675000000000009e-01
-1.188675000000000009e-01
-1.188675000000000009e-01
-1.188670000000000004e-01
-1.188670000000000004e-01
-1.188670000000000004e-01
-1.188670000000000004e-01
-1.188629999999999964e-01
-1.188629999999999964e-01
-1.188629999999999964e-01
-1.188629999999999964e-01
-1.188629999999999964e-01
-1.188629999999999964e-01
