-5.123149999999999926e-02
-4.703449999999999992e-02
-4.703449999999999992e-02
-4.703449999999999992e-02
-4.376599999999999935e-02
-3.873549999999999910e-02
-3.239299999999999818e-02
-3.239299999999999818e-02
-3.231049999999999894e-02
-3.222350000000000214e-02
-2.703300000000000147e-02
-2.703300000000000147e-02
-2.703300000000000147e-02
-2.377699999999999952e-02
-2.377699999999999952e-02
-2.377699999999999952e-02
-2.377699999999999952e-02
-2.377699999999999952e-02
-2.377699999999999952e-02
-2.377699999999999952e-02
-2.377699999999999952e-02
-2.377699999999999952e-02
-2.377699999999999952e-02
-2.139599999999999835e-02
-2.139599999999999835e-02
-2.005499999999999991e-02
-1.943599999999999842e-02
-1.921549999999999994e-02
-1.921549999999999994e-02
-1.908050000000000024e-02
-1.908050000000000024e-02
-1.908050000000000024e-02
-1.897849999999999884e-02
-1.880350000000000077e-02
-1.879149999999999918e-02
-1.827399999999999858e-02
-1.827399999999999858e-02
-1.782399999999999957e-02
-1.739749999999999977e-02
-1.739749999999999977e-02
-1.739749999999999977e-02
-1.739749999999999977e-02
-1.739749999999999977e-02
-1.739749999999999977e-02
-1.735650000000000040e-02
-1.537099999999999925e-02
-1.537099999999999925e-02
-1.537099999999999925e-02
-1.537099999999999925e-02
-1.537099999999999925e-02
-1.537099999999999925e-02
-1.537099999999999925e-02
-1.537099999999999925e-02
-1.537099999999999925e-02
-1.537099999999999925e-02
-1.537099999999999925e-02
-1.475950000000000005e-02
-1.475950000000000005e-02
-1.475950000000000005e-02
-1.475950000000000005e-02
-1.472000000000000045e-02
-1.472000000000000045e-02
-1.455449999999999973e-02
-1.439299999999999954e-02
-1.438649999999999998e-02
-1.438649999999999998e-02
-1.438649999999999998e-02
-1.438649999999999998e-02
-1.438649999999999998e-02
-1.437599999999999989e-02
-1.434050000000000082e-02
-1.434050000000000082e-02
-1.414900000000000012e-02
-1.414900000000000012e-02
-1.414900000000000012e-02
-1.414900000000000012e-02
-1.414900000000000012e-02
-1.414900000000000012e-02
-1.414900000000000012e-02
-1.414900000000000012e-02
-1.414900000000000012e-02
-1.414900000000000012e-02
-1.414900000000000012e-02
-1.414900000000000012e-02
-1.414900000000000012e-02
-1.411699999999999934e-02
-1.411699999999999934e-02
-1.411699999999999934e-02
-1.411699999999999934e-02
-1.411699999999999934e-02
-1.411699999999999934e-02
-1.411699999999999934e-02
-1.411699999999999934e-02
-1.393450000000000071e-02
-1.392750000000000064e-02
-1.392750000000000064e-02
-1.392750000000000064e-02
-1.392499999999999988e-02
-1.392499999999999988e-02
-1.392499999999999988e-02
-1.392499999999999988e-02
-1.390650000000000046e-02
-1.390349999999999919e-02
-1.390349999999999919e-02
-1.388200000000000024e-02
-1.388200000000000024e-02
-1.388200000000000024e-02
-1.388200000000000024e-02
-1.388200000000000024e-02
-1.388200000000000024e-02
-1.388200000000000024e-02
-1.388200000000000024e-02
-1.388200000000000024e-02
-1.388200000000000024e-02
-1.388200000000000024e-02
-1.388200000000000024e-02
-1.388200000000000024e-02
-1.388200000000000024e-02
-1.388200000000000024e-02
-1.388200000000000024e-02
-1.387350000000000042e-02
-1.386100000000000006e-02
-1.386100000000000006e-02
-1.386100000000000006e-02
-1.386100000000000006e-02
-1.386100000000000006e-02
-1.386100000000000006e-02
-1.385650000000000076e-02
-1.385650000000000076e-02
-1.385650000000000076e-02
-1.385499999999999926e-02
-1.385499999999999926e-02
-1.385499999999999926e-02
-1.385499999999999926e-02
-1.385300000000000073e-02
-1.385300000000000073e-02
-1.385300000000000073e-02
-1.385300000000000073e-02
-1.385300000000000073e-02
-1.382850000000000051e-02
-1.382850000000000051e-02
-1.382850000000000051e-02
-1.382850000000000051e-02
-1.382850000000000051e-02
-1.380950000000000059e-02
-1.380950000000000059e-02
-1.379550000000000047e-02
-1.378200000000000085e-02
-1.378200000000000085e-02
-1.378200000000000085e-02
-1.378200000000000085e-02
-1.378200000000000085e-02
-1.378200000000000085e-02
-1.378200000000000085e-02
-1.378200000000000085e-02
-1.378200000000000085e-02
-1.378200000000000085e-02
-1.378200000000000085e-02
-1.378200000000000085e-02
-1.378200000000000085e-02
-1.377600000000000005e-02
-1.377600000000000005e-02
-1.377600000000000005e-02
-1.373850000000000071e-02
-1.373850000000000071e-02
-1.371999999999999956e-02
-1.371999999999999956e-02
-1.371449999999999926e-02
-1.371400000000000050e-02
-1.371350000000000000e-02
-1.371149999999999973e-02
-1.363999999999999935e-02
-1.363999999999999935e-02
-1.347650000000000063e-02
-1.347650000000000063e-02
-1.347650000000000063e-02
-1.347650000000000063e-02
-1.347650000000000063e-02
-1.347650000000000063e-02
-1.347650000000000063e-02
-1.347650000000000063e-02
-1.343349999999999926e-02
-1.343349999999999926e-02
-1.343349999999999926e-02
-1.343349999999999926e-02
-1.343349999999999926e-02
-1.343349999999999926e-02
-1.343349999999999926e-02
-1.343349999999999926e-02
-1.343349999999999926e-02
-1.343150000000000073e-02
-1.333900000000000016e-02
-1.333900000000000016e-02
-1.333900000000000016e-02
-1.333900000000000016e-02
-1.333900000000000016e-02
-1.333900000000000016e-02
-1.333900000000000016e-02
-1.333900000000000016e-02
-1.333900000000000016e-02
-1.333900000000000016e-02
-1.333900000000000016e-02
-1.333900000000000016e-02
-1.333900000000000016e-02
-1.332599999999999930e-02
-1.332599999999999930e-02
-1.332599999999999930e-02
-1.332599999999999930e-02
-1.332599999999999930e-02
-1.332599999999999930e-02
-1.332599999999999930e-02
-1.332599999999999930e-02
-1.332350000000000027e-02
-1.332350000000000027e-02
-1.332350000000000027e-02
-1.332350000000000027e-02
-1.330800000000000038e-02
-1.330600000000000012e-02
-1.330199999999999959e-02
-1.330199999999999959e-02
-1.330199999999999959e-02
-1.330199999999999959e-02
-1.330199999999999959e-02
-1.330199999999999959e-02
-1.330199999999999959e-02
-1.329600000000000053e-02
-1.282750000000000036e-02
-1.282750000000000036e-02
-1.282750000000000036e-02
-1.248250000000000054e-02
-1.244450000000000070e-02
-1.240899999999999989e-02
-1.240899999999999989e-02
-1.240899999999999989e-02
-1.240899999999999989e-02
-1.240899999999999989e-02
-1.240899999999999989e-02
-1.240899999999999989e-02
-1.239050000000000047e-02
-1.239050000000000047e-02
-1.239050000000000047e-02
-1.238949999999999947e-02
-1.238949999999999947e-02
-1.227950000000000048e-02
-1.227950000000000048e-02
-1.227950000000000048e-02
-1.227950000000000048e-02
-1.227950000000000048e-02
-1.227950000000000048e-02
-1.227950000000000048e-02
-1.227950000000000048e-02
-1.227950000000000048e-02
-1.227950000000000048e-02
-1.227950000000000048e-02
-1.227950000000000048e-02
-1.227950000000000048e-02
-1.225150000000000024e-02
-1.225150000000000024e-02
-1.225150000000000024e-02
-1.225150000000000024e-02
-1.224800000000000021e-02
-1.224800000000000021e-02
-1.224800000000000021e-02
-1.224800000000000021e-02
-1.224800000000000021e-02
-1.224749999999999971e-02
-1.224699999999999921e-02
-1.224699999999999921e-02
-1.224699999999999921e-02
-1.224699999999999921e-02
-1.224500000000000068e-02
-1.224500000000000068e-02
-1.224450000000000018e-02
-1.224450000000000018e-02
-1.224450000000000018e-02
-1.224450000000000018e-02
-1.224450000000000018e-02
-1.224450000000000018e-02
-1.224450000000000018e-02
-1.224450000000000018e-02
-1.224450000000000018e-02
-1.224450000000000018e-02
-1.224450000000000018e-02
-1.224450000000000018e-02
-1.224450000000000018e-02
-1.224450000000000018e-02
-1.224450000000000018e-02
-1.224450000000000018e-02
-1.224450000000000018e-02
-1.224450000000000018e-02
-1.224450000000000018e-02
-1.224450000000000018e-02
-1.224450000000000018e-02
-1.224450000000000018e-02
-1.224450000000000018e-02
-1.224399999999999968e-02
-1.224399999999999968e-02
-1.224399999999999968e-02
-1.224399999999999968e-02
-1.224399999999999968e-02
-1.224399999999999968e-02
-1.224399999999999968e-02
-1.224399999999999968e-02
-1.222550000000000026e-02
-1.222550000000000026e-02
-1.222550000000000026e-02
-1.222550000000000026e-02
-1.222550000000000026e-02
-1.222550000000000026e-02
-1.222550000000000026e-02
-1.222550000000000026e-02
-1.222550000000000026e-02
-1.222550000000000026e-02
-1.222550000000000026e-02
-1.222550000000000026e-02
-1.222550000000000026e-02
-1.222499999999999976e-02
-1.222499999999999976e-02
-1.222499999999999976e-02
-1.222499999999999976e-02
-1.221099999999999963e-02
-1.221099999999999963e-02
-1.221099999999999963e-02
-1.221099999999999963e-02
-1.221099999999999963e-02
-1.221099999999999963e-02
-1.221099999999999963e-02
-1.221099999999999963e-02
-1.221099999999999963e-02
-1.221099999999999963e-02
-1.221099999999999963e-02
-1.177450000000000024e-02
-1.177450000000000024e-02
-1.177450000000000024e-02
-1.177300000000000048e-02
-1.177300000000000048e-02
-1.175900000000000035e-02
-1.173549999999999940e-02
-1.173549999999999940e-02
-1.173549999999999940e-02
-1.169150000000000050e-02
-1.158299999999999955e-02
-1.158299999999999955e-02
-1.158299999999999955e-02
-1.156000000000000083e-02
-1.155750000000000006e-02
-1.155750000000000006e-02
-1.155750000000000006e-02
-1.148199999999999915e-02
-1.147349999999999932e-02
-1.147349999999999932e-02
-1.143549999999999948e-02
-1.143549999999999948e-02
-1.143549999999999948e-02
-1.143549999999999948e-02
-1.143549999999999948e-02
-1.143549999999999948e-02
-1.143399999999999972e-02
-1.142999999999999919e-02
-1.142899999999999992e-02
-1.139199999999999935e-02
-1.139199999999999935e-02
-1.139199999999999935e-02
-1.139199999999999935e-02
-1.138199999999999976e-02
-1.138149999999999926e-02
-1.136150000000000007e-02
-1.136150000000000007e-02
-1.136150000000000007e-02
-1.136150000000000007e-02
-1.136000000000000031e-02
-1.135899999999999931e-02
-1.134950000000000021e-02
-1.134499999999999918e-02
-1.134349999999999942e-02
-1.134349999999999942e-02
-1.133050000000000029e-02
-1.132200000000000047e-02
-1.131599999999999967e-02
-1.131599999999999967e-02
-1.131599999999999967e-02
-1.131549999999999917e-02
-1.131549999999999917e-02
-1.131199999999999914e-02
-1.130800000000000034e-02
-1.130800000000000034e-02
-1.130800000000000034e-02
-1.130800000000000034e-02
-1.130699999999999934e-02
-1.130699999999999934e-02
-1.129800000000000075e-02
-1.129800000000000075e-02
-1.129800000000000075e-02
-1.129800000000000075e-02
-1.129800000000000075e-02
-1.129800000000000075e-02
-1.129699999999999975e-02
-1.129699999999999975e-02
-1.129699999999999975e-02
-1.129699999999999975e-02
-1.129699999999999975e-02
-1.129699999999999975e-02
-1.129699999999999975e-02
-1.129699999999999975e-02
-1.126800000000000024e-02
-1.126800000000000024e-02
-1.126800000000000024e-02
-1.126800000000000024e-02
-1.126800000000000024e-02
-1.123299999999999993e-02
-1.123299999999999993e-02
-1.122249999999999984e-02
-1.120149999999999965e-02
-1.120149999999999965e-02
-1.120149999999999965e-02
-1.120149999999999965e-02
-1.120149999999999965e-02
-1.119999999999999989e-02
-1.119999999999999989e-02
-1.119150000000000006e-02
-1.114549999999999916e-02
-1.110350000000000052e-02
-1.109899999999999949e-02
-1.109249999999999993e-02
-1.109249999999999993e-02
-1.109249999999999993e-02
-1.109249999999999993e-02
-1.105700000000000086e-02
-1.105700000000000086e-02
-1.105700000000000086e-02
-1.105700000000000086e-02
-1.105700000000000086e-02
-1.105700000000000086e-02
-1.105700000000000086e-02
-1.105700000000000086e-02
-1.105700000000000086e-02
-1.105700000000000086e-02
-1.105700000000000086e-02
-1.105700000000000086e-02
-1.105700000000000086e-02
-1.105549999999999936e-02
-1.105549999999999936e-02
-1.105549999999999936e-02
-1.105549999999999936e-02
-1.105500000000000059e-02
-1.105500000000000059e-02
-1.105500000000000059e-02
-1.105500000000000059e-02
-1.105500000000000059e-02
-1.105500000000000059e-02
-1.105500000000000059e-02
-1.105500000000000059e-02
-1.105500000000000059e-02
-1.105500000000000059e-02
-1.105500000000000059e-02
-1.105500000000000059e-02
-1.105500000000000059e-02
-1.105500000000000059e-02
-1.105500000000000059e-02
-1.105500000000000059e-02
-1.105500000000000059e-02
-1.105500000000000059e-02
-1.105450000000000009e-02
-1.105450000000000009e-02
-1.105450000000000009e-02
-1.105450000000000009e-02
-1.105450000000000009e-02
-1.105450000000000009e-02
-1.104800000000000053e-02
-1.104800000000000053e-02
-1.104800000000000053e-02
-1.104650000000000076e-02
-1.104650000000000076e-02
-1.104650000000000076e-02
-1.104650000000000076e-02
-1.103699999999999994e-02
-1.103699999999999994e-02
-1.103699999999999994e-02
-1.103649999999999944e-02
-1.097350000000000061e-02
-1.097350000000000061e-02
-1.097350000000000061e-02
-1.097350000000000061e-02
-1.097350000000000061e-02
-1.097350000000000061e-02
-1.097350000000000061e-02
-1.097350000000000061e-02
-1.097350000000000061e-02
-1.097350000000000061e-02
-1.095349999999999970e-02
-1.092549999999999945e-02
-1.091400000000000009e-02
-1.091400000000000009e-02
-1.091400000000000009e-02
-1.091400000000000009e-02
-1.091400000000000009e-02
-1.091400000000000009e-02
-1.091400000000000009e-02
-1.091250000000000032e-02
-1.091250000000000032e-02
-1.091250000000000032e-02
-1.091250000000000032e-02
-1.091100000000000056e-02
-1.091100000000000056e-02
-1.091100000000000056e-02
-1.091100000000000056e-02
-1.091100000000000056e-02
-1.091050000000000006e-02
-1.091050000000000006e-02
-1.091050000000000006e-02
-1.091050000000000006e-02
-1.091050000000000006e-02
-1.090999999999999956e-02
-1.090950000000000079e-02
-1.090950000000000079e-02
-1.090950000000000079e-02
-1.090950000000000079e-02
-1.090950000000000079e-02
-1.090950000000000079e-02
-1.090950000000000079e-02
-1.090950000000000079e-02
-1.090950000000000079e-02
-1.090950000000000079e-02
-1.090950000000000079e-02
-1.090950000000000079e-02
-1.090950000000000079e-02
-1.090950000000000079e-02
-1.090950000000000079e-02
-1.090950000000000079e-02
-1.090950000000000079e-02
-1.090950000000000079e-02
-1.090950000000000079e-02
-1.090950000000000079e-02
-1.090950000000000079e-02
-1.090950000000000079e-02
-1.090950000000000079e-02
-1.090950000000000079e-02
-1.090950000000000079e-02
-1.090950000000000079e-02
-1.090900000000000029e-02
-1.090900000000000029e-02
-1.090900000000000029e-02
-1.090900000000000029e-02
-1.090900000000000029e-02
-1.090900000000000029e-02
-1.090849999999999979e-02
-1.090849999999999979e-02
-1.090849999999999979e-02
-1.090849999999999979e-02
-1.090849999999999979e-02
-1.090849999999999979e-02
-1.090849999999999979e-02
-1.090849999999999979e-02
-1.090849999999999979e-02
-1.090849999999999979e-02
-1.090849999999999979e-02
-1.090250000000000073e-02
-1.090250000000000073e-02
-1.090250000000000073e-02
-1.089999999999999997e-02
-1.089999999999999997e-02
-1.089999999999999997e-02
-1.089999999999999997e-02
-1.089999999999999997e-02
-1.089999999999999997e-02
-1.089999999999999997e-02
-1.089999999999999997e-02
-1.089999999999999997e-02
-1.089949999999999947e-02
-1.089949999999999947e-02
-1.089949999999999947e-02
-1.089949999999999947e-02
-1.089949999999999947e-02
-1.089949999999999947e-02
-1.089949999999999947e-02
-1.089949999999999947e-02
-1.089949999999999947e-02
-1.089949999999999947e-02
-1.089949999999999947e-02
-1.089949999999999947e-02
-1.089949999999999947e-02
-1.089949999999999947e-02
-1.089949999999999947e-02
-1.089949999999999947e-02
-1.089949999999999947e-02
-1.089949999999999947e-02
-1.089949999999999947e-02
-1.089949999999999947e-02
-1.089949999999999947e-02
-1.089949999999999947e-02
-1.089949999999999947e-02
-1.089949999999999947e-02
-1.089949999999999947e-02
-1.089949999999999947e-02
-1.089949999999999947e-02
-1.089949999999999947e-02
-1.089949999999999947e-02
-1.089949999999999947e-02
-1.089949999999999947e-02
-1.089949999999999947e-02
-1.089949999999999947e-02
-1.089949999999999947e-02
-1.089949999999999947e-02
-1.089949999999999947e-02
-1.089949999999999947e-02
-1.089949999999999947e-02
-1.089949999999999947e-02
-1.089949999999999947e-02
-1.089949999999999947e-02
-1.089949999999999947e-02
-1.089949999999999947e-02
-1.089949999999999947e-02
-1.089949999999999947e-02
-1.088700000000000084e-02
-1.088700000000000084e-02
-1.088700000000000084e-02
-1.088700000000000084e-02
-1.088700000000000084e-02
-1.088700000000000084e-02
-1.088700000000000084e-02
-1.088650000000000034e-02
-1.088350000000000081e-02
-1.088350000000000081e-02
-1.088199999999999931e-02
-1.088199999999999931e-02
-1.088199999999999931e-02
-1.088199999999999931e-02
-1.088199999999999931e-02
-1.088150000000000055e-02
-1.088150000000000055e-02
-1.088150000000000055e-02
-1.088150000000000055e-02
-1.088150000000000055e-02
-1.088150000000000055e-02
-1.088150000000000055e-02
-1.088150000000000055e-02
-1.088150000000000055e-02
-1.088150000000000055e-02
-1.088150000000000055e-02
-1.088150000000000055e-02
-1.088150000000000055e-02
-1.088100000000000005e-02
-1.088100000000000005e-02
-1.087899999999999978e-02
-1.087849999999999928e-02
-1.087849999999999928e-02
-1.087849999999999928e-02
-1.087849999999999928e-02
-1.087800000000000052e-02
-1.087800000000000052e-02
-1.087800000000000052e-02
-1.087800000000000052e-02
-1.087800000000000052e-02
-1.087750000000000002e-02
-1.087750000000000002e-02
-1.087750000000000002e-02
-1.087750000000000002e-02
-1.087750000000000002e-02
-1.087699999999999952e-02
-1.087699999999999952e-02
-1.087699999999999952e-02
-1.087650000000000075e-02
-1.087650000000000075e-02
-1.087650000000000075e-02
-1.087650000000000075e-02
-1.087650000000000075e-02
-1.087650000000000075e-02
-1.087650000000000075e-02
-1.087650000000000075e-02
-1.087650000000000075e-02
-1.087650000000000075e-02
-1.087650000000000075e-02
-1.087600000000000025e-02
-1.087600000000000025e-02
-1.087600000000000025e-02
-1.087549999999999975e-02
-1.087549999999999975e-02
-1.087549999999999975e-02
-1.087549999999999975e-02
-1.087549999999999975e-02
-1.087549999999999975e-02
-1.087549999999999975e-02
-1.087549999999999975e-02
-1.087399999999999999e-02
-1.087399999999999999e-02
-1.087399999999999999e-02
-1.087399999999999999e-02
-1.087399999999999999e-02
-1.087399999999999999e-02
-1.087399999999999999e-02
-1.087399999999999999e-02
-1.087399999999999999e-02
-1.087399999999999999e-02
-1.087399999999999999e-02
-1.087399999999999999e-02
-1.087399999999999999e-02
-1.087399999999999999e-02
-1.087399999999999999e-02
-1.087100000000000045e-02
-1.087100000000000045e-02
-1.087100000000000045e-02
-1.087100000000000045e-02
-1.087100000000000045e-02
-1.085900000000000060e-02
-1.085449999999999957e-02
-1.085400000000000080e-02
-1.085299999999999980e-02
-1.085299999999999980e-02
-1.085299999999999980e-02
-1.085299999999999980e-02
-1.085299999999999980e-02
-1.085299999999999980e-02
-1.085299999999999980e-02
-1.085299999999999980e-02
-1.084500000000000047e-02
-1.084500000000000047e-02
-1.084500000000000047e-02
-1.084500000000000047e-02
-1.084500000000000047e-02
-1.084500000000000047e-02
-1.084500000000000047e-02
-1.084500000000000047e-02
-1.084500000000000047e-02
-1.084500000000000047e-02
-1.083450000000000038e-02
-1.083450000000000038e-02
-1.083450000000000038e-02
-1.083450000000000038e-02
-1.083450000000000038e-02
-1.083450000000000038e-02
-1.083450000000000038e-02
-1.083450000000000038e-02
-1.083450000000000038e-02
-1.083450000000000038e-02
-1.083450000000000038e-02
-1.083450000000000038e-02
-1.083450000000000038e-02
-1.083450000000000038e-02
-1.083450000000000038e-02
-1.083450000000000038e-02
-1.083450000000000038e-02
-1.083450000000000038e-02
-1.083450000000000038e-02
-1.083049999999999985e-02
-1.083049999999999985e-02
-1.083049999999999985e-02
-1.083049999999999985e-02
-1.082999999999999935e-02
-1.082999999999999935e-02
-1.082999999999999935e-02
-1.082999999999999935e-02
-1.082999999999999935e-02
-1.082999999999999935e-02
-1.082999999999999935e-02
-1.082999999999999935e-02
-1.082999999999999935e-02
-1.082999999999999935e-02
-1.082999999999999935e-02
-1.082999999999999935e-02
-1.082999999999999935e-02
-1.082950000000000058e-02
-1.082950000000000058e-02
-1.082950000000000058e-02
-1.082950000000000058e-02
-1.082950000000000058e-02
-1.082950000000000058e-02
-1.082950000000000058e-02
-1.082950000000000058e-02
-1.082950000000000058e-02
-1.082950000000000058e-02
-1.082950000000000058e-02
-1.082950000000000058e-02
-1.082950000000000058e-02
-1.082950000000000058e-02
-1.082950000000000058e-02
-1.082950000000000058e-02
-1.082950000000000058e-02
-1.082950000000000058e-02
-1.082950000000000058e-02
-1.082950000000000058e-02
-1.082950000000000058e-02
-1.082950000000000058e-02
-1.082950000000000058e-02
-1.082950000000000058e-02
-1.082950000000000058e-02
-1.082950000000000058e-02
-1.082950000000000058e-02
-1.082950000000000058e-02
-1.082950000000000058e-02
-1.082950000000000058e-02
-1.082950000000000058e-02
-1.082950000000000058e-02
-1.082950000000000058e-02
-1.082950000000000058e-02
-1.082950000000000058e-02
-1.082950000000000058e-02
-1.082950000000000058e-02
-1.082950000000000058e-02
-1.082600000000000055e-02
-1.082600000000000055e-02
-1.082550000000000005e-02
-1.082450000000000079e-02
-1.082450000000000079e-02
-1.082450000000000079e-02
-1.082450000000000079e-02
-1.082450000000000079e-02
-1.082450000000000079e-02
-1.082450000000000079e-02
-1.082400000000000029e-02
-1.082400000000000029e-02
-1.082400000000000029e-02
-1.082400000000000029e-02
-1.082400000000000029e-02
-1.082400000000000029e-02
-1.082100000000000076e-02
-1.082100000000000076e-02
-1.082100000000000076e-02
-1.082050000000000026e-02
-1.082050000000000026e-02
-1.081999999999999976e-02
-1.081900000000000049e-02
-1.081900000000000049e-02
-1.081900000000000049e-02
-1.081900000000000049e-02
-1.081900000000000049e-02
-1.081900000000000049e-02
-1.081900000000000049e-02
-1.081900000000000049e-02
-1.081900000000000049e-02
-1.081900000000000049e-02
-1.081900000000000049e-02
-1.081900000000000049e-02
-1.081849999999999999e-02
-1.081799999999999949e-02
-1.081799999999999949e-02
-1.081799999999999949e-02
-1.081799999999999949e-02
-1.081799999999999949e-02
-1.081799999999999949e-02
-1.081799999999999949e-02
-1.081799999999999949e-02
-1.081799999999999949e-02
-1.081400000000000070e-02
-1.081400000000000070e-02
-1.081400000000000070e-02
-1.081400000000000070e-02
-1.081400000000000070e-02
-1.081400000000000070e-02
-1.081400000000000070e-02
-1.081400000000000070e-02
-1.081299999999999970e-02
-1.081299999999999970e-02
-1.081299999999999970e-02
-1.081249999999999920e-02
-1.081249999999999920e-02
-1.081249999999999920e-02
-1.081249999999999920e-02
-1.081249999999999920e-02
-1.081200000000000043e-02
-1.081200000000000043e-02
-1.081200000000000043e-02
-1.081200000000000043e-02
-1.081149999999999993e-02
-1.081149999999999993e-02
-1.081149999999999993e-02
-1.081099999999999943e-02
-1.081099999999999943e-02
-1.081099999999999943e-02
-1.081099999999999943e-02
-1.081099999999999943e-02
-1.081099999999999943e-02
-1.080799999999999990e-02
-1.080799999999999990e-02
-1.080799999999999990e-02
-1.080799999999999990e-02
-1.080799999999999990e-02
-1.080799999999999990e-02
-1.080799999999999990e-02
-1.080799999999999990e-02
-1.080799999999999990e-02
-1.080799999999999990e-02
-1.080799999999999990e-02
-1.080799999999999990e-02
-1.080799999999999990e-02
-1.080799999999999990e-02
-1.080799999999999990e-02
-1.080799999999999990e-02
-1.080799999999999990e-02
-1.080799999999999990e-02
-1.080799999999999990e-02
-1.080799999999999990e-02
-1.080799999999999990e-02
-1.080799999999999990e-02
-1.080799999999999990e-02
-1.080799999999999990e-02
-1.080799999999999990e-02
-1.080799999999999990e-02
-1.080799999999999990e-02
-1.080799999999999990e-02
-1.080799999999999990e-02
-1.080799999999999990e-02
-1.080799999999999990e-02
-1.080799999999999990e-02
-1.080799999999999990e-02
-1.080799999999999990e-02
-1.080799999999999990e-02
-1.080799999999999990e-02
-1.080799999999999990e-02
-1.080799999999999990e-02
-1.080799999999999990e-02
-1.080799999999999990e-02
-1.080799999999999990e-02
-1.080799999999999990e-02
-1.080799999999999990e-02
-1.080799999999999990e-02
-1.080799999999999990e-02
-1.080799999999999990e-02
-1.080799999999999990e-02
-1.080799999999999990e-02
-1.080799999999999990e-02
-1.080799999999999990e-02
-1.080799999999999990e-02
-1.080799999999999990e-02
-1.080799999999999990e-02
-1.080799999999999990e-02
-1.080799999999999990e-02
-1.080799999999999990e-02
-1.080799999999999990e-02
-1.080799999999999990e-02
-1.080799999999999990e-02
-1.080749999999999940e-02
-1.080749999999999940e-02
-1.080749999999999940e-02
-1.080749999999999940e-02
-1.080749999999999940e-02
-1.080749999999999940e-02
-1.080749999999999940e-02
-1.080749999999999940e-02
-1.080749999999999940e-02
-1.080749999999999940e-02
-1.080650000000000013e-02
-1.080650000000000013e-02
-1.080650000000000013e-02
-1.080650000000000013e-02
-1.080650000000000013e-02
-1.080500000000000037e-02
-1.080500000000000037e-02
-1.080500000000000037e-02
-1.080500000000000037e-02
-1.080500000000000037e-02
-1.080500000000000037e-02
-1.080500000000000037e-02
-1.080500000000000037e-02
-1.080500000000000037e-02
-1.080500000000000037e-02
-1.080449999999999987e-02
-1.080449999999999987e-02
-1.080449999999999987e-02
-1.079950000000000007e-02
-1.079950000000000007e-02
-1.079950000000000007e-02
-1.079950000000000007e-02
-1.079950000000000007e-02
-1.079950000000000007e-02
-1.079950000000000007e-02
-1.079950000000000007e-02
-1.079950000000000007e-02
-1.079950000000000007e-02
-1.079950000000000007e-02
-1.079950000000000007e-02
-1.079950000000000007e-02
-1.079950000000000007e-02
-1.079950000000000007e-02
-1.079950000000000007e-02
-1.079950000000000007e-02
-1.079950000000000007e-02
-1.079950000000000007e-02
-1.079950000000000007e-02
-1.079800000000000031e-02
-1.079800000000000031e-02
-1.079800000000000031e-02
-1.079800000000000031e-02
-1.079800000000000031e-02
-1.079749999999999981e-02
-1.079749999999999981e-02
-1.079749999999999981e-02
-1.079749999999999981e-02
-1.079749999999999981e-02
-1.079749999999999981e-02
-1.079699999999999931e-02
-1.079699999999999931e-02
-1.079699999999999931e-02
-1.079699999999999931e-02
-1.079699999999999931e-02
-1.079699999999999931e-02
-1.079699999999999931e-02
-1.079699999999999931e-02
-1.079699999999999931e-02
-1.079699999999999931e-02
-1.079699999999999931e-02
