-7.357814999999999772e-01
-7.357814999999999772e-01
-7.357814999999999772e-01
-7.357814999999999772e-01
-7.331450000000000466e-01
-7.331450000000000466e-01
-7.331450000000000466e-01
-7.331450000000000466e-01
-7.237749999999999462e-01
-7.064994999999999470e-01
-6.998240000000000016e-01
-6.823879999999999946e-01
-6.823879999999999946e-01
-6.823879999999999946e-01
-6.792215000000000336e-01
-6.061765000000000070e-01
-6.061765000000000070e-01
-6.061765000000000070e-01
-5.947185000000000388e-01
-5.916989999999999750e-01
-5.908689999999999776e-01
-5.226224999999999898e-01
-5.226224999999999898e-01
-5.072830000000000394e-01
-5.072830000000000394e-01
-4.962520000000000264e-01
-4.228394999999999793e-01
-4.076259999999999883e-01
-4.076259999999999883e-01
-4.076259999999999883e-01
-3.749075000000000046e-01
-1.394549999999999956e-01
-1.394549999999999956e-01
-1.394549999999999956e-01
-1.394549999999999956e-01
-1.394549999999999956e-01
-1.394549999999999956e-01
-1.365834999999999966e-01
-1.329329999999999956e-01
-1.329329999999999956e-01
-1.202050000000000063e-01
-8.816549999999999387e-02
-8.816549999999999387e-02
-4.567999999999999838e-02
-4.567999999999999838e-02
-4.567999999999999838e-02
-4.567999999999999838e-02
-4.567999999999999838e-02
-4.567999999999999838e-02
-4.567999999999999838e-02
-4.562449999999999839e-02
-4.562449999999999839e-02
-3.945099999999999996e-02
-3.945099999999999996e-02
-3.945099999999999996e-02
-3.945099999999999996e-02
-3.670899999999999858e-02
-3.670899999999999858e-02
-3.252800000000000136e-02
-2.961799999999999849e-02
-2.961799999999999849e-02
-2.961799999999999849e-02
-2.961799999999999849e-02
-2.928750000000000103e-02
-2.928750000000000103e-02
-2.928750000000000103e-02
-2.523299999999999849e-02
-1.212049999999999933e-02
-1.212049999999999933e-02
-1.212049999999999933e-02
-1.212049999999999933e-02
-1.212049999999999933e-02
-1.212049999999999933e-02
-1.164450000000000034e-02
-1.164450000000000034e-02
-1.164450000000000034e-02
-1.164450000000000034e-02
-1.164450000000000034e-02
-1.164450000000000034e-02
-1.133750000000000036e-02
-1.087899999999999978e-02
-1.087899999999999978e-02
-1.087899999999999978e-02
-8.758500000000000660e-03
-8.758500000000000660e-03
-8.758500000000000660e-03
-8.503999999999999407e-03
-8.503999999999999407e-03
-8.503999999999999407e-03
-8.503999999999999407e-03
-8.503999999999999407e-03
-8.503999999999999407e-03
-8.503999999999999407e-03
-8.201999999999999222e-03
-8.201999999999999222e-03
-8.201999999999999222e-03
-8.201999999999999222e-03
-8.201999999999999222e-03
-8.201999999999999222e-03
-8.201999999999999222e-03
-8.196999999999999426e-03
-8.190499999999999864e-03
-8.190499999999999864e-03
-8.165000000000000382e-03
-8.165000000000000382e-03
-8.165000000000000382e-03
-8.165000000000000382e-03
-8.165000000000000382e-03
-8.165000000000000382e-03
-8.165000000000000382e-03
-8.165000000000000382e-03
-8.165000000000000382e-03
-8.164499999999999882e-03
-7.849999999999999339e-03
-4.816499999999999601e-03
-4.816499999999999601e-03
-4.816499999999999601e-03
-4.816499999999999601e-03
-2.309499999999999921e-03
-2.309499999999999921e-03
-2.309499999999999921e-03
-2.309499999999999921e-03
-2.309499999999999921e-03
-2.309499999999999921e-03
-2.309499999999999921e-03
-2.309499999999999921e-03
-2.309499999999999921e-03
-2.309499999999999921e-03
-2.309499999999999921e-03
-2.309499999999999921e-03
-2.309499999999999921e-03
-2.309499999999999921e-03
-2.309499999999999921e-03
-2.309499999999999921e-03
-2.309499999999999921e-03
-2.309499999999999921e-03
-2.309499999999999921e-03
-2.309499999999999921e-03
-2.309499999999999921e-03
-2.309499999999999921e-03
-2.309499999999999921e-03
-2.309499999999999921e-03
-1.322000000000000041e-03
-1.322000000000000041e-03
-1.322000000000000041e-03
-1.322000000000000041e-03
-1.322000000000000041e-03
-1.322000000000000041e-03
-1.322000000000000041e-03
-1.322000000000000041e-03
-1.322000000000000041e-03
-1.322000000000000041e-03
-1.322000000000000041e-03
-1.322000000000000041e-03
-1.322000000000000041e-03
-1.322000000000000041e-03
-1.322000000000000041e-03
-1.322000000000000041e-03
-1.322000000000000041e-03
-1.322000000000000041e-03
-1.322000000000000041e-03
-1.322000000000000041e-03
-1.322000000000000041e-03
-1.322000000000000041e-03
-1.322000000000000041e-03
-1.322000000000000041e-03
-1.298499999999999958e-03
-1.298499999999999958e-03
-1.298499999999999958e-03
-1.298499999999999958e-03
-1.297999999999999892e-03
-1.297999999999999892e-03
-1.297999999999999892e-03
-1.297999999999999892e-03
-1.297999999999999892e-03
-1.297999999999999892e-03
-1.297999999999999892e-03
-1.297999999999999892e-03
-1.297999999999999892e-03
-1.297999999999999892e-03
-1.297999999999999892e-03
-1.297999999999999892e-03
-1.297999999999999892e-03
-1.297999999999999892e-03
-1.297999999999999892e-03
-1.297999999999999892e-03
-1.295499999999999994e-03
-1.295499999999999994e-03
-1.295499999999999994e-03
-1.295499999999999994e-03
-1.295499999999999994e-03
-1.295499999999999994e-03
-1.295499999999999994e-03
-1.295499999999999994e-03
-1.295499999999999994e-03
-1.294999999999999927e-03
-1.294999999999999927e-03
-1.294999999999999927e-03
-1.294999999999999927e-03
-1.294999999999999927e-03
-1.294999999999999927e-03
-1.294999999999999927e-03
-1.294999999999999927e-03
-1.294999999999999927e-03
-1.294999999999999927e-03
-1.294999999999999927e-03
-1.294999999999999927e-03
-1.294999999999999927e-03
-1.294999999999999927e-03
-1.294999999999999927e-03
-1.294999999999999927e-03
-1.294999999999999927e-03
-1.294999999999999927e-03
-1.294999999999999927e-03
-1.294999999999999927e-03
-1.294999999999999927e-03
-1.294999999999999927e-03
-1.294999999999999927e-03
-1.294999999999999927e-03
-1.294999999999999927e-03
-1.294999999999999927e-03
-1.294999999999999927e-03
-1.294999999999999927e-03
-1.294999999999999927e-03
-1.294999999999999927e-03
-1.294999999999999927e-03
-1.294999999999999927e-03
-1.294999999999999927e-03
-1.294999999999999927e-03
-1.294999999999999927e-03
-1.294999999999999927e-03
-1.294999999999999927e-03
-1.294999999999999927e-03
-1.052500000000000050e-03
-1.052500000000000050e-03
-1.052500000000000050e-03
-1.052500000000000050e-03
-1.052500000000000050e-03
-1.052500000000000050e-03
-1.052500000000000050e-03
-1.052500000000000050e-03
-1.052500000000000050e-03
-1.052500000000000050e-03
-1.052500000000000050e-03
-1.052500000000000050e-03
-1.052500000000000050e-03
-1.052500000000000050e-03
-1.052500000000000050e-03
-1.052500000000000050e-03
-1.052500000000000050e-03
-1.052500000000000050e-03
-1.052500000000000050e-03
-1.052500000000000050e-03
-1.052500000000000050e-03
-1.052500000000000050e-03
-1.052500000000000050e-03
-1.052500000000000050e-03
-1.052500000000000050e-03
-1.052500000000000050e-03
-1.051999999999999984e-03
-1.051999999999999984e-03
-1.051999999999999984e-03
-1.051999999999999984e-03
-1.051999999999999984e-03
-1.051999999999999984e-03
-1.051999999999999984e-03
-1.051999999999999984e-03
-1.051999999999999984e-03
-1.051499999999999917e-03
-1.051499999999999917e-03
-1.051499999999999917e-03
-1.051499999999999917e-03
-1.051499999999999917e-03
-1.051499999999999917e-03
-1.051499999999999917e-03
-1.051499999999999917e-03
-1.051499999999999917e-03
-1.051499999999999917e-03
-1.051499999999999917e-03
-1.051499999999999917e-03
-1.051499999999999917e-03
-1.051499999999999917e-03
-1.051499999999999917e-03
-1.051499999999999917e-03
-1.051499999999999917e-03
-1.051499999999999917e-03
-1.051499999999999917e-03
-1.051499999999999917e-03
-1.051499999999999917e-03
-1.051499999999999917e-03
-1.051499999999999917e-03
-1.051499999999999917e-03
-1.051499999999999917e-03
-1.051499999999999917e-03
-1.051499999999999917e-03
-1.051499999999999917e-03
-1.051499999999999917e-03
-1.051499999999999917e-03
-1.051499999999999917e-03
-1.051499999999999917e-03
-1.051499999999999917e-03
-1.051499999999999917e-03
-1.051499999999999917e-03
-1.051499999999999917e-03
-1.051499999999999917e-03
-1.051499999999999917e-03
-1.051499999999999917e-03
-1.051499999999999917e-03
-1.051499999999999917e-03
-1.051499999999999917e-03
-1.051499999999999917e-03
-1.051499999999999917e-03
-1.051499999999999917e-03
-1.051499999999999917e-03
-1.051499999999999917e-03
-1.051499999999999917e-03
-1.051499999999999917e-03
-1.051499999999999917e-03
-1.051499999999999917e-03
-1.051499999999999917e-03
-1.051499999999999917e-03
-1.051499999999999917e-03
-1.051499999999999917e-03
-1.051499999999999917e-03
-1.051499999999999917e-03
-1.051499999999999917e-03
-1.051499999999999917e-03
-1.051499999999999917e-03
-1.051499999999999917e-03
-1.051499999999999917e-03
-1.051499999999999917e-03
-1.051499999999999917e-03
-1.051499999999999917e-03
-1.051499999999999917e-03
-1.051499999999999917e-03
-1.051499999999999917e-03
-1.051499999999999917e-03
-7.004999999999999508e-04
-7.004999999999999508e-04
-7.004999999999999508e-04
-7.004999999999999508e-04
-7.004999999999999508e-04
-7.004999999999999508e-04
-7.004999999999999508e-04
-7.004999999999999508e-04
-7.004999999999999508e-04
-7.004999999999999508e-04
-7.004999999999999508e-04
-7.004999999999999508e-04
-7.004999999999999508e-04
-7.004999999999999508e-04
-7.004999999999999508e-04
-7.004999999999999508e-04
-7.004999999999999508e-04
-7.004999999999999508e-04
-7.004999999999999508e-04
-7.004999999999999508e-04
-7.004999999999999508e-04
-7.004999999999999508e-04
-7.004999999999999508e-04
-7.004999999999999508e-04
-7.004999999999999508e-04
-7.004999999999999508e-04
-7.004999999999999508e-04
-7.004999999999999508e-04
-7.004999999999999508e-04
-7.004999999999999508e-04
-7.004999999999999508e-04
-7.004999999999999508e-04
-7.004999999999999508e-04
-7.004999999999999508e-04
-7.004999999999999508e-04
-7.004999999999999508e-04
-7.004999999999999508e-04
-7.004999999999999508e-04
-7.004999999999999508e-04
-7.004999999999999508e-04
-7.004999999999999508e-04
-7.004999999999999508e-04
-7.004999999999999508e-04
-7.004999999999999508e-04
-7.004999999999999508e-04
-7.004999999999999508e-04
-7.004999999999999508e-04
-7.004999999999999508e-04
-7.004999999999999508e-04
-7.004999999999999508e-04
-7.004999999999999508e-04
-7.004999999999999508e-04
-7.004999999999999508e-04
-6.999999999999999929e-04
-6.999999999999999929e-04
-6.999999999999999929e-04
-6.999999999999999929e-04
-6.999999999999999929e-04
-6.999999999999999929e-04
-6.999999999999999929e-04
-6.999999999999999929e-04
-6.999999999999999929e-04
-6.999999999999999929e-04
-6.999999999999999929e-04
-6.999999999999999929e-04
-6.999999999999999929e-04
-6.999999999999999929e-04
-6.999999999999999929e-04
-6.999999999999999929e-04
-6.999999999999999929e-04
-6.999999999999999929e-04
-6.999999999999999929e-04
-6.999999999999999929e-04
-6.999999999999999929e-04
-6.999999999999999929e-04
-6.999999999999999929e-04
-6.999999999999999929e-04
-6.999999999999999929e-04
-6.999999999999999929e-04
-6.999999999999999929e-04
-6.999999999999999929e-04
-6.999999999999999929e-04
-6.999999999999999929e-04
-6.999999999999999929e-04
-6.999999999999999929e-04
-6.999999999999999929e-04
-6.999999999999999929e-04
-6.999999999999999929e-04
-6.999999999999999929e-04
-6.999999999999999929e-04
-6.999999999999999929e-04
-6.999999999999999929e-04
-6.999999999999999929e-04
-6.999999999999999929e-04
-6.999999999999999929e-04
-6.999999999999999929e-04
-6.999999999999999929e-04
-6.999999999999999929e-04
-6.999999999999999929e-04
-6.999999999999999929e-04
-6.999999999999999929e-04
-6.999999999999999929e-04
-6.999999999999999929e-04
-6.999999999999999929e-04
-6.999999999999999929e-04
-6.999999999999999929e-04
-6.999999999999999929e-04
-6.999999999999999929e-04
-6.999999999999999929e-04
-6.999999999999999929e-04
-6.999999999999999929e-04
-6.999999999999999929e-04
-6.999999999999999929e-04
-6.999999999999999929e-04
-6.999999999999999929e-04
-6.999999999999999929e-04
-6.999999999999999929e-04
-6.999999999999999929e-04
-6.999999999999999929e-04
-6.999999999999999929e-04
-6.999999999999999929e-04
-6.999999999999999929e-04
-6.999999999999999929e-04
-6.999999999999999929e-04
-6.999999999999999929e-04
-6.999999999999999929e-04
-6.999999999999999929e-04
-6.999999999999999929e-04
-6.999999999999999929e-04
-6.999999999999999929e-04
-6.999999999999999929e-04
-6.999999999999999929e-04
-6.999999999999999929e-04
-6.999999999999999929e-04
-6.999999999999999929e-04
-6.999999999999999929e-04
-6.999999999999999929e-04
-6.999999999999999929e-04
-6.999999999999999929e-04
-6.999999999999999929e-04
-6.999999999999999929e-04
-6.999999999999999929e-04
-6.999999999999999929e-04
-6.999999999999999929e-04
-6.999999999999999929e-04
-6.999999999999999929e-04
-6.999999999999999929e-04
-6.999999999999999929e-04
-6.999999999999999929e-04
-6.999999999999999929e-04
-6.999999999999999929e-04
-6.999999999999999929e-04
-6.999999999999999929e-04
-6.999999999999999929e-04
-6.999999999999999929e-04
-6.999999999999999929e-04
-6.999999999999999929e-04
-6.999999999999999929e-04
-6.999999999999999929e-04
-6.999999999999999929e-04
-6.999999999999999929e-04
-6.999999999999999929e-04
-6.999999999999999929e-04
