-5.340249999999999858e-02
-5.340249999999999858e-02
-5.340249999999999858e-02
-5.143149999999999805e-02
-4.857849999999999668e-02
-4.857849999999999668e-02
-4.857849999999999668e-02
-4.429400000000000004e-02
-4.094849999999999879e-02
-3.434299999999999853e-02
-3.434299999999999853e-02
-3.434299999999999853e-02
-3.015899999999999831e-02
-3.015899999999999831e-02
-3.015899999999999831e-02
-2.660200000000000065e-02
-2.660200000000000065e-02
-2.606450000000000086e-02
-2.587300000000000016e-02
-1.867749999999999966e-02
-1.867749999999999966e-02
-1.867749999999999966e-02
-1.739699999999999927e-02
-1.448499999999999961e-02
-1.448499999999999961e-02
-1.448499999999999961e-02
-1.448499999999999961e-02
-1.448499999999999961e-02
-1.270899999999999981e-02
-1.270899999999999981e-02
-1.270899999999999981e-02
-1.270899999999999981e-02
-1.270899999999999981e-02
-1.270899999999999981e-02
-1.183150000000000000e-02
-1.183150000000000000e-02
-1.183150000000000000e-02
-1.183150000000000000e-02
-1.183150000000000000e-02
-1.018149999999999958e-02
-1.018149999999999958e-02
-1.018149999999999958e-02
-1.017850000000000005e-02
-1.017850000000000005e-02
-1.017850000000000005e-02
-1.017850000000000005e-02
-1.017850000000000005e-02
-1.017850000000000005e-02
-1.006899999999999983e-02
-1.006899999999999983e-02
-1.005349999999999994e-02
-1.005349999999999994e-02
-1.000999999999999980e-02
-9.920999999999999264e-03
-9.920999999999999264e-03
-9.920999999999999264e-03
-9.920999999999999264e-03
-9.920999999999999264e-03
-9.920999999999999264e-03
-9.813999999999999807e-03
-9.813999999999999807e-03
-9.813999999999999807e-03
-9.813999999999999807e-03
-9.813999999999999807e-03
-9.813999999999999807e-03
-9.806000000000000480e-03
-9.795999999999999153e-03
-9.782499999999999529e-03
-9.782499999999999529e-03
-9.776500000000000468e-03
-9.775000000000000702e-03
-9.774500000000000202e-03
-9.771999999999999437e-03
-9.769999999999999171e-03
-9.769500000000000406e-03
-9.769500000000000406e-03
-9.769500000000000406e-03
-9.758499999999999813e-03
-9.758499999999999813e-03
-9.758499999999999813e-03
-9.758499999999999813e-03
-9.758499999999999813e-03
-9.755500000000000282e-03
-9.754499999999999282e-03
-9.754499999999999282e-03
-9.741500000000000159e-03
-9.741500000000000159e-03
-9.739499999999999894e-03
-9.739499999999999894e-03
-9.739499999999999894e-03
-9.730000000000000801e-03
-9.727500000000000036e-03
-9.727500000000000036e-03
-9.727500000000000036e-03
-9.727500000000000036e-03
-9.727500000000000036e-03
-9.727500000000000036e-03
-9.727500000000000036e-03
-9.727500000000000036e-03
-9.727500000000000036e-03
-9.727500000000000036e-03
-9.727500000000000036e-03
-9.727500000000000036e-03
-9.726999999999999535e-03
-9.726999999999999535e-03
-9.726999999999999535e-03
-9.716999999999999943e-03
-9.716999999999999943e-03
-9.716999999999999943e-03
-9.716999999999999943e-03
-9.716499999999999443e-03
-9.716499999999999443e-03
-9.714499999999999177e-03
-9.714499999999999177e-03
-9.714499999999999177e-03
-9.714499999999999177e-03
-9.714499999999999177e-03
-9.705000000000000085e-03
-9.705000000000000085e-03
-9.705000000000000085e-03
-9.705000000000000085e-03
-9.705000000000000085e-03
-9.705000000000000085e-03
-9.705000000000000085e-03
-9.705000000000000085e-03
-9.705000000000000085e-03
-9.705000000000000085e-03
-9.705000000000000085e-03
-9.705000000000000085e-03
-9.705000000000000085e-03
-9.704499999999999585e-03
-9.593499999999999597e-03
-9.593499999999999597e-03
-9.589999999999999566e-03
-9.589999999999999566e-03
-9.589999999999999566e-03
-9.575999999999999443e-03
-9.572499999999999412e-03
-9.570499999999999147e-03
-9.570499999999999147e-03
-9.570499999999999147e-03
-9.570499999999999147e-03
-9.568999999999999381e-03
-9.555499999999999758e-03
-9.555499999999999758e-03
-9.539499999999999369e-03
-9.539499999999999369e-03
-9.539499999999999369e-03
-9.452500000000000832e-03
-9.452500000000000832e-03
-9.452500000000000832e-03
-9.452500000000000832e-03
-9.452500000000000832e-03
-9.452500000000000832e-03
-9.452500000000000832e-03
-9.452500000000000832e-03
-9.452500000000000832e-03
-9.452500000000000832e-03
-9.452500000000000832e-03
-9.452500000000000832e-03
-9.452500000000000832e-03
-9.452500000000000832e-03
-9.452500000000000832e-03
-9.452500000000000832e-03
-9.452500000000000832e-03
-9.452500000000000832e-03
-9.452500000000000832e-03
-9.452500000000000832e-03
-9.452500000000000832e-03
-9.452500000000000832e-03
-9.452500000000000832e-03
-9.451499999999999832e-03
-9.451499999999999832e-03
-9.451499999999999832e-03
-9.451499999999999832e-03
-9.451499999999999832e-03
-9.451499999999999832e-03
-9.451499999999999832e-03
-9.451499999999999832e-03
-9.451499999999999832e-03
-9.451499999999999832e-03
-9.451499999999999832e-03
-9.451499999999999832e-03
-9.451499999999999832e-03
-9.451499999999999832e-03
-9.450000000000000067e-03
-9.450000000000000067e-03
-9.449499999999999567e-03
-9.443000000000000005e-03
-9.443000000000000005e-03
-9.442499999999999505e-03
-9.442499999999999505e-03
-9.428000000000000616e-03
-9.428000000000000616e-03
-9.428000000000000616e-03
-9.428000000000000616e-03
-9.427500000000000116e-03
-9.427500000000000116e-03
-9.419500000000000789e-03
-9.419500000000000789e-03
-9.419500000000000789e-03
-9.419500000000000789e-03
-9.419500000000000789e-03
-9.419500000000000789e-03
-9.419500000000000789e-03
-9.419500000000000789e-03
-9.419500000000000789e-03
-9.419500000000000789e-03
-9.419500000000000789e-03
-9.419500000000000789e-03
-9.419500000000000789e-03
-9.419500000000000789e-03
-9.419500000000000789e-03
-9.412000000000000227e-03
-9.412000000000000227e-03
-9.412000000000000227e-03
-9.412000000000000227e-03
-9.412000000000000227e-03
-9.412000000000000227e-03
-9.412000000000000227e-03
-9.412000000000000227e-03
-9.412000000000000227e-03
-9.412000000000000227e-03
-9.411499999999999727e-03
-9.410500000000000462e-03
-9.410500000000000462e-03
-9.410500000000000462e-03
-9.410500000000000462e-03
-9.407000000000000431e-03
-9.407000000000000431e-03
-9.405500000000000665e-03
-9.405000000000000165e-03
-9.404499999999999665e-03
-9.404499999999999665e-03
-9.404499999999999665e-03
-9.404499999999999665e-03
-9.403999999999999165e-03
-9.403500000000000400e-03
-9.402999999999999900e-03
-9.356500000000000233e-03
-9.356500000000000233e-03
-9.356500000000000233e-03
-9.356500000000000233e-03
-9.356500000000000233e-03
-9.356500000000000233e-03
-9.356500000000000233e-03
-9.355499999999999233e-03
-9.355499999999999233e-03
-9.353999999999999468e-03
-9.353999999999999468e-03
-9.353999999999999468e-03
-9.353999999999999468e-03
-9.353999999999999468e-03
-9.353999999999999468e-03
-9.349500000000000172e-03
-9.349500000000000172e-03
-9.349500000000000172e-03
-9.349500000000000172e-03
-9.318500000000000394e-03
-9.318500000000000394e-03
-9.318500000000000394e-03
-9.318500000000000394e-03
-9.318500000000000394e-03
-9.318500000000000394e-03
-9.318500000000000394e-03
-9.313999999999999363e-03
-9.302500000000000005e-03
-9.295499999999999943e-03
-9.295499999999999943e-03
-9.295499999999999943e-03
-9.295499999999999943e-03
-9.291499999999999412e-03
-9.291499999999999412e-03
-9.291499999999999412e-03
-9.288499999999999882e-03
-9.286499999999999616e-03
-9.286499999999999616e-03
-9.282000000000000320e-03
-9.282000000000000320e-03
-9.282000000000000320e-03
-9.282000000000000320e-03
-9.282000000000000320e-03
-9.282000000000000320e-03
-9.279000000000000789e-03
-9.279000000000000789e-03
-9.279000000000000789e-03
-9.279000000000000789e-03
-9.277999999999999789e-03
-9.277999999999999789e-03
-9.277999999999999789e-03
-9.277999999999999789e-03
-9.277999999999999789e-03
-9.277999999999999789e-03
-9.277999999999999789e-03
-9.275999999999999523e-03
-9.275999999999999523e-03
-9.275500000000000758e-03
-9.273500000000000493e-03
-9.272999999999999993e-03
-9.272999999999999993e-03
-9.272000000000000727e-03
-9.266999999999999196e-03
-9.263000000000000400e-03
-9.263000000000000400e-03
-9.262499999999999900e-03
-9.262499999999999900e-03
-9.261999999999999400e-03
-9.261999999999999400e-03
-9.261999999999999400e-03
-9.261500000000000635e-03
-9.261500000000000635e-03
-9.261500000000000635e-03
-9.261500000000000635e-03
-9.240500000000000450e-03
-9.240500000000000450e-03
-9.240500000000000450e-03
-9.240500000000000450e-03
-9.240500000000000450e-03
-9.240500000000000450e-03
-9.239999999999999949e-03
-9.239999999999999949e-03
-9.239999999999999949e-03
-9.239999999999999949e-03
-9.239999999999999949e-03
-9.239999999999999949e-03
-9.239499999999999449e-03
-9.239499999999999449e-03
-9.239000000000000684e-03
-9.239000000000000684e-03
-9.238500000000000184e-03
-9.237999999999999684e-03
-9.237999999999999684e-03
-9.237999999999999684e-03
-9.237999999999999684e-03
-9.237999999999999684e-03
-9.237999999999999684e-03
-9.233999999999999153e-03
-9.233999999999999153e-03
-9.233999999999999153e-03
-9.233999999999999153e-03
-9.233999999999999153e-03
-9.233999999999999153e-03
-9.233999999999999153e-03
-9.227499999999999591e-03
-9.227499999999999591e-03
-9.227499999999999591e-03
-9.227499999999999591e-03
-9.227499999999999591e-03
-9.227499999999999591e-03
-9.227499999999999591e-03
-9.226500000000000326e-03
-9.226500000000000326e-03
-9.226500000000000326e-03
-9.226500000000000326e-03
-9.226500000000000326e-03
-9.226500000000000326e-03
-9.226500000000000326e-03
-9.226500000000000326e-03
-9.226500000000000326e-03
-9.225999999999999826e-03
-9.220000000000000764e-03
-9.220000000000000764e-03
-9.214500000000000468e-03
-9.214500000000000468e-03
-9.214500000000000468e-03
-9.214500000000000468e-03
-9.214500000000000468e-03
-9.214500000000000468e-03
-9.214500000000000468e-03
-9.214500000000000468e-03
-9.211000000000000437e-03
-9.211000000000000437e-03
-9.211000000000000437e-03
-9.210499999999999937e-03
-9.210499999999999937e-03
-9.209999999999999437e-03
-9.209999999999999437e-03
-9.209999999999999437e-03
-9.209999999999999437e-03
-9.209999999999999437e-03
-9.209999999999999437e-03
-9.209000000000000172e-03
-9.209000000000000172e-03
-9.209000000000000172e-03
-9.209000000000000172e-03
-9.209000000000000172e-03
-9.197999999999999579e-03
-9.197999999999999579e-03
-9.197999999999999579e-03
-9.197999999999999579e-03
-9.194000000000000783e-03
-9.193500000000000283e-03
-9.189499999999999752e-03
-9.189499999999999752e-03
-9.189499999999999752e-03
-9.189499999999999752e-03
-9.189499999999999752e-03
-9.188999999999999252e-03
-9.188999999999999252e-03
-9.188999999999999252e-03
-9.188999999999999252e-03
-9.176000000000000129e-03
-9.176000000000000129e-03
-9.176000000000000129e-03
-9.176000000000000129e-03
-9.176000000000000129e-03
-9.176000000000000129e-03
-9.171999999999999598e-03
-9.171999999999999598e-03
-9.171999999999999598e-03
-9.171999999999999598e-03
-9.171999999999999598e-03
-9.171999999999999598e-03
-9.171500000000000832e-03
-9.171500000000000832e-03
-9.171500000000000832e-03
-9.171500000000000832e-03
-9.171000000000000332e-03
-9.171000000000000332e-03
-9.171000000000000332e-03
-9.171000000000000332e-03
-9.171000000000000332e-03
-9.171000000000000332e-03
-9.171000000000000332e-03
-9.168000000000000801e-03
-9.168000000000000801e-03
-9.168000000000000801e-03
-9.168000000000000801e-03
-9.168000000000000801e-03
-9.168000000000000801e-03
-9.167500000000000301e-03
-9.167500000000000301e-03
-9.167500000000000301e-03
-9.167500000000000301e-03
-9.167500000000000301e-03
-9.167500000000000301e-03
-9.167500000000000301e-03
-9.167500000000000301e-03
-9.167500000000000301e-03
-9.128999999999999962e-03
-9.126999999999999696e-03
-9.110999999999999308e-03
-9.107000000000000511e-03
-9.107000000000000511e-03
-9.107000000000000511e-03
-9.105500000000000746e-03
-9.105500000000000746e-03
-9.102999999999999980e-03
-9.102999999999999980e-03
-9.102999999999999980e-03
-9.091000000000000122e-03
-9.091000000000000122e-03
-9.078499999999999764e-03
-9.078499999999999764e-03
-9.078499999999999764e-03
-9.078499999999999764e-03
-9.078499999999999764e-03
-9.078499999999999764e-03
-9.078499999999999764e-03
-9.072500000000000703e-03
-9.067000000000000406e-03
-9.067000000000000406e-03
-9.067000000000000406e-03
-9.066499999999999906e-03
-9.062999999999999876e-03
-9.062999999999999876e-03
-9.046000000000000221e-03
-9.046000000000000221e-03
-9.046000000000000221e-03
-9.046000000000000221e-03
-9.046000000000000221e-03
-9.046000000000000221e-03
-9.045499999999999721e-03
-9.044500000000000456e-03
-9.044500000000000456e-03
-9.044500000000000456e-03
-9.044500000000000456e-03
-9.044500000000000456e-03
-9.044500000000000456e-03
-9.044500000000000456e-03
-9.044500000000000456e-03
-9.044500000000000456e-03
-9.044500000000000456e-03
-9.027500000000000802e-03
-9.027500000000000802e-03
-9.027500000000000802e-03
-9.027500000000000802e-03
-9.027500000000000802e-03
-9.027500000000000802e-03
-9.027500000000000802e-03
-9.027500000000000802e-03
-9.027500000000000802e-03
-9.027500000000000802e-03
-9.027500000000000802e-03
-9.027500000000000802e-03
-9.027500000000000802e-03
-9.027500000000000802e-03
-9.027500000000000802e-03
-9.027500000000000802e-03
-9.027500000000000802e-03
-9.027500000000000802e-03
-9.027000000000000302e-03
-9.027000000000000302e-03
-9.027000000000000302e-03
-9.022499999999999271e-03
-9.022499999999999271e-03
-9.021500000000000005e-03
-9.021500000000000005e-03
-9.021500000000000005e-03
-9.019499999999999740e-03
-9.017999999999999974e-03
-9.017999999999999974e-03
-9.017499999999999474e-03
-9.016500000000000209e-03
-9.015000000000000444e-03
-9.013999999999999443e-03
-9.013999999999999443e-03
-9.013500000000000678e-03
-9.013500000000000678e-03
-9.013500000000000678e-03
-9.013500000000000678e-03
-9.012499999999999678e-03
-9.012499999999999678e-03
-9.012499999999999678e-03
-9.010499999999999413e-03
-9.010499999999999413e-03
-9.010499999999999413e-03
-9.010499999999999413e-03
-9.010499999999999413e-03
-9.003000000000000586e-03
-9.003000000000000586e-03
-9.003000000000000586e-03
-9.003000000000000586e-03
-9.003000000000000586e-03
-9.003000000000000586e-03
-9.003000000000000586e-03
-9.003000000000000586e-03
-8.999999999999999320e-03
-8.999999999999999320e-03
-8.999999999999999320e-03
-8.999500000000000555e-03
-8.998499999999999555e-03
-8.998499999999999555e-03
-8.997500000000000289e-03
-8.997500000000000289e-03
-8.987999999999999462e-03
-8.985999999999999197e-03
-8.984000000000000666e-03
-8.982499999999999166e-03
-8.982499999999999166e-03
-8.982000000000000400e-03
-8.982000000000000400e-03
-8.981499999999999900e-03
-8.981499999999999900e-03
-8.981499999999999900e-03
-8.981499999999999900e-03
-8.981499999999999900e-03
-8.980999999999999400e-03
-8.980999999999999400e-03
-8.980000000000000135e-03
-8.966000000000000011e-03
-8.966000000000000011e-03
-8.965000000000000746e-03
-8.965000000000000746e-03
-8.965000000000000746e-03
-8.965000000000000746e-03
-8.965000000000000746e-03
-8.965000000000000746e-03
-8.965000000000000746e-03
-8.965000000000000746e-03
-8.965000000000000746e-03
-8.964500000000000246e-03
-8.964500000000000246e-03
-8.964500000000000246e-03
-8.964500000000000246e-03
-8.964500000000000246e-03
-8.964500000000000246e-03
-8.964500000000000246e-03
-8.964500000000000246e-03
-8.961500000000000715e-03
-8.961000000000000215e-03
-8.961000000000000215e-03
-8.961000000000000215e-03
-8.956499999999999184e-03
-8.956499999999999184e-03
-8.956499999999999184e-03
-8.954999999999999419e-03
-8.954999999999999419e-03
-8.954999999999999419e-03
-8.954999999999999419e-03
-8.954999999999999419e-03
-8.954999999999999419e-03
-8.954999999999999419e-03
-8.954999999999999419e-03
-8.954999999999999419e-03
-8.954999999999999419e-03
-8.954500000000000653e-03
-8.947999999999999357e-03
-8.946000000000000826e-03
-8.946000000000000826e-03
-8.945500000000000326e-03
-8.945500000000000326e-03
-8.945500000000000326e-03
-8.945500000000000326e-03
-8.945500000000000326e-03
-8.945500000000000326e-03
-8.944999999999999826e-03
-8.944999999999999826e-03
-8.944999999999999826e-03
-8.940500000000000530e-03
-8.940500000000000530e-03
-8.940500000000000530e-03
-8.940000000000000030e-03
-8.940000000000000030e-03
-8.940000000000000030e-03
-8.940000000000000030e-03
-8.940000000000000030e-03
-8.940000000000000030e-03
-8.940000000000000030e-03
-8.940000000000000030e-03
-8.940000000000000030e-03
-8.940000000000000030e-03
-8.939499999999999530e-03
-8.939499999999999530e-03
-8.939499999999999530e-03
-8.939499999999999530e-03
-8.939499999999999530e-03
-8.939499999999999530e-03
-8.939499999999999530e-03
-8.939499999999999530e-03
-8.939499999999999530e-03
-8.939499999999999530e-03
-8.939499999999999530e-03
-8.939499999999999530e-03
-8.939499999999999530e-03
-8.939499999999999530e-03
-8.939499999999999530e-03
-8.939499999999999530e-03
-8.939499999999999530e-03
-8.939499999999999530e-03
-8.939499999999999530e-03
-8.723500000000000351e-03
-8.723500000000000351e-03
-8.723500000000000351e-03
-8.723500000000000351e-03
-8.723500000000000351e-03
-8.723500000000000351e-03
-8.723500000000000351e-03
-8.723500000000000351e-03
-8.723500000000000351e-03
-8.723500000000000351e-03
-8.723500000000000351e-03
-8.723500000000000351e-03
-8.723500000000000351e-03
-8.723500000000000351e-03
-8.723500000000000351e-03
-8.723500000000000351e-03
-8.723500000000000351e-03
-8.723500000000000351e-03
-8.723500000000000351e-03
-8.723500000000000351e-03
-8.723500000000000351e-03
-8.723500000000000351e-03
-8.723500000000000351e-03
-8.723500000000000351e-03
-8.723500000000000351e-03
-8.723500000000000351e-03
-8.723500000000000351e-03
-8.723500000000000351e-03
-8.723500000000000351e-03
-8.723500000000000351e-03
-8.723500000000000351e-03
-8.723500000000000351e-03
-8.723500000000000351e-03
-8.723500000000000351e-03
-8.723500000000000351e-03
-8.723500000000000351e-03
-8.723500000000000351e-03
-8.723500000000000351e-03
-8.723500000000000351e-03
-8.723500000000000351e-03
-8.723500000000000351e-03
-8.723500000000000351e-03
-8.723500000000000351e-03
-8.723500000000000351e-03
-8.723500000000000351e-03
-8.723500000000000351e-03
-8.723500000000000351e-03
-8.723500000000000351e-03
-8.723500000000000351e-03
-8.723500000000000351e-03
-8.723500000000000351e-03
-8.723500000000000351e-03
-8.723500000000000351e-03
-8.723500000000000351e-03
-8.723500000000000351e-03
-8.723500000000000351e-03
-8.715499999999999289e-03
-8.715499999999999289e-03
-8.715499999999999289e-03
-8.710499999999999493e-03
-8.710499999999999493e-03
-8.709500000000000228e-03
-8.709500000000000228e-03
-8.708000000000000462e-03
-8.708000000000000462e-03
-8.708000000000000462e-03
-8.708000000000000462e-03
-8.708000000000000462e-03
-8.708000000000000462e-03
-8.665499999999999592e-03
-8.665499999999999592e-03
-8.665499999999999592e-03
-8.665499999999999592e-03
-8.665499999999999592e-03
-8.665000000000000827e-03
-8.643500000000000141e-03
-8.643500000000000141e-03
-8.643500000000000141e-03
-8.628999999999999518e-03
-8.628999999999999518e-03
-8.628999999999999518e-03
-8.628999999999999518e-03
-8.628999999999999518e-03
-8.627499999999999752e-03
-8.627499999999999752e-03
-8.626500000000000487e-03
-8.625999999999999987e-03
-8.625999999999999987e-03
-8.623999999999999722e-03
-8.616999999999999660e-03
-8.616999999999999660e-03
-8.616999999999999660e-03
-8.616999999999999660e-03
-8.612500000000000364e-03
-8.612500000000000364e-03
-8.612500000000000364e-03
-8.612500000000000364e-03
-8.612500000000000364e-03
-8.612500000000000364e-03
-8.612500000000000364e-03
-8.612500000000000364e-03
-8.612500000000000364e-03
-8.611999999999999864e-03
-8.611499999999999364e-03
-8.611499999999999364e-03
-8.611499999999999364e-03
-8.610500000000000098e-03
-8.610500000000000098e-03
-8.610500000000000098e-03
-8.610500000000000098e-03
-8.609999999999999598e-03
-8.609999999999999598e-03
-8.609999999999999598e-03
-8.609999999999999598e-03
-8.609999999999999598e-03
-8.609500000000000833e-03
-8.609500000000000833e-03
-8.609500000000000833e-03
-8.609500000000000833e-03
-8.609500000000000833e-03
-8.609500000000000833e-03
-8.609500000000000833e-03
-8.609500000000000833e-03
-8.609500000000000833e-03
-8.609500000000000833e-03
-8.609500000000000833e-03
-8.609500000000000833e-03
-8.609500000000000833e-03
-8.604999999999999802e-03
-8.604999999999999802e-03
-8.604999999999999802e-03
-8.604000000000000536e-03
-8.604000000000000536e-03
-8.604000000000000536e-03
-8.604000000000000536e-03
-8.604000000000000536e-03
-8.604000000000000536e-03
-8.604000000000000536e-03
-8.604000000000000536e-03
-8.603500000000000036e-03
-8.603500000000000036e-03
-8.602999999999999536e-03
-8.602000000000000271e-03
-8.602000000000000271e-03
-8.602000000000000271e-03
-8.598500000000000240e-03
-8.598500000000000240e-03
-8.598500000000000240e-03
-8.598500000000000240e-03
-8.598500000000000240e-03
-8.597999999999999740e-03
-8.597499999999999240e-03
-8.595999999999999475e-03
-8.595999999999999475e-03
-8.595999999999999475e-03
-8.595999999999999475e-03
-8.595999999999999475e-03
-8.595000000000000209e-03
-8.595000000000000209e-03
-8.595000000000000209e-03
-8.595000000000000209e-03
-8.595000000000000209e-03
-8.594499999999999709e-03
-8.594499999999999709e-03
-8.592499999999999444e-03
-8.592499999999999444e-03
-8.590000000000000413e-03
-8.590000000000000413e-03
-8.589499999999999913e-03
-8.589499999999999913e-03
-8.589499999999999913e-03
-8.589499999999999913e-03
-8.589499999999999913e-03
-8.588999999999999413e-03
-8.588500000000000648e-03
-8.588500000000000648e-03
-8.587499999999999648e-03
-8.587499999999999648e-03
-8.587499999999999648e-03
-8.587499999999999648e-03
-8.587499999999999648e-03
-8.587499999999999648e-03
-8.586999999999999147e-03
-8.586999999999999147e-03
-8.586999999999999147e-03
-8.586999999999999147e-03
-8.586999999999999147e-03
-8.586999999999999147e-03
-8.586999999999999147e-03
-8.586999999999999147e-03
-8.586999999999999147e-03
-8.586500000000000382e-03
-8.586500000000000382e-03
-8.586500000000000382e-03
-8.586500000000000382e-03
-8.586500000000000382e-03
-8.586500000000000382e-03
-8.586500000000000382e-03
-8.586500000000000382e-03
-8.586500000000000382e-03
-8.586500000000000382e-03
-8.586500000000000382e-03
-8.586500000000000382e-03
-8.586500000000000382e-03
-8.579500000000000320e-03
-8.579500000000000320e-03
-8.579500000000000320e-03
-8.579500000000000320e-03
-8.579500000000000320e-03
-8.579500000000000320e-03
-8.579500000000000320e-03
-8.579500000000000320e-03
-8.579500000000000320e-03
-8.579500000000000320e-03
-8.579500000000000320e-03
-8.579500000000000320e-03
-8.579500000000000320e-03
-8.579500000000000320e-03
-8.579500000000000320e-03
-8.578999999999999820e-03
-8.578999999999999820e-03
-8.578999999999999820e-03
-8.578999999999999820e-03
-8.578000000000000555e-03
-8.578000000000000555e-03
-8.577500000000000055e-03
-8.576500000000000790e-03
-8.576500000000000790e-03
-8.576500000000000790e-03
-8.576500000000000790e-03
-8.575499999999999790e-03
-8.575499999999999790e-03
-8.574500000000000524e-03
-8.572500000000000259e-03
-8.572500000000000259e-03
-8.572500000000000259e-03
-8.572500000000000259e-03
-8.572500000000000259e-03
-8.572500000000000259e-03
-8.572500000000000259e-03
-8.572500000000000259e-03
-8.571999999999999759e-03
-8.571999999999999759e-03
-8.568499999999999728e-03
-8.568499999999999728e-03
-8.568499999999999728e-03
-8.568499999999999728e-03
-8.568499999999999728e-03
-8.568499999999999728e-03
-8.568499999999999728e-03
-8.568499999999999728e-03
-8.568499999999999728e-03
-8.568499999999999728e-03
-8.565500000000000197e-03
-8.564000000000000432e-03
-8.563499999999999931e-03
-8.563499999999999931e-03
-8.562999999999999431e-03
-8.562999999999999431e-03
-8.562500000000000666e-03
-8.562500000000000666e-03
-8.562500000000000666e-03
-8.562500000000000666e-03
-8.562500000000000666e-03
-8.561499999999999666e-03
-8.561499999999999666e-03
-8.561499999999999666e-03
-8.561499999999999666e-03
-8.550999999999999573e-03
-8.550999999999999573e-03
-8.550999999999999573e-03
-8.550999999999999573e-03
-8.550999999999999573e-03
-8.550999999999999573e-03
-8.550999999999999573e-03
-8.550999999999999573e-03
-8.550999999999999573e-03
-8.550999999999999573e-03
-8.550999999999999573e-03
-8.550999999999999573e-03
-8.550999999999999573e-03
-8.550999999999999573e-03
-8.550999999999999573e-03
-8.550999999999999573e-03
-8.550999999999999573e-03
-8.550999999999999573e-03
-8.549499999999999808e-03
-8.549499999999999808e-03
-8.549499999999999808e-03
-8.545499999999999277e-03
-8.545499999999999277e-03
-8.545499999999999277e-03
-8.545499999999999277e-03
-8.545499999999999277e-03
-8.545000000000000512e-03
-8.544500000000000012e-03
-8.544500000000000012e-03
-8.544500000000000012e-03
-8.544500000000000012e-03
-8.540499999999999481e-03
-8.539500000000000215e-03
-8.539500000000000215e-03
-8.538499999999999215e-03
-8.538499999999999215e-03
-8.538000000000000450e-03
-8.538000000000000450e-03
-8.537499999999999950e-03
-8.537499999999999950e-03
-8.537499999999999950e-03
-8.537499999999999950e-03
-8.536999999999999450e-03
-8.536999999999999450e-03
-8.536999999999999450e-03
-8.536999999999999450e-03
-8.536999999999999450e-03
-8.536999999999999450e-03
-8.536000000000000185e-03
-8.536000000000000185e-03
-8.535499999999999685e-03
-8.534999999999999185e-03
-8.533999999999999919e-03
-8.533999999999999919e-03
-8.533999999999999919e-03
-8.533999999999999919e-03
-8.533999999999999919e-03
-8.533999999999999919e-03
-8.527500000000000357e-03
-8.527500000000000357e-03
-8.527500000000000357e-03
-8.527500000000000357e-03
-8.527500000000000357e-03
-8.526999999999999857e-03
-8.526999999999999857e-03
-8.526999999999999857e-03
-8.526000000000000592e-03
-8.526000000000000592e-03
-8.524500000000000827e-03
-8.524500000000000827e-03
-8.524500000000000827e-03
-8.524500000000000827e-03
-8.524500000000000827e-03
-8.524500000000000827e-03
-8.524500000000000827e-03
-8.524500000000000827e-03
-8.524500000000000827e-03
-8.524000000000000327e-03
-8.524000000000000327e-03
-8.524000000000000327e-03
-8.524000000000000327e-03
-8.524000000000000327e-03
-8.524000000000000327e-03
-8.524000000000000327e-03
-8.524000000000000327e-03
-8.524000000000000327e-03
-8.524000000000000327e-03
-8.524000000000000327e-03
-8.524000000000000327e-03
-8.524000000000000327e-03
-8.524000000000000327e-03
