3.986899776539548634e-01
3.322284692374242177e-01
6.534123370353073224e-01
6.857090161901966407e-01
1.743992822051426694e-01
7.135118638633515253e-01
3.553968235913656515e-01
2.534690401568919227e-01
7.863449247396231412e-02
7.115935925351157820e-01
2.131828977190867169e-01
4.435775276789326593e-01
2.505556998881563469e-01
2.443580084712412281e-01
1.936423945796718893e-01
5.296957717751440420e-01
3.114124300226502329e-01
6.732069364210588880e-01
2.687046285073987351e-01
2.572315647018474927e-01
4.874340690278285981e-01
4.174224533905564472e-01
2.193841600964183680e-01
2.857806821879163017e-01
4.505475913637274621e-01
2.896845080094074820e-01
5.283961048309382402e-01
5.005334672261352313e-01
1.591928739635655732e-01
7.895916025475089306e-01
9.027330704542282369e-01
1.744709449663659762e-01
1.976557928201796988e-01
6.079538686262651037e-01
1.885697056825685336e-01
3.938905331692392764e-01
