-5.615049999999999902e-02
-5.615049999999999902e-02
-4.864399999999999974e-02
-3.108100000000000099e-02
-1.910250000000000142e-02
-3.684000000000000209e-03
-8.285000000000000264e-04
-7.069999999999999462e-04
-7.069999999999999462e-04
-6.359999999999999551e-04
-6.359999999999999551e-04
-6.359999999999999551e-04
-6.359999999999999551e-04
-6.359999999999999551e-04
-6.359999999999999551e-04
-6.359999999999999551e-04
-6.359999999999999551e-04
-6.359999999999999551e-04
-6.359999999999999551e-04
-6.359999999999999551e-04
-6.359999999999999551e-04
-6.359999999999999551e-04
-6.359999999999999551e-04
-6.359999999999999551e-04
-6.359999999999999551e-04
-6.359999999999999551e-04
-6.359999999999999551e-04
-6.359999999999999551e-04
-6.359999999999999551e-04
-6.359999999999999551e-04
-6.359999999999999551e-04
-6.315000000000000084e-04
-6.269999999999999532e-04
-6.269999999999999532e-04
-6.260000000000000373e-04
-6.204999999999999578e-04
-6.204999999999999578e-04
-6.204999999999999578e-04
-6.204999999999999578e-04
-6.204999999999999578e-04
-6.204999999999999578e-04
-6.204999999999999578e-04
-6.204999999999999578e-04
-6.204999999999999578e-04
-6.204999999999999578e-04
-6.204999999999999578e-04
-6.199999999999999999e-04
-6.199999999999999999e-04
-6.199999999999999999e-04
-6.199999999999999999e-04
-6.199999999999999999e-04
-6.199999999999999999e-04
-6.199999999999999999e-04
-6.199999999999999999e-04
-6.199999999999999999e-04
-6.199999999999999999e-04
-6.199999999999999999e-04
-6.199999999999999999e-04
-6.199999999999999999e-04
-6.199999999999999999e-04
-6.199999999999999999e-04
-6.199999999999999999e-04
-6.199999999999999999e-04
-6.199999999999999999e-04
-6.199999999999999999e-04
-6.199999999999999999e-04
-6.199999999999999999e-04
-6.199999999999999999e-04
-6.199999999999999999e-04
-6.199999999999999999e-04
-6.199999999999999999e-04
-6.199999999999999999e-04
-6.199999999999999999e-04
-6.199999999999999999e-04
-6.199999999999999999e-04
-6.199999999999999999e-04
-6.199999999999999999e-04
-6.199999999999999999e-04
-6.199999999999999999e-04
-6.199999999999999999e-04
-6.199999999999999999e-04
-6.199999999999999999e-04
-6.199999999999999999e-04
-6.199999999999999999e-04
-6.199999999999999999e-04
-6.199999999999999999e-04
-6.199999999999999999e-04
-6.199999999999999999e-04
-6.199999999999999999e-04
-6.199999999999999999e-04
-6.199999999999999999e-04
-6.199999999999999999e-04
-6.199999999999999999e-04
-6.199999999999999999e-04
-6.199999999999999999e-04
-6.199999999999999999e-04
-6.199999999999999999e-04
-6.199999999999999999e-04
-6.199999999999999999e-04
-6.199999999999999999e-04
-6.199999999999999999e-04
-6.124999999999999802e-04
-6.124999999999999802e-04
-6.124999999999999802e-04
-6.124999999999999802e-04
-6.124999999999999802e-04
-6.124999999999999802e-04
-6.124999999999999802e-04
-6.124999999999999802e-04
-6.124999999999999802e-04
-6.124999999999999802e-04
-6.124999999999999802e-04
-6.124999999999999802e-04
-6.124999999999999802e-04
-6.124999999999999802e-04
-6.124999999999999802e-04
-6.124999999999999802e-04
-6.124999999999999802e-04
-6.124999999999999802e-04
-6.124999999999999802e-04
-6.124999999999999802e-04
-6.124999999999999802e-04
-6.124999999999999802e-04
-6.124999999999999802e-04
-6.124999999999999802e-04
-6.124999999999999802e-04
-6.124999999999999802e-04
-6.124999999999999802e-04
-6.124999999999999802e-04
-6.124999999999999802e-04
-6.124999999999999802e-04
-6.124999999999999802e-04
-6.124999999999999802e-04
-6.124999999999999802e-04
-6.124999999999999802e-04
-6.124999999999999802e-04
-6.124999999999999802e-04
-6.124999999999999802e-04
-6.124999999999999802e-04
-6.124999999999999802e-04
-6.124999999999999802e-04
-6.124999999999999802e-04
-6.124999999999999802e-04
-6.124999999999999802e-04
-6.124999999999999802e-04
-6.124999999999999802e-04
-6.124999999999999802e-04
-6.124999999999999802e-04
-6.124999999999999802e-04
-6.124999999999999802e-04
-6.124999999999999802e-04
-6.124999999999999802e-04
-6.124999999999999802e-04
-6.124999999999999802e-04
-6.124999999999999802e-04
-6.124999999999999802e-04
-6.124999999999999802e-04
-6.124999999999999802e-04
-6.124999999999999802e-04
-6.124999999999999802e-04
-6.124999999999999802e-04
-6.124999999999999802e-04
-6.124999999999999802e-04
-6.124999999999999802e-04
-6.124999999999999802e-04
-6.124999999999999802e-04
-6.124999999999999802e-04
-6.124999999999999802e-04
-5.364999999999999760e-04
-5.364999999999999760e-04
-5.364999999999999760e-04
-5.364999999999999760e-04
-5.364999999999999760e-04
-5.364999999999999760e-04
-5.364999999999999760e-04
-5.364999999999999760e-04
-4.975000000000000039e-04
-4.975000000000000039e-04
-4.975000000000000039e-04
-4.975000000000000039e-04
-4.795000000000000000e-04
-4.795000000000000000e-04
-4.795000000000000000e-04
-4.795000000000000000e-04
-4.795000000000000000e-04
-4.795000000000000000e-04
-4.795000000000000000e-04
-4.795000000000000000e-04
-4.795000000000000000e-04
-4.764999999999999813e-04
-4.764999999999999813e-04
-4.764999999999999813e-04
-4.764999999999999813e-04
-4.764999999999999813e-04
-4.735000000000000168e-04
-4.735000000000000168e-04
-4.735000000000000168e-04
-4.735000000000000168e-04
-4.735000000000000168e-04
-4.735000000000000168e-04
-4.735000000000000168e-04
-4.735000000000000168e-04
-4.735000000000000168e-04
-4.735000000000000168e-04
-4.735000000000000168e-04
-4.735000000000000168e-04
-4.735000000000000168e-04
-4.735000000000000168e-04
-4.735000000000000168e-04
-4.735000000000000168e-04
-4.735000000000000168e-04
-4.735000000000000168e-04
-4.735000000000000168e-04
-4.694999999999999738e-04
-4.694999999999999738e-04
-4.694999999999999738e-04
-4.685000000000000037e-04
-4.674999999999999794e-04
-4.674999999999999794e-04
-4.674999999999999794e-04
-4.674999999999999794e-04
-4.670000000000000214e-04
-4.670000000000000214e-04
-4.670000000000000214e-04
-4.670000000000000214e-04
-4.670000000000000214e-04
-4.670000000000000214e-04
-4.670000000000000214e-04
-4.670000000000000214e-04
-4.670000000000000214e-04
-4.670000000000000214e-04
-4.670000000000000214e-04
-4.670000000000000214e-04
-4.670000000000000214e-04
-4.670000000000000214e-04
-4.670000000000000214e-04
-4.670000000000000214e-04
-4.670000000000000214e-04
-4.670000000000000214e-04
-4.670000000000000214e-04
-4.670000000000000214e-04
-4.670000000000000214e-04
-4.670000000000000214e-04
-4.670000000000000214e-04
-4.670000000000000214e-04
-4.670000000000000214e-04
-4.670000000000000214e-04
-4.670000000000000214e-04
-4.670000000000000214e-04
-4.670000000000000214e-04
-4.670000000000000214e-04
-4.670000000000000214e-04
-4.670000000000000214e-04
-4.139999999999999800e-04
-4.139999999999999800e-04
-4.139999999999999800e-04
-3.950000000000000061e-04
-3.950000000000000061e-04
-3.950000000000000061e-04
-3.950000000000000061e-04
-3.950000000000000061e-04
-3.950000000000000061e-04
-3.950000000000000061e-04
-3.950000000000000061e-04
-3.950000000000000061e-04
-3.874999999999999864e-04
-3.874999999999999864e-04
-3.874999999999999864e-04
-3.854999999999999920e-04
-3.854999999999999920e-04
-3.854999999999999920e-04
-3.854999999999999920e-04
-3.845000000000000219e-04
-3.845000000000000219e-04
-3.845000000000000219e-04
-3.845000000000000219e-04
-3.845000000000000219e-04
-3.845000000000000219e-04
-3.840000000000000097e-04
-3.840000000000000097e-04
-3.840000000000000097e-04
-3.840000000000000097e-04
-3.840000000000000097e-04
-3.840000000000000097e-04
-3.840000000000000097e-04
-3.840000000000000097e-04
-3.840000000000000097e-04
-3.840000000000000097e-04
-3.840000000000000097e-04
-3.840000000000000097e-04
-3.840000000000000097e-04
-3.840000000000000097e-04
-3.840000000000000097e-04
-3.840000000000000097e-04
-3.840000000000000097e-04
-3.840000000000000097e-04
-3.840000000000000097e-04
-3.840000000000000097e-04
-3.840000000000000097e-04
-3.840000000000000097e-04
-3.840000000000000097e-04
-3.840000000000000097e-04
-3.840000000000000097e-04
-3.840000000000000097e-04
-3.840000000000000097e-04
-3.840000000000000097e-04
-3.840000000000000097e-04
-3.840000000000000097e-04
-3.840000000000000097e-04
-3.840000000000000097e-04
-3.840000000000000097e-04
-3.840000000000000097e-04
-3.840000000000000097e-04
-3.820000000000000153e-04
-3.820000000000000153e-04
-3.820000000000000153e-04
-3.820000000000000153e-04
-3.820000000000000153e-04
-3.820000000000000153e-04
-3.820000000000000153e-04
-3.820000000000000153e-04
-3.820000000000000153e-04
-3.820000000000000153e-04
-3.820000000000000153e-04
-3.820000000000000153e-04
-3.820000000000000153e-04
-3.820000000000000153e-04
-3.815000000000000032e-04
-3.815000000000000032e-04
-3.815000000000000032e-04
-3.750000000000000078e-04
-3.579999999999999741e-04
-3.505000000000000086e-04
-3.505000000000000086e-04
-3.505000000000000086e-04
-3.505000000000000086e-04
-3.505000000000000086e-04
-3.505000000000000086e-04
-3.505000000000000086e-04
-3.505000000000000086e-04
-3.494999999999999843e-04
-3.494999999999999843e-04
-3.494999999999999843e-04
-3.485000000000000142e-04
-3.485000000000000142e-04
-3.485000000000000142e-04
-3.485000000000000142e-04
-3.485000000000000142e-04
-3.485000000000000142e-04
-3.485000000000000142e-04
-3.485000000000000142e-04
-3.485000000000000142e-04
-3.485000000000000142e-04
-3.485000000000000142e-04
-3.485000000000000142e-04
-3.485000000000000142e-04
-3.485000000000000142e-04
-3.485000000000000142e-04
-3.485000000000000142e-04
-3.485000000000000142e-04
-3.485000000000000142e-04
-3.485000000000000142e-04
-3.485000000000000142e-04
-3.485000000000000142e-04
-3.485000000000000142e-04
-3.485000000000000142e-04
-3.485000000000000142e-04
-3.485000000000000142e-04
-3.485000000000000142e-04
-3.485000000000000142e-04
-3.485000000000000142e-04
-3.485000000000000142e-04
-3.485000000000000142e-04
-3.485000000000000142e-04
-3.485000000000000142e-04
-3.485000000000000142e-04
-3.485000000000000142e-04
-3.485000000000000142e-04
-3.485000000000000142e-04
-3.485000000000000142e-04
-3.454999999999999955e-04
-3.400000000000000244e-04
-3.400000000000000244e-04
-3.400000000000000244e-04
-3.400000000000000244e-04
-3.400000000000000244e-04
-3.400000000000000244e-04
-3.400000000000000244e-04
-3.400000000000000244e-04
-3.400000000000000244e-04
-3.400000000000000244e-04
-3.400000000000000244e-04
-3.400000000000000244e-04
-3.400000000000000244e-04
-3.400000000000000244e-04
-3.400000000000000244e-04
-3.400000000000000244e-04
-3.400000000000000244e-04
-3.400000000000000244e-04
-3.400000000000000244e-04
-3.400000000000000244e-04
-3.400000000000000244e-04
-3.400000000000000244e-04
-3.400000000000000244e-04
-3.400000000000000244e-04
-3.400000000000000244e-04
-3.400000000000000244e-04
-3.400000000000000244e-04
-3.400000000000000244e-04
-3.400000000000000244e-04
-2.359999999999999902e-04
-2.359999999999999902e-04
-2.359999999999999902e-04
-2.359999999999999902e-04
-2.359999999999999902e-04
-2.359999999999999902e-04
-2.359999999999999902e-04
-2.359999999999999902e-04
-2.359999999999999902e-04
-2.359999999999999902e-04
-2.359999999999999902e-04
-2.359999999999999902e-04
-2.359999999999999902e-04
-2.359999999999999902e-04
-2.359999999999999902e-04
-2.359999999999999902e-04
-2.359999999999999902e-04
-2.359999999999999902e-04
-2.359999999999999902e-04
-2.359999999999999902e-04
-2.359999999999999902e-04
-2.359999999999999902e-04
-2.359999999999999902e-04
-2.359999999999999902e-04
-2.359999999999999902e-04
-2.359999999999999902e-04
-2.359999999999999902e-04
-2.359999999999999902e-04
-2.359999999999999902e-04
-2.359999999999999902e-04
-2.359999999999999902e-04
-1.759999999999999954e-04
-1.759999999999999954e-04
-1.759999999999999954e-04
-1.759999999999999954e-04
-1.759999999999999954e-04
-1.759999999999999954e-04
-1.759999999999999954e-04
-1.759999999999999954e-04
-1.759999999999999954e-04
-1.759999999999999954e-04
-1.759999999999999954e-04
-1.759999999999999954e-04
-1.759999999999999954e-04
-1.759999999999999954e-04
-1.759999999999999954e-04
-1.759999999999999954e-04
-1.759999999999999954e-04
-1.759999999999999954e-04
-1.749999999999999982e-04
-1.749999999999999982e-04
-1.749999999999999982e-04
-1.749999999999999982e-04
-1.749999999999999982e-04
-1.749999999999999982e-04
-1.749999999999999982e-04
-1.749999999999999982e-04
-1.749999999999999982e-04
-1.749999999999999982e-04
-1.749999999999999982e-04
-1.749999999999999982e-04
-1.749999999999999982e-04
-1.749999999999999982e-04
-1.749999999999999982e-04
-1.749999999999999982e-04
-1.749999999999999982e-04
-1.749999999999999982e-04
-1.749999999999999982e-04
-1.749999999999999982e-04
-1.749999999999999982e-04
-1.749999999999999982e-04
-1.749999999999999982e-04
-1.749999999999999982e-04
-1.749999999999999982e-04
-1.749999999999999982e-04
-1.749999999999999982e-04
-1.749999999999999982e-04
-1.749999999999999982e-04
-1.749999999999999982e-04
-1.749999999999999982e-04
-1.749999999999999982e-04
-1.749999999999999982e-04
-1.749999999999999982e-04
-1.749999999999999982e-04
-1.749999999999999982e-04
-1.749999999999999982e-04
-1.749999999999999982e-04
-1.749999999999999982e-04
-1.749999999999999982e-04
-1.450000000000000009e-04
-1.450000000000000009e-04
-1.450000000000000009e-04
-1.450000000000000009e-04
-1.450000000000000009e-04
-1.450000000000000009e-04
-1.450000000000000009e-04
-1.450000000000000009e-04
-1.450000000000000009e-04
-1.450000000000000009e-04
-1.450000000000000009e-04
-1.450000000000000009e-04
-1.450000000000000009e-04
-1.450000000000000009e-04
-1.450000000000000009e-04
-1.450000000000000009e-04
-1.450000000000000009e-04
-1.450000000000000009e-04
-1.450000000000000009e-04
-1.450000000000000009e-04
-1.450000000000000009e-04
-1.450000000000000009e-04
-1.450000000000000009e-04
-1.450000000000000009e-04
-1.450000000000000009e-04
-1.444999999999999887e-04
-1.444999999999999887e-04
-1.310000000000000129e-04
-1.310000000000000129e-04
-1.310000000000000129e-04
-1.310000000000000129e-04
-1.310000000000000129e-04
-1.310000000000000129e-04
-1.310000000000000129e-04
-1.310000000000000129e-04
-1.310000000000000129e-04
-1.310000000000000129e-04
-1.310000000000000129e-04
-1.310000000000000129e-04
-1.310000000000000129e-04
-1.310000000000000129e-04
-1.310000000000000129e-04
-1.310000000000000129e-04
-1.310000000000000129e-04
-1.310000000000000129e-04
-1.310000000000000129e-04
-1.310000000000000129e-04
-1.310000000000000129e-04
-1.310000000000000129e-04
-1.310000000000000129e-04
-1.289999999999999914e-04
-1.289999999999999914e-04
-1.285000000000000064e-04
-1.285000000000000064e-04
-1.285000000000000064e-04
-1.285000000000000064e-04
-1.285000000000000064e-04
-1.285000000000000064e-04
-1.285000000000000064e-04
-1.285000000000000064e-04
-1.285000000000000064e-04
-1.285000000000000064e-04
-1.285000000000000064e-04
-1.285000000000000064e-04
-1.279999999999999942e-04
-1.279999999999999942e-04
-1.279999999999999942e-04
-1.279999999999999942e-04
-1.279999999999999942e-04
-1.279999999999999942e-04
-1.279999999999999942e-04
-1.279999999999999942e-04
-1.279999999999999942e-04
-1.279999999999999942e-04
-1.279999999999999942e-04
-1.275000000000000092e-04
-1.275000000000000092e-04
-1.275000000000000092e-04
-1.275000000000000092e-04
-1.275000000000000092e-04
-1.275000000000000092e-04
-1.275000000000000092e-04
-1.275000000000000092e-04
-1.275000000000000092e-04
-1.275000000000000092e-04
-1.275000000000000092e-04
-1.275000000000000092e-04
-1.275000000000000092e-04
-1.275000000000000092e-04
-1.275000000000000092e-04
-1.275000000000000092e-04
-1.275000000000000092e-04
-1.275000000000000092e-04
-1.275000000000000092e-04
-1.275000000000000092e-04
-1.275000000000000092e-04
-1.275000000000000092e-04
-1.275000000000000092e-04
-1.275000000000000092e-04
-1.275000000000000092e-04
-1.275000000000000092e-04
-1.275000000000000092e-04
-1.275000000000000092e-04
-1.275000000000000092e-04
-1.275000000000000092e-04
-1.275000000000000092e-04
-1.275000000000000092e-04
-1.275000000000000092e-04
-1.275000000000000092e-04
-1.275000000000000092e-04
-1.275000000000000092e-04
-1.275000000000000092e-04
-1.275000000000000092e-04
-1.275000000000000092e-04
-1.275000000000000092e-04
-1.275000000000000092e-04
-1.275000000000000092e-04
-1.275000000000000092e-04
-1.275000000000000092e-04
-1.275000000000000092e-04
-1.275000000000000092e-04
-1.275000000000000092e-04
-1.275000000000000092e-04
-1.275000000000000092e-04
-1.275000000000000092e-04
-1.275000000000000092e-04
-1.275000000000000092e-04
-1.275000000000000092e-04
-1.275000000000000092e-04
-1.275000000000000092e-04
-1.275000000000000092e-04
-1.275000000000000092e-04
-1.275000000000000092e-04
-1.275000000000000092e-04
-1.275000000000000092e-04
-1.275000000000000092e-04
-1.275000000000000092e-04
-1.275000000000000092e-04
-1.275000000000000092e-04
-1.275000000000000092e-04
-1.275000000000000092e-04
-1.275000000000000092e-04
-1.275000000000000092e-04
-1.275000000000000092e-04
-1.275000000000000092e-04
-1.275000000000000092e-04
-1.275000000000000092e-04
-1.275000000000000092e-04
-1.275000000000000092e-04
-1.275000000000000092e-04
-1.275000000000000092e-04
-1.275000000000000092e-04
-1.275000000000000092e-04
-1.275000000000000092e-04
-1.275000000000000092e-04
-1.275000000000000092e-04
-1.275000000000000092e-04
-1.275000000000000092e-04
-1.275000000000000092e-04
-1.275000000000000092e-04
-1.275000000000000092e-04
-1.275000000000000092e-04
-1.275000000000000092e-04
-1.275000000000000092e-04
-1.275000000000000092e-04
-1.275000000000000092e-04
-1.275000000000000092e-04
-1.275000000000000092e-04
-1.275000000000000092e-04
-1.275000000000000092e-04
-1.275000000000000092e-04
-1.275000000000000092e-04
-1.275000000000000092e-04
-1.275000000000000092e-04
-1.275000000000000092e-04
-1.275000000000000092e-04
-1.275000000000000092e-04
-1.275000000000000092e-04
-1.275000000000000092e-04
-1.275000000000000092e-04
-1.275000000000000092e-04
-1.275000000000000092e-04
-1.275000000000000092e-04
-1.275000000000000092e-04
-1.275000000000000092e-04
-1.275000000000000092e-04
-1.275000000000000092e-04
-1.275000000000000092e-04
-1.275000000000000092e-04
-1.275000000000000092e-04
-1.275000000000000092e-04
-1.275000000000000092e-04
-1.275000000000000092e-04
-1.275000000000000092e-04
-1.275000000000000092e-04
-1.275000000000000092e-04
-1.275000000000000092e-04
-1.275000000000000092e-04
-1.275000000000000092e-04
-1.275000000000000092e-04
-1.275000000000000092e-04
-1.275000000000000092e-04
-1.275000000000000092e-04
-1.275000000000000092e-04
-1.275000000000000092e-04
-1.275000000000000092e-04
-1.275000000000000092e-04
-1.275000000000000092e-04
-1.275000000000000092e-04
-1.275000000000000092e-04
-1.275000000000000092e-04
-1.275000000000000092e-04
-1.275000000000000092e-04
-1.275000000000000092e-04
-1.275000000000000092e-04
-1.275000000000000092e-04
-1.275000000000000092e-04
-1.275000000000000092e-04
-1.275000000000000092e-04
-1.275000000000000092e-04
-1.275000000000000092e-04
-1.275000000000000092e-04
-1.275000000000000092e-04
-1.275000000000000092e-04
-1.275000000000000092e-04
-1.275000000000000092e-04
-1.275000000000000092e-04
-1.275000000000000092e-04
-1.275000000000000092e-04
-1.275000000000000092e-04
-1.275000000000000092e-04
-1.275000000000000092e-04
-1.275000000000000092e-04
-1.275000000000000092e-04
-1.275000000000000092e-04
-1.275000000000000092e-04
-1.275000000000000092e-04
-1.275000000000000092e-04
-1.275000000000000092e-04
-1.275000000000000092e-04
-1.275000000000000092e-04
-1.275000000000000092e-04
-1.275000000000000092e-04
-1.275000000000000092e-04
-1.275000000000000092e-04
-1.275000000000000092e-04
-1.275000000000000092e-04
-1.275000000000000092e-04
-1.275000000000000092e-04
-1.275000000000000092e-04
-1.275000000000000092e-04
-1.275000000000000092e-04
-1.275000000000000092e-04
-1.275000000000000092e-04
-1.275000000000000092e-04
-1.275000000000000092e-04
-1.275000000000000092e-04
-1.275000000000000092e-04
-1.275000000000000092e-04
-1.275000000000000092e-04
-1.275000000000000092e-04
-1.275000000000000092e-04
-1.275000000000000092e-04
-1.275000000000000092e-04
-1.275000000000000092e-04
-1.275000000000000092e-04
-1.250000000000000026e-04
-9.000000000000000567e-05
-9.000000000000000567e-05
-9.000000000000000567e-05
-9.000000000000000567e-05
-9.000000000000000567e-05
-9.000000000000000567e-05
-9.000000000000000567e-05
-9.000000000000000567e-05
-9.000000000000000567e-05
-9.000000000000000567e-05
-9.000000000000000567e-05
-9.000000000000000567e-05
-9.000000000000000567e-05
-9.000000000000000567e-05
-9.000000000000000567e-05
-9.000000000000000567e-05
-8.949999999999999351e-05
-8.949999999999999351e-05
-8.949999999999999351e-05
-8.949999999999999351e-05
-8.949999999999999351e-05
-8.600000000000000331e-05
-8.600000000000000331e-05
-8.600000000000000331e-05
-8.600000000000000331e-05
-8.600000000000000331e-05
-8.600000000000000331e-05
-8.600000000000000331e-05
-8.600000000000000331e-05
-8.600000000000000331e-05
-8.600000000000000331e-05
-8.600000000000000331e-05
-8.600000000000000331e-05
-8.600000000000000331e-05
-8.600000000000000331e-05
-8.600000000000000331e-05
-8.600000000000000331e-05
-8.600000000000000331e-05
-8.600000000000000331e-05
-8.600000000000000331e-05
-8.600000000000000331e-05
-8.600000000000000331e-05
-8.550000000000000471e-05
-8.550000000000000471e-05
-8.550000000000000471e-05
-8.550000000000000471e-05
-8.550000000000000471e-05
-8.550000000000000471e-05
-8.550000000000000471e-05
-8.550000000000000471e-05
-8.550000000000000471e-05
-8.550000000000000471e-05
-8.550000000000000471e-05
-8.550000000000000471e-05
-8.550000000000000471e-05
-8.550000000000000471e-05
-8.550000000000000471e-05
-8.550000000000000471e-05
-8.550000000000000471e-05
-8.550000000000000471e-05
-8.550000000000000471e-05
-8.550000000000000471e-05
-8.550000000000000471e-05
-8.550000000000000471e-05
-8.550000000000000471e-05
-8.550000000000000471e-05
-8.550000000000000471e-05
-8.550000000000000471e-05
-8.550000000000000471e-05
-8.550000000000000471e-05
-8.550000000000000471e-05
-8.550000000000000471e-05
-8.550000000000000471e-05
-8.550000000000000471e-05
-7.600000000000000418e-05
-7.600000000000000418e-05
-7.600000000000000418e-05
-7.600000000000000418e-05
-7.600000000000000418e-05
-7.600000000000000418e-05
-7.600000000000000418e-05
-7.600000000000000418e-05
-7.600000000000000418e-05
-7.600000000000000418e-05
-7.600000000000000418e-05
-7.600000000000000418e-05
-7.600000000000000418e-05
-7.600000000000000418e-05
-7.600000000000000418e-05
-7.550000000000000558e-05
-7.550000000000000558e-05
-7.550000000000000558e-05
-7.550000000000000558e-05
-7.550000000000000558e-05
-7.550000000000000558e-05
-7.550000000000000558e-05
-7.550000000000000558e-05
-7.550000000000000558e-05
-7.550000000000000558e-05
-7.550000000000000558e-05
-7.550000000000000558e-05
-7.550000000000000558e-05
-7.550000000000000558e-05
-7.550000000000000558e-05
-7.550000000000000558e-05
-7.550000000000000558e-05
-7.550000000000000558e-05
-7.550000000000000558e-05
-7.550000000000000558e-05
-7.550000000000000558e-05
-7.550000000000000558e-05
-7.550000000000000558e-05
-7.550000000000000558e-05
-7.550000000000000558e-05
-7.550000000000000558e-05
-7.550000000000000558e-05
-7.550000000000000558e-05
-7.550000000000000558e-05
-7.550000000000000558e-05
-7.550000000000000558e-05
-7.550000000000000558e-05
-7.550000000000000558e-05
-7.550000000000000558e-05
-7.550000000000000558e-05
-7.550000000000000558e-05
-7.550000000000000558e-05
-7.550000000000000558e-05
-7.550000000000000558e-05
-7.550000000000000558e-05
-7.550000000000000558e-05
-7.550000000000000558e-05
-7.550000000000000558e-05
-7.550000000000000558e-05
-7.550000000000000558e-05
-7.499999999999999343e-05
-7.499999999999999343e-05
-7.499999999999999343e-05
-7.499999999999999343e-05
-7.499999999999999343e-05
-7.499999999999999343e-05
-7.499999999999999343e-05
-7.499999999999999343e-05
-7.499999999999999343e-05
-7.499999999999999343e-05
-7.499999999999999343e-05
-7.499999999999999343e-05
-7.499999999999999343e-05
-7.499999999999999343e-05
-7.499999999999999343e-05
-7.499999999999999343e-05
-7.499999999999999343e-05
-7.499999999999999343e-05
-7.499999999999999343e-05
-7.499999999999999343e-05
-7.499999999999999343e-05
-7.499999999999999343e-05
-7.499999999999999343e-05
-7.499999999999999343e-05
-7.499999999999999343e-05
-7.499999999999999343e-05
-7.499999999999999343e-05
-7.499999999999999343e-05
-7.499999999999999343e-05
-7.499999999999999343e-05
-7.499999999999999343e-05
-7.499999999999999343e-05
-7.499999999999999343e-05
-7.499999999999999343e-05
-7.499999999999999343e-05
-7.499999999999999343e-05
-7.499999999999999343e-05
-7.499999999999999343e-05
-7.499999999999999343e-05
-7.499999999999999343e-05
-7.499999999999999343e-05
-7.499999999999999343e-05
-7.499999999999999343e-05
-7.499999999999999343e-05
-7.499999999999999343e-05
-7.499999999999999343e-05
-7.499999999999999343e-05
-7.499999999999999343e-05
-7.499999999999999343e-05
-7.499999999999999343e-05
-7.499999999999999343e-05
-7.499999999999999343e-05
-7.499999999999999343e-05
-7.499999999999999343e-05
-7.499999999999999343e-05
-7.499999999999999343e-05
-7.499999999999999343e-05
-7.499999999999999343e-05
-7.499999999999999343e-05
-7.499999999999999343e-05
-7.499999999999999343e-05
-7.499999999999999343e-05
-7.499999999999999343e-05
-7.499999999999999343e-05
-7.499999999999999343e-05
-7.499999999999999343e-05
-7.499999999999999343e-05
-7.499999999999999343e-05
-7.499999999999999343e-05
-7.499999999999999343e-05
-7.499999999999999343e-05
-7.499999999999999343e-05
-7.499999999999999343e-05
-7.499999999999999343e-05
-7.499999999999999343e-05
-7.499999999999999343e-05
-7.499999999999999343e-05
-7.499999999999999343e-05
-7.499999999999999343e-05
-7.499999999999999343e-05
-7.499999999999999343e-05
-7.499999999999999343e-05
-7.499999999999999343e-05
-7.499999999999999343e-05
-7.499999999999999343e-05
-7.499999999999999343e-05
-7.499999999999999343e-05
-7.499999999999999343e-05
-7.499999999999999343e-05
-7.499999999999999343e-05
-7.499999999999999343e-05
-7.499999999999999343e-05
-7.499999999999999343e-05
-7.499999999999999343e-05
-7.499999999999999343e-05
-7.499999999999999343e-05
-7.499999999999999343e-05
-7.499999999999999343e-05
-7.499999999999999343e-05
-7.499999999999999343e-05
