-3.252074999999999827e-01
-3.252074999999999827e-01
-3.252074999999999827e-01
-3.242455000000000198e-01
-3.242455000000000198e-01
-3.232924999999999827e-01
-2.992380000000000040e-01
-2.992380000000000040e-01
-2.992380000000000040e-01
-2.851385000000000169e-01
-2.851385000000000169e-01
-2.740135000000000209e-01
-2.740135000000000209e-01
-2.740135000000000209e-01
-2.631904999999999939e-01
-2.377539999999999931e-01
-2.377539999999999931e-01
-2.377539999999999931e-01
-2.377539999999999931e-01
-2.377539999999999931e-01
-2.377539999999999931e-01
-2.307530000000000137e-01
-2.275189999999999990e-01
-2.275189999999999990e-01
-2.275189999999999990e-01
-2.246045000000000125e-01
-2.246045000000000125e-01
-2.246045000000000125e-01
-2.246045000000000125e-01
-2.211909999999999987e-01
-2.179675000000000085e-01
-2.179675000000000085e-01
-2.179675000000000085e-01
-2.109824999999999895e-01
-2.109824999999999895e-01
-2.109824999999999895e-01
-2.109824999999999895e-01
-2.109824999999999895e-01
-2.109824999999999895e-01
-2.109824999999999895e-01
-2.109824999999999895e-01
-2.069114999999999982e-01
-2.069114999999999982e-01
-2.069114999999999982e-01
-2.069114999999999982e-01
-2.069114999999999982e-01
-2.069114999999999982e-01
-2.069114999999999982e-01
-2.066024999999999945e-01
-2.066024999999999945e-01
-2.059864999999999891e-01
-2.059864999999999891e-01
-2.059864999999999891e-01
-2.053919999999999912e-01
-2.047065000000000135e-01
-2.037865000000000093e-01
-2.037865000000000093e-01
-2.037865000000000093e-01
-2.016969999999999874e-01
-2.003240000000000021e-01
-2.003240000000000021e-01
-1.998074999999999990e-01
-1.993185000000000096e-01
-1.993185000000000096e-01
-1.993185000000000096e-01
-1.993185000000000096e-01
-1.993185000000000096e-01
-1.993185000000000096e-01
-1.985365000000000046e-01
-1.985290000000000110e-01
-1.985290000000000110e-01
-1.985290000000000110e-01
-1.984944999999999904e-01
-1.976239999999999941e-01
-1.976239999999999941e-01
-1.976239999999999941e-01
-1.976239999999999941e-01
-1.976239999999999941e-01
-1.976239999999999941e-01
-1.963264999999999871e-01
-1.961865000000000137e-01
-1.961865000000000137e-01
-1.961865000000000137e-01
-1.961865000000000137e-01
-1.940435000000000076e-01
-1.940435000000000076e-01
-1.940435000000000076e-01
-1.940435000000000076e-01
-1.940435000000000076e-01
-1.940435000000000076e-01
-1.906154999999999933e-01
-1.906154999999999933e-01
-1.906154999999999933e-01
-1.906154999999999933e-01
-1.903124999999999956e-01
-1.903124999999999956e-01
-1.903124999999999956e-01
-1.903124999999999956e-01
-1.903124999999999956e-01
-1.903124999999999956e-01
-1.903124999999999956e-01
-1.903124999999999956e-01
-1.903124999999999956e-01
-1.903124999999999956e-01
-1.902729999999999977e-01
-1.902729999999999977e-01
-1.902719999999999967e-01
-1.902719999999999967e-01
-1.902719999999999967e-01
-1.894530000000000103e-01
-1.894530000000000103e-01
-1.894530000000000103e-01
-1.894530000000000103e-01
-1.894530000000000103e-01
-1.894530000000000103e-01
-1.894530000000000103e-01
-1.894530000000000103e-01
-1.860884999999999900e-01
-1.860884999999999900e-01
-1.860884999999999900e-01
-1.860884999999999900e-01
-1.860884999999999900e-01
-1.860884999999999900e-01
-1.860884999999999900e-01
-1.860884999999999900e-01
-1.860884999999999900e-01
-1.860884999999999900e-01
-1.860884999999999900e-01
-1.860884999999999900e-01
-1.860884999999999900e-01
-1.860884999999999900e-01
-1.860884999999999900e-01
-1.860884999999999900e-01
-1.857360000000000122e-01
-1.857129999999999892e-01
-1.847479999999999956e-01
-1.847479999999999956e-01
-1.847479999999999956e-01
-1.847479999999999956e-01
-1.847479999999999956e-01
-1.847479999999999956e-01
-1.847479999999999956e-01
-1.847479999999999956e-01
-1.847479999999999956e-01
-1.847479999999999956e-01
-1.846460000000000046e-01
-1.846460000000000046e-01
-1.845225000000000060e-01
-1.845225000000000060e-01
-1.845225000000000060e-01
-1.845225000000000060e-01
-1.845225000000000060e-01
-1.845225000000000060e-01
-1.845225000000000060e-01
-1.845225000000000060e-01
-1.845225000000000060e-01
-1.845160000000000133e-01
-1.843355000000000132e-01
-1.841659999999999964e-01
-1.841659999999999964e-01
-1.841154999999999875e-01
-1.840299999999999991e-01
-1.839520000000000044e-01
-1.839520000000000044e-01
-1.839520000000000044e-01
-1.839494999999999880e-01
-1.839379999999999904e-01
-1.837679999999999869e-01
-1.837679999999999869e-01
-1.836004999999999998e-01
-1.836004999999999998e-01
-1.836004999999999998e-01
-1.836004999999999998e-01
-1.836004999999999998e-01
-1.835604999999999876e-01
-1.834480000000000000e-01
-1.834480000000000000e-01
-1.834480000000000000e-01
-1.833370000000000000e-01
-1.833370000000000000e-01
-1.833370000000000000e-01
-1.833370000000000000e-01
-1.832729999999999915e-01
-1.832729999999999915e-01
-1.832729999999999915e-01
-1.832729999999999915e-01
-1.832729999999999915e-01
-1.832729999999999915e-01
-1.832660000000000122e-01
-1.832660000000000122e-01
-1.832660000000000122e-01
-1.831139999999999990e-01
-1.831139999999999990e-01
-1.831139999999999990e-01
-1.831139999999999990e-01
-1.830984999999999974e-01
-1.830984999999999974e-01
-1.830984999999999974e-01
-1.830479999999999885e-01
-1.830479999999999885e-01
-1.830479999999999885e-01
-1.830479999999999885e-01
-1.830479999999999885e-01
-1.830479999999999885e-01
-1.830479999999999885e-01
-1.830479999999999885e-01
-1.830479999999999885e-01
-1.830434999999999979e-01
-1.830144999999999966e-01
-1.830144999999999966e-01
-1.830130000000000090e-01
-1.829645000000000021e-01
-1.829645000000000021e-01
-1.829645000000000021e-01
-1.829645000000000021e-01
-1.827550000000000008e-01
-1.827550000000000008e-01
-1.827550000000000008e-01
-1.827550000000000008e-01
-1.827550000000000008e-01
-1.827550000000000008e-01
-1.827550000000000008e-01
-1.827550000000000008e-01
-1.827550000000000008e-01
-1.827535000000000132e-01
-1.827535000000000132e-01
-1.827535000000000132e-01
-1.827535000000000132e-01
-1.827535000000000132e-01
-1.827535000000000132e-01
-1.827535000000000132e-01
-1.827535000000000132e-01
-1.827535000000000132e-01
-1.827535000000000132e-01
-1.827535000000000132e-01
-1.827535000000000132e-01
-1.827000000000000013e-01
-1.827000000000000013e-01
-1.827000000000000013e-01
-1.827000000000000013e-01
-1.827000000000000013e-01
-1.827000000000000013e-01
-1.826990000000000003e-01
-1.826990000000000003e-01
-1.826939999999999953e-01
-1.826875000000000027e-01
-1.826724999999999877e-01
-1.826724999999999877e-01
-1.826724999999999877e-01
-1.826724999999999877e-01
-1.826724999999999877e-01
-1.826724999999999877e-01
-1.826724999999999877e-01
-1.826724999999999877e-01
-1.826724999999999877e-01
-1.826724999999999877e-01
-1.826724999999999877e-01
-1.821315000000000017e-01
-1.821315000000000017e-01
-1.821315000000000017e-01
-1.821315000000000017e-01
-1.821315000000000017e-01
-1.821315000000000017e-01
-1.821315000000000017e-01
-1.821315000000000017e-01
-1.821315000000000017e-01
-1.821315000000000017e-01
-1.821315000000000017e-01
-1.820994999999999975e-01
-1.820994999999999975e-01
-1.820994999999999975e-01
-1.820994999999999975e-01
-1.820994999999999975e-01
-1.820994999999999975e-01
-1.820994999999999975e-01
-1.820994999999999975e-01
-1.820994999999999975e-01
-1.820994999999999975e-01
-1.820994999999999975e-01
-1.820994999999999975e-01
-1.820994999999999975e-01
-1.820994999999999975e-01
-1.820994999999999975e-01
-1.820994999999999975e-01
-1.820994999999999975e-01
-1.820994999999999975e-01
-1.820994999999999975e-01
-1.820994999999999975e-01
-1.820994999999999975e-01
-1.820994999999999975e-01
-1.820994999999999975e-01
-1.820994999999999975e-01
-1.820994999999999975e-01
-1.820994999999999975e-01
-1.820529999999999926e-01
-1.820529999999999926e-01
-1.820529999999999926e-01
-1.820529999999999926e-01
-1.820529999999999926e-01
-1.820529999999999926e-01
-1.820529999999999926e-01
-1.820529999999999926e-01
-1.820529999999999926e-01
-1.820505000000000040e-01
-1.820505000000000040e-01
-1.820505000000000040e-01
-1.820505000000000040e-01
-1.819419999999999926e-01
-1.819419999999999926e-01
-1.819419999999999926e-01
-1.819419999999999926e-01
-1.819419999999999926e-01
-1.819419999999999926e-01
-1.819419999999999926e-01
-1.819419999999999926e-01
-1.819419999999999926e-01
-1.819419999999999926e-01
-1.819419999999999926e-01
-1.819419999999999926e-01
-1.819350000000000134e-01
-1.819350000000000134e-01
-1.819300000000000084e-01
-1.819300000000000084e-01
-1.819290000000000074e-01
-1.819290000000000074e-01
-1.819260000000000044e-01
-1.819244999999999890e-01
-1.819105000000000028e-01
-1.819105000000000028e-01
-1.819105000000000028e-01
-1.819105000000000028e-01
-1.819105000000000028e-01
-1.819105000000000028e-01
-1.819105000000000028e-01
-1.819105000000000028e-01
-1.819105000000000028e-01
-1.818944999999999868e-01
-1.818944999999999868e-01
-1.818944999999999868e-01
-1.818915000000000115e-01
-1.818915000000000115e-01
-1.818915000000000115e-01
-1.818915000000000115e-01
-1.818869999999999931e-01
-1.818869999999999931e-01
-1.818869999999999931e-01
-1.818869999999999931e-01
-1.818869999999999931e-01
-1.818869999999999931e-01
-1.818869999999999931e-01
-1.818869999999999931e-01
-1.818869999999999931e-01
-1.818869999999999931e-01
-1.818474999999999953e-01
-1.818474999999999953e-01
-1.818474999999999953e-01
-1.818474999999999953e-01
-1.818474999999999953e-01
-1.818474999999999953e-01
-1.818474999999999953e-01
-1.818474999999999953e-01
-1.818474999999999953e-01
-1.818474999999999953e-01
-1.818474999999999953e-01
-1.818474999999999953e-01
-1.818474999999999953e-01
-1.818474999999999953e-01
-1.818474999999999953e-01
-1.818474999999999953e-01
-1.818474999999999953e-01
-1.818474999999999953e-01
-1.818474999999999953e-01
-1.818474999999999953e-01
-1.818474999999999953e-01
-1.818474999999999953e-01
-1.818474999999999953e-01
-1.818470000000000086e-01
-1.818470000000000086e-01
-1.818470000000000086e-01
-1.818470000000000086e-01
-1.818470000000000086e-01
-1.818345000000000100e-01
-1.818345000000000100e-01
-1.818345000000000100e-01
-1.818345000000000100e-01
-1.818345000000000100e-01
-1.818345000000000100e-01
-1.818345000000000100e-01
-1.818345000000000100e-01
-1.818345000000000100e-01
-1.818345000000000100e-01
-1.817404999999999993e-01
-1.817404999999999993e-01
-1.817404999999999993e-01
-1.816639999999999922e-01
-1.816639999999999922e-01
-1.816639999999999922e-01
-1.816639999999999922e-01
-1.816639999999999922e-01
-1.816639999999999922e-01
-1.816639999999999922e-01
-1.816639999999999922e-01
-1.816639999999999922e-01
-1.816639999999999922e-01
-1.816639999999999922e-01
-1.816639999999999922e-01
-1.816639999999999922e-01
-1.816639999999999922e-01
-1.816639999999999922e-01
-1.816639999999999922e-01
-1.816639999999999922e-01
-1.816639999999999922e-01
-1.816639999999999922e-01
-1.816639999999999922e-01
-1.816639999999999922e-01
-1.816629999999999912e-01
-1.816629999999999912e-01
-1.816629999999999912e-01
-1.816625000000000045e-01
-1.816625000000000045e-01
-1.816625000000000045e-01
-1.816625000000000045e-01
-1.816625000000000045e-01
-1.816625000000000045e-01
-1.816625000000000045e-01
-1.816625000000000045e-01
-1.816625000000000045e-01
-1.816625000000000045e-01
-1.816615000000000035e-01
-1.816615000000000035e-01
-1.816615000000000035e-01
-1.816615000000000035e-01
-1.816615000000000035e-01
-1.816589999999999872e-01
-1.816589999999999872e-01
-1.816589999999999872e-01
-1.816589999999999872e-01
-1.816589999999999872e-01
-1.816589999999999872e-01
-1.816589999999999872e-01
-1.816589999999999872e-01
-1.816589999999999872e-01
-1.816589999999999872e-01
-1.816589999999999872e-01
-1.816589999999999872e-01
-1.816589999999999872e-01
-1.816589999999999872e-01
-1.816589999999999872e-01
-1.816589999999999872e-01
-1.816589999999999872e-01
-1.816589999999999872e-01
-1.816589999999999872e-01
-1.816589999999999872e-01
-1.816589999999999872e-01
-1.816409999999999969e-01
-1.816409999999999969e-01
-1.816409999999999969e-01
-1.816409999999999969e-01
-1.816409999999999969e-01
-1.816409999999999969e-01
-1.816409999999999969e-01
-1.816409999999999969e-01
-1.816379999999999939e-01
-1.816234999999999933e-01
-1.816190000000000027e-01
-1.816190000000000027e-01
-1.816139999999999977e-01
-1.816119999999999957e-01
-1.816119999999999957e-01
-1.816085000000000060e-01
-1.816075000000000050e-01
-1.815934999999999910e-01
-1.815934999999999910e-01
-1.815934999999999910e-01
-1.815934999999999910e-01
-1.815934999999999910e-01
-1.815934999999999910e-01
-1.815934999999999910e-01
-1.815934999999999910e-01
-1.815920000000000034e-01
-1.815825000000000078e-01
-1.815825000000000078e-01
-1.815809999999999924e-01
-1.815809999999999924e-01
-1.815809999999999924e-01
-1.815805000000000058e-01
-1.815799999999999914e-01
-1.815795000000000048e-01
-1.815795000000000048e-01
-1.815779999999999894e-01
-1.815765000000000018e-01
-1.815765000000000018e-01
-1.815759999999999874e-01
-1.815759999999999874e-01
-1.815759999999999874e-01
-1.815759999999999874e-01
-1.815759999999999874e-01
-1.815759999999999874e-01
-1.815759999999999874e-01
-1.815759999999999874e-01
-1.815759999999999874e-01
-1.815759999999999874e-01
-1.815759999999999874e-01
-1.815759999999999874e-01
-1.815759999999999874e-01
-1.815759999999999874e-01
-1.815759999999999874e-01
-1.815759999999999874e-01
-1.815759999999999874e-01
-1.815759999999999874e-01
-1.815759999999999874e-01
-1.815749999999999864e-01
-1.815749999999999864e-01
-1.815749999999999864e-01
-1.815744999999999998e-01
-1.815744999999999998e-01
-1.815744999999999998e-01
-1.815744999999999998e-01
-1.815744999999999998e-01
-1.815744999999999998e-01
-1.815744999999999998e-01
-1.815724999999999978e-01
-1.815720000000000112e-01
-1.815720000000000112e-01
-1.815720000000000112e-01
-1.815720000000000112e-01
-1.815714999999999968e-01
-1.815714999999999968e-01
-1.815714999999999968e-01
-1.815714999999999968e-01
-1.815714999999999968e-01
-1.815714999999999968e-01
-1.815714999999999968e-01
-1.815690000000000082e-01
-1.815680000000000072e-01
-1.815680000000000072e-01
-1.815680000000000072e-01
-1.815680000000000072e-01
-1.815674999999999928e-01
-1.815670000000000062e-01
-1.815670000000000062e-01
-1.815670000000000062e-01
-1.815664999999999918e-01
-1.815664999999999918e-01
-1.815664999999999918e-01
-1.815664999999999918e-01
-1.815664999999999918e-01
-1.815664999999999918e-01
-1.815664999999999918e-01
-1.815579999999999972e-01
-1.815579999999999972e-01
-1.815579999999999972e-01
-1.815579999999999972e-01
-1.815579999999999972e-01
-1.815579999999999972e-01
-1.815579999999999972e-01
-1.814304999999999946e-01
-1.814304999999999946e-01
-1.814304999999999946e-01
-1.814304999999999946e-01
-1.814304999999999946e-01
-1.814304999999999946e-01
-1.814304999999999946e-01
-1.814304999999999946e-01
-1.814304999999999946e-01
-1.814304999999999946e-01
-1.814304999999999946e-01
-1.814304999999999946e-01
-1.814304999999999946e-01
-1.814304999999999946e-01
-1.814304999999999946e-01
-1.814304999999999946e-01
-1.814304999999999946e-01
-1.814304999999999946e-01
-1.814304999999999946e-01
-1.814304999999999946e-01
-1.814304999999999946e-01
-1.814304999999999946e-01
-1.814304999999999946e-01
-1.814304999999999946e-01
-1.814304999999999946e-01
-1.814304999999999946e-01
-1.814304999999999946e-01
-1.814304999999999946e-01
-1.814304999999999946e-01
-1.814304999999999946e-01
-1.814304999999999946e-01
-1.814304999999999946e-01
-1.814304999999999946e-01
-1.814304999999999946e-01
-1.814304999999999946e-01
-1.814304999999999946e-01
-1.814304999999999946e-01
-1.814304999999999946e-01
-1.814304999999999946e-01
-1.814304999999999946e-01
-1.814304999999999946e-01
-1.814304999999999946e-01
-1.814304999999999946e-01
-1.814304999999999946e-01
-1.814304999999999946e-01
-1.814304999999999946e-01
-1.814304999999999946e-01
-1.814304999999999946e-01
-1.814304999999999946e-01
-1.814304999999999946e-01
-1.814304999999999946e-01
-1.814304999999999946e-01
-1.814304999999999946e-01
-1.814304999999999946e-01
-1.814304999999999946e-01
-1.814304999999999946e-01
-1.814304999999999946e-01
-1.813545000000000018e-01
-1.813545000000000018e-01
-1.813545000000000018e-01
-1.813545000000000018e-01
-1.813545000000000018e-01
-1.813545000000000018e-01
-1.813545000000000018e-01
-1.813545000000000018e-01
-1.813545000000000018e-01
-1.813545000000000018e-01
-1.813545000000000018e-01
-1.813545000000000018e-01
-1.813545000000000018e-01
-1.813545000000000018e-01
-1.813545000000000018e-01
-1.813545000000000018e-01
-1.813545000000000018e-01
-1.813545000000000018e-01
-1.813545000000000018e-01
-1.813545000000000018e-01
-1.813545000000000018e-01
-1.813545000000000018e-01
-1.813545000000000018e-01
-1.813545000000000018e-01
-1.813545000000000018e-01
-1.813545000000000018e-01
-1.813545000000000018e-01
-1.813545000000000018e-01
-1.813545000000000018e-01
-1.813545000000000018e-01
-1.813545000000000018e-01
-1.813545000000000018e-01
-1.813545000000000018e-01
-1.813545000000000018e-01
-1.813545000000000018e-01
-1.813545000000000018e-01
-1.813545000000000018e-01
-1.813545000000000018e-01
-1.813545000000000018e-01
-1.813524999999999998e-01
-1.813524999999999998e-01
-1.813524999999999998e-01
-1.813524999999999998e-01
-1.813524999999999998e-01
-1.813524999999999998e-01
-1.813524999999999998e-01
-1.813524999999999998e-01
-1.813524999999999998e-01
-1.812239999999999962e-01
-1.812239999999999962e-01
-1.812239999999999962e-01
-1.812239999999999962e-01
-1.812239999999999962e-01
-1.812239999999999962e-01
-1.812239999999999962e-01
-1.812239999999999962e-01
-1.812239999999999962e-01
-1.812239999999999962e-01
-1.812239999999999962e-01
-1.812239999999999962e-01
-1.812239999999999962e-01
-1.812239999999999962e-01
-1.812239999999999962e-01
-1.812239999999999962e-01
-1.812239999999999962e-01
-1.812239999999999962e-01
-1.812239999999999962e-01
-1.812239999999999962e-01
-1.812239999999999962e-01
-1.812239999999999962e-01
-1.812239999999999962e-01
-1.812239999999999962e-01
-1.812239999999999962e-01
-1.812239999999999962e-01
-1.812239999999999962e-01
-1.812239999999999962e-01
-1.812239999999999962e-01
-1.812239999999999962e-01
-1.812239999999999962e-01
-1.812239999999999962e-01
-1.812239999999999962e-01
-1.812239999999999962e-01
-1.812239999999999962e-01
-1.812239999999999962e-01
-1.812239999999999962e-01
-1.812239999999999962e-01
-1.812239999999999962e-01
-1.812239999999999962e-01
-1.812239999999999962e-01
-1.812239999999999962e-01
-1.812239999999999962e-01
-1.812239999999999962e-01
-1.812239999999999962e-01
-1.812239999999999962e-01
-1.812239999999999962e-01
-1.812239999999999962e-01
-1.812239999999999962e-01
-1.812239999999999962e-01
-1.812239999999999962e-01
-1.812155000000000016e-01
-1.812155000000000016e-01
-1.812155000000000016e-01
-1.812155000000000016e-01
-1.812155000000000016e-01
-1.812155000000000016e-01
-1.812155000000000016e-01
-1.812155000000000016e-01
-1.812155000000000016e-01
-1.812155000000000016e-01
-1.812155000000000016e-01
-1.812155000000000016e-01
-1.812155000000000016e-01
-1.812155000000000016e-01
-1.812155000000000016e-01
-1.812145000000000006e-01
-1.812139999999999862e-01
-1.812134999999999996e-01
-1.812134999999999996e-01
-1.812134999999999996e-01
-1.812134999999999996e-01
-1.812134999999999996e-01
-1.812134999999999996e-01
-1.812134999999999996e-01
-1.812134999999999996e-01
-1.812110000000000110e-01
-1.812110000000000110e-01
-1.812110000000000110e-01
-1.812110000000000110e-01
-1.812110000000000110e-01
-1.812110000000000110e-01
-1.812110000000000110e-01
-1.812110000000000110e-01
-1.812110000000000110e-01
-1.812110000000000110e-01
-1.812110000000000110e-01
-1.812110000000000110e-01
-1.812110000000000110e-01
-1.812110000000000110e-01
-1.812110000000000110e-01
-1.812110000000000110e-01
-1.812110000000000110e-01
-1.812110000000000110e-01
-1.812110000000000110e-01
-1.812110000000000110e-01
-1.812110000000000110e-01
-1.812110000000000110e-01
-1.812110000000000110e-01
-1.812110000000000110e-01
-1.812110000000000110e-01
-1.812110000000000110e-01
-1.812110000000000110e-01
-1.812110000000000110e-01
-1.812110000000000110e-01
-1.811995000000000133e-01
-1.811995000000000133e-01
-1.811995000000000133e-01
-1.811945000000000083e-01
-1.811945000000000083e-01
-1.811945000000000083e-01
-1.811945000000000083e-01
-1.811945000000000083e-01
-1.811945000000000083e-01
-1.811945000000000083e-01
-1.811945000000000083e-01
-1.811945000000000083e-01
-1.811945000000000083e-01
-1.811945000000000083e-01
-1.811945000000000083e-01
-1.811945000000000083e-01
-1.811945000000000083e-01
-1.811945000000000083e-01
-1.811945000000000083e-01
-1.811945000000000083e-01
-1.811945000000000083e-01
-1.811945000000000083e-01
-1.811945000000000083e-01
-1.811945000000000083e-01
-1.811945000000000083e-01
-1.811945000000000083e-01
-1.811945000000000083e-01
-1.811945000000000083e-01
-1.811945000000000083e-01
-1.811945000000000083e-01
-1.811945000000000083e-01
-1.811945000000000083e-01
-1.811945000000000083e-01
-1.811945000000000083e-01
-1.811945000000000083e-01
-1.811945000000000083e-01
-1.811945000000000083e-01
-1.811945000000000083e-01
-1.811939999999999940e-01
-1.811939999999999940e-01
-1.811939999999999940e-01
-1.811935000000000073e-01
-1.811929999999999930e-01
-1.811929999999999930e-01
-1.811929999999999930e-01
-1.811929999999999930e-01
-1.811929999999999930e-01
-1.811929999999999930e-01
-1.811929999999999930e-01
-1.811929999999999930e-01
-1.811929999999999930e-01
-1.811919999999999920e-01
-1.811919999999999920e-01
-1.811919999999999920e-01
-1.811915000000000053e-01
-1.811909999999999910e-01
-1.811909999999999910e-01
-1.811909999999999910e-01
-1.811909999999999910e-01
-1.811909999999999910e-01
-1.811905000000000043e-01
-1.811905000000000043e-01
-1.811905000000000043e-01
-1.811905000000000043e-01
-1.811899999999999900e-01
-1.811899999999999900e-01
-1.811899999999999900e-01
-1.811865000000000003e-01
-1.811865000000000003e-01
-1.811834999999999973e-01
-1.811834999999999973e-01
-1.811834999999999973e-01
-1.811830000000000107e-01
-1.811830000000000107e-01
-1.811830000000000107e-01
-1.811830000000000107e-01
-1.811830000000000107e-01
-1.811830000000000107e-01
-1.811830000000000107e-01
-1.811830000000000107e-01
-1.811830000000000107e-01
-1.811830000000000107e-01
-1.811830000000000107e-01
-1.811830000000000107e-01
-1.811830000000000107e-01
-1.811830000000000107e-01
-1.811830000000000107e-01
-1.811830000000000107e-01
-1.811830000000000107e-01
-1.811830000000000107e-01
-1.811830000000000107e-01
-1.811830000000000107e-01
-1.811830000000000107e-01
-1.811830000000000107e-01
-1.811830000000000107e-01
-1.811830000000000107e-01
-1.811830000000000107e-01
-1.811830000000000107e-01
-1.811830000000000107e-01
-1.811830000000000107e-01
-1.811830000000000107e-01
-1.811280000000000112e-01
-1.811280000000000112e-01
-1.811280000000000112e-01
-1.811280000000000112e-01
-1.811280000000000112e-01
-1.811280000000000112e-01
-1.811280000000000112e-01
-1.811280000000000112e-01
-1.810944999999999916e-01
-1.810944999999999916e-01
-1.810944999999999916e-01
-1.810944999999999916e-01
-1.810910000000000020e-01
-1.810910000000000020e-01
-1.810910000000000020e-01
-1.810910000000000020e-01
-1.810910000000000020e-01
-1.810910000000000020e-01
-1.810910000000000020e-01
-1.810910000000000020e-01
-1.810910000000000020e-01
-1.810910000000000020e-01
-1.810910000000000020e-01
-1.810910000000000020e-01
-1.810910000000000020e-01
-1.810910000000000020e-01
-1.810910000000000020e-01
-1.810910000000000020e-01
-1.810910000000000020e-01
-1.810910000000000020e-01
-1.810910000000000020e-01
-1.810910000000000020e-01
-1.810910000000000020e-01
-1.810910000000000020e-01
-1.810910000000000020e-01
-1.810910000000000020e-01
-1.810910000000000020e-01
-1.810910000000000020e-01
-1.810910000000000020e-01
-1.810910000000000020e-01
-1.810910000000000020e-01
-1.810910000000000020e-01
-1.810910000000000020e-01
-1.810910000000000020e-01
-1.810904999999999876e-01
-1.810904999999999876e-01
-1.810904999999999876e-01
-1.810904999999999876e-01
-1.810904999999999876e-01
-1.810904999999999876e-01
-1.810904999999999876e-01
-1.810904999999999876e-01
-1.810904999999999876e-01
-1.810904999999999876e-01
-1.810904999999999876e-01
-1.810904999999999876e-01
-1.810904999999999876e-01
-1.810904999999999876e-01
-1.810904999999999876e-01
-1.810904999999999876e-01
-1.810904999999999876e-01
-1.810904999999999876e-01
-1.810904999999999876e-01
-1.810885000000000133e-01
-1.810885000000000133e-01
-1.810885000000000133e-01
-1.810885000000000133e-01
-1.810885000000000133e-01
-1.810879999999999990e-01
-1.810879999999999990e-01
-1.810879999999999990e-01
-1.810879999999999990e-01
-1.810879999999999990e-01
-1.810879999999999990e-01
-1.810879999999999990e-01
-1.810869999999999980e-01
-1.810869999999999980e-01
-1.810859999999999970e-01
-1.810855000000000103e-01
-1.810855000000000103e-01
-1.810855000000000103e-01
-1.810855000000000103e-01
-1.810855000000000103e-01
-1.810855000000000103e-01
-1.810855000000000103e-01
-1.810855000000000103e-01
-1.810855000000000103e-01
-1.810855000000000103e-01
-1.810855000000000103e-01
-1.810855000000000103e-01
-1.810855000000000103e-01
-1.810855000000000103e-01
-1.810855000000000103e-01
-1.810855000000000103e-01
-1.810855000000000103e-01
-1.810855000000000103e-01
-1.810855000000000103e-01
-1.810855000000000103e-01
-1.810855000000000103e-01
-1.810855000000000103e-01
-1.810855000000000103e-01
-1.810855000000000103e-01
-1.810845000000000093e-01
-1.810845000000000093e-01
-1.810845000000000093e-01
-1.810845000000000093e-01
-1.810839999999999950e-01
-1.810839999999999950e-01
-1.810825000000000073e-01
-1.810825000000000073e-01
-1.810825000000000073e-01
-1.810825000000000073e-01
-1.810825000000000073e-01
-1.810825000000000073e-01
-1.810825000000000073e-01
-1.810825000000000073e-01
-1.810825000000000073e-01
-1.810825000000000073e-01
-1.810825000000000073e-01
-1.810825000000000073e-01
-1.810825000000000073e-01
-1.810825000000000073e-01
-1.810825000000000073e-01
-1.810825000000000073e-01
-1.810825000000000073e-01
-1.810825000000000073e-01
-1.810825000000000073e-01
-1.810825000000000073e-01
-1.810825000000000073e-01
-1.810825000000000073e-01
-1.810825000000000073e-01
-1.810825000000000073e-01
-1.810825000000000073e-01
