4.766917494148368295e-01
4.999055159661464076e-01
4.712029930709155656e-01
5.169456203975496544e-01
5.324543555444298804e-01
4.797954939036245814e-01
4.905346145774644451e-01
5.119980688281906556e-01
4.921179951063626712e-01
4.939447841702316322e-01
4.650104377214836493e-01
4.847513080574770150e-01
4.823394114598705817e-01
5.109182817342255989e-01
4.817683124305471853e-01
4.914949771829547620e-01
4.645674772129882446e-01
5.149450846390687397e-01
5.216513232714907744e-01
4.809692964044552932e-01
5.217454818070266231e-01
4.095106813444797100e-01
4.792390572429389151e-01
4.930129495534131268e-01
5.208125445499318662e-01
4.847182092724789393e-01
5.060140330077549375e-01
4.962276065054329610e-01
5.306780509891882991e-01
4.774750707338810685e-01
7.765713228187143269e-01
4.074907146702943517e-01
5.216741800377598937e-01
4.444183818064445513e-01
5.168808298035958426e-01
4.775941641378750879e-01
5.070283275267033485e-01
5.020228555608274856e-01
5.082463215451078486e-01
4.921736049836016869e-01
5.113340894783225954e-01
4.785993590844629386e-01
4.578009054899406238e-01
4.622138371182823446e-01
4.506483571787746611e-01
5.150330026810916451e-01
4.779062354610633112e-01
4.853014201003479355e-01
5.291332925821243816e-01
5.290928624079691556e-01
4.918327938375509079e-01
5.233925856682279942e-01
5.397835226473804981e-01
5.453211360479600645e-01
4.896680748322511656e-01
4.514646729219621846e-01
4.758060955724664476e-01
4.679918070681089448e-01
4.820836907928850446e-01
5.032060492951511144e-01
5.127796992539332965e-01
5.032528527512336591e-01
5.699061366237120341e-01
5.193259609378034769e-01
4.535119432384372429e-01
5.034177081129151965e-01
5.030172247999729063e-01
4.176030520434328430e-01
5.130868960241579124e-01
5.040262309102629956e-01
5.170382144053888851e-01
4.233388669636660162e-01
5.241970847541659317e-01
3.924193122676435941e-01
4.881134430366592669e-01
5.479652872295883714e-01
4.832316889507988766e-01
4.939696249646248205e-01
4.976681109350659105e-01
4.888305950056993088e-01
5.296470643698020231e-01
5.430649411931672832e-01
5.378076242216107694e-01
5.229844750993688507e-01
4.978288186776158031e-01
4.893419282853976870e-01
4.248260234578701833e-01
4.920999037760821482e-01
4.756541048224069979e-01
4.492413964517038005e-01
5.248129633000058192e-01
4.227966559542893910e-01
4.514300845096204107e-01
4.854549677424276899e-01
5.337635273921558232e-01
7.772412321132631252e-01
4.656257190501419396e-01
4.930818380012620405e-01
6.345268875739914494e-01
4.790389225709563714e-01
5.883055768923162177e-01
4.229383100771415549e-01
4.804580775691071337e-01
4.377836959985478282e-01
5.484528117042521966e-01
4.518081435922574052e-01
4.652437662152831832e-01
4.746468584646476030e-01
5.183592514211203817e-01
4.955929845851751447e-01
4.364106750393615952e-01
4.682583028102544898e-01
5.132840268717332455e-01
4.544340692673023430e-01
4.980530625578114545e-01
4.697059101439917672e-01
5.574961598170360411e-01
5.313386981534687914e-01
4.809017570261332475e-01
4.810985073130717438e-01
7.588158502814336126e-01
5.308104908086488383e-01
4.975498587731180811e-01
5.188721448217066268e-01
4.629083814343398773e-01
4.453118902176438354e-01
5.063614940511642626e-01
5.360042903120816327e-01
5.377279853386898179e-01
4.838072155298174803e-01
5.859143495129470747e-01
4.893891962898736514e-01
4.980505620109868525e-01
4.739364990425838919e-01
5.149710171661883162e-01
5.256201909266861039e-01
5.105719417042827724e-01
5.325589991411517898e-01
5.128152504049218186e-01
5.440938607847171093e-01
3.664617732005351902e-01
4.910949294400477338e-01
5.047818323485310232e-01
4.570514975836365568e-01
4.869183839682066361e-01
5.077979517338800930e-01
4.673469211300273485e-01
4.998353465437915255e-01
4.714750668033185765e-01
5.005277905633245261e-01
5.266025305925006172e-01
4.805447671391113729e-01
5.380993574172669991e-01
5.628989640995114563e-01
4.723568537219090535e-01
4.819499015455632751e-01
6.074647786111685432e-01
4.559983269156380192e-01
5.076012131079826739e-01
4.672004571383355787e-01
5.177930885832533470e-01
5.213185016709258601e-01
5.044177087995814768e-01
4.939120660879589009e-01
4.875665663714295328e-01
4.950512772517154936e-01
5.002790612434271367e-01
4.448857941367574398e-01
4.138706998180843311e-01
4.616306724132670514e-01
4.974731406562552527e-01
5.203696850522661066e-01
4.694637028720144434e-01
4.437962433296448461e-01
5.619846133298429525e-01
4.757204126935209443e-01
5.313790164816420969e-01
5.641255104034264001e-01
4.471020453527131400e-01
5.037267596974283057e-01
4.719079077231815855e-01
5.722364971779574372e-01
4.937951758796405577e-01
5.201569402880013016e-01
5.489158383563133015e-01
4.940936133393321050e-01
5.373981709931354711e-01
4.937958109836768639e-01
6.333161460475487115e-01
4.720120368063639438e-01
5.289728423969051185e-01
5.173856393474673965e-01
4.880078642158733881e-01
5.533458683644369991e-01
5.237172354630146298e-01
5.527089840106239604e-01
4.918951689951336359e-01
6.067624416301389267e-01
5.595675515366655972e-01
4.601813138801228442e-01
