-2.715000000000000052e-02
-2.426700000000000038e-02
-1.947700000000000126e-02
-1.947700000000000126e-02
-1.603950000000000167e-02
-1.101300000000000022e-02
-9.157500000000000709e-03
-9.157500000000000709e-03
-9.157500000000000709e-03
-8.533000000000000654e-03
-8.533000000000000654e-03
-7.668999999999999602e-03
-7.300499999999999698e-03
-7.300499999999999698e-03
-7.288000000000000207e-03
-7.288000000000000207e-03
-7.288000000000000207e-03
-7.288000000000000207e-03
-7.288000000000000207e-03
-7.276999999999999615e-03
-7.276999999999999615e-03
-7.270999999999999686e-03
-7.270999999999999686e-03
-7.270999999999999686e-03
-7.248000000000000102e-03
-7.248000000000000102e-03
-7.248000000000000102e-03
-7.248000000000000102e-03
-7.248000000000000102e-03
-7.248000000000000102e-03
-7.245999999999999837e-03
-7.245999999999999837e-03
-7.245999999999999837e-03
-7.245999999999999837e-03
-7.245999999999999837e-03
-7.244999999999999704e-03
-7.244999999999999704e-03
-7.244999999999999704e-03
-7.243999999999999571e-03
-7.228000000000000050e-03
-7.228000000000000050e-03
-7.225500000000000152e-03
-7.225500000000000152e-03
-7.225500000000000152e-03
-7.225500000000000152e-03
-7.225500000000000152e-03
-7.225500000000000152e-03
-7.225500000000000152e-03
-7.225500000000000152e-03
-7.225500000000000152e-03
-7.225500000000000152e-03
-7.225500000000000152e-03
-7.225500000000000152e-03
-7.225500000000000152e-03
-7.225500000000000152e-03
-7.225500000000000152e-03
-7.225500000000000152e-03
-7.225500000000000152e-03
-7.225500000000000152e-03
-7.225500000000000152e-03
-7.224999999999999652e-03
-7.224999999999999652e-03
-7.224999999999999652e-03
-7.224999999999999652e-03
-7.224999999999999652e-03
-7.224999999999999652e-03
-7.224999999999999652e-03
-7.224999999999999652e-03
-7.224999999999999652e-03
-7.224999999999999652e-03
-7.224999999999999652e-03
-7.224999999999999652e-03
-7.209000000000000130e-03
-7.209000000000000130e-03
-7.209000000000000130e-03
-7.209000000000000130e-03
-7.209000000000000130e-03
-7.209000000000000130e-03
-7.209000000000000130e-03
-7.208499999999999630e-03
-7.208499999999999630e-03
-7.208499999999999630e-03
-7.208499999999999630e-03
-7.208499999999999630e-03
-7.208499999999999630e-03
-7.202000000000000068e-03
-7.202000000000000068e-03
-7.202000000000000068e-03
-7.202000000000000068e-03
-7.202000000000000068e-03
-7.202000000000000068e-03
-7.202000000000000068e-03
-7.202000000000000068e-03
-7.202000000000000068e-03
-7.202000000000000068e-03
-7.202000000000000068e-03
-7.202000000000000068e-03
-7.202000000000000068e-03
-7.202000000000000068e-03
-7.202000000000000068e-03
-7.202000000000000068e-03
-7.202000000000000068e-03
-7.202000000000000068e-03
-7.202000000000000068e-03
-7.201499999999999568e-03
-7.201499999999999568e-03
-7.201499999999999568e-03
-7.201499999999999568e-03
-7.201499999999999568e-03
-7.201499999999999568e-03
-7.200999999999999936e-03
-7.200999999999999936e-03
-7.200999999999999936e-03
-7.200999999999999936e-03
-7.200999999999999936e-03
-7.200999999999999936e-03
-7.200999999999999936e-03
-7.200999999999999936e-03
-7.200999999999999936e-03
-7.200999999999999936e-03
-7.200999999999999936e-03
-7.200999999999999936e-03
-7.200999999999999936e-03
-7.200999999999999936e-03
-7.200999999999999936e-03
-7.200500000000000303e-03
-7.200500000000000303e-03
-7.200500000000000303e-03
-7.200500000000000303e-03
-7.200500000000000303e-03
-7.200500000000000303e-03
-7.200500000000000303e-03
-7.200500000000000303e-03
-7.200500000000000303e-03
-7.200500000000000303e-03
-7.200500000000000303e-03
-7.200500000000000303e-03
-7.200500000000000303e-03
-7.200500000000000303e-03
-7.200500000000000303e-03
-7.200500000000000303e-03
-7.200500000000000303e-03
-7.200500000000000303e-03
-7.199999999999999803e-03
-7.199999999999999803e-03
-7.199999999999999803e-03
-7.199999999999999803e-03
-7.199999999999999803e-03
-7.199999999999999803e-03
-7.199999999999999803e-03
-7.199999999999999803e-03
-7.199999999999999803e-03
-7.199999999999999803e-03
-7.199999999999999803e-03
-7.199999999999999803e-03
-7.199999999999999803e-03
-7.199999999999999803e-03
-7.199999999999999803e-03
-7.199999999999999803e-03
-7.199999999999999803e-03
-7.199999999999999803e-03
-7.199999999999999803e-03
-7.199999999999999803e-03
-7.199999999999999803e-03
-7.199999999999999803e-03
-7.199999999999999803e-03
-7.199999999999999803e-03
-7.199999999999999803e-03
-7.199999999999999803e-03
-7.199999999999999803e-03
-7.199999999999999803e-03
-7.199999999999999803e-03
-7.199999999999999803e-03
-7.199999999999999803e-03
-7.199999999999999803e-03
-7.199999999999999803e-03
-7.199999999999999803e-03
-7.199999999999999803e-03
-7.199999999999999803e-03
-7.199999999999999803e-03
-7.199999999999999803e-03
-7.199999999999999803e-03
-7.199999999999999803e-03
-7.199999999999999803e-03
-7.199999999999999803e-03
-7.199999999999999803e-03
-7.199999999999999803e-03
-7.199999999999999803e-03
-7.199999999999999803e-03
-7.199999999999999803e-03
-7.199999999999999803e-03
-7.199999999999999803e-03
-7.199999999999999803e-03
-7.199999999999999803e-03
-7.199999999999999803e-03
-7.199999999999999803e-03
-7.199999999999999803e-03
-7.199999999999999803e-03
-7.199999999999999803e-03
-7.199999999999999803e-03
-7.199999999999999803e-03
-7.199999999999999803e-03
-7.199999999999999803e-03
-7.199999999999999803e-03
-7.199999999999999803e-03
-7.199999999999999803e-03
-7.199999999999999803e-03
-7.199999999999999803e-03
-7.199999999999999803e-03
-7.199999999999999803e-03
-7.199999999999999803e-03
-7.199999999999999803e-03
-7.199999999999999803e-03
-7.199999999999999803e-03
-7.199999999999999803e-03
-7.199999999999999803e-03
-7.199999999999999803e-03
-7.199999999999999803e-03
-7.199999999999999803e-03
-7.199999999999999803e-03
-7.199999999999999803e-03
-7.199999999999999803e-03
-7.199999999999999803e-03
-7.199999999999999803e-03
-7.199999999999999803e-03
-7.199999999999999803e-03
-7.199999999999999803e-03
-7.199999999999999803e-03
-7.199999999999999803e-03
-7.199999999999999803e-03
-7.199999999999999803e-03
-7.199999999999999803e-03
-7.199999999999999803e-03
-7.199999999999999803e-03
-7.119999999999999593e-03
-7.119999999999999593e-03
-7.119999999999999593e-03
-7.119999999999999593e-03
-7.119999999999999593e-03
-7.119999999999999593e-03
-7.119999999999999593e-03
-7.119999999999999593e-03
-7.119999999999999593e-03
-7.119999999999999593e-03
-7.119999999999999593e-03
-7.119999999999999593e-03
-7.119999999999999593e-03
-7.119999999999999593e-03
-7.119999999999999593e-03
-7.119999999999999593e-03
-7.119999999999999593e-03
-7.119999999999999593e-03
-7.119999999999999593e-03
-7.119999999999999593e-03
-7.119999999999999593e-03
-7.119999999999999593e-03
-7.119999999999999593e-03
-7.119999999999999593e-03
-7.119999999999999593e-03
-7.119999999999999593e-03
-7.119999999999999593e-03
-7.119999999999999593e-03
-7.119999999999999593e-03
-7.119999999999999593e-03
-7.119999999999999593e-03
-7.119999999999999593e-03
-7.119999999999999593e-03
-7.119999999999999593e-03
-7.119999999999999593e-03
-7.119999999999999593e-03
-7.119999999999999593e-03
-7.119999999999999593e-03
-7.119999999999999593e-03
-7.119999999999999593e-03
-7.119999999999999593e-03
-7.119999999999999593e-03
-7.119999999999999593e-03
-7.119999999999999593e-03
-7.119999999999999593e-03
-7.119999999999999593e-03
-7.119999999999999593e-03
-7.119999999999999593e-03
-7.119999999999999593e-03
-7.119999999999999593e-03
-7.119999999999999593e-03
-7.119999999999999593e-03
-7.119999999999999593e-03
-7.119999999999999593e-03
-7.119999999999999593e-03
-7.119999999999999593e-03
-7.119999999999999593e-03
-7.119999999999999593e-03
-7.119999999999999593e-03
-7.119999999999999593e-03
-7.119999999999999593e-03
-7.119999999999999593e-03
-7.119999999999999593e-03
-7.119999999999999593e-03
-7.119999999999999593e-03
-7.119999999999999593e-03
-7.119999999999999593e-03
-7.079000000000000223e-03
-7.079000000000000223e-03
-7.079000000000000223e-03
-7.079000000000000223e-03
-7.079000000000000223e-03
-7.079000000000000223e-03
-7.079000000000000223e-03
-7.079000000000000223e-03
-7.079000000000000223e-03
-7.079000000000000223e-03
-7.079000000000000223e-03
-7.079000000000000223e-03
-7.079000000000000223e-03
-7.079000000000000223e-03
-7.079000000000000223e-03
-7.079000000000000223e-03
-7.079000000000000223e-03
-7.079000000000000223e-03
-7.046000000000000180e-03
-7.046000000000000180e-03
-7.046000000000000180e-03
-7.046000000000000180e-03
-7.046000000000000180e-03
-7.046000000000000180e-03
-7.046000000000000180e-03
-7.046000000000000180e-03
-7.046000000000000180e-03
-7.046000000000000180e-03
-7.046000000000000180e-03
-7.046000000000000180e-03
-7.046000000000000180e-03
-7.046000000000000180e-03
-7.046000000000000180e-03
-7.046000000000000180e-03
-7.046000000000000180e-03
-7.046000000000000180e-03
-7.046000000000000180e-03
-7.046000000000000180e-03
-7.046000000000000180e-03
-7.046000000000000180e-03
-7.046000000000000180e-03
-7.046000000000000180e-03
-7.046000000000000180e-03
-7.046000000000000180e-03
-7.046000000000000180e-03
-7.045499999999999680e-03
-7.045499999999999680e-03
-7.045499999999999680e-03
-7.045499999999999680e-03
-7.045499999999999680e-03
-7.045499999999999680e-03
-7.045499999999999680e-03
-7.045499999999999680e-03
-7.037500000000000352e-03
-7.037500000000000352e-03
-7.001499999999999911e-03
-7.001499999999999911e-03
-7.001499999999999911e-03
-7.001499999999999911e-03
-7.001499999999999911e-03
-7.001499999999999911e-03
-7.001499999999999911e-03
-7.001499999999999911e-03
-7.001499999999999911e-03
-7.001499999999999911e-03
-7.001499999999999911e-03
-7.001499999999999911e-03
-7.001499999999999911e-03
-7.001499999999999911e-03
-7.001499999999999911e-03
-7.001499999999999911e-03
-7.001499999999999911e-03
-7.001499999999999911e-03
-7.001499999999999911e-03
-7.001499999999999911e-03
-7.001499999999999911e-03
-7.001499999999999911e-03
-7.001499999999999911e-03
-7.001499999999999911e-03
-7.001499999999999911e-03
-7.001499999999999911e-03
-7.001499999999999911e-03
-7.001499999999999911e-03
-7.001499999999999911e-03
-7.001499999999999911e-03
-7.001499999999999911e-03
-7.001499999999999911e-03
-7.001499999999999911e-03
-7.001499999999999911e-03
-7.001499999999999911e-03
-7.001499999999999911e-03
-7.001499999999999911e-03
-7.001499999999999911e-03
-7.001499999999999911e-03
-7.001499999999999911e-03
-7.001499999999999911e-03
-7.001499999999999911e-03
-7.001499999999999911e-03
-7.001499999999999911e-03
-7.001499999999999911e-03
-7.001499999999999911e-03
-7.001499999999999911e-03
-7.001499999999999911e-03
-7.001499999999999911e-03
-7.001499999999999911e-03
-7.001499999999999911e-03
-7.001499999999999911e-03
-7.001499999999999911e-03
-7.001499999999999911e-03
-7.001499999999999911e-03
-7.001499999999999911e-03
-7.001499999999999911e-03
-7.001499999999999911e-03
-7.001499999999999911e-03
-7.001499999999999911e-03
-7.001499999999999911e-03
-7.001499999999999911e-03
-7.001499999999999911e-03
-7.001499999999999911e-03
-7.001499999999999911e-03
-7.001499999999999911e-03
-7.001499999999999911e-03
-7.001499999999999911e-03
-7.001499999999999911e-03
-7.001499999999999911e-03
-7.001499999999999911e-03
-7.001499999999999911e-03
-7.001499999999999911e-03
-7.001499999999999911e-03
-7.001499999999999911e-03
-7.001499999999999911e-03
-7.001499999999999911e-03
-7.001499999999999911e-03
-7.001499999999999911e-03
-7.001499999999999911e-03
-7.001499999999999911e-03
-7.001499999999999911e-03
-7.001499999999999911e-03
-7.001499999999999911e-03
-7.001499999999999911e-03
-7.001499999999999911e-03
-7.001499999999999911e-03
-7.001499999999999911e-03
-7.001499999999999911e-03
-7.001499999999999911e-03
-7.001499999999999911e-03
-7.001499999999999911e-03
-7.001499999999999911e-03
-7.001499999999999911e-03
-7.001499999999999911e-03
-7.001499999999999911e-03
-7.001499999999999911e-03
-7.001499999999999911e-03
-7.001499999999999911e-03
-7.001499999999999911e-03
-7.001499999999999911e-03
-7.001499999999999911e-03
-7.001499999999999911e-03
-7.001499999999999911e-03
-7.001499999999999911e-03
-7.001499999999999911e-03
-7.001499999999999911e-03
-7.001499999999999911e-03
-7.001499999999999911e-03
-7.001499999999999911e-03
-7.001499999999999911e-03
-7.001499999999999911e-03
-7.001499999999999911e-03
-7.001499999999999911e-03
-7.001499999999999911e-03
-7.001499999999999911e-03
-7.001499999999999911e-03
-7.001499999999999911e-03
-7.001499999999999911e-03
-7.001499999999999911e-03
-7.001499999999999911e-03
-7.001499999999999911e-03
-7.001499999999999911e-03
-7.001499999999999911e-03
-7.001499999999999911e-03
-7.001499999999999911e-03
-7.001499999999999911e-03
-7.001499999999999911e-03
-7.001499999999999911e-03
-7.001499999999999911e-03
-7.001499999999999911e-03
-7.001499999999999911e-03
-7.001499999999999911e-03
-7.001499999999999911e-03
-7.001499999999999911e-03
-7.001499999999999911e-03
-7.001499999999999911e-03
-7.001499999999999911e-03
-7.001499999999999911e-03
-7.001499999999999911e-03
-7.001499999999999911e-03
-7.001499999999999911e-03
-7.001499999999999911e-03
-7.001499999999999911e-03
-7.001499999999999911e-03
-7.001499999999999911e-03
-7.001499999999999911e-03
-7.001499999999999911e-03
-7.001499999999999911e-03
-7.001499999999999911e-03
-7.001499999999999911e-03
-7.001499999999999911e-03
-7.001499999999999911e-03
-7.001499999999999911e-03
-7.001499999999999911e-03
-7.001499999999999911e-03
-7.001499999999999911e-03
-7.001499999999999911e-03
-7.001499999999999911e-03
-7.001499999999999911e-03
-7.001499999999999911e-03
-7.001499999999999911e-03
-7.001499999999999911e-03
-7.001499999999999911e-03
-7.001499999999999911e-03
-7.001499999999999911e-03
-7.001499999999999911e-03
-7.001499999999999911e-03
-7.001499999999999911e-03
-7.001499999999999911e-03
-7.001499999999999911e-03
-7.001499999999999911e-03
-7.001499999999999911e-03
-7.001499999999999911e-03
-7.001499999999999911e-03
-7.001499999999999911e-03
-7.001499999999999911e-03
-7.001499999999999911e-03
-7.001499999999999911e-03
-7.001499999999999911e-03
-7.001499999999999911e-03
-7.001499999999999911e-03
-7.001499999999999911e-03
-7.001499999999999911e-03
-7.001499999999999911e-03
-7.001499999999999911e-03
-7.001499999999999911e-03
-7.001499999999999911e-03
-7.001499999999999911e-03
-7.001499999999999911e-03
-7.001499999999999911e-03
-7.001499999999999911e-03
-7.001499999999999911e-03
-7.001499999999999911e-03
-7.001499999999999911e-03
-7.001499999999999911e-03
-7.001499999999999911e-03
-7.001499999999999911e-03
-7.001499999999999911e-03
-7.001499999999999911e-03
-7.001499999999999911e-03
-7.001499999999999911e-03
-7.001499999999999911e-03
-7.001499999999999911e-03
-7.001499999999999911e-03
-7.001499999999999911e-03
-7.001499999999999911e-03
-7.001499999999999911e-03
-7.001499999999999911e-03
-7.001499999999999911e-03
-7.001499999999999911e-03
-7.001499999999999911e-03
-7.001499999999999911e-03
-7.001499999999999911e-03
-7.001499999999999911e-03
-7.001499999999999911e-03
-7.001499999999999911e-03
-7.001499999999999911e-03
-7.001499999999999911e-03
-7.001499999999999911e-03
-7.001499999999999911e-03
-7.001499999999999911e-03
-7.001499999999999911e-03
-7.001499999999999911e-03
-7.001499999999999911e-03
-7.001499999999999911e-03
-7.001499999999999911e-03
-7.001499999999999911e-03
-7.001499999999999911e-03
-7.001499999999999911e-03
-7.001499999999999911e-03
-7.001499999999999911e-03
-7.001499999999999911e-03
-7.001499999999999911e-03
-7.001499999999999911e-03
-7.001499999999999911e-03
-7.001499999999999911e-03
-7.001499999999999911e-03
-7.001499999999999911e-03
-7.001499999999999911e-03
-7.001499999999999911e-03
-7.001499999999999911e-03
-7.001499999999999911e-03
-7.001499999999999911e-03
-7.001499999999999911e-03
-7.001499999999999911e-03
-7.001499999999999911e-03
-7.001499999999999911e-03
-7.001499999999999911e-03
-7.001499999999999911e-03
-7.001499999999999911e-03
-7.001499999999999911e-03
-7.001499999999999911e-03
-7.001499999999999911e-03
-7.001499999999999911e-03
-7.001499999999999911e-03
-7.001499999999999911e-03
-7.001499999999999911e-03
-7.001499999999999911e-03
-7.001499999999999911e-03
-7.001499999999999911e-03
-7.001499999999999911e-03
-7.001499999999999911e-03
-7.001499999999999911e-03
-7.001499999999999911e-03
-7.001499999999999911e-03
-7.001499999999999911e-03
-7.001499999999999911e-03
-7.001499999999999911e-03
-7.001499999999999911e-03
-7.001499999999999911e-03
-7.001499999999999911e-03
-7.001499999999999911e-03
-7.001499999999999911e-03
-7.001499999999999911e-03
-7.001499999999999911e-03
-7.001499999999999911e-03
-7.001499999999999911e-03
-7.001499999999999911e-03
-7.001499999999999911e-03
-7.001499999999999911e-03
-7.001499999999999911e-03
-7.001499999999999911e-03
-7.001499999999999911e-03
-7.001499999999999911e-03
-7.001499999999999911e-03
-7.001499999999999911e-03
-7.001499999999999911e-03
-7.001499999999999911e-03
-7.001499999999999911e-03
-7.001499999999999911e-03
-7.001499999999999911e-03
-7.001499999999999911e-03
-7.001499999999999911e-03
-7.001499999999999911e-03
-7.001499999999999911e-03
-7.001499999999999911e-03
-7.001499999999999911e-03
-7.001499999999999911e-03
-7.001499999999999911e-03
-7.001499999999999911e-03
-7.001499999999999911e-03
-7.001499999999999911e-03
-7.001499999999999911e-03
-7.001499999999999911e-03
-7.001499999999999911e-03
-7.001499999999999911e-03
-7.001499999999999911e-03
-7.001499999999999911e-03
-6.999499999999999646e-03
-6.999499999999999646e-03
-6.999499999999999646e-03
-6.999000000000000013e-03
-6.999000000000000013e-03
-6.999000000000000013e-03
-6.999000000000000013e-03
-6.999000000000000013e-03
-6.999000000000000013e-03
-6.999000000000000013e-03
-6.999000000000000013e-03
-6.999000000000000013e-03
-6.999000000000000013e-03
-6.999000000000000013e-03
-6.999000000000000013e-03
-6.999000000000000013e-03
-6.999000000000000013e-03
-6.999000000000000013e-03
-6.999000000000000013e-03
-6.999000000000000013e-03
-6.999000000000000013e-03
-6.999000000000000013e-03
-6.999000000000000013e-03
-6.999000000000000013e-03
-6.999000000000000013e-03
-6.999000000000000013e-03
-6.999000000000000013e-03
-6.999000000000000013e-03
-6.999000000000000013e-03
-6.999000000000000013e-03
-6.999000000000000013e-03
-6.999000000000000013e-03
-6.999000000000000013e-03
-6.999000000000000013e-03
-6.999000000000000013e-03
-6.999000000000000013e-03
-6.999000000000000013e-03
-6.999000000000000013e-03
-6.999000000000000013e-03
-6.999000000000000013e-03
-6.999000000000000013e-03
-6.999000000000000013e-03
-6.999000000000000013e-03
-6.999000000000000013e-03
-6.999000000000000013e-03
-6.999000000000000013e-03
-6.999000000000000013e-03
-6.999000000000000013e-03
-6.999000000000000013e-03
-6.999000000000000013e-03
-6.999000000000000013e-03
-6.999000000000000013e-03
-6.999000000000000013e-03
-6.999000000000000013e-03
-6.999000000000000013e-03
-6.999000000000000013e-03
-6.999000000000000013e-03
-6.999000000000000013e-03
-6.999000000000000013e-03
-6.999000000000000013e-03
-6.999000000000000013e-03
-6.999000000000000013e-03
-6.999000000000000013e-03
-6.999000000000000013e-03
-6.999000000000000013e-03
-6.999000000000000013e-03
-6.999000000000000013e-03
-6.999000000000000013e-03
-6.999000000000000013e-03
-6.999000000000000013e-03
-6.999000000000000013e-03
-6.999000000000000013e-03
-6.999000000000000013e-03
-6.999000000000000013e-03
-6.999000000000000013e-03
-6.999000000000000013e-03
-6.999000000000000013e-03
-6.999000000000000013e-03
-6.999000000000000013e-03
-6.999000000000000013e-03
-6.999000000000000013e-03
-6.999000000000000013e-03
-6.999000000000000013e-03
-6.999000000000000013e-03
-6.999000000000000013e-03
-6.999000000000000013e-03
-6.999000000000000013e-03
-6.999000000000000013e-03
-6.999000000000000013e-03
-6.999000000000000013e-03
-6.999000000000000013e-03
-6.999000000000000013e-03
-6.999000000000000013e-03
-6.999000000000000013e-03
-6.999000000000000013e-03
-6.999000000000000013e-03
-6.999000000000000013e-03
-6.999000000000000013e-03
-6.999000000000000013e-03
-6.999000000000000013e-03
-6.999000000000000013e-03
-6.999000000000000013e-03
-6.999000000000000013e-03
-6.999000000000000013e-03
-6.999000000000000013e-03
-6.999000000000000013e-03
-6.999000000000000013e-03
-6.999000000000000013e-03
-6.999000000000000013e-03
-6.999000000000000013e-03
-6.999000000000000013e-03
-6.990999999999999819e-03
-6.990999999999999819e-03
-6.990999999999999819e-03
-6.990999999999999819e-03
-6.990999999999999819e-03
-6.990500000000000186e-03
-6.990500000000000186e-03
-6.990500000000000186e-03
-6.990500000000000186e-03
-6.990500000000000186e-03
-6.990500000000000186e-03
-6.990500000000000186e-03
-6.990500000000000186e-03
-6.990500000000000186e-03
-6.990500000000000186e-03
-6.990500000000000186e-03
-6.990500000000000186e-03
-6.990500000000000186e-03
-6.990500000000000186e-03
-6.990500000000000186e-03
-6.990500000000000186e-03
-6.990500000000000186e-03
-6.990500000000000186e-03
-6.990500000000000186e-03
-6.990500000000000186e-03
-6.990500000000000186e-03
-6.990500000000000186e-03
-6.990500000000000186e-03
-6.989999999999999686e-03
-6.989999999999999686e-03
-6.989999999999999686e-03
-6.989999999999999686e-03
-6.989999999999999686e-03
-6.989999999999999686e-03
-6.989999999999999686e-03
-6.989999999999999686e-03
-6.989999999999999686e-03
-6.989999999999999686e-03
-6.989999999999999686e-03
-6.989999999999999686e-03
-6.989999999999999686e-03
-6.989999999999999686e-03
-6.989999999999999686e-03
-6.989999999999999686e-03
-6.986499999999999655e-03
-6.986499999999999655e-03
-6.986499999999999655e-03
-6.986499999999999655e-03
-6.986499999999999655e-03
-6.986499999999999655e-03
-6.986499999999999655e-03
-6.986499999999999655e-03
-6.986499999999999655e-03
-6.986499999999999655e-03
-6.986499999999999655e-03
-6.986499999999999655e-03
-6.986499999999999655e-03
-6.986499999999999655e-03
-6.986499999999999655e-03
-6.986000000000000022e-03
-6.986000000000000022e-03
-6.986000000000000022e-03
-6.986000000000000022e-03
-6.986000000000000022e-03
-6.986000000000000022e-03
-6.986000000000000022e-03
-6.986000000000000022e-03
-6.986000000000000022e-03
-6.986000000000000022e-03
-6.986000000000000022e-03
-6.986000000000000022e-03
-6.986000000000000022e-03
-6.986000000000000022e-03
-6.986000000000000022e-03
-6.986000000000000022e-03
-6.986000000000000022e-03
-6.986000000000000022e-03
-6.986000000000000022e-03
-6.986000000000000022e-03
-6.986000000000000022e-03
-6.986000000000000022e-03
-6.986000000000000022e-03
-6.986000000000000022e-03
-6.986000000000000022e-03
-6.986000000000000022e-03
-6.986000000000000022e-03
-6.986000000000000022e-03
-6.986000000000000022e-03
-6.986000000000000022e-03
-6.986000000000000022e-03
-6.986000000000000022e-03
-6.986000000000000022e-03
-6.986000000000000022e-03
-6.986000000000000022e-03
-6.986000000000000022e-03
-6.986000000000000022e-03
-6.986000000000000022e-03
-6.986000000000000022e-03
-6.986000000000000022e-03
-6.986000000000000022e-03
-6.986000000000000022e-03
-6.986000000000000022e-03
-6.986000000000000022e-03
-6.986000000000000022e-03
-6.986000000000000022e-03
-6.986000000000000022e-03
-6.986000000000000022e-03
-6.986000000000000022e-03
-6.986000000000000022e-03
-6.986000000000000022e-03
-6.986000000000000022e-03
-6.986000000000000022e-03
-6.986000000000000022e-03
-6.986000000000000022e-03
-6.986000000000000022e-03
-6.986000000000000022e-03
-6.986000000000000022e-03
-6.986000000000000022e-03
-6.986000000000000022e-03
-6.986000000000000022e-03
-6.986000000000000022e-03
-6.986000000000000022e-03
-6.986000000000000022e-03
-6.986000000000000022e-03
-6.986000000000000022e-03
-6.986000000000000022e-03
-6.986000000000000022e-03
-6.986000000000000022e-03
-6.986000000000000022e-03
-6.986000000000000022e-03
-6.986000000000000022e-03
-6.986000000000000022e-03
-6.986000000000000022e-03
-6.986000000000000022e-03
-6.986000000000000022e-03
-6.986000000000000022e-03
-6.986000000000000022e-03
-6.986000000000000022e-03
-6.986000000000000022e-03
-6.986000000000000022e-03
-6.986000000000000022e-03
-6.986000000000000022e-03
-6.986000000000000022e-03
-6.976000000000000430e-03
-6.976000000000000430e-03
-6.976000000000000430e-03
-6.976000000000000430e-03
-6.976000000000000430e-03
-6.975499999999999930e-03
-6.975499999999999930e-03
-6.975499999999999930e-03
-6.975499999999999930e-03
-6.975499999999999930e-03
-6.975499999999999930e-03
-6.975499999999999930e-03
-6.975499999999999930e-03
-6.975499999999999930e-03
-6.975000000000000297e-03
-6.975000000000000297e-03
-6.975000000000000297e-03
-6.975000000000000297e-03
-6.975000000000000297e-03
-6.975000000000000297e-03
-6.975000000000000297e-03
-6.975000000000000297e-03
-6.975000000000000297e-03
-6.975000000000000297e-03
-6.975000000000000297e-03
-6.975000000000000297e-03
-6.975000000000000297e-03
-6.975000000000000297e-03
-6.975000000000000297e-03
-6.975000000000000297e-03
-6.975000000000000297e-03
-6.975000000000000297e-03
-6.975000000000000297e-03
-6.975000000000000297e-03
-6.975000000000000297e-03
-6.975000000000000297e-03
-6.975000000000000297e-03
-6.975000000000000297e-03
-6.975000000000000297e-03
-6.975000000000000297e-03
-6.975000000000000297e-03
-6.975000000000000297e-03
-6.975000000000000297e-03
-6.975000000000000297e-03
-6.975000000000000297e-03
-6.975000000000000297e-03
-6.975000000000000297e-03
-6.975000000000000297e-03
-6.975000000000000297e-03
-6.975000000000000297e-03
-6.975000000000000297e-03
-6.975000000000000297e-03
-6.975000000000000297e-03
-6.975000000000000297e-03
-6.975000000000000297e-03
-6.975000000000000297e-03
-6.975000000000000297e-03
-6.975000000000000297e-03
-6.975000000000000297e-03
-6.975000000000000297e-03
-6.975000000000000297e-03
-6.975000000000000297e-03
-6.975000000000000297e-03
-6.975000000000000297e-03
-6.975000000000000297e-03
-6.975000000000000297e-03
-6.975000000000000297e-03
-6.975000000000000297e-03
-6.975000000000000297e-03
-6.975000000000000297e-03
-6.975000000000000297e-03
-6.975000000000000297e-03
-6.975000000000000297e-03
-6.975000000000000297e-03
-6.975000000000000297e-03
-6.975000000000000297e-03
-6.975000000000000297e-03
-6.975000000000000297e-03
-6.975000000000000297e-03
-6.975000000000000297e-03
-6.975000000000000297e-03
