-1.866464999999999930e-01
-1.764590000000000047e-01
-1.764590000000000047e-01
-1.729870000000000019e-01
-1.692174999999999929e-01
-1.653499999999999970e-01
-1.638104999999999978e-01
-1.622474999999999890e-01
-1.602159999999999973e-01
-1.589164999999999883e-01
-1.539915000000000034e-01
-1.538644999999999874e-01
-1.512860000000000038e-01
-1.512860000000000038e-01
-1.482134999999999980e-01
-1.459709999999999896e-01
-1.459709999999999896e-01
-1.459709999999999896e-01
-1.451199999999999990e-01
-1.441820000000000046e-01
-1.421554999999999902e-01
-1.408445000000000114e-01
-1.402819999999999900e-01
-1.397919999999999996e-01
-1.387160000000000060e-01
-1.357105000000000117e-01
-1.351005000000000122e-01
-1.345484999999999876e-01
-1.338455000000000061e-01
-1.321414999999999951e-01
-1.321414999999999951e-01
-1.314859999999999918e-01
-1.314859999999999918e-01
-1.303370000000000084e-01
-1.292445000000000122e-01
-1.285630000000000106e-01
-1.284385000000000110e-01
-1.280945000000000000e-01
-1.280229999999999979e-01
-1.268880000000000008e-01
-1.268880000000000008e-01
-1.263630000000000031e-01
-1.263170000000000126e-01
-1.254230000000000067e-01
-1.245939999999999964e-01
-1.244060000000000027e-01
-1.244060000000000027e-01
-1.241410000000000013e-01
-1.240850000000000009e-01
-1.230065000000000047e-01
-1.229834999999999956e-01
-1.229449999999999987e-01
-1.226460000000000050e-01
-1.221760000000000068e-01
-1.221760000000000068e-01
-1.215959999999999958e-01
-1.208555000000000046e-01
-1.208555000000000046e-01
-1.208555000000000046e-01
-1.208555000000000046e-01
-1.207815000000000000e-01
-1.205164999999999986e-01
-1.203889999999999960e-01
-1.200475000000000014e-01
-1.200475000000000014e-01
-1.199204999999999993e-01
-1.197514999999999968e-01
-1.195024999999999976e-01
-1.192975000000000008e-01
-1.192975000000000008e-01
-1.189920000000000005e-01
-1.189064999999999983e-01
-1.187845000000000012e-01
-1.186304999999999998e-01
-1.186304999999999998e-01
-1.184739999999999960e-01
-1.183135000000000020e-01
-1.183135000000000020e-01
-1.181920000000000054e-01
-1.179164999999999935e-01
-1.178234999999999977e-01
-1.178234999999999977e-01
-1.177580000000000016e-01
-1.173540000000000000e-01
-1.173540000000000000e-01
-1.173315000000000052e-01
-1.170444999999999958e-01
-1.169445000000000068e-01
-1.169445000000000068e-01
-1.166534999999999933e-01
-1.166534999999999933e-01
-1.166534999999999933e-01
-1.166534999999999933e-01
-1.163229999999999958e-01
-1.163229999999999958e-01
-1.163229999999999958e-01
-1.163229999999999958e-01
-1.163229999999999958e-01
-1.160454999999999959e-01
-1.160454999999999959e-01
-1.159805000000000003e-01
-1.159324999999999939e-01
-1.157254999999999950e-01
-1.157254999999999950e-01
-1.156459999999999988e-01
-1.155690000000000051e-01
-1.155690000000000051e-01
-1.154570000000000041e-01
-1.154570000000000041e-01
-1.154320000000000068e-01
-1.152264999999999956e-01
-1.152264999999999956e-01
-1.152080000000000048e-01
-1.151375000000000037e-01
-1.150874999999999954e-01
-1.149960000000000010e-01
-1.149384999999999990e-01
-1.148279999999999995e-01
-1.148279999999999995e-01
-1.146940000000000043e-01
-1.146579999999999960e-01
-1.146579999999999960e-01
-1.146535000000000054e-01
-1.146044999999999980e-01
-1.145029999999999937e-01
-1.144025000000000042e-01
-1.144025000000000042e-01
-1.142375000000000057e-01
-1.142375000000000057e-01
-1.141874999999999973e-01
-1.141719999999999957e-01
-1.140270000000000034e-01
-1.140270000000000034e-01
-1.140270000000000034e-01
-1.140270000000000034e-01
-1.140270000000000034e-01
-1.139484999999999942e-01
-1.139140000000000014e-01
-1.138765000000000055e-01
-1.137449999999999989e-01
-1.137449999999999989e-01
-1.137449999999999989e-01
-1.136245000000000033e-01
-1.135665000000000008e-01
-1.135665000000000008e-01
-1.135665000000000008e-01
-1.135074999999999973e-01
-1.135074999999999973e-01
-1.134344999999999937e-01
-1.133969999999999978e-01
-1.133725000000000011e-01
-1.133325000000000027e-01
-1.133014999999999994e-01
-1.131805000000000033e-01
-1.131805000000000033e-01
-1.131805000000000033e-01
-1.131805000000000033e-01
-1.131805000000000033e-01
-1.131115000000000037e-01
-1.131115000000000037e-01
-1.130825000000000025e-01
-1.130565000000000042e-01
-1.130265000000000020e-01
-1.129094999999999960e-01
-1.129094999999999960e-01
-1.128979999999999984e-01
-1.128974999999999979e-01
-1.128870000000000012e-01
-1.128394999999999954e-01
-1.128379999999999939e-01
-1.127095000000000041e-01
-1.126469999999999971e-01
-1.126469999999999971e-01
-1.126469999999999971e-01
-1.126469999999999971e-01
-1.126469999999999971e-01
-1.125720000000000054e-01
-1.125720000000000054e-01
-1.125720000000000054e-01
-1.125720000000000054e-01
-1.125720000000000054e-01
-1.125560000000000033e-01
-1.125054999999999944e-01
-1.124310000000000032e-01
-1.124310000000000032e-01
-1.124310000000000032e-01
-1.123640000000000055e-01
-1.123635000000000050e-01
-1.123225000000000057e-01
-1.123225000000000057e-01
-1.123205000000000037e-01
-1.123139999999999972e-01
-1.122454999999999981e-01
-1.121624999999999983e-01
-1.121624999999999983e-01
-1.121624999999999983e-01
-1.121624999999999983e-01
-1.121624999999999983e-01
-1.120970000000000022e-01
-1.120970000000000022e-01
-1.120970000000000022e-01
-1.120970000000000022e-01
-1.120354999999999962e-01
-1.120354999999999962e-01
-1.120059999999999945e-01
-1.120059999999999945e-01
-1.120035000000000058e-01
-1.119700000000000001e-01
-1.119700000000000001e-01
-1.119700000000000001e-01
-1.119539999999999980e-01
-1.119539999999999980e-01
-1.119175000000000031e-01
-1.119175000000000031e-01
-1.119040000000000035e-01
-1.119040000000000035e-01
-1.118694999999999967e-01
-1.118070000000000036e-01
-1.118070000000000036e-01
-1.118070000000000036e-01
-1.118065000000000031e-01
-1.118065000000000031e-01
-1.117685000000000067e-01
-1.117685000000000067e-01
-1.117685000000000067e-01
-1.117685000000000067e-01
-1.117685000000000067e-01
-1.117319999999999980e-01
-1.116830000000000045e-01
-1.116830000000000045e-01
-1.116319999999999951e-01
-1.116319999999999951e-01
-1.116319999999999951e-01
-1.116319999999999951e-01
-1.116319999999999951e-01
-1.116319999999999951e-01
-1.116100000000000009e-01
-1.116059999999999969e-01
-1.116059999999999969e-01
-1.116059999999999969e-01
-1.115799999999999986e-01
-1.115705000000000030e-01
-1.115705000000000030e-01
-1.115489999999999954e-01
-1.115045000000000064e-01
-1.115045000000000064e-01
-1.115045000000000064e-01
-1.115045000000000064e-01
-1.115045000000000064e-01
-1.115045000000000064e-01
-1.114320000000000033e-01
-1.114320000000000033e-01
-1.114320000000000033e-01
-1.114320000000000033e-01
-1.114219999999999933e-01
-1.114219999999999933e-01
-1.114109999999999961e-01
-1.114109999999999961e-01
-1.114075000000000065e-01
-1.113610000000000017e-01
-1.113610000000000017e-01
-1.113610000000000017e-01
-1.113610000000000017e-01
-1.113304999999999989e-01
-1.113304999999999989e-01
-1.113070000000000032e-01
-1.113070000000000032e-01
-1.112935000000000035e-01
-1.112935000000000035e-01
-1.112935000000000035e-01
-1.112935000000000035e-01
-1.112935000000000035e-01
-1.112619999999999998e-01
-1.112619999999999998e-01
-1.112454999999999972e-01
-1.112454999999999972e-01
-1.112454999999999972e-01
-1.112454999999999972e-01
-1.112309999999999965e-01
-1.112309999999999965e-01
-1.112194999999999989e-01
-1.111955000000000027e-01
-1.111955000000000027e-01
-1.111955000000000027e-01
-1.111565000000000053e-01
-1.111565000000000053e-01
-1.111565000000000053e-01
-1.111565000000000053e-01
-1.111565000000000053e-01
-1.111359999999999987e-01
-1.111359999999999987e-01
-1.111359999999999987e-01
-1.111209999999999976e-01
-1.111209999999999976e-01
-1.111140000000000044e-01
-1.111140000000000044e-01
-1.111110000000000014e-01
-1.110629999999999951e-01
-1.110629999999999951e-01
-1.110629999999999951e-01
-1.110629999999999951e-01
-1.110629999999999951e-01
-1.110629999999999951e-01
-1.110270000000000007e-01
-1.110270000000000007e-01
-1.110270000000000007e-01
-1.110270000000000007e-01
-1.110270000000000007e-01
-1.110214999999999952e-01
-1.110214999999999952e-01
-1.110214999999999952e-01
-1.110145000000000021e-01
-1.110104999999999981e-01
-1.109919999999999934e-01
-1.109919999999999934e-01
-1.109919999999999934e-01
-1.109684999999999977e-01
-1.109684999999999977e-01
-1.109684999999999977e-01
-1.109684999999999977e-01
-1.109669999999999962e-01
-1.109669999999999962e-01
-1.109669999999999962e-01
-1.109580000000000011e-01
-1.109580000000000011e-01
-1.109580000000000011e-01
-1.109580000000000011e-01
-1.109424999999999994e-01
-1.109424999999999994e-01
-1.109424999999999994e-01
-1.109295000000000003e-01
-1.109160000000000007e-01
-1.109160000000000007e-01
-1.109160000000000007e-01
-1.109030000000000016e-01
-1.109030000000000016e-01
-1.109030000000000016e-01
-1.109030000000000016e-01
-1.109030000000000016e-01
-1.109030000000000016e-01
-1.108849999999999975e-01
-1.108849999999999975e-01
-1.108849999999999975e-01
-1.108844999999999970e-01
-1.108650000000000052e-01
-1.108650000000000052e-01
-1.108650000000000052e-01
-1.108564999999999967e-01
-1.108475000000000016e-01
-1.108475000000000016e-01
-1.108380000000000060e-01
-1.108380000000000060e-01
-1.108375000000000055e-01
-1.108370000000000050e-01
-1.108370000000000050e-01
-1.108139999999999958e-01
-1.108139999999999958e-01
-1.108139999999999958e-01
-1.108029999999999987e-01
-1.108029999999999987e-01
-1.108014999999999972e-01
-1.108014999999999972e-01
-1.108014999999999972e-01
-1.107785000000000020e-01
-1.107785000000000020e-01
-1.107614999999999988e-01
-1.107459999999999972e-01
-1.107459999999999972e-01
-1.107459999999999972e-01
-1.107459999999999972e-01
-1.107459999999999972e-01
-1.107459999999999972e-01
-1.107444999999999957e-01
-1.107350000000000001e-01
-1.107350000000000001e-01
-1.107344999999999996e-01
-1.107344999999999996e-01
-1.107344999999999996e-01
-1.107344999999999996e-01
-1.107344999999999996e-01
-1.106995000000000062e-01
-1.106995000000000062e-01
-1.106995000000000062e-01
-1.106995000000000062e-01
-1.106995000000000062e-01
-1.106995000000000062e-01
-1.106995000000000062e-01
-1.106899999999999967e-01
-1.106754999999999961e-01
-1.106754999999999961e-01
-1.106700000000000045e-01
-1.106700000000000045e-01
-1.106700000000000045e-01
-1.106700000000000045e-01
-1.106695000000000040e-01
-1.106660000000000005e-01
-1.106619999999999965e-01
-1.106619999999999965e-01
-1.106550000000000034e-01
-1.106550000000000034e-01
-1.106550000000000034e-01
-1.106550000000000034e-01
-1.106550000000000034e-01
-1.106545000000000029e-01
-1.106234999999999996e-01
-1.106234999999999996e-01
-1.106234999999999996e-01
-1.106234999999999996e-01
-1.106234999999999996e-01
-1.106234999999999996e-01
-1.106234999999999996e-01
-1.106234999999999996e-01
-1.106234999999999996e-01
-1.106234999999999996e-01
-1.106120000000000020e-01
-1.106120000000000020e-01
-1.105914999999999954e-01
-1.105914999999999954e-01
-1.105914999999999954e-01
-1.105914999999999954e-01
-1.105914999999999954e-01
-1.105914999999999954e-01
-1.105914999999999954e-01
-1.105885000000000062e-01
-1.105885000000000062e-01
-1.105725000000000041e-01
-1.105664999999999981e-01
-1.105664999999999981e-01
-1.105664999999999981e-01
-1.105664999999999981e-01
-1.105664999999999981e-01
-1.105664999999999981e-01
-1.105659999999999976e-01
-1.105509999999999965e-01
-1.105509999999999965e-01
-1.105509999999999965e-01
-1.105509999999999965e-01
-1.105509999999999965e-01
-1.105509999999999965e-01
-1.105420000000000014e-01
-1.105420000000000014e-01
-1.105420000000000014e-01
-1.105359999999999954e-01
-1.105290000000000022e-01
-1.105270000000000002e-01
-1.105270000000000002e-01
-1.105270000000000002e-01
-1.105270000000000002e-01
-1.105180000000000051e-01
-1.105180000000000051e-01
-1.105180000000000051e-01
-1.105175000000000046e-01
-1.105175000000000046e-01
-1.105145000000000016e-01
-1.105145000000000016e-01
-1.105145000000000016e-01
-1.105140000000000011e-01
-1.105104999999999976e-01
-1.105059999999999931e-01
-1.104984999999999995e-01
-1.104984999999999995e-01
-1.104984999999999995e-01
-1.104984999999999995e-01
-1.104984999999999995e-01
-1.104984999999999995e-01
-1.104984999999999995e-01
-1.104984999999999995e-01
-1.104939999999999950e-01
-1.104804999999999954e-01
-1.104804999999999954e-01
-1.104804999999999954e-01
-1.104804999999999954e-01
-1.104804999999999954e-01
-1.104804999999999954e-01
-1.104699999999999988e-01
-1.104684999999999973e-01
-1.104684999999999973e-01
-1.104684999999999973e-01
-1.104684999999999973e-01
-1.104684999999999973e-01
-1.104684999999999973e-01
-1.104674999999999963e-01
-1.104640000000000066e-01
-1.104640000000000066e-01
-1.104514999999999941e-01
-1.104514999999999941e-01
-1.104345000000000049e-01
-1.104345000000000049e-01
-1.104345000000000049e-01
-1.104345000000000049e-01
-1.104345000000000049e-01
-1.104345000000000049e-01
-1.104345000000000049e-01
-1.104254999999999959e-01
-1.104254999999999959e-01
-1.104254999999999959e-01
-1.104254999999999959e-01
-1.104254999999999959e-01
-1.104254999999999959e-01
-1.104254999999999959e-01
-1.104254999999999959e-01
-1.104254999999999959e-01
-1.104254999999999959e-01
-1.104254999999999959e-01
-1.104254999999999959e-01
-1.104254999999999959e-01
-1.104220000000000063e-01
-1.104170000000000013e-01
-1.104170000000000013e-01
-1.104170000000000013e-01
-1.104170000000000013e-01
-1.104170000000000013e-01
-1.104170000000000013e-01
-1.104134999999999978e-01
-1.104075000000000056e-01
-1.104075000000000056e-01
-1.104075000000000056e-01
-1.104075000000000056e-01
-1.104075000000000056e-01
-1.104075000000000056e-01
-1.103999999999999981e-01
-1.103999999999999981e-01
-1.103979999999999961e-01
-1.103979999999999961e-01
-1.103979999999999961e-01
-1.103979999999999961e-01
-1.103979999999999961e-01
-1.103979999999999961e-01
-1.103979999999999961e-01
-1.103979999999999961e-01
-1.103979999999999961e-01
-1.103979999999999961e-01
-1.103930000000000050e-01
-1.103920000000000040e-01
-1.103920000000000040e-01
-1.103844999999999965e-01
-1.103814999999999935e-01
-1.103814999999999935e-01
-1.103814999999999935e-01
-1.103814999999999935e-01
-1.103814999999999935e-01
-1.103775000000000034e-01
-1.103775000000000034e-01
-1.103775000000000034e-01
-1.103775000000000034e-01
-1.103775000000000034e-01
-1.103775000000000034e-01
-1.103745000000000004e-01
-1.103745000000000004e-01
-1.103745000000000004e-01
-1.103745000000000004e-01
-1.103745000000000004e-01
-1.103745000000000004e-01
-1.103745000000000004e-01
-1.103745000000000004e-01
-1.103665000000000063e-01
-1.103665000000000063e-01
-1.103665000000000063e-01
-1.103665000000000063e-01
-1.103665000000000063e-01
-1.103665000000000063e-01
-1.103665000000000063e-01
-1.103665000000000063e-01
-1.103665000000000063e-01
-1.103665000000000063e-01
-1.103610000000000008e-01
-1.103610000000000008e-01
-1.103610000000000008e-01
-1.103610000000000008e-01
-1.103610000000000008e-01
-1.103510000000000046e-01
-1.103510000000000046e-01
-1.103510000000000046e-01
-1.103510000000000046e-01
-1.103510000000000046e-01
-1.103510000000000046e-01
-1.103510000000000046e-01
-1.103454999999999991e-01
-1.103454999999999991e-01
-1.103449999999999986e-01
-1.103449999999999986e-01
-1.103449999999999986e-01
-1.103449999999999986e-01
-1.103449999999999986e-01
-1.103449999999999986e-01
-1.103449999999999986e-01
-1.103380000000000055e-01
-1.103380000000000055e-01
-1.103380000000000055e-01
-1.103380000000000055e-01
-1.103335000000000010e-01
-1.103335000000000010e-01
-1.103335000000000010e-01
-1.103335000000000010e-01
-1.103335000000000010e-01
-1.103269999999999945e-01
-1.103269999999999945e-01
-1.103269999999999945e-01
-1.103269999999999945e-01
-1.103269999999999945e-01
-1.103269999999999945e-01
-1.103255000000000069e-01
-1.103255000000000069e-01
-1.103190000000000004e-01
-1.103190000000000004e-01
-1.103190000000000004e-01
-1.103190000000000004e-01
-1.103190000000000004e-01
-1.103154999999999969e-01
-1.103105000000000058e-01
-1.103105000000000058e-01
-1.103105000000000058e-01
-1.103105000000000058e-01
-1.103105000000000058e-01
-1.103105000000000058e-01
-1.103105000000000058e-01
-1.103105000000000058e-01
-1.103105000000000058e-01
-1.103105000000000058e-01
-1.103105000000000058e-01
-1.103105000000000058e-01
-1.103105000000000058e-01
-1.103019999999999973e-01
-1.103019999999999973e-01
-1.103019999999999973e-01
-1.103019999999999973e-01
-1.103019999999999973e-01
-1.103019999999999973e-01
-1.103019999999999973e-01
-1.103019999999999973e-01
-1.103019999999999973e-01
-1.102950000000000041e-01
-1.102950000000000041e-01
-1.102950000000000041e-01
-1.102940000000000031e-01
-1.102940000000000031e-01
-1.102940000000000031e-01
-1.102940000000000031e-01
-1.102899999999999991e-01
-1.102899999999999991e-01
-1.102899999999999991e-01
-1.102820000000000050e-01
-1.102820000000000050e-01
-1.102820000000000050e-01
-1.102820000000000050e-01
-1.102820000000000050e-01
-1.102820000000000050e-01
-1.102805000000000035e-01
-1.102805000000000035e-01
-1.102805000000000035e-01
-1.102805000000000035e-01
-1.102805000000000035e-01
-1.102805000000000035e-01
-1.102805000000000035e-01
-1.102754999999999985e-01
-1.102754999999999985e-01
-1.102754999999999985e-01
-1.102754999999999985e-01
-1.102754999999999985e-01
-1.102744999999999975e-01
-1.102744999999999975e-01
-1.102744999999999975e-01
-1.102744999999999975e-01
-1.102744999999999975e-01
-1.102695000000000064e-01
-1.102695000000000064e-01
-1.102695000000000064e-01
-1.102695000000000064e-01
-1.102629999999999999e-01
-1.102629999999999999e-01
-1.102629999999999999e-01
-1.102619999999999989e-01
-1.102619999999999989e-01
-1.102619999999999989e-01
-1.102619999999999989e-01
-1.102614999999999984e-01
-1.102614999999999984e-01
-1.102614999999999984e-01
-1.102614999999999984e-01
-1.102614999999999984e-01
-1.102584999999999954e-01
-1.102564999999999934e-01
-1.102520000000000028e-01
-1.102520000000000028e-01
-1.102520000000000028e-01
-1.102520000000000028e-01
-1.102520000000000028e-01
-1.102520000000000028e-01
-1.102500000000000008e-01
-1.102500000000000008e-01
-1.102500000000000008e-01
-1.102500000000000008e-01
-1.102500000000000008e-01
-1.102500000000000008e-01
-1.102500000000000008e-01
-1.102500000000000008e-01
-1.102500000000000008e-01
-1.102500000000000008e-01
-1.102500000000000008e-01
-1.102500000000000008e-01
-1.102500000000000008e-01
-1.102500000000000008e-01
-1.102500000000000008e-01
-1.102500000000000008e-01
-1.102405000000000052e-01
-1.102405000000000052e-01
-1.102405000000000052e-01
-1.102405000000000052e-01
-1.102405000000000052e-01
-1.102405000000000052e-01
-1.102405000000000052e-01
-1.102405000000000052e-01
-1.102405000000000052e-01
-1.102405000000000052e-01
-1.102405000000000052e-01
-1.102405000000000052e-01
-1.102405000000000052e-01
-1.102405000000000052e-01
-1.102405000000000052e-01
-1.102405000000000052e-01
-1.102405000000000052e-01
-1.102405000000000052e-01
-1.102405000000000052e-01
-1.102314999999999962e-01
-1.102314999999999962e-01
-1.102314999999999962e-01
-1.102314999999999962e-01
-1.102314999999999962e-01
-1.102314999999999962e-01
-1.102314999999999962e-01
-1.102314999999999962e-01
-1.102314999999999962e-01
-1.102299999999999947e-01
-1.102250000000000035e-01
-1.102250000000000035e-01
-1.102250000000000035e-01
-1.102250000000000035e-01
-1.102240000000000025e-01
-1.102240000000000025e-01
-1.102240000000000025e-01
-1.102240000000000025e-01
-1.102240000000000025e-01
-1.102240000000000025e-01
-1.102240000000000025e-01
-1.102240000000000025e-01
-1.102240000000000025e-01
-1.102240000000000025e-01
-1.102240000000000025e-01
-1.102240000000000025e-01
-1.102204999999999990e-01
-1.102204999999999990e-01
-1.102204999999999990e-01
-1.102204999999999990e-01
-1.102204999999999990e-01
-1.102204999999999990e-01
-1.102204999999999990e-01
-1.102204999999999990e-01
-1.102204999999999990e-01
-1.102204999999999990e-01
-1.102204999999999990e-01
-1.102204999999999990e-01
-1.102204999999999990e-01
-1.102204999999999990e-01
-1.102154999999999940e-01
-1.102154999999999940e-01
-1.102154999999999940e-01
-1.102154999999999940e-01
-1.102154999999999940e-01
-1.102154999999999940e-01
-1.102154999999999940e-01
-1.102154999999999940e-01
-1.102154999999999940e-01
-1.102154999999999940e-01
-1.102085000000000009e-01
-1.102085000000000009e-01
-1.102085000000000009e-01
-1.102085000000000009e-01
-1.102064999999999989e-01
-1.102054999999999979e-01
-1.102054999999999979e-01
-1.102054999999999979e-01
-1.102054999999999979e-01
-1.102054999999999979e-01
-1.102054999999999979e-01
-1.102054999999999979e-01
-1.102054999999999979e-01
-1.102054999999999979e-01
-1.102054999999999979e-01
-1.102054999999999979e-01
-1.102054999999999979e-01
-1.102054999999999979e-01
-1.102054999999999979e-01
-1.102054999999999979e-01
-1.102054999999999979e-01
-1.102054999999999979e-01
-1.102039999999999964e-01
-1.102039999999999964e-01
-1.102039999999999964e-01
-1.102039999999999964e-01
-1.102039999999999964e-01
-1.102039999999999964e-01
-1.102000000000000063e-01
-1.102000000000000063e-01
-1.102000000000000063e-01
-1.102000000000000063e-01
-1.102000000000000063e-01
-1.102000000000000063e-01
-1.102000000000000063e-01
-1.102000000000000063e-01
-1.101995000000000058e-01
-1.101995000000000058e-01
-1.101995000000000058e-01
-1.101960000000000023e-01
-1.101955000000000018e-01
-1.101955000000000018e-01
-1.101955000000000018e-01
-1.101955000000000018e-01
-1.101955000000000018e-01
-1.101955000000000018e-01
-1.101955000000000018e-01
-1.101919999999999983e-01
-1.101919999999999983e-01
-1.101860000000000062e-01
-1.101860000000000062e-01
-1.101860000000000062e-01
-1.101860000000000062e-01
-1.101860000000000062e-01
-1.101860000000000062e-01
-1.101860000000000062e-01
-1.101860000000000062e-01
-1.101860000000000062e-01
-1.101860000000000062e-01
-1.101860000000000062e-01
-1.101860000000000062e-01
-1.101860000000000062e-01
-1.101860000000000062e-01
-1.101860000000000062e-01
-1.101860000000000062e-01
-1.101860000000000062e-01
-1.101860000000000062e-01
-1.101860000000000062e-01
-1.101805000000000007e-01
-1.101805000000000007e-01
-1.101805000000000007e-01
-1.101805000000000007e-01
-1.101805000000000007e-01
-1.101805000000000007e-01
-1.101805000000000007e-01
-1.101800000000000002e-01
-1.101800000000000002e-01
-1.101779999999999982e-01
-1.101779999999999982e-01
-1.101774999999999977e-01
-1.101774999999999977e-01
-1.101774999999999977e-01
-1.101774999999999977e-01
-1.101774999999999977e-01
-1.101774999999999977e-01
-1.101774999999999977e-01
-1.101754999999999957e-01
-1.101754999999999957e-01
-1.101744999999999947e-01
-1.101710000000000050e-01
-1.101710000000000050e-01
-1.101710000000000050e-01
-1.101710000000000050e-01
-1.101710000000000050e-01
-1.101710000000000050e-01
-1.101710000000000050e-01
-1.101710000000000050e-01
-1.101710000000000050e-01
-1.101710000000000050e-01
-1.101680000000000020e-01
-1.101680000000000020e-01
-1.101680000000000020e-01
-1.101680000000000020e-01
-1.101680000000000020e-01
-1.101680000000000020e-01
-1.101680000000000020e-01
-1.101680000000000020e-01
-1.101680000000000020e-01
-1.101680000000000020e-01
-1.101680000000000020e-01
-1.101680000000000020e-01
-1.101680000000000020e-01
-1.101680000000000020e-01
-1.101680000000000020e-01
-1.101680000000000020e-01
-1.101680000000000020e-01
-1.101670000000000010e-01
-1.101634999999999975e-01
-1.101634999999999975e-01
-1.101634999999999975e-01
-1.101634999999999975e-01
-1.101634999999999975e-01
-1.101634999999999975e-01
-1.101634999999999975e-01
-1.101634999999999975e-01
-1.101634999999999975e-01
-1.101634999999999975e-01
-1.101634999999999975e-01
-1.101634999999999975e-01
-1.101634999999999975e-01
-1.101634999999999975e-01
-1.101585000000000064e-01
-1.101585000000000064e-01
-1.101585000000000064e-01
-1.101585000000000064e-01
-1.101585000000000064e-01
-1.101585000000000064e-01
-1.101585000000000064e-01
-1.101585000000000064e-01
-1.101585000000000064e-01
-1.101585000000000064e-01
-1.101585000000000064e-01
-1.101585000000000064e-01
-1.101585000000000064e-01
-1.101585000000000064e-01
-1.101585000000000064e-01
-1.101585000000000064e-01
-1.101585000000000064e-01
-1.101585000000000064e-01
-1.101585000000000064e-01
-1.101585000000000064e-01
-1.101585000000000064e-01
-1.101585000000000064e-01
-1.101585000000000064e-01
-1.101585000000000064e-01
-1.101560000000000039e-01
-1.101555000000000034e-01
-1.101555000000000034e-01
-1.101555000000000034e-01
-1.101555000000000034e-01
-1.101555000000000034e-01
-1.101555000000000034e-01
-1.101555000000000034e-01
-1.101555000000000034e-01
-1.101555000000000034e-01
-1.101525000000000004e-01
-1.101525000000000004e-01
-1.101525000000000004e-01
-1.101525000000000004e-01
-1.101525000000000004e-01
-1.101525000000000004e-01
-1.101525000000000004e-01
-1.101525000000000004e-01
-1.101525000000000004e-01
-1.101519999999999999e-01
-1.101519999999999999e-01
-1.101519999999999999e-01
-1.101519999999999999e-01
-1.101519999999999999e-01
-1.101519999999999999e-01
-1.101519999999999999e-01
-1.101519999999999999e-01
-1.101519999999999999e-01
-1.101519999999999999e-01
-1.101484999999999964e-01
-1.101484999999999964e-01
-1.101484999999999964e-01
-1.101484999999999964e-01
-1.101484999999999964e-01
-1.101484999999999964e-01
-1.101484999999999964e-01
-1.101484999999999964e-01
-1.101484999999999964e-01
-1.101445000000000063e-01
-1.101445000000000063e-01
-1.101445000000000063e-01
-1.101445000000000063e-01
-1.101445000000000063e-01
-1.101445000000000063e-01
-1.101445000000000063e-01
-1.101445000000000063e-01
-1.101445000000000063e-01
-1.101445000000000063e-01
-1.101445000000000063e-01
-1.101445000000000063e-01
-1.101445000000000063e-01
-1.101425000000000043e-01
-1.101425000000000043e-01
-1.101425000000000043e-01
-1.101425000000000043e-01
-1.101425000000000043e-01
-1.101415000000000033e-01
-1.101415000000000033e-01
-1.101415000000000033e-01
-1.101415000000000033e-01
-1.101415000000000033e-01
-1.101415000000000033e-01
-1.101415000000000033e-01
-1.101415000000000033e-01
-1.101415000000000033e-01
-1.101415000000000033e-01
-1.101415000000000033e-01
-1.101415000000000033e-01
-1.101415000000000033e-01
-1.101379999999999998e-01
-1.101379999999999998e-01
-1.101379999999999998e-01
