1.200462761670698965e-02
1.610679502747472402e-02
6.804435992837592692e-03
5.661173552090788264e-03
3.955226156777869387e-03
7.877096899214980352e-03
4.454068826933459471e-03
8.974370609428808376e-03
4.798070320730807997e-03
5.849118145770137653e-03
4.015175441213666464e-03
7.311449055065072540e-03
5.857237013058198133e-03
1.598350013151117466e-03
6.235068160805641233e-03
1.201665697561021123e-02
1.185185578158829550e-02
6.515959641779079086e-04
5.446175403713247876e-03
4.146856215968879045e-03
2.410136477248497455e-03
1.058449320439473935e-02
7.098374345803678404e-03
1.069089502007388760e-02
3.558591940154841836e-03
1.266179307321713479e-02
7.912136092346705538e-04
3.503444689799305439e-03
3.613478289794920095e-03
7.958489312155352796e-03
