-1.612875000000000003e-01
-1.612875000000000003e-01
-1.537824999999999886e-01
-1.362180000000000057e-01
-1.242400000000000032e-01
-1.015884999999999982e-01
-7.709000000000000574e-02
-7.709000000000000574e-02
-7.709000000000000574e-02
-7.709000000000000574e-02
-6.710950000000000248e-02
-6.336799999999999378e-02
-6.336799999999999378e-02
-6.336799999999999378e-02
-5.691100000000000325e-02
-5.691100000000000325e-02
-5.691100000000000325e-02
-5.679800000000000126e-02
-4.895549999999999902e-02
-4.895549999999999902e-02
-4.895549999999999902e-02
-4.895549999999999902e-02
-4.831400000000000278e-02
-4.801949999999999968e-02
-4.629500000000000282e-02
-4.629500000000000282e-02
-4.614999999999999658e-02
-4.265100000000000141e-02
-4.234149999999999719e-02
-4.234149999999999719e-02
-4.233649999999999913e-02
-4.188950000000000312e-02
-4.188950000000000312e-02
-4.081850000000000062e-02
-3.853349999999999831e-02
-3.853349999999999831e-02
-3.732950000000000157e-02
-3.720099999999999796e-02
-3.720099999999999796e-02
-3.680699999999999944e-02
-3.392150000000000026e-02
-3.392150000000000026e-02
-3.392150000000000026e-02
-3.392150000000000026e-02
-3.388800000000000145e-02
-3.232700000000000157e-02
-3.232700000000000157e-02
-3.232700000000000157e-02
-3.232700000000000157e-02
-3.232700000000000157e-02
-3.232700000000000157e-02
-3.166599999999999970e-02
-3.114350000000000104e-02
-3.114350000000000104e-02
-3.114350000000000104e-02
-3.114350000000000104e-02
-3.073750000000000093e-02
-3.028399999999999842e-02
-3.028399999999999842e-02
-3.024150000000000102e-02
-3.019149999999999959e-02
-3.019149999999999959e-02
-2.988400000000000084e-02
-2.988400000000000084e-02
-2.949150000000000035e-02
-2.949150000000000035e-02
-2.949150000000000035e-02
-2.938400000000000040e-02
-2.937599999999999933e-02
-2.873449999999999963e-02
-2.873449999999999963e-02
-2.861350000000000005e-02
-2.861350000000000005e-02
-2.861350000000000005e-02
-2.842149999999999885e-02
-2.824399999999999827e-02
-2.788550000000000056e-02
-2.788550000000000056e-02
-2.788550000000000056e-02
-2.788550000000000056e-02
-2.788550000000000056e-02
-2.788550000000000056e-02
-2.788150000000000003e-02
-2.777299999999999908e-02
-2.777299999999999908e-02
-2.777299999999999908e-02
-2.777299999999999908e-02
-2.772399999999999864e-02
-2.699700000000000016e-02
-2.699700000000000016e-02
-2.699700000000000016e-02
-2.699700000000000016e-02
-2.699700000000000016e-02
-2.699700000000000016e-02
-2.665199999999999861e-02
-2.665199999999999861e-02
-2.665199999999999861e-02
-2.665199999999999861e-02
-2.664199999999999902e-02
-2.664199999999999902e-02
-2.655100000000000168e-02
-2.647450000000000150e-02
-2.647450000000000150e-02
-2.642999999999999863e-02
-2.642999999999999863e-02
-2.642999999999999863e-02
-2.642999999999999863e-02
-2.641900000000000151e-02
-2.628250000000000031e-02
-2.624299999999999897e-02
-2.603400000000000158e-02
-2.603400000000000158e-02
-2.603400000000000158e-02
-2.599900000000000128e-02
-2.599900000000000128e-02
-2.599900000000000128e-02
-2.599900000000000128e-02
-2.599900000000000128e-02
-2.574299999999999852e-02
-2.574299999999999852e-02
-2.574299999999999852e-02
-2.574299999999999852e-02
-2.574299999999999852e-02
-2.539100000000000038e-02
-2.539100000000000038e-02
-2.539100000000000038e-02
-2.539100000000000038e-02
-2.539100000000000038e-02
-2.539100000000000038e-02
-2.539100000000000038e-02
-2.539100000000000038e-02
-2.539100000000000038e-02
-2.538299999999999931e-02
-2.528949999999999948e-02
-2.521899999999999836e-02
-2.518000000000000099e-02
-2.518000000000000099e-02
-2.516950000000000090e-02
-2.510199999999999931e-02
-2.510199999999999931e-02
-2.510199999999999931e-02
-2.510199999999999931e-02
-2.510199999999999931e-02
-2.510199999999999931e-02
-2.496249999999999858e-02
-2.496249999999999858e-02
-2.496249999999999858e-02
-2.496249999999999858e-02
-2.496249999999999858e-02
-2.492000000000000118e-02
-2.492000000000000118e-02
-2.492000000000000118e-02
-2.492000000000000118e-02
-2.492000000000000118e-02
-2.491250000000000062e-02
-2.478199999999999847e-02
-2.478199999999999847e-02
-2.478199999999999847e-02
-2.478199999999999847e-02
-2.478150000000000144e-02
-2.478150000000000144e-02
-2.476799999999999835e-02
-2.476799999999999835e-02
-2.476799999999999835e-02
-2.476799999999999835e-02
-2.466899999999999996e-02
-2.464900000000000077e-02
-2.460350000000000037e-02
-2.460350000000000037e-02
-2.460350000000000037e-02
-2.460350000000000037e-02
-2.457799999999999915e-02
-2.457799999999999915e-02
-2.457799999999999915e-02
-2.457799999999999915e-02
-2.457799999999999915e-02
-2.457799999999999915e-02
-2.457799999999999915e-02
-2.457799999999999915e-02
-2.457799999999999915e-02
-2.457799999999999915e-02
-2.457799999999999915e-02
-2.457799999999999915e-02
-2.447600000000000123e-02
-2.447600000000000123e-02
-2.447600000000000123e-02
-2.439600000000000102e-02
-2.439600000000000102e-02
-2.439600000000000102e-02
-2.439600000000000102e-02
-2.432300000000000087e-02
-2.432300000000000087e-02
-2.432300000000000087e-02
-2.432300000000000087e-02
-2.432300000000000087e-02
-2.432300000000000087e-02
-2.432300000000000087e-02
-2.432300000000000087e-02
-2.432300000000000087e-02
-2.406799999999999912e-02
-2.406799999999999912e-02
-2.406799999999999912e-02
-2.406799999999999912e-02
-2.406799999999999912e-02
-2.406799999999999912e-02
-2.406799999999999912e-02
-2.406799999999999912e-02
-2.406799999999999912e-02
-2.406799999999999912e-02
-2.406799999999999912e-02
-2.406799999999999912e-02
-2.406799999999999912e-02
-2.406799999999999912e-02
-2.406799999999999912e-02
-2.406799999999999912e-02
-2.406799999999999912e-02
-2.398749999999999841e-02
-2.397950000000000081e-02
-2.397950000000000081e-02
-2.397950000000000081e-02
-2.397950000000000081e-02
-2.393949999999999897e-02
-2.393949999999999897e-02
-2.393949999999999897e-02
-2.393949999999999897e-02
-2.393949999999999897e-02
-2.393949999999999897e-02
-2.393949999999999897e-02
-2.393949999999999897e-02
-2.393949999999999897e-02
-2.393949999999999897e-02
-2.393949999999999897e-02
-2.389499999999999957e-02
-2.389499999999999957e-02
-2.389499999999999957e-02
-2.389499999999999957e-02
-2.389499999999999957e-02
-2.387099999999999986e-02
-2.387099999999999986e-02
-2.387099999999999986e-02
-2.377699999999999952e-02
-2.377699999999999952e-02
-2.377699999999999952e-02
-2.377699999999999952e-02
-2.377699999999999952e-02
-2.377699999999999952e-02
-2.377699999999999952e-02
-2.377699999999999952e-02
-2.377699999999999952e-02
-2.377699999999999952e-02
-2.377699999999999952e-02
-2.377699999999999952e-02
-2.377699999999999952e-02
-2.377699999999999952e-02
-2.377699999999999952e-02
-2.377699999999999952e-02
-2.377699999999999952e-02
-2.377699999999999952e-02
-2.377699999999999952e-02
-2.377699999999999952e-02
-2.377699999999999952e-02
-2.374650000000000025e-02
-2.374650000000000025e-02
-2.374650000000000025e-02
-2.374650000000000025e-02
-2.374650000000000025e-02
-2.374650000000000025e-02
-2.366100000000000148e-02
-2.366100000000000148e-02
-2.366100000000000148e-02
-2.366100000000000148e-02
-2.366100000000000148e-02
-2.366100000000000148e-02
-2.366100000000000148e-02
-2.366100000000000148e-02
-2.366100000000000148e-02
-2.364250000000000032e-02
-2.362250000000000114e-02
-2.362200000000000064e-02
-2.362200000000000064e-02
-2.362200000000000064e-02
-2.362200000000000064e-02
-2.362200000000000064e-02
-2.359699999999999992e-02
-2.359699999999999992e-02
-2.359699999999999992e-02
-2.359699999999999992e-02
-2.359699999999999992e-02
-2.359699999999999992e-02
-2.359699999999999992e-02
-2.359699999999999992e-02
-2.358000000000000027e-02
-2.357199999999999920e-02
-2.357199999999999920e-02
-2.357199999999999920e-02
-2.357199999999999920e-02
-2.357199999999999920e-02
-2.357199999999999920e-02
-2.357199999999999920e-02
-2.357199999999999920e-02
-2.357199999999999920e-02
-2.357199999999999920e-02
-2.357199999999999920e-02
-2.357199999999999920e-02
-2.357199999999999920e-02
-2.357199999999999920e-02
-2.357199999999999920e-02
-2.357199999999999920e-02
-2.357199999999999920e-02
-2.357199999999999920e-02
-2.357199999999999920e-02
-2.357199999999999920e-02
-2.357199999999999920e-02
-2.357199999999999920e-02
-2.357199999999999920e-02
-2.357199999999999920e-02
-2.354849999999999999e-02
-2.354849999999999999e-02
-2.354849999999999999e-02
-2.354849999999999999e-02
-2.354849999999999999e-02
-2.354849999999999999e-02
-2.354849999999999999e-02
-2.354849999999999999e-02
-2.350899999999999865e-02
-2.350899999999999865e-02
-2.348849999999999896e-02
-2.348849999999999896e-02
-2.348849999999999896e-02
-2.348849999999999896e-02
-2.348849999999999896e-02
-2.348849999999999896e-02
-2.348849999999999896e-02
-2.348849999999999896e-02
-2.348849999999999896e-02
-2.348849999999999896e-02
-2.348849999999999896e-02
-2.348849999999999896e-02
-2.348400000000000140e-02
-2.348400000000000140e-02
-2.348400000000000140e-02
-2.347700000000000134e-02
-2.347700000000000134e-02
-2.347700000000000134e-02
-2.347700000000000134e-02
-2.347700000000000134e-02
-2.347700000000000134e-02
-2.347700000000000134e-02
-2.347700000000000134e-02
-2.347700000000000134e-02
-2.347700000000000134e-02
-2.347700000000000134e-02
-2.347700000000000134e-02
-2.343399999999999997e-02
-2.343399999999999997e-02
-2.343399999999999997e-02
-2.343399999999999997e-02
-2.343399999999999997e-02
-2.343399999999999997e-02
-2.343399999999999997e-02
-2.343399999999999997e-02
-2.343399999999999997e-02
-2.343399999999999997e-02
-2.343399999999999997e-02
-2.342649999999999941e-02
-2.342649999999999941e-02
-2.342649999999999941e-02
-2.342649999999999941e-02
-2.342649999999999941e-02
-2.342649999999999941e-02
-2.342649999999999941e-02
-2.342649999999999941e-02
-2.342649999999999941e-02
-2.342649999999999941e-02
-2.342649999999999941e-02
-2.342649999999999941e-02
-2.342649999999999941e-02
-2.342649999999999941e-02
-2.342649999999999941e-02
-2.342649999999999941e-02
-2.340650000000000022e-02
-2.340650000000000022e-02
-2.340650000000000022e-02
-2.340650000000000022e-02
-2.340650000000000022e-02
-2.340650000000000022e-02
-2.340650000000000022e-02
-2.340650000000000022e-02
-2.340650000000000022e-02
-2.340650000000000022e-02
-2.333800000000000111e-02
-2.333800000000000111e-02
-2.333800000000000111e-02
-2.333800000000000111e-02
-2.332400000000000098e-02
-2.332400000000000098e-02
-2.332400000000000098e-02
-2.332400000000000098e-02
-2.332400000000000098e-02
-2.332400000000000098e-02
-2.332400000000000098e-02
-2.332400000000000098e-02
-2.332400000000000098e-02
-2.332400000000000098e-02
-2.332400000000000098e-02
-2.332400000000000098e-02
-2.332400000000000098e-02
-2.332400000000000098e-02
-2.332400000000000098e-02
-2.332400000000000098e-02
-2.332400000000000098e-02
-2.332400000000000098e-02
-2.332400000000000098e-02
-2.332400000000000098e-02
-2.332400000000000098e-02
-2.332149999999999848e-02
-2.332149999999999848e-02
-2.332149999999999848e-02
-2.330199999999999980e-02
-2.330199999999999980e-02
-2.330199999999999980e-02
-2.330199999999999980e-02
-2.330199999999999980e-02
-2.330199999999999980e-02
-2.330199999999999980e-02
-2.330199999999999980e-02
-2.330199999999999980e-02
-2.330199999999999980e-02
-2.330199999999999980e-02
-2.330199999999999980e-02
-2.329699999999999827e-02
-2.329699999999999827e-02
-2.329699999999999827e-02
-2.329699999999999827e-02
-2.329699999999999827e-02
-2.329699999999999827e-02
-2.329699999999999827e-02
-2.329699999999999827e-02
-2.329699999999999827e-02
-2.329699999999999827e-02
-2.329699999999999827e-02
-2.329699999999999827e-02
-2.329699999999999827e-02
-2.329699999999999827e-02
-2.329000000000000167e-02
-2.329000000000000167e-02
-2.329000000000000167e-02
-2.329000000000000167e-02
-2.329000000000000167e-02
-2.328749999999999917e-02
-2.328749999999999917e-02
-2.328749999999999917e-02
-2.328749999999999917e-02
-2.328749999999999917e-02
-2.328749999999999917e-02
-2.328749999999999917e-02
-2.328749999999999917e-02
-2.328749999999999917e-02
-2.328749999999999917e-02
-2.328749999999999917e-02
-2.328749999999999917e-02
-2.328749999999999917e-02
-2.328749999999999917e-02
-2.328749999999999917e-02
-2.328749999999999917e-02
-2.328749999999999917e-02
-2.328749999999999917e-02
-2.328749999999999917e-02
-2.328749999999999917e-02
-2.328749999999999917e-02
-2.328749999999999917e-02
-2.328749999999999917e-02
-2.328749999999999917e-02
-2.328749999999999917e-02
-2.328749999999999917e-02
-2.328749999999999917e-02
-2.328749999999999917e-02
-2.328749999999999917e-02
-2.328749999999999917e-02
-2.328749999999999917e-02
-2.328749999999999917e-02
-2.328749999999999917e-02
-2.328749999999999917e-02
-2.328749999999999917e-02
-2.328449999999999964e-02
-2.328449999999999964e-02
-2.328449999999999964e-02
-2.328449999999999964e-02
-2.328449999999999964e-02
-2.328449999999999964e-02
-2.328449999999999964e-02
-2.328449999999999964e-02
-2.328449999999999964e-02
-2.328449999999999964e-02
-2.328449999999999964e-02
-2.328449999999999964e-02
-2.328449999999999964e-02
-2.328449999999999964e-02
-2.328449999999999964e-02
-2.328449999999999964e-02
-2.328449999999999964e-02
-2.328449999999999964e-02
-2.323599999999999971e-02
-2.323599999999999971e-02
-2.323599999999999971e-02
-2.323599999999999971e-02
-2.323599999999999971e-02
-2.323599999999999971e-02
-2.323599999999999971e-02
-2.323599999999999971e-02
-2.323599999999999971e-02
-2.323599999999999971e-02
-2.323599999999999971e-02
-2.323599999999999971e-02
-2.323599999999999971e-02
-2.323599999999999971e-02
-2.323599999999999971e-02
-2.323599999999999971e-02
-2.323599999999999971e-02
-2.323499999999999871e-02
-2.323100000000000165e-02
-2.323100000000000165e-02
-2.323100000000000165e-02
-2.322899999999999965e-02
-2.322899999999999965e-02
-2.322899999999999965e-02
-2.322899999999999965e-02
-2.322899999999999965e-02
-2.322899999999999965e-02
-2.322899999999999965e-02
-2.322899999999999965e-02
-2.322899999999999965e-02
-2.322899999999999965e-02
-2.322899999999999965e-02
-2.322899999999999965e-02
-2.322400000000000159e-02
-2.322400000000000159e-02
-2.322400000000000159e-02
-2.322400000000000159e-02
-2.322400000000000159e-02
-2.322400000000000159e-02
-2.322400000000000159e-02
-2.322400000000000159e-02
-2.322400000000000159e-02
-2.322400000000000159e-02
-2.322400000000000159e-02
-2.322400000000000159e-02
-2.322400000000000159e-02
-2.322400000000000159e-02
-2.322400000000000159e-02
-2.322400000000000159e-02
-2.322400000000000159e-02
-2.322400000000000159e-02
-2.322400000000000159e-02
-2.322400000000000159e-02
-2.322400000000000159e-02
-2.322400000000000159e-02
-2.322400000000000159e-02
-2.322400000000000159e-02
-2.322400000000000159e-02
-2.322400000000000159e-02
-2.322400000000000159e-02
-2.322400000000000159e-02
-2.322400000000000159e-02
-2.322400000000000159e-02
-2.322400000000000159e-02
-2.322400000000000159e-02
-2.322400000000000159e-02
-2.322400000000000159e-02
-2.322400000000000159e-02
-2.322400000000000159e-02
-2.322400000000000159e-02
-2.322400000000000159e-02
-2.322400000000000159e-02
-2.322400000000000159e-02
-2.322400000000000159e-02
-2.322400000000000159e-02
-2.322400000000000159e-02
-2.322199999999999959e-02
-2.322199999999999959e-02
-2.322199999999999959e-02
-2.322199999999999959e-02
-2.322199999999999959e-02
-2.322199999999999959e-02
-2.322199999999999959e-02
-2.322199999999999959e-02
-2.322199999999999959e-02
-2.322199999999999959e-02
-2.322199999999999959e-02
-2.322199999999999959e-02
-2.322199999999999959e-02
-2.322199999999999959e-02
-2.322199999999999959e-02
-2.322199999999999959e-02
-2.322199999999999959e-02
-2.322199999999999959e-02
-2.322199999999999959e-02
-2.322199999999999959e-02
-2.322199999999999959e-02
-2.322199999999999959e-02
-2.322199999999999959e-02
-2.322199999999999959e-02
-2.322199999999999959e-02
-2.322199999999999959e-02
-2.322199999999999959e-02
-2.322199999999999959e-02
-2.322199999999999959e-02
-2.322199999999999959e-02
-2.322199999999999959e-02
-2.322199999999999959e-02
-2.322199999999999959e-02
-2.322199999999999959e-02
-2.322199999999999959e-02
-2.322199999999999959e-02
-2.322199999999999959e-02
-2.322199999999999959e-02
-2.322199999999999959e-02
-2.322199999999999959e-02
-2.322199999999999959e-02
-2.322199999999999959e-02
-2.322199999999999959e-02
-2.322199999999999959e-02
-2.321399999999999852e-02
-2.321399999999999852e-02
-2.321399999999999852e-02
-2.321399999999999852e-02
-2.321399999999999852e-02
-2.321399999999999852e-02
-2.321399999999999852e-02
-2.321399999999999852e-02
-2.321399999999999852e-02
-2.321099999999999899e-02
-2.321099999999999899e-02
-2.321099999999999899e-02
-2.321099999999999899e-02
-2.321099999999999899e-02
-2.321099999999999899e-02
-2.319999999999999840e-02
-2.319999999999999840e-02
-2.319999999999999840e-02
-2.319999999999999840e-02
-2.319999999999999840e-02
-2.319999999999999840e-02
-2.319999999999999840e-02
-2.319999999999999840e-02
-2.319999999999999840e-02
-2.319999999999999840e-02
-2.319999999999999840e-02
-2.319999999999999840e-02
-2.319999999999999840e-02
-2.319999999999999840e-02
-2.319999999999999840e-02
-2.319999999999999840e-02
-2.319999999999999840e-02
-2.319999999999999840e-02
-2.319999999999999840e-02
-2.319999999999999840e-02
-2.319999999999999840e-02
-2.319999999999999840e-02
-2.319999999999999840e-02
-2.319999999999999840e-02
-2.319999999999999840e-02
-2.319099999999999981e-02
-2.319099999999999981e-02
-2.319099999999999981e-02
-2.319099999999999981e-02
-2.319099999999999981e-02
-2.319099999999999981e-02
-2.319099999999999981e-02
-2.319099999999999981e-02
-2.319099999999999981e-02
-2.319099999999999981e-02
-2.319099999999999981e-02
-2.319099999999999981e-02
-2.319099999999999981e-02
-2.319099999999999981e-02
-2.319099999999999981e-02
-2.319099999999999981e-02
-2.319099999999999981e-02
-2.319099999999999981e-02
-2.319099999999999981e-02
-2.319099999999999981e-02
-2.319099999999999981e-02
-2.319099999999999981e-02
-2.319099999999999981e-02
-2.319099999999999981e-02
-2.319099999999999981e-02
-2.319099999999999981e-02
-2.319099999999999981e-02
-2.319099999999999981e-02
-2.319099999999999981e-02
-2.319099999999999981e-02
-2.319099999999999981e-02
-2.318999999999999881e-02
-2.318999999999999881e-02
-2.318999999999999881e-02
-2.318999999999999881e-02
-2.318999999999999881e-02
-2.318999999999999881e-02
-2.318999999999999881e-02
-2.318999999999999881e-02
-2.318999999999999881e-02
-2.318999999999999881e-02
-2.318999999999999881e-02
-2.318999999999999881e-02
-2.318999999999999881e-02
-2.318999999999999881e-02
-2.318999999999999881e-02
-2.318999999999999881e-02
-2.318999999999999881e-02
-2.318999999999999881e-02
-2.318999999999999881e-02
-2.318999999999999881e-02
-2.318999999999999881e-02
-2.318999999999999881e-02
-2.318999999999999881e-02
-2.318999999999999881e-02
-2.318999999999999881e-02
-2.318999999999999881e-02
-2.318999999999999881e-02
-2.318999999999999881e-02
-2.318999999999999881e-02
-2.318999999999999881e-02
-2.318999999999999881e-02
-2.318999999999999881e-02
-2.318999999999999881e-02
-2.318999999999999881e-02
-2.318999999999999881e-02
-2.318999999999999881e-02
-2.318999999999999881e-02
-2.318999999999999881e-02
-2.318999999999999881e-02
-2.318999999999999881e-02
-2.318999999999999881e-02
-2.318999999999999881e-02
-2.318999999999999881e-02
-2.318999999999999881e-02
-2.318999999999999881e-02
-2.318999999999999881e-02
-2.318999999999999881e-02
-2.318999999999999881e-02
-2.318999999999999881e-02
-2.318999999999999881e-02
-2.318999999999999881e-02
-2.318999999999999881e-02
-2.318999999999999881e-02
-2.318949999999999831e-02
-2.318949999999999831e-02
-2.318949999999999831e-02
-2.318949999999999831e-02
-2.318949999999999831e-02
-2.318949999999999831e-02
-2.318949999999999831e-02
-2.318949999999999831e-02
-2.318949999999999831e-02
-2.318949999999999831e-02
-2.318949999999999831e-02
-2.318949999999999831e-02
-2.318949999999999831e-02
-2.318949999999999831e-02
-2.318949999999999831e-02
-2.318949999999999831e-02
-2.318949999999999831e-02
-2.318949999999999831e-02
-2.318949999999999831e-02
-2.318949999999999831e-02
-2.318949999999999831e-02
-2.318949999999999831e-02
-2.318949999999999831e-02
-2.318949999999999831e-02
-2.318949999999999831e-02
-2.318949999999999831e-02
-2.318949999999999831e-02
-2.318949999999999831e-02
-2.318949999999999831e-02
-2.318949999999999831e-02
-2.318949999999999831e-02
-2.318949999999999831e-02
-2.318850000000000078e-02
-2.317200000000000162e-02
-2.317200000000000162e-02
-2.317200000000000162e-02
-2.317200000000000162e-02
-2.317200000000000162e-02
-2.317200000000000162e-02
-2.317200000000000162e-02
-2.317200000000000162e-02
-2.317050000000000012e-02
-2.317050000000000012e-02
-2.317050000000000012e-02
-2.317050000000000012e-02
-2.317050000000000012e-02
-2.317050000000000012e-02
-2.317050000000000012e-02
-2.317050000000000012e-02
-2.317050000000000012e-02
-2.317050000000000012e-02
-2.317050000000000012e-02
-2.317050000000000012e-02
-2.317050000000000012e-02
-2.317050000000000012e-02
-2.317050000000000012e-02
-2.317050000000000012e-02
-2.317050000000000012e-02
-2.317050000000000012e-02
-2.317050000000000012e-02
-2.317050000000000012e-02
-2.317050000000000012e-02
-2.317050000000000012e-02
-2.317050000000000012e-02
-2.317050000000000012e-02
-2.317050000000000012e-02
-2.317050000000000012e-02
-2.317050000000000012e-02
-2.317050000000000012e-02
-2.317050000000000012e-02
-2.317050000000000012e-02
-2.317050000000000012e-02
-2.317050000000000012e-02
-2.317050000000000012e-02
-2.317050000000000012e-02
-2.317050000000000012e-02
-2.317050000000000012e-02
-2.315499999999999850e-02
-2.315499999999999850e-02
-2.315499999999999850e-02
-2.315499999999999850e-02
-2.315499999999999850e-02
-2.315499999999999850e-02
-2.315499999999999850e-02
-2.315499999999999850e-02
-2.315499999999999850e-02
-2.315499999999999850e-02
-2.315499999999999850e-02
-2.315499999999999850e-02
-2.315499999999999850e-02
-2.315499999999999850e-02
-2.315499999999999850e-02
-2.315499999999999850e-02
-2.315499999999999850e-02
-2.315499999999999850e-02
-2.315499999999999850e-02
-2.315499999999999850e-02
-2.315499999999999850e-02
-2.315499999999999850e-02
-2.315499999999999850e-02
-2.315499999999999850e-02
-2.315499999999999850e-02
-2.315499999999999850e-02
-2.315499999999999850e-02
-2.315499999999999850e-02
-2.315499999999999850e-02
-2.315499999999999850e-02
-2.315499999999999850e-02
-2.315499999999999850e-02
-2.315499999999999850e-02
-2.315499999999999850e-02
-2.315499999999999850e-02
-2.315499999999999850e-02
-2.315499999999999850e-02
-2.315499999999999850e-02
-2.315499999999999850e-02
-2.315499999999999850e-02
-2.315499999999999850e-02
-2.315499999999999850e-02
-2.315499999999999850e-02
-2.315499999999999850e-02
-2.315499999999999850e-02
-2.315499999999999850e-02
-2.315499999999999850e-02
-2.315249999999999947e-02
-2.315249999999999947e-02
-2.315249999999999947e-02
-2.315249999999999947e-02
-2.315249999999999947e-02
-2.315249999999999947e-02
-2.315249999999999947e-02
-2.315249999999999947e-02
-2.315249999999999947e-02
-2.315249999999999947e-02
-2.315249999999999947e-02
-2.315249999999999947e-02
-2.315249999999999947e-02
-2.315249999999999947e-02
-2.315249999999999947e-02
-2.315249999999999947e-02
-2.315249999999999947e-02
-2.315249999999999947e-02
-2.315249999999999947e-02
-2.315249999999999947e-02
-2.315249999999999947e-02
-2.315249999999999947e-02
-2.315249999999999947e-02
-2.315249999999999947e-02
-2.315249999999999947e-02
-2.315249999999999947e-02
-2.315249999999999947e-02
-2.315249999999999947e-02
-2.315249999999999947e-02
-2.315249999999999947e-02
-2.315249999999999947e-02
-2.315249999999999947e-02
-2.315249999999999947e-02
-2.314949999999999994e-02
-2.314949999999999994e-02
-2.314949999999999994e-02
-2.314700000000000091e-02
-2.314549999999999941e-02
-2.314549999999999941e-02
-2.314549999999999941e-02
-2.314549999999999941e-02
-2.314549999999999941e-02
-2.314549999999999941e-02
-2.314549999999999941e-02
-2.314549999999999941e-02
-2.314549999999999941e-02
-2.314549999999999941e-02
-2.314549999999999941e-02
-2.314549999999999941e-02
-2.314549999999999941e-02
-2.314549999999999941e-02
-2.314549999999999941e-02
-2.314099999999999838e-02
-2.314099999999999838e-02
-2.314099999999999838e-02
-2.314099999999999838e-02
-2.313899999999999985e-02
-2.313899999999999985e-02
-2.313899999999999985e-02
-2.313899999999999985e-02
-2.313600000000000032e-02
-2.313600000000000032e-02
-2.313600000000000032e-02
-2.313600000000000032e-02
-2.313600000000000032e-02
-2.313600000000000032e-02
-2.313600000000000032e-02
-2.313600000000000032e-02
-2.313600000000000032e-02
-2.313499999999999931e-02
-2.313499999999999931e-02
-2.313499999999999931e-02
-2.313499999999999931e-02
-2.313499999999999931e-02
-2.313499999999999931e-02
-2.313499999999999931e-02
-2.313499999999999931e-02
-2.313499999999999931e-02
-2.313499999999999931e-02
-2.313499999999999931e-02
-2.313499999999999931e-02
-2.313499999999999931e-02
-2.313499999999999931e-02
-2.313499999999999931e-02
-2.313499999999999931e-02
-2.313499999999999931e-02
-2.313399999999999831e-02
-2.313399999999999831e-02
-2.313399999999999831e-02
-2.313399999999999831e-02
-2.313399999999999831e-02
-2.313399999999999831e-02
-2.313399999999999831e-02
-2.313399999999999831e-02
-2.313399999999999831e-02
-2.313399999999999831e-02
-2.313399999999999831e-02
-2.313399999999999831e-02
-2.313399999999999831e-02
-2.313399999999999831e-02
-2.313149999999999928e-02
-2.313149999999999928e-02
-2.313149999999999928e-02
-2.313149999999999928e-02
-2.313149999999999928e-02
-2.313149999999999928e-02
-2.313149999999999928e-02
-2.313049999999999828e-02
-2.313049999999999828e-02
-2.313049999999999828e-02
-2.313049999999999828e-02
-2.313049999999999828e-02
-2.313049999999999828e-02
-2.313049999999999828e-02
-2.313049999999999828e-02
-2.313049999999999828e-02
-2.313049999999999828e-02
-2.313049999999999828e-02
-2.313049999999999828e-02
-2.313049999999999828e-02
-2.313049999999999828e-02
-2.313049999999999828e-02
-2.313049999999999828e-02
-2.313049999999999828e-02
-2.313049999999999828e-02
-2.311799999999999966e-02
-2.311799999999999966e-02
-2.311799999999999966e-02
-2.311799999999999966e-02
-2.311799999999999966e-02
