4.357269208192595111e-01
4.953153269294149341e-01
5.008012661064555893e-01
5.002666726623654636e-01
5.544191547356165373e-01
5.963529243503122856e-01
5.270645850389082954e-01
5.695898190596216937e-01
4.860162921629813115e-01
5.742634610426693431e-01
4.999131238423032420e-01
5.674152039064415121e-01
5.026839449875708521e-01
5.433225194366853028e-01
4.605385722965856798e-01
5.173140213568196977e-01
5.644258785262429301e-01
4.359576328680677682e-01
5.059778170450313084e-01
5.605188534353569008e-01
4.840410531788786885e-01
5.388694919654098969e-01
3.598674800452587030e-01
4.665962413489176397e-01
5.348949628577969184e-01
5.446661345143899435e-01
4.752624788045296533e-01
5.530508811351024789e-01
5.697953423613633106e-01
5.322187647062428528e-01
4.665670280296808636e-01
5.030089360957790134e-01
4.747431806075528282e-01
3.988674442600165237e-01
4.491967024954539589e-01
5.594851185463726173e-01
4.768770032724500840e-01
5.462981263880493099e-01
4.621609625263524146e-01
5.285146170460256476e-01
5.001963144920877902e-01
4.980389480524509693e-01
4.476299381307734526e-01
4.621360604774949477e-01
4.524316677692711286e-01
5.437141437414766409e-01
4.683084111483123424e-01
3.916813840580639638e-01
4.696803400391993399e-01
5.267680643708572141e-01
5.129878298751930910e-01
4.926348256206481979e-01
4.972127252231030581e-01
4.693360339332407483e-01
5.196094074312085365e-01
4.572598827054161763e-01
4.800236161905145904e-01
4.009837695547834313e-01
5.452589734451802617e-01
4.831472796624427524e-01
5.140957955145382119e-01
5.615756188800961057e-01
4.769877674592824524e-01
5.606013781913943284e-01
5.156925393732492147e-01
5.195580528783575458e-01
4.253568663545796436e-01
5.047208704451791039e-01
4.906927825928262266e-01
4.378542231002031659e-01
4.805343292591923166e-01
5.224041031527058010e-01
4.908646735211459888e-01
4.534836312243331058e-01
5.679999090349718838e-01
5.065130990954216372e-01
5.399931497946327541e-01
4.879852095175818416e-01
5.455810836090427829e-01
4.999339448575451650e-01
5.060585191863657961e-01
4.423968923281900167e-01
4.295820686253487564e-01
4.929203301642293145e-01
4.547422011180910495e-01
4.504102738559037089e-01
4.615338112807402249e-01
4.829335998739602287e-01
5.306280876846569683e-01
5.691063783838669066e-01
5.406276380979329055e-01
5.046420881920093970e-01
4.948152311267897119e-01
5.400953165996008609e-01
5.000561311180595769e-01
4.608259005802393116e-01
4.628775143695246230e-01
4.284208478054890579e-01
4.794539801719334138e-01
3.936235349621794999e-01
4.509682579005740988e-01
4.649302803440615861e-01
4.620524303388194864e-01
5.409628865312886559e-01
4.799545891500121009e-01
5.896152778650587400e-01
5.384277048750866213e-01
5.736421942232211579e-01
4.772971777639376523e-01
5.396418636137512159e-01
4.980252579131272395e-01
5.136100306951174588e-01
5.018445613389851401e-01
4.904631528521605777e-01
5.581639998439760220e-01
4.805898734956157714e-01
5.271346429554606416e-01
4.772903776097613404e-01
5.196984060234867142e-01
5.258987159433833325e-01
4.679049000137246450e-01
3.972860566889135914e-01
4.942317027369457216e-01
5.161261604881619558e-01
4.526396024108619298e-01
4.873967715469985640e-01
5.578802105831323077e-01
4.586428609430817649e-01
4.974782039213676010e-01
5.307690583405855200e-01
5.051740148150835052e-01
4.190522983409366575e-01
5.840772406935628158e-01
5.404390274150481233e-01
4.535247145406267610e-01
4.872909958716126755e-01
4.728668330614704818e-01
5.891064209595424650e-01
4.912589888034946117e-01
4.638464614998898394e-01
4.598081114947295545e-01
5.320966201725583211e-01
5.661256200485065282e-01
4.883402381833684691e-01
5.638551236090288965e-01
3.941761557920885894e-01
4.338781954622045189e-01
3.791746918587144966e-01
5.359485329560378375e-01
5.928535101617122827e-01
5.153555778697707090e-01
4.544182265052693626e-01
5.014992713531976065e-01
5.843141274502229310e-01
5.730108562203586331e-01
4.805753682277278394e-01
4.949666123918644578e-01
5.476390070771210983e-01
4.364453871858156586e-01
4.893451465516409638e-01
6.101180743767287140e-01
4.775384536402900726e-01
4.863234011841948146e-01
4.628813540177398878e-01
5.196150516636165451e-01
4.829272067459401407e-01
6.064321599376980565e-01
5.097062575380197913e-01
5.819528570367031861e-01
5.111543064767452016e-01
5.530019940459398597e-01
5.152151035567827941e-01
5.306261665404441441e-01
4.640569980308594800e-01
4.264506420192665237e-01
5.295187536715275645e-01
5.272225921033324436e-01
4.319273664529391654e-01
4.812954840718850491e-01
5.011354657993630779e-01
5.017938700791093609e-01
5.161164892086935740e-01
5.058332180338551698e-01
5.557491141396364576e-01
4.747452012336316196e-01
4.541664376239707424e-01
4.783194733872161430e-01
4.129950867037764928e-01
4.007746942663363843e-01
5.239002691841475601e-01
5.424938723367868088e-01
5.294070554272259921e-01
4.270230199126286985e-01
4.602409360706478658e-01
4.240063888552214610e-01
6.453402283522382543e-01
5.302977982075192109e-01
5.218980057852657950e-01
4.932125952169618133e-01
5.483489496022120324e-01
5.465453973566776202e-01
4.471473992797561081e-01
4.856678628179597612e-01
5.999698265760973204e-01
4.173710902769114384e-01
4.744506550750600127e-01
6.110994577524991866e-01
4.273791368344155295e-01
5.437903296014424681e-01
4.786032036256759881e-01
5.291140322979438482e-01
4.342713130688953260e-01
5.042751627300968709e-01
5.220198115274923278e-01
5.231765433279833566e-01
4.953150083099686629e-01
4.531357308769446424e-01
5.292822802386352166e-01
4.965786982995397669e-01
5.511415575524590826e-01
4.996707426580767608e-01
4.627079525409333871e-01
5.477441031746389521e-01
5.638150516198378037e-01
5.357687009410391221e-01
3.208133427045912200e-01
4.318363220768161037e-01
4.438788144340475306e-01
5.389328848037281405e-01
5.384904462238561118e-01
4.592945843158517949e-01
4.652895715189839243e-01
4.531561046272699067e-01
5.045140282118057984e-01
4.165252275293355178e-01
4.608304277853079167e-01
4.492498152112767151e-01
5.187284753829746187e-01
5.184917626624738762e-01
4.694509114438881747e-01
5.335180412606321809e-01
5.251657574676168450e-01
4.257659676283218619e-01
5.338836012720686863e-01
5.653616975380142406e-01
4.935639448583881705e-01
4.527635536415389739e-01
4.348002263961621150e-01
4.858285540128448043e-01
4.729913520893682111e-01
4.516053539534861661e-01
5.269924420049794112e-01
5.249294924254410688e-01
5.381593682114318433e-01
4.834380172081457205e-01
5.843924177856839597e-01
4.612812391773076781e-01
5.039595736536299775e-01
4.889755335274645343e-01
4.472166838323818339e-01
4.253448455259812855e-01
4.723729627429881228e-01
5.007921391174651182e-01
4.826592464314142239e-01
5.302347635116124724e-01
5.187152581746692359e-01
4.509803451441888322e-01
4.116273070334037776e-01
4.723786144760268035e-01
5.456901800539089020e-01
5.413512258279873368e-01
5.096318515542708205e-01
3.845859865409197997e-01
4.326721151833644585e-01
4.853132136443900624e-01
5.904382430312913321e-01
5.141720205267363841e-01
5.087537455277679754e-01
5.019258376536914756e-01
5.164747597043553018e-01
5.641171744655416598e-01
4.968864453720224783e-01
4.587900457407155796e-01
4.997599399680445753e-01
5.514405690818775518e-01
5.403558964041031976e-01
4.441863220726808281e-01
4.770904292523145962e-01
5.532646070906723779e-01
5.742432611484112881e-01
5.452271334466763930e-01
5.456111651399919715e-01
6.077154725393818513e-01
5.045191742017803849e-01
3.824410240629183555e-01
5.107187787617458730e-01
5.397822996606300716e-01
3.833858555338870433e-01
5.780893802766331468e-01
4.817130010235823878e-01
4.584450689051983163e-01
4.852349656596046112e-01
5.053120570954831026e-01
5.329401695679045758e-01
5.641180702814517778e-01
5.320478759780025158e-01
5.843371964818864228e-01
4.886908010721555673e-01
4.412929423750170388e-01
5.011497165482248217e-01
4.605343429885713213e-01
4.886013659139180065e-01
5.135539770897337153e-01
5.002841701043075906e-01
4.924769314532512210e-01
4.917722555340021673e-01
4.936932482047902693e-01
5.103508768187700051e-01
4.863658752293544829e-01
5.580676275954629117e-01
5.020416864914407640e-01
5.050396473407902098e-01
4.350662437691467099e-01
4.697184586076800228e-01
4.434239939569382116e-01
4.959124653035202890e-01
4.624516659501168303e-01
4.267849689233429999e-01
5.027891302852316446e-01
4.925165350210782278e-01
5.017823734079476239e-01
4.474532349491459060e-01
4.988423286054318728e-01
5.062462771131851502e-01
4.996353880458909158e-01
4.796309819167773880e-01
4.632292427339015362e-01
5.441927477584078687e-01
5.130773027120123508e-01
3.863361025912285251e-01
5.038572024370159275e-01
5.667896029891157372e-01
6.114024080370230596e-01
4.373376190666543595e-01
5.171216030327980828e-01
4.086285472887914993e-01
4.219199268094894206e-01
5.406186895997397990e-01
4.614697242824498113e-01
4.009594020413428384e-01
5.156194288341739984e-01
5.154709317533037183e-01
5.839883309112514631e-01
4.976498328719633490e-01
4.346872218564138413e-01
5.211891168460281998e-01
4.588300836424028528e-01
5.404195421413597877e-01
4.166458081390775892e-01
5.210690455251394404e-01
4.445966098587799120e-01
4.867766573677578257e-01
5.685119265658993282e-01
5.805736125709239914e-01
5.234304101430782286e-01
4.495736568242010289e-01
5.669730737697759038e-01
4.720509688688658279e-01
4.903305681481665568e-01
4.491827447379390659e-01
5.510674965570314665e-01
4.971273628636510011e-01
5.620751532584876697e-01
4.736044078065326790e-01
4.539421591766376607e-01
4.739376542544532223e-01
5.307744526871351898e-01
5.893924053130910057e-01
4.957946497223440496e-01
5.928232992742431540e-01
5.106208787693145013e-01
5.299277429755381297e-01
4.185390162863308339e-01
5.031135873116899804e-01
5.565982014919700349e-01
5.154761875994759990e-01
5.945886017358308351e-01
5.307079072076732462e-01
5.030677429767074216e-01
4.592338805159563164e-01
4.933436284272255667e-01
4.789536722129177360e-01
5.608911753813451417e-01
4.941463412171114289e-01
5.396050453543896896e-01
4.404844839968108383e-01
5.879789974678222286e-01
4.689723440273243504e-01
4.339913381492158662e-01
5.320636783686187865e-01
5.966472265617943638e-01
5.309337245830209051e-01
5.528586373209272153e-01
5.443935474578019962e-01
5.135753885851668255e-01
5.209300324302367224e-01
5.423813054675594714e-01
4.210866282730473253e-01
5.300216936265121914e-01
4.602895620732171400e-01
5.533857400428867646e-01
5.450822331170832591e-01
5.075157143638768797e-01
5.155399971159577710e-01
5.145977145552111942e-01
5.782620291284783498e-01
5.688488859119380514e-01
4.524597945409073452e-01
6.203834296267699555e-01
3.840024512095346898e-01
5.218558360703628995e-01
4.632878618787343306e-01
4.361893313957036500e-01
5.662787544523670835e-01
4.925124590790022627e-01
4.887585690643856395e-01
5.164601435731220880e-01
4.004433266938353664e-01
4.955425500099728264e-01
4.633087707192580784e-01
3.542080157838963794e-01
4.564809466600674437e-01
4.671750168592782027e-01
4.939579219450100922e-01
5.239485426239552934e-01
4.269478409800675500e-01
4.909590730107117329e-01
5.158334018093965190e-01
5.810150535729455834e-01
5.030018977750295717e-01
5.940445060566397206e-01
4.447437504860732860e-01
5.829856708257890041e-01
4.472660797356541318e-01
5.506087063821221150e-01
4.655161625138481973e-01
4.719312873068926550e-01
4.331384973308554098e-01
5.048160900186173805e-01
4.641432519118569022e-01
5.654351363126652874e-01
5.526096113026790491e-01
4.811642707664541829e-01
4.607260701977354267e-01
5.813734128098814180e-01
5.924464962781488264e-01
4.414747093891230323e-01
5.905055784047548162e-01
5.359983339096743293e-01
5.539909604436542567e-01
4.592159000640768651e-01
4.635553588017157223e-01
4.189839038037296293e-01
5.237558273711205858e-01
5.778935605999463432e-01
4.986212103744550039e-01
5.155804212169048384e-01
4.840893897224559650e-01
4.810721656092876719e-01
4.309702234088380601e-01
5.074238881147514757e-01
5.172277952760382380e-01
5.193843344934868655e-01
5.331136504979816504e-01
4.684659410229802257e-01
4.685453563540011857e-01
4.686059874223464927e-01
4.635923487730673753e-01
4.951862075607805225e-01
5.068943279652674549e-01
5.109936866135302846e-01
5.634739877377443751e-01
5.240283338070450547e-01
4.919561064966156971e-01
3.589531081666838541e-01
4.999906081864313734e-01
4.871596786351422015e-01
4.476852396243520271e-01
4.710594576083425578e-01
6.120004596004950947e-01
4.927965170675529527e-01
5.709647325146803842e-01
5.172593389130173414e-01
4.912065296961659056e-01
5.996413557656580240e-01
5.179284857005359566e-01
6.001225928566862322e-01
5.298748428091625273e-01
4.713817878097207315e-01
5.737155925286868685e-01
5.598606488248083490e-01
5.683074593731285429e-01
4.837403104995115499e-01
4.696961260203926791e-01
4.992118048501292815e-01
4.476109827158745169e-01
5.323019029233597710e-01
5.243642352390472938e-01
5.014228581918318550e-01
4.739657827270639112e-01
4.751116583497816959e-01
5.417318912306670065e-01
3.797271420198803371e-01
5.066359199498595700e-01
5.519168124087150407e-01
4.706233536057549127e-01
4.619806172063469218e-01
5.602229717824438460e-01
4.794775371791267782e-01
4.786983034838396267e-01
5.239544516987448830e-01
4.561969395048892650e-01
4.192651239656666751e-01
5.493449245564857586e-01
4.999123195805031949e-01
5.106071370043755442e-01
6.338193036098070943e-01
4.629033640681379236e-01
5.156987615615056253e-01
5.380190068401504710e-01
5.156589046453228242e-01
4.878093698942882472e-01
5.376495784866088812e-01
5.509510497265370788e-01
5.583068541239684102e-01
4.800314404634157817e-01
4.108705474401846414e-01
5.633226547365269843e-01
4.803954545121217334e-01
4.998437589979891627e-01
5.400401228830317146e-01
5.793483566417857444e-01
6.080816358933478494e-01
5.347101317004038235e-01
3.800289614555181217e-01
5.060782651262820675e-01
5.123743386525785315e-01
5.689796540436270478e-01
4.591096484989098947e-01
5.594499059902322546e-01
4.493920205327636141e-01
5.235612962167421891e-01
5.477513814881287413e-01
3.902723692522500065e-01
5.353574624315222685e-01
4.340955345962185241e-01
5.329294720128437968e-01
4.242914106935719021e-01
4.923962450659643553e-01
4.861536376572711537e-01
4.845848356742164520e-01
4.765657599785537712e-01
5.761142424969531994e-01
5.664777456166870673e-01
4.743891377012148247e-01
4.500711229970804084e-01
5.537279814904304542e-01
5.585207154481620639e-01
5.257332510287084926e-01
5.609045745505567560e-01
5.122560988578797048e-01
5.404988489047080069e-01
4.880968156614591824e-01
5.472606617642123972e-01
4.197641903859988810e-01
4.142261197842225240e-01
5.284715096529857270e-01
5.518705615769932127e-01
5.064015111640953748e-01
4.391955087824915283e-01
5.337714605937394774e-01
4.403098600721868650e-01
4.711580844238387189e-01
4.669844918205318107e-01
5.112733982935114829e-01
4.760644702113263627e-01
4.621607170562871403e-01
5.195277135775829835e-01
4.802168232892866651e-01
4.699152639242036300e-01
5.230048662093382816e-01
5.879262611726037147e-01
4.728246715777192910e-01
4.607349107790120746e-01
4.235918974345791455e-01
4.896187712434163508e-01
5.356347101170917391e-01
5.306500352264769127e-01
4.805700147580856396e-01
5.028724051296526998e-01
5.064337165012131603e-01
5.572427529763027687e-01
5.741112743724964274e-01
5.367322781448325975e-01
5.507058360344385672e-01
4.629077596328136646e-01
5.196473583417714481e-01
5.715093002643016895e-01
5.591586143808180420e-01
4.906346957712524604e-01
4.858088303348667147e-01
5.018775072738779208e-01
5.241866822272388537e-01
4.925536131793968875e-01
4.981913067508987325e-01
5.063302613819132825e-01
5.090091712923272560e-01
5.294738870103610218e-01
4.728107864039020614e-01
5.359438330908831150e-01
4.972888871390588328e-01
4.823757704792484557e-01
4.842097567895931598e-01
5.290650188455048308e-01
4.930674648068699151e-01
4.849296276468023636e-01
4.366552517057490923e-01
4.828123933486774266e-01
5.090735413496437767e-01
4.369912464537680785e-01
4.755555595194930762e-01
4.671235211669839682e-01
5.231192128427222254e-01
4.203602119371823154e-01
4.636971074628442602e-01
4.662328310610850957e-01
4.344412235444875536e-01
3.579522876092809947e-01
5.519827901820963945e-01
5.488105655664764493e-01
5.299438022750151411e-01
4.675779805039100845e-01
4.773822384243141537e-01
5.533710188001768060e-01
5.581332882811254059e-01
5.414114327645889180e-01
5.078346870314738304e-01
4.476769729262071729e-01
5.368449900793350604e-01
5.470954154876431774e-01
5.448058203963404011e-01
4.580362234166330815e-01
4.887537639072642714e-01
4.849293171618829779e-01
5.170265414780342850e-01
4.800125608597353155e-01
4.799221095656165392e-01
4.592161062174967556e-01
4.401246443115544582e-01
5.261651237417432903e-01
4.437769448771891057e-01
4.779912217536839703e-01
5.252451542524485539e-01
4.477786092900487014e-01
5.162550048529892521e-01
5.588387226067486058e-01
5.186463170638244691e-01
4.471087288750670852e-01
5.056126681061845485e-01
5.245370413814520738e-01
5.015199636800145022e-01
4.020561275500345033e-01
5.630327369030059259e-01
4.998461343599882034e-01
5.612237746514636694e-01
4.484181216462241881e-01
4.768372743645722944e-01
5.015119726664730715e-01
5.065110760239348586e-01
4.266143504140917919e-01
5.395673492981715169e-01
5.095754506356477975e-01
3.824457337170040216e-01
4.734568570674358989e-01
6.288571485877511025e-01
5.198703511953339795e-01
4.830095250410058050e-01
5.058534708287738546e-01
5.984766305471902470e-01
4.896912219639541486e-01
3.942662912861202296e-01
5.443598297238410044e-01
5.163776876369118307e-01
5.187345039623997289e-01
3.986242078573430936e-01
4.693688710643570405e-01
3.862236491818212825e-01
5.567444220909171237e-01
5.253268445557757182e-01
5.598335554545800230e-01
5.518708515861664443e-01
5.492083394230724558e-01
5.375104240723131976e-01
4.835100568209456107e-01
6.501516678097936097e-01
4.338145776645968565e-01
4.975410967952045294e-01
5.224901472340699460e-01
