-8.000000000000000167e-02 8.956954999999999778e-01
-7.838383838383838897e-02 8.911964999999999471e-01
-7.676767676767676241e-02 8.865509999999999780e-01
-7.515151515151514972e-02 8.817574999999999719e-01
-7.353535353535353702e-02 8.768145000000000522e-01
-7.191919191919192433e-02 8.717179999999999929e-01
-7.030303030303031164e-02 8.664659999999999584e-01
-6.868686868686868507e-02 8.610550000000000148e-01
-6.707070707070707238e-02 8.554850000000000509e-01
-6.545454545454545969e-02 8.497510000000000341e-01
-6.383838383838383312e-02 8.438539999999999930e-01
-6.222222222222222043e-02 8.377890000000000059e-01
-6.060606060606060774e-02 8.315559999999999619e-01
-5.898989898989899505e-02 8.251519999999999966e-01
-5.737373737373737542e-02 8.185755000000000114e-01
-5.575757575757575579e-02 8.118250000000000188e-01
-5.414141414141414310e-02 8.048980000000000024e-01
-5.252525252525253041e-02 7.977940000000000031e-01
-5.090909090909091078e-02 7.905115000000000336e-01
-4.929292929292929115e-02 7.830489999999999950e-01
-4.767676767676767846e-02 7.754050000000000109e-01
-4.606060606060606577e-02 7.675790000000000113e-01
-4.444444444444444614e-02 7.595680000000000209e-01
-4.282828282828282651e-02 7.513735000000000275e-01
-4.121212121212121382e-02 7.429945000000000022e-01
-3.959595959595960113e-02 7.344304999999999861e-01
-3.797979797979798150e-02 7.256789999999999630e-01
-3.636363636363636187e-02 7.167409999999999615e-01
-3.474747474747474918e-02 7.076170000000000515e-01
-3.313131313131313649e-02 6.983044999999999947e-01
-3.151515151515151686e-02 6.888060000000000294e-01
-2.989898989898989723e-02 6.791224999999999623e-01
-2.828282828282828454e-02 6.692504999999999704e-01
-2.666666666666667185e-02 6.591939999999999467e-01
-2.505050505050505222e-02 6.489525000000000432e-01
-2.343434343434343259e-02 6.385250000000000092e-01
-2.181818181818181990e-02 6.279154999999999598e-01
-2.020202020202020721e-02 6.171219999999999484e-01
-1.858585858585858758e-02 6.061484999999999790e-01
-1.696969696969696795e-02 5.949944999999999817e-01
-1.535353535353535526e-02 5.836630000000000429e-01
-1.373737373737374257e-02 5.721540000000000514e-01
-1.212121212121212988e-02 5.604700000000000237e-01
-1.050505050505050331e-02 5.486130000000000173e-01
-8.888888888888890616e-03 5.365860000000000074e-01
-7.272727272727277925e-03 5.243894999999999529e-01
-5.656565656565651357e-03 5.120270000000000099e-01
-4.040404040404038666e-03 4.995014999999999872e-01
-2.424242424242425975e-03 4.868149999999999977e-01
-8.080808080808132843e-04 4.739694999999999880e-01
8.080808080807994065e-04 4.609705000000000052e-01
2.424242424242425975e-03 4.478190000000000226e-01
4.040404040404038666e-03 4.345189999999999886e-01
5.656565656565651357e-03 4.210740000000000038e-01
7.272727272727277925e-03 4.074875000000000025e-01
8.888888888888890616e-03 3.937634999999999885e-01
1.050505050505050331e-02 3.799044999999999783e-01
1.212121212121211600e-02 3.659164999999999779e-01
1.373737373737372869e-02 3.518025000000000180e-01
1.535353535353535526e-02 3.375670000000000059e-01
1.696969696969696795e-02 3.232134999999999869e-01
1.858585858585858064e-02 3.087480000000000224e-01
2.020202020202020721e-02 2.941745000000000054e-01
2.181818181818181990e-02 2.794975000000000098e-01
2.343434343434343259e-02 2.647209999999999841e-01
2.505050505050504528e-02 2.498515000000000041e-01
2.666666666666665797e-02 2.348935000000000051e-01
2.828282828282828454e-02 2.198509999999999909e-01
2.989898989898989723e-02 2.047315000000000107e-01
3.151515151515150992e-02 1.895384999999999986e-01
3.313131313131313649e-02 1.742795000000000039e-01
3.474747474747474918e-02 1.589579999999999882e-01
3.636363636363636187e-02 1.435819999999999874e-01
3.797979797979797456e-02 1.281565000000000065e-01
3.959595959595958725e-02 1.126889999999999975e-01
4.121212121212121382e-02 9.718749999999999611e-02
4.282828282828282651e-02 8.166099999999999748e-02
4.444444444444443920e-02 6.612400000000000222e-02
4.606060606060606577e-02 5.059849999999999764e-02
4.767676767676766458e-02 3.513850000000000307e-02
4.929292929292929115e-02 1.994500000000000092e-02
5.090909090909091772e-02 7.132999999999999584e-03
5.252525252525251653e-02 1.397100000000000078e-02
5.414141414141414310e-02 2.881150000000000030e-02
5.575757575757574191e-02 4.420949999999999880e-02
5.737373737373736848e-02 5.972249999999999781e-02
5.898989898989899505e-02 7.526549999999999907e-02
6.060606060606059386e-02 9.080499999999999683e-02
6.222222222222222043e-02 1.063285000000000063e-01
6.383838383838384700e-02 1.218209999999999987e-01
6.545454545454544582e-02 1.372770000000000101e-01
6.707070707070707238e-02 1.526869999999999894e-01
6.868686868686869895e-02 1.680474999999999886e-01
7.030303030303029777e-02 1.833484999999999976e-01
7.191919191919192433e-02 1.985879999999999868e-01
7.353535353535352315e-02 2.137570000000000026e-01
7.515151515151514972e-02 2.288519999999999999e-01
7.676767676767677628e-02 2.438684999999999881e-01
7.838383838383837510e-02 2.587975000000000136e-01
8.000000000000000167e-02 2.736370000000000191e-01
