0.000000000000000000e+00 3.678790000000000115e-01
5.000000000000000000e-01 3.144294999999999729e-01
1.000000000000000000e+00 2.649659999999999793e-01
1.500000000000000000e+00 2.203044999999999864e-01
2.000000000000000000e+00 1.809074999999999989e-01
2.500000000000000000e+00 1.468980000000000008e-01
3.000000000000000000e+00 1.181080000000000046e-01
3.500000000000000000e+00 9.415600000000000358e-02
4.000000000000000000e+00 7.452649999999999553e-02
4.500000000000000000e+00 5.864250000000000018e-02
5.000000000000000000e+00 4.592399999999999954e-02
