0.000000000000000000e+00 2.386330000000000118e-01
5.000000000000000000e-01 2.228535000000000099e-01
1.000000000000000000e+00 2.077495000000000036e-01
1.500000000000000000e+00 1.933475000000000055e-01
2.000000000000000000e+00 1.796705000000000108e-01
2.500000000000000000e+00 1.667234999999999967e-01
3.000000000000000000e+00 1.545044999999999891e-01
3.500000000000000000e+00 1.430065000000000086e-01
4.000000000000000000e+00 1.322135000000000116e-01
4.500000000000000000e+00 1.221065000000000067e-01
5.000000000000000000e+00 1.126619999999999983e-01
