-2.469249999999999917e-02
-2.469249999999999917e-02
-1.699650000000000119e-02
-1.699650000000000119e-02
-1.699650000000000119e-02
-1.699350000000000166e-02
-1.699350000000000166e-02
-1.699350000000000166e-02
-1.699350000000000166e-02
-1.631350000000000161e-02
-1.631350000000000161e-02
-1.623449999999999893e-02
-1.623449999999999893e-02
-1.623449999999999893e-02
-1.586349999999999913e-02
-1.586349999999999913e-02
-1.586349999999999913e-02
-1.586349999999999913e-02
-1.586349999999999913e-02
-1.586349999999999913e-02
-1.586349999999999913e-02
-1.586349999999999913e-02
-1.586349999999999913e-02
-1.586349999999999913e-02
-1.583649999999999988e-02
-1.583649999999999988e-02
-1.583649999999999988e-02
-1.583649999999999988e-02
-1.583649999999999988e-02
-1.583649999999999988e-02
-1.583649999999999988e-02
-1.583649999999999988e-02
-1.583649999999999988e-02
-1.583649999999999988e-02
-1.583649999999999988e-02
-1.583649999999999988e-02
-1.583649999999999988e-02
-1.583649999999999988e-02
-1.583649999999999988e-02
-1.583649999999999988e-02
-1.583649999999999988e-02
-1.583649999999999988e-02
-1.583649999999999988e-02
-1.583649999999999988e-02
-1.583649999999999988e-02
-1.583649999999999988e-02
-1.583649999999999988e-02
-1.583649999999999988e-02
-1.583599999999999938e-02
-1.583599999999999938e-02
-1.583599999999999938e-02
-1.583599999999999938e-02
-1.583599999999999938e-02
-1.583599999999999938e-02
-1.583599999999999938e-02
-1.583599999999999938e-02
-1.583599999999999938e-02
-1.583549999999999888e-02
-1.583549999999999888e-02
-1.583549999999999888e-02
-1.583549999999999888e-02
-1.583549999999999888e-02
-1.583549999999999888e-02
-1.583549999999999888e-02
-1.583549999999999888e-02
-1.583549999999999888e-02
-1.583549999999999888e-02
-1.583549999999999888e-02
-1.583549999999999888e-02
-1.583549999999999888e-02
-1.583549999999999888e-02
-1.583549999999999888e-02
-1.583549999999999888e-02
-1.583549999999999888e-02
-1.583549999999999888e-02
-1.583549999999999888e-02
-1.583549999999999888e-02
-1.583549999999999888e-02
-1.583549999999999888e-02
-1.583549999999999888e-02
-1.577299999999999883e-02
-1.554750000000000056e-02
-1.554750000000000056e-02
-1.552450000000000011e-02
-1.552450000000000011e-02
-1.552450000000000011e-02
-1.552450000000000011e-02
-1.551750000000000004e-02
-1.549050000000000080e-02
-1.546050000000000028e-02
-1.546050000000000028e-02
-1.546050000000000028e-02
-1.546050000000000028e-02
-1.546050000000000028e-02
-1.546050000000000028e-02
-1.546050000000000028e-02
-1.546050000000000028e-02
-1.546050000000000028e-02
-1.546050000000000028e-02
-1.546050000000000028e-02
-1.546050000000000028e-02
-1.546050000000000028e-02
-1.546050000000000028e-02
-1.546050000000000028e-02
-1.546050000000000028e-02
-1.546050000000000028e-02
-1.546050000000000028e-02
-1.546050000000000028e-02
-1.546050000000000028e-02
-1.546050000000000028e-02
-1.546050000000000028e-02
-1.546050000000000028e-02
-1.546050000000000028e-02
-1.546050000000000028e-02
-1.546050000000000028e-02
-1.546050000000000028e-02
-1.546050000000000028e-02
-1.546050000000000028e-02
-1.546050000000000028e-02
-1.546050000000000028e-02
-1.546050000000000028e-02
-1.546050000000000028e-02
-1.546050000000000028e-02
-1.546050000000000028e-02
-1.546050000000000028e-02
-1.546050000000000028e-02
-1.546050000000000028e-02
-1.546050000000000028e-02
-1.546050000000000028e-02
-1.546050000000000028e-02
-1.546050000000000028e-02
-1.546050000000000028e-02
-1.546050000000000028e-02
-1.546050000000000028e-02
-1.546050000000000028e-02
-1.546050000000000028e-02
-1.546050000000000028e-02
-1.538549999999999987e-02
-1.538549999999999987e-02
-1.538549999999999987e-02
-1.538549999999999987e-02
-1.538549999999999987e-02
-1.538549999999999987e-02
-1.538549999999999987e-02
-1.538549999999999987e-02
-1.538549999999999987e-02
-1.538549999999999987e-02
-1.538549999999999987e-02
-1.538549999999999987e-02
-1.538549999999999987e-02
-1.538549999999999987e-02
-1.538549999999999987e-02
-1.538549999999999987e-02
-1.538549999999999987e-02
-1.538549999999999987e-02
-1.538549999999999987e-02
-1.538549999999999987e-02
-1.538549999999999987e-02
-1.538549999999999987e-02
-1.538549999999999987e-02
-1.538549999999999987e-02
-1.538549999999999987e-02
-1.538549999999999987e-02
-1.538549999999999987e-02
-1.538549999999999987e-02
-1.538549999999999987e-02
-1.538549999999999987e-02
-1.538549999999999987e-02
-1.538549999999999987e-02
-1.538549999999999987e-02
-1.538549999999999987e-02
-1.538549999999999987e-02
-1.538549999999999987e-02
-1.538549999999999987e-02
-1.538549999999999987e-02
-1.538549999999999987e-02
-1.538549999999999987e-02
-1.538549999999999987e-02
-1.538549999999999987e-02
-1.538549999999999987e-02
-1.538549999999999987e-02
-1.538549999999999987e-02
-1.538549999999999987e-02
-1.538549999999999987e-02
-1.538549999999999987e-02
-1.538549999999999987e-02
-1.538549999999999987e-02
-1.538549999999999987e-02
-1.538549999999999987e-02
-1.538549999999999987e-02
-1.538549999999999987e-02
-1.538549999999999987e-02
-1.538549999999999987e-02
-1.538549999999999987e-02
-1.538549999999999987e-02
-1.538549999999999987e-02
-1.538549999999999987e-02
-1.538549999999999987e-02
-1.538549999999999987e-02
-1.538549999999999987e-02
-1.538549999999999987e-02
-1.538549999999999987e-02
-1.538549999999999987e-02
-1.538549999999999987e-02
-1.538549999999999987e-02
-1.538549999999999987e-02
-1.538549999999999987e-02
-1.538549999999999987e-02
-1.538549999999999987e-02
-1.538549999999999987e-02
-1.538549999999999987e-02
-1.538549999999999987e-02
-1.538549999999999987e-02
-1.538549999999999987e-02
-1.538549999999999987e-02
-1.538549999999999987e-02
-1.538549999999999987e-02
-1.538549999999999987e-02
-1.538549999999999987e-02
-1.538549999999999987e-02
-1.538549999999999987e-02
-1.538549999999999987e-02
-1.538549999999999987e-02
-1.538549999999999987e-02
-1.538549999999999987e-02
-1.538549999999999987e-02
-1.538549999999999987e-02
-1.538549999999999987e-02
-1.538549999999999987e-02
-1.538549999999999987e-02
-1.538549999999999987e-02
-1.538549999999999987e-02
-1.538549999999999987e-02
-1.538549999999999987e-02
-1.538549999999999987e-02
-1.538549999999999987e-02
-1.538549999999999987e-02
-1.538549999999999987e-02
-1.538549999999999987e-02
-1.538549999999999987e-02
-1.538549999999999987e-02
-1.538549999999999987e-02
-1.538549999999999987e-02
-1.538549999999999987e-02
-1.538549999999999987e-02
-1.538549999999999987e-02
-1.538549999999999987e-02
-1.538549999999999987e-02
-1.538549999999999987e-02
-1.538549999999999987e-02
-1.538549999999999987e-02
-1.538549999999999987e-02
-1.538549999999999987e-02
-1.538549999999999987e-02
-1.538549999999999987e-02
-1.537649999999999954e-02
-1.537649999999999954e-02
-1.537649999999999954e-02
-1.537649999999999954e-02
-1.537649999999999954e-02
-1.537649999999999954e-02
-1.537649999999999954e-02
-1.537649999999999954e-02
-1.537649999999999954e-02
-1.537649999999999954e-02
-1.537649999999999954e-02
-1.537649999999999954e-02
-1.537649999999999954e-02
-1.537649999999999954e-02
-1.537649999999999954e-02
-1.537649999999999954e-02
-1.537649999999999954e-02
-1.537649999999999954e-02
-1.537649999999999954e-02
-1.537649999999999954e-02
-1.537649999999999954e-02
-1.537649999999999954e-02
-1.537649999999999954e-02
-1.537649999999999954e-02
-1.537649999999999954e-02
-1.537649999999999954e-02
-1.537649999999999954e-02
-1.537649999999999954e-02
-1.537649999999999954e-02
-1.537649999999999954e-02
-1.537649999999999954e-02
-1.537649999999999954e-02
-1.537649999999999954e-02
-1.526549999999999956e-02
-1.526549999999999956e-02
-1.526549999999999956e-02
-1.526549999999999956e-02
-1.526549999999999956e-02
-1.526549999999999956e-02
-1.526549999999999956e-02
-1.526549999999999956e-02
-1.526549999999999956e-02
-1.526549999999999956e-02
-1.526549999999999956e-02
-1.526549999999999956e-02
-1.526549999999999956e-02
-1.526549999999999956e-02
-1.526549999999999956e-02
-1.526549999999999956e-02
-1.526549999999999956e-02
-1.526549999999999956e-02
-1.526549999999999956e-02
-1.526549999999999956e-02
-1.526549999999999956e-02
-1.526549999999999956e-02
-1.526549999999999956e-02
-1.526549999999999956e-02
-1.526549999999999956e-02
-1.526549999999999956e-02
-1.526549999999999956e-02
-1.526549999999999956e-02
-1.526549999999999956e-02
-1.526549999999999956e-02
-1.526549999999999956e-02
-1.526549999999999956e-02
-1.526500000000000079e-02
-1.526500000000000079e-02
-1.526500000000000079e-02
-1.526500000000000079e-02
-1.526500000000000079e-02
-1.526500000000000079e-02
-1.526450000000000029e-02
-1.526450000000000029e-02
-1.516849999999999969e-02
-1.516849999999999969e-02
-1.516849999999999969e-02
-1.516849999999999969e-02
-1.516550000000000016e-02
-1.515649999999999983e-02
-1.515550000000000057e-02
-1.515550000000000057e-02
-1.515550000000000057e-02
-1.515550000000000057e-02
-1.515550000000000057e-02
-1.515550000000000057e-02
-1.515550000000000057e-02
-1.515550000000000057e-02
-1.515550000000000057e-02
-1.515200000000000054e-02
-1.515200000000000054e-02
-1.515150000000000004e-02
-1.515150000000000004e-02
-1.515150000000000004e-02
-1.515150000000000004e-02
-1.515150000000000004e-02
-1.515150000000000004e-02
-1.515150000000000004e-02
-1.515150000000000004e-02
-1.515150000000000004e-02
-1.515150000000000004e-02
-1.515150000000000004e-02
-1.515150000000000004e-02
-1.515150000000000004e-02
-1.515150000000000004e-02
-1.515150000000000004e-02
-1.515150000000000004e-02
-1.515150000000000004e-02
-1.515150000000000004e-02
-1.515150000000000004e-02
-1.515150000000000004e-02
-1.515150000000000004e-02
-1.515150000000000004e-02
-1.515150000000000004e-02
-1.515150000000000004e-02
-1.515150000000000004e-02
-1.515150000000000004e-02
-1.515150000000000004e-02
-1.515150000000000004e-02
-1.515150000000000004e-02
-1.515150000000000004e-02
-1.515150000000000004e-02
-1.515150000000000004e-02
-1.515150000000000004e-02
-1.515150000000000004e-02
-1.515150000000000004e-02
-1.515150000000000004e-02
-1.515150000000000004e-02
-1.515150000000000004e-02
-1.515150000000000004e-02
-1.515150000000000004e-02
-1.515150000000000004e-02
-1.515150000000000004e-02
-1.515150000000000004e-02
-1.515150000000000004e-02
-1.515150000000000004e-02
-1.515150000000000004e-02
-1.515150000000000004e-02
-1.515150000000000004e-02
-1.515150000000000004e-02
-1.515150000000000004e-02
-1.515150000000000004e-02
-1.515150000000000004e-02
-1.515150000000000004e-02
-1.515150000000000004e-02
-1.515150000000000004e-02
-1.515150000000000004e-02
-1.515150000000000004e-02
-1.515150000000000004e-02
-1.515150000000000004e-02
-1.515150000000000004e-02
-1.515150000000000004e-02
-1.515150000000000004e-02
-1.515150000000000004e-02
-1.515150000000000004e-02
-1.515150000000000004e-02
-1.515150000000000004e-02
-1.515150000000000004e-02
-1.515150000000000004e-02
-1.515150000000000004e-02
-1.515150000000000004e-02
-1.515150000000000004e-02
-1.515150000000000004e-02
-1.515150000000000004e-02
-1.515150000000000004e-02
-1.515150000000000004e-02
-1.515150000000000004e-02
-1.515150000000000004e-02
-1.515150000000000004e-02
-1.515150000000000004e-02
-1.515150000000000004e-02
-1.515150000000000004e-02
-1.515150000000000004e-02
-1.515150000000000004e-02
-1.515150000000000004e-02
-1.515150000000000004e-02
-1.515150000000000004e-02
-1.515150000000000004e-02
-1.515150000000000004e-02
-1.515150000000000004e-02
-1.515150000000000004e-02
-1.515150000000000004e-02
-1.515150000000000004e-02
-1.515150000000000004e-02
-1.515150000000000004e-02
-1.515150000000000004e-02
-1.515150000000000004e-02
-1.515150000000000004e-02
-1.515150000000000004e-02
-1.515150000000000004e-02
-1.515150000000000004e-02
-1.515150000000000004e-02
-1.515150000000000004e-02
-1.515150000000000004e-02
-1.515150000000000004e-02
-1.515150000000000004e-02
-1.515150000000000004e-02
-1.515150000000000004e-02
-1.515150000000000004e-02
-1.515150000000000004e-02
-1.515150000000000004e-02
-1.515050000000000077e-02
-1.515050000000000077e-02
-1.515050000000000077e-02
-1.515050000000000077e-02
-1.515050000000000077e-02
-1.515000000000000027e-02
-1.515000000000000027e-02
-1.515000000000000027e-02
-1.515000000000000027e-02
-1.515000000000000027e-02
-1.515000000000000027e-02
-1.515000000000000027e-02
-1.515000000000000027e-02
-1.515000000000000027e-02
-1.515000000000000027e-02
-1.515000000000000027e-02
-1.515000000000000027e-02
-1.515000000000000027e-02
-1.515000000000000027e-02
-1.515000000000000027e-02
-1.515000000000000027e-02
-1.515000000000000027e-02
-1.515000000000000027e-02
-1.515000000000000027e-02
-1.515000000000000027e-02
-1.515000000000000027e-02
-1.515000000000000027e-02
-1.515000000000000027e-02
-1.515000000000000027e-02
-1.515000000000000027e-02
-1.515000000000000027e-02
-1.515000000000000027e-02
-1.515000000000000027e-02
-1.515000000000000027e-02
-1.515000000000000027e-02
-1.515000000000000027e-02
-1.515000000000000027e-02
-1.515000000000000027e-02
-1.515000000000000027e-02
-1.515000000000000027e-02
-1.515000000000000027e-02
-1.515000000000000027e-02
-1.515000000000000027e-02
-1.515000000000000027e-02
-1.515000000000000027e-02
-1.515000000000000027e-02
-1.515000000000000027e-02
-1.515000000000000027e-02
-1.515000000000000027e-02
-1.515000000000000027e-02
-1.515000000000000027e-02
-1.515000000000000027e-02
-1.515000000000000027e-02
-1.515000000000000027e-02
-1.515000000000000027e-02
-1.515000000000000027e-02
-1.515000000000000027e-02
-1.515000000000000027e-02
-1.515000000000000027e-02
-1.515000000000000027e-02
-1.515000000000000027e-02
-1.515000000000000027e-02
-1.515000000000000027e-02
-1.515000000000000027e-02
-1.515000000000000027e-02
-1.515000000000000027e-02
-1.515000000000000027e-02
-1.515000000000000027e-02
-1.515000000000000027e-02
-1.515000000000000027e-02
-1.515000000000000027e-02
-1.515000000000000027e-02
-1.515000000000000027e-02
-1.515000000000000027e-02
-1.515000000000000027e-02
-1.515000000000000027e-02
-1.515000000000000027e-02
-1.515000000000000027e-02
-1.515000000000000027e-02
-1.515000000000000027e-02
-1.515000000000000027e-02
-1.515000000000000027e-02
-1.515000000000000027e-02
-1.515000000000000027e-02
-1.515000000000000027e-02
-1.515000000000000027e-02
-1.515000000000000027e-02
-1.515000000000000027e-02
-1.515000000000000027e-02
-1.514549999999999924e-02
-1.514549999999999924e-02
-1.514549999999999924e-02
-1.514549999999999924e-02
-1.514549999999999924e-02
-1.514549999999999924e-02
-1.514549999999999924e-02
-1.514549999999999924e-02
-1.514549999999999924e-02
-1.514549999999999924e-02
-1.514549999999999924e-02
-1.514549999999999924e-02
-1.514549999999999924e-02
-1.514549999999999924e-02
-1.514549999999999924e-02
-1.514549999999999924e-02
-1.514549999999999924e-02
-1.514549999999999924e-02
-1.514549999999999924e-02
-1.514549999999999924e-02
-1.514549999999999924e-02
-1.514549999999999924e-02
-1.514549999999999924e-02
-1.514549999999999924e-02
-1.514549999999999924e-02
-1.514549999999999924e-02
-1.514549999999999924e-02
-1.514549999999999924e-02
-1.514549999999999924e-02
-1.514549999999999924e-02
-1.514549999999999924e-02
-1.514549999999999924e-02
-1.514549999999999924e-02
-1.514549999999999924e-02
-1.514549999999999924e-02
-1.514549999999999924e-02
-1.514549999999999924e-02
-1.514549999999999924e-02
-1.514549999999999924e-02
-1.514549999999999924e-02
-1.514549999999999924e-02
-1.514549999999999924e-02
-1.514549999999999924e-02
-1.514549999999999924e-02
-1.514549999999999924e-02
-1.514549999999999924e-02
-1.514549999999999924e-02
-1.514549999999999924e-02
-1.514549999999999924e-02
-1.514549999999999924e-02
-1.514549999999999924e-02
-1.514549999999999924e-02
-1.514549999999999924e-02
-1.514549999999999924e-02
-1.514549999999999924e-02
-1.514549999999999924e-02
-1.514549999999999924e-02
-1.514549999999999924e-02
-1.514549999999999924e-02
-1.514549999999999924e-02
-1.514549999999999924e-02
-1.514549999999999924e-02
-1.514549999999999924e-02
-1.514549999999999924e-02
-1.514549999999999924e-02
-1.514549999999999924e-02
-1.514549999999999924e-02
-1.514549999999999924e-02
-1.514549999999999924e-02
-1.514549999999999924e-02
-1.514549999999999924e-02
-1.514549999999999924e-02
-1.514549999999999924e-02
-1.514549999999999924e-02
-1.514549999999999924e-02
-1.514549999999999924e-02
-1.514549999999999924e-02
-1.514549999999999924e-02
-1.514549999999999924e-02
-1.514549999999999924e-02
-1.514549999999999924e-02
-1.514549999999999924e-02
-1.514549999999999924e-02
-1.514549999999999924e-02
-1.514549999999999924e-02
-1.514549999999999924e-02
-1.514549999999999924e-02
-1.514549999999999924e-02
-1.514549999999999924e-02
-1.514549999999999924e-02
-1.514549999999999924e-02
-1.514549999999999924e-02
-1.514549999999999924e-02
-1.514549999999999924e-02
-1.514549999999999924e-02
-1.514549999999999924e-02
-1.514549999999999924e-02
-1.514549999999999924e-02
-1.514549999999999924e-02
-1.514549999999999924e-02
-1.514549999999999924e-02
-1.514549999999999924e-02
-1.514549999999999924e-02
-1.514549999999999924e-02
-1.514549999999999924e-02
-1.514549999999999924e-02
-1.514549999999999924e-02
-1.514549999999999924e-02
-1.514549999999999924e-02
-1.514549999999999924e-02
-1.514549999999999924e-02
-1.514549999999999924e-02
-1.514549999999999924e-02
-1.514549999999999924e-02
-1.514549999999999924e-02
-1.514549999999999924e-02
-1.514549999999999924e-02
-1.514549999999999924e-02
-1.514549999999999924e-02
-1.514549999999999924e-02
-1.514549999999999924e-02
-1.514549999999999924e-02
-1.514549999999999924e-02
-1.514549999999999924e-02
-1.514549999999999924e-02
-1.514549999999999924e-02
-1.514549999999999924e-02
-1.514549999999999924e-02
-1.514549999999999924e-02
-1.514549999999999924e-02
-1.514549999999999924e-02
-1.514549999999999924e-02
-1.514549999999999924e-02
-1.514549999999999924e-02
-1.514549999999999924e-02
-1.514549999999999924e-02
-1.514549999999999924e-02
-1.514549999999999924e-02
-1.514549999999999924e-02
-1.514549999999999924e-02
-1.514549999999999924e-02
-1.514549999999999924e-02
-1.514549999999999924e-02
-1.514549999999999924e-02
-1.514549999999999924e-02
-1.514549999999999924e-02
-1.514549999999999924e-02
-1.514549999999999924e-02
-1.514549999999999924e-02
-1.514549999999999924e-02
-1.514549999999999924e-02
-1.514549999999999924e-02
-1.514549999999999924e-02
-1.514549999999999924e-02
-1.514549999999999924e-02
-1.514549999999999924e-02
-1.514549999999999924e-02
-1.514549999999999924e-02
-1.514549999999999924e-02
-1.514549999999999924e-02
-1.514549999999999924e-02
-1.514549999999999924e-02
-1.514549999999999924e-02
-1.514549999999999924e-02
-1.514549999999999924e-02
-1.514549999999999924e-02
-1.514549999999999924e-02
-1.514549999999999924e-02
-1.514549999999999924e-02
-1.514549999999999924e-02
-1.514549999999999924e-02
-1.514549999999999924e-02
-1.514549999999999924e-02
-1.514549999999999924e-02
-1.514549999999999924e-02
-1.514549999999999924e-02
-1.514549999999999924e-02
-1.514549999999999924e-02
-1.514549999999999924e-02
-1.514549999999999924e-02
-1.514549999999999924e-02
-1.514549999999999924e-02
-1.514549999999999924e-02
-1.514549999999999924e-02
-1.514549999999999924e-02
-1.514549999999999924e-02
-1.514549999999999924e-02
-1.514549999999999924e-02
-1.514549999999999924e-02
-1.514549999999999924e-02
-1.514549999999999924e-02
-1.514549999999999924e-02
-1.514549999999999924e-02
-1.514549999999999924e-02
-1.514549999999999924e-02
-1.514549999999999924e-02
-1.514549999999999924e-02
-1.514549999999999924e-02
-1.514549999999999924e-02
-1.514549999999999924e-02
-1.514549999999999924e-02
-1.514549999999999924e-02
-1.514549999999999924e-02
-1.514549999999999924e-02
-1.514549999999999924e-02
-1.514549999999999924e-02
-1.514549999999999924e-02
-1.514549999999999924e-02
-1.514549999999999924e-02
-1.514549999999999924e-02
-1.514549999999999924e-02
-1.514549999999999924e-02
-1.514549999999999924e-02
-1.514549999999999924e-02
-1.514549999999999924e-02
-1.514549999999999924e-02
-1.514549999999999924e-02
-1.514549999999999924e-02
-1.514549999999999924e-02
-1.514549999999999924e-02
-1.514549999999999924e-02
-1.514549999999999924e-02
-1.514549999999999924e-02
-1.514549999999999924e-02
-1.514549999999999924e-02
-1.514549999999999924e-02
-1.514549999999999924e-02
-1.514549999999999924e-02
-1.514549999999999924e-02
-1.514549999999999924e-02
-1.514549999999999924e-02
-1.514549999999999924e-02
-1.514549999999999924e-02
-1.514549999999999924e-02
-1.514549999999999924e-02
-1.514549999999999924e-02
-1.514549999999999924e-02
-1.514549999999999924e-02
-1.514549999999999924e-02
-1.514549999999999924e-02
-1.514549999999999924e-02
-1.514549999999999924e-02
-1.514549999999999924e-02
-1.514549999999999924e-02
-1.514549999999999924e-02
-1.514549999999999924e-02
-1.514549999999999924e-02
-1.514549999999999924e-02
-1.514549999999999924e-02
-1.514549999999999924e-02
-1.514549999999999924e-02
-1.514549999999999924e-02
-1.514549999999999924e-02
-1.514549999999999924e-02
-1.514549999999999924e-02
-1.514549999999999924e-02
-1.514549999999999924e-02
-1.514549999999999924e-02
-1.514549999999999924e-02
-1.514549999999999924e-02
-1.514549999999999924e-02
-1.514549999999999924e-02
-1.514549999999999924e-02
-1.514549999999999924e-02
-1.514549999999999924e-02
-1.514549999999999924e-02
-1.514549999999999924e-02
-1.514549999999999924e-02
-1.514549999999999924e-02
-1.514549999999999924e-02
-1.514549999999999924e-02
-1.514549999999999924e-02
-1.514549999999999924e-02
-1.514549999999999924e-02
-1.514549999999999924e-02
-1.514549999999999924e-02
-1.514549999999999924e-02
-1.514549999999999924e-02
-1.514549999999999924e-02
-1.514549999999999924e-02
-1.514549999999999924e-02
-1.514549999999999924e-02
-1.514549999999999924e-02
-1.514549999999999924e-02
-1.514549999999999924e-02
-1.514549999999999924e-02
-1.514549999999999924e-02
-1.514549999999999924e-02
-1.514549999999999924e-02
-1.514549999999999924e-02
-1.514549999999999924e-02
-1.514549999999999924e-02
-1.514549999999999924e-02
-1.514549999999999924e-02
-1.514549999999999924e-02
-1.514549999999999924e-02
-1.514549999999999924e-02
-1.514549999999999924e-02
-1.514549999999999924e-02
-1.514549999999999924e-02
-1.514549999999999924e-02
-1.514549999999999924e-02
-1.514549999999999924e-02
-1.514549999999999924e-02
-1.514549999999999924e-02
-1.514549999999999924e-02
-1.514549999999999924e-02
-1.514549999999999924e-02
-1.514549999999999924e-02
-1.514549999999999924e-02
-1.514549999999999924e-02
-1.514549999999999924e-02
-1.514549999999999924e-02
-1.514549999999999924e-02
-1.514549999999999924e-02
-1.514549999999999924e-02
-1.514549999999999924e-02
-1.514549999999999924e-02
-1.514549999999999924e-02
-1.514549999999999924e-02
-1.514549999999999924e-02
-1.514549999999999924e-02
-1.514549999999999924e-02
-1.514500000000000048e-02
-1.514500000000000048e-02
-1.514500000000000048e-02
-1.514500000000000048e-02
-1.514500000000000048e-02
-1.514500000000000048e-02
-1.514500000000000048e-02
-1.514500000000000048e-02
-1.514500000000000048e-02
-1.514500000000000048e-02
-1.514500000000000048e-02
-1.514500000000000048e-02
-1.514500000000000048e-02
-1.514500000000000048e-02
-1.514500000000000048e-02
-1.514500000000000048e-02
-1.514500000000000048e-02
-1.514500000000000048e-02
-1.514500000000000048e-02
-1.514500000000000048e-02
-1.514500000000000048e-02
-1.514500000000000048e-02
-1.514500000000000048e-02
-1.514500000000000048e-02
-1.514500000000000048e-02
-1.514500000000000048e-02
-1.514500000000000048e-02
-1.514500000000000048e-02
-1.514500000000000048e-02
-1.514500000000000048e-02
-1.514500000000000048e-02
-1.514500000000000048e-02
-1.514500000000000048e-02
-1.514500000000000048e-02
-1.514500000000000048e-02
-1.514500000000000048e-02
-1.514500000000000048e-02
-1.514500000000000048e-02
-1.514500000000000048e-02
-1.514500000000000048e-02
-1.514500000000000048e-02
-1.514500000000000048e-02
-1.514500000000000048e-02
-1.514500000000000048e-02
-1.514500000000000048e-02
-1.514500000000000048e-02
-1.514500000000000048e-02
-1.514500000000000048e-02
-1.514500000000000048e-02
-1.514500000000000048e-02
-1.514500000000000048e-02
-1.514500000000000048e-02
-1.514500000000000048e-02
-1.514500000000000048e-02
-1.514500000000000048e-02
-1.514500000000000048e-02
-1.514500000000000048e-02
-1.514500000000000048e-02
-1.514500000000000048e-02
-1.514500000000000048e-02
-1.514500000000000048e-02
-1.514500000000000048e-02
-1.514500000000000048e-02
-1.514500000000000048e-02
-1.514500000000000048e-02
-1.514500000000000048e-02
-1.514500000000000048e-02
-1.514500000000000048e-02
-1.514500000000000048e-02
-1.514500000000000048e-02
-1.514500000000000048e-02
-1.514500000000000048e-02
-1.514500000000000048e-02
-1.514500000000000048e-02
-1.514500000000000048e-02
-1.514500000000000048e-02
-1.514500000000000048e-02
-1.514500000000000048e-02
-1.514500000000000048e-02
-1.514500000000000048e-02
-1.514500000000000048e-02
-1.514500000000000048e-02
-1.514500000000000048e-02
-1.514500000000000048e-02
-1.514500000000000048e-02
-1.514500000000000048e-02
-1.514500000000000048e-02
-1.514500000000000048e-02
-1.514500000000000048e-02
-1.514500000000000048e-02
-1.514500000000000048e-02
-1.514500000000000048e-02
-1.514500000000000048e-02
-1.514500000000000048e-02
-1.514500000000000048e-02
-1.514500000000000048e-02
-1.514500000000000048e-02
-1.514500000000000048e-02
-1.514500000000000048e-02
-1.514500000000000048e-02
-1.514500000000000048e-02
-1.514500000000000048e-02
-1.514500000000000048e-02
-1.514500000000000048e-02
-1.514500000000000048e-02
-1.514500000000000048e-02
-1.514500000000000048e-02
-1.514500000000000048e-02
-1.514500000000000048e-02
-1.514500000000000048e-02
-1.514500000000000048e-02
-1.514500000000000048e-02
-1.514500000000000048e-02
-1.514500000000000048e-02
-1.514500000000000048e-02
-1.514500000000000048e-02
-1.514500000000000048e-02
-1.514500000000000048e-02
-1.514500000000000048e-02
-1.514500000000000048e-02
-1.514500000000000048e-02
-1.514500000000000048e-02
-1.514500000000000048e-02
-1.514500000000000048e-02
-1.514500000000000048e-02
-1.514500000000000048e-02
-1.514500000000000048e-02
-1.514500000000000048e-02
-1.514500000000000048e-02
-1.514500000000000048e-02
-1.514500000000000048e-02
-1.514500000000000048e-02
-1.514500000000000048e-02
