-2.672165000000000235e-01
-2.672165000000000235e-01
-2.672165000000000235e-01
-2.663269999999999804e-01
-2.659650000000000070e-01
-2.652249999999999885e-01
-2.634124999999999939e-01
-2.634124999999999939e-01
-2.634124999999999939e-01
-2.634124999999999939e-01
-2.616074999999999928e-01
-2.616074999999999928e-01
-2.612189999999999790e-01
-2.612189999999999790e-01
-2.609569999999999945e-01
-2.586554999999999827e-01
-2.586554999999999827e-01
-2.586554999999999827e-01
-2.584974999999999912e-01
-2.567200000000000037e-01
-2.511050000000000226e-01
-2.511050000000000226e-01
-2.511050000000000226e-01
-2.511050000000000226e-01
-2.511050000000000226e-01
-2.511050000000000226e-01
-2.499540000000000095e-01
-2.494750000000000023e-01
-2.494750000000000023e-01
-2.492284999999999917e-01
-2.485169999999999879e-01
-2.485169999999999879e-01
-2.478259999999999907e-01
-2.477604999999999946e-01
-2.470189999999999886e-01
-2.470189999999999886e-01
-2.457249999999999990e-01
-2.457249999999999990e-01
-2.457000000000000017e-01
-2.446365000000000067e-01
-2.446180000000000021e-01
-2.446180000000000021e-01
-2.444405000000000050e-01
-2.438025000000000053e-01
-2.414310000000000067e-01
-2.414310000000000067e-01
-2.414310000000000067e-01
-2.414310000000000067e-01
-2.414310000000000067e-01
-2.414310000000000067e-01
-2.409284999999999899e-01
-2.409284999999999899e-01
-2.404409999999999881e-01
-2.401540000000000064e-01
-2.401540000000000064e-01
-2.396570000000000089e-01
-2.387730000000000130e-01
-2.379545000000000132e-01
-2.379545000000000132e-01
-2.379545000000000132e-01
-2.379545000000000132e-01
-2.378879999999999884e-01
-2.378020000000000134e-01
-2.368560000000000110e-01
-2.368560000000000110e-01
-2.361550000000000038e-01
-2.360029999999999906e-01
-2.360029999999999906e-01
-2.355184999999999917e-01
-2.351785000000000125e-01
-2.351785000000000125e-01
-2.345399999999999985e-01
-2.345399999999999985e-01
-2.339469999999999883e-01
-2.339469999999999883e-01
-2.335224999999999940e-01
-2.335224999999999940e-01
-2.329334999999999878e-01
-2.329215000000000035e-01
-2.324960000000000082e-01
-2.317694999999999894e-01
-2.317315000000000069e-01
-2.314205000000000012e-01
-2.314205000000000012e-01
-2.310415000000000108e-01
-2.310415000000000108e-01
-2.308089999999999864e-01
-2.299990000000000090e-01
-2.299990000000000090e-01
-2.294714999999999949e-01
-2.292144999999999877e-01
-2.289619999999999989e-01
-2.282299999999999884e-01
-2.282299999999999884e-01
-2.281400000000000095e-01
-2.273425000000000029e-01
-2.273425000000000029e-01
-2.273425000000000029e-01
-2.273425000000000029e-01
-2.266140000000000099e-01
-2.262425000000000130e-01
-2.262425000000000130e-01
-2.262425000000000130e-01
-2.262425000000000130e-01
-2.241410000000000069e-01
-2.241410000000000069e-01
-2.241410000000000069e-01
-2.241410000000000069e-01
-2.241410000000000069e-01
-2.241410000000000069e-01
-2.241410000000000069e-01
-2.241410000000000069e-01
-2.241410000000000069e-01
-2.233819999999999972e-01
-2.231144999999999934e-01
-2.231144999999999934e-01
-2.231144999999999934e-01
-2.227490000000000026e-01
-2.227490000000000026e-01
-2.227490000000000026e-01
-2.227490000000000026e-01
-2.219605000000000050e-01
-2.214685000000000126e-01
-2.214685000000000126e-01
-2.214685000000000126e-01
-2.214685000000000126e-01
-2.206625000000000114e-01
-2.206625000000000114e-01
-2.206625000000000114e-01
-2.206625000000000114e-01
-2.204560000000000131e-01
-2.202435000000000087e-01
-2.187900000000000122e-01
-2.187729999999999952e-01
-2.187729999999999952e-01
-2.187624999999999986e-01
-2.183720000000000105e-01
-2.183720000000000105e-01
-2.183720000000000105e-01
-2.177925000000000000e-01
-2.177925000000000000e-01
-2.177925000000000000e-01
-2.177229999999999999e-01
-2.175485000000000058e-01
-2.175485000000000058e-01
-2.173710000000000087e-01
-2.171740000000000059e-01
-2.171740000000000059e-01
-2.168785000000000018e-01
-2.168785000000000018e-01
-2.166980000000000017e-01
-2.166980000000000017e-01
-2.166929999999999967e-01
-2.162864999999999926e-01
-2.158744999999999969e-01
-2.157145000000000035e-01
-2.152290000000000036e-01
-2.152290000000000036e-01
-2.147475000000000078e-01
-2.147475000000000078e-01
-2.147475000000000078e-01
-2.147475000000000078e-01
-2.144385000000000041e-01
-2.144385000000000041e-01
-2.142320000000000058e-01
-2.140195000000000014e-01
-2.140195000000000014e-01
-2.140195000000000014e-01
-2.140195000000000014e-01
-2.135734999999999995e-01
-2.135734999999999995e-01
-2.134205000000000130e-01
-2.134205000000000130e-01
-2.127104999999999968e-01
-2.127104999999999968e-01
-2.127104999999999968e-01
-2.123394999999999866e-01
-2.121184999999999876e-01
-2.121184999999999876e-01
-2.119864999999999944e-01
-2.114034999999999942e-01
-2.114034999999999942e-01
-2.114034999999999942e-01
-2.114034999999999942e-01
-2.113994999999999902e-01
-2.109425000000000050e-01
-2.109425000000000050e-01
-2.107660000000000089e-01
-2.107660000000000089e-01
-2.100204999999999989e-01
-2.100204999999999989e-01
-2.096834999999999949e-01
-2.095295000000000074e-01
-2.095295000000000074e-01
-2.095295000000000074e-01
-2.095295000000000074e-01
-2.093075000000000074e-01
-2.091230000000000033e-01
-2.091230000000000033e-01
-2.087289999999999979e-01
-2.087289999999999979e-01
-2.087289999999999979e-01
-2.084219999999999962e-01
-2.084219999999999962e-01
-2.084219999999999962e-01
-2.078129999999999977e-01
-2.078129999999999977e-01
-2.078129999999999977e-01
-2.076504999999999879e-01
-2.076504999999999879e-01
-2.076375000000000026e-01
-2.075555000000000039e-01
-2.074000000000000010e-01
-2.068595000000000017e-01
-2.068595000000000017e-01
-2.068595000000000017e-01
-2.068595000000000017e-01
-2.062255000000000060e-01
-2.061914999999999998e-01
-2.061914999999999998e-01
-2.061864999999999948e-01
-2.059469999999999912e-01
-2.059469999999999912e-01
-2.054165000000000019e-01
-2.054165000000000019e-01
-2.054165000000000019e-01
-2.054165000000000019e-01
-2.054165000000000019e-01
-2.054165000000000019e-01
-2.051264999999999894e-01
-2.049535000000000107e-01
-2.047110000000000041e-01
-2.047110000000000041e-01
-2.045555000000000012e-01
-2.045555000000000012e-01
-2.045555000000000012e-01
-2.045335000000000070e-01
-2.044185000000000030e-01
-2.044185000000000030e-01
-2.043520000000000059e-01
-2.042305000000000093e-01
-2.041959999999999886e-01
-2.041959999999999886e-01
-2.038780000000000037e-01
-2.038780000000000037e-01
-2.038709999999999967e-01
-2.037964999999999915e-01
-2.037680000000000047e-01
-2.036660000000000137e-01
-2.036660000000000137e-01
-2.034960000000000102e-01
-2.033260000000000067e-01
-2.031985000000000041e-01
-2.028264999999999929e-01
-2.028264999999999929e-01
-2.028264999999999929e-01
-2.025625000000000064e-01
-2.025625000000000064e-01
-2.025625000000000064e-01
-2.025625000000000064e-01
-2.022104999999999875e-01
-2.022104999999999875e-01
-2.022104999999999875e-01
-2.022104999999999875e-01
-2.021560000000000024e-01
-2.021560000000000024e-01
-2.021515000000000117e-01
-2.019350000000000034e-01
-2.019350000000000034e-01
-2.019350000000000034e-01
-2.015470000000000039e-01
-2.015470000000000039e-01
-2.015470000000000039e-01
-2.015470000000000039e-01
-2.015035000000000021e-01
-2.013340000000000130e-01
-2.012825000000000031e-01
-2.012704999999999911e-01
-2.011934999999999973e-01
-2.011934999999999973e-01
-2.011854999999999893e-01
-2.010915000000000064e-01
-2.009184999999999999e-01
-2.009184999999999999e-01
-2.009184999999999999e-01
-2.008935000000000026e-01
-2.006954999999999989e-01
-2.006954999999999989e-01
-2.006269999999999998e-01
-2.005744999999999889e-01
-2.005744999999999889e-01
-2.005744999999999889e-01
-2.004954999999999932e-01
-2.001785000000000092e-01
-2.001785000000000092e-01
-2.001785000000000092e-01
-2.001729999999999898e-01
-2.001419999999999866e-01
-2.001284999999999870e-01
-1.999380000000000046e-01
-1.999380000000000046e-01
-1.999380000000000046e-01
-1.997045000000000070e-01
-1.997045000000000070e-01
-1.995035000000000003e-01
-1.995035000000000003e-01
-1.995030000000000137e-01
-1.994660000000000044e-01
-1.994660000000000044e-01
-1.994660000000000044e-01
-1.993060000000000109e-01
-1.993040000000000089e-01
-1.993040000000000089e-01
-1.992055000000000076e-01
-1.990014999999999978e-01
-1.990014999999999978e-01
-1.990014999999999978e-01
-1.990014999999999978e-01
-1.989575000000000093e-01
-1.989575000000000093e-01
-1.987434999999999896e-01
-1.987434999999999896e-01
-1.985844999999999971e-01
-1.985844999999999971e-01
-1.985274999999999956e-01
-1.985274999999999956e-01
-1.985274999999999956e-01
-1.985264999999999946e-01
-1.982510000000000105e-01
-1.982510000000000105e-01
-1.982510000000000105e-01
-1.982510000000000105e-01
-1.980830000000000091e-01
-1.980830000000000091e-01
-1.980594999999999994e-01
-1.979835000000000067e-01
-1.977945000000000120e-01
-1.977945000000000120e-01
-1.977945000000000120e-01
-1.977945000000000120e-01
-1.977945000000000120e-01
-1.977945000000000120e-01
-1.976279999999999981e-01
-1.974285000000000068e-01
-1.973135000000000028e-01
-1.973135000000000028e-01
-1.973135000000000028e-01
-1.973135000000000028e-01
-1.971600000000000019e-01
-1.971600000000000019e-01
-1.971600000000000019e-01
-1.970985000000000098e-01
-1.970985000000000098e-01
-1.970264999999999933e-01
-1.968209999999999960e-01
-1.968209999999999960e-01
-1.968209999999999960e-01
-1.968209999999999960e-01
-1.968209999999999960e-01
-1.968209999999999960e-01
-1.968209999999999960e-01
-1.967724999999999891e-01
-1.966475000000000029e-01
-1.966475000000000029e-01
-1.966475000000000029e-01
-1.965345000000000009e-01
-1.965345000000000009e-01
-1.965345000000000009e-01
-1.964585000000000081e-01
-1.964585000000000081e-01
-1.964585000000000081e-01
-1.964585000000000081e-01
-1.964585000000000081e-01
-1.962585000000000024e-01
-1.960699999999999943e-01
-1.960699999999999943e-01
-1.960699999999999943e-01
-1.960699999999999943e-01
-1.959869999999999945e-01
-1.959869999999999945e-01
-1.958689999999999876e-01
-1.957454999999999889e-01
-1.956795000000000062e-01
-1.956795000000000062e-01
-1.956795000000000062e-01
-1.956795000000000062e-01
-1.956755000000000022e-01
-1.955520000000000036e-01
-1.955520000000000036e-01
-1.955520000000000036e-01
-1.955520000000000036e-01
-1.954394999999999882e-01
-1.953930000000000111e-01
-1.953930000000000111e-01
-1.951009999999999966e-01
-1.951009999999999966e-01
-1.951009999999999966e-01
-1.951009999999999966e-01
-1.951009999999999966e-01
-1.950935000000000030e-01
-1.950310000000000099e-01
-1.949915000000000120e-01
-1.947915000000000063e-01
-1.947915000000000063e-01
-1.947915000000000063e-01
-1.947699999999999987e-01
-1.947075000000000056e-01
-1.947075000000000056e-01
-1.947049999999999892e-01
-1.946839999999999959e-01
-1.946529999999999927e-01
-1.945584999999999953e-01
-1.945399999999999907e-01
-1.944815000000000016e-01
-1.944815000000000016e-01
-1.944599999999999940e-01
-1.944599999999999940e-01
-1.943469999999999920e-01
-1.943469999999999920e-01
-1.943469999999999920e-01
-1.943469999999999920e-01
-1.943169999999999897e-01
-1.940475000000000116e-01
-1.940475000000000116e-01
-1.940475000000000116e-01
-1.940475000000000116e-01
-1.940475000000000116e-01
-1.940475000000000116e-01
-1.940475000000000116e-01
-1.940330000000000110e-01
-1.940330000000000110e-01
-1.940330000000000110e-01
-1.937220000000000053e-01
-1.937220000000000053e-01
-1.937220000000000053e-01
-1.937220000000000053e-01
-1.937220000000000053e-01
-1.937220000000000053e-01
-1.936744999999999994e-01
-1.936744999999999994e-01
-1.936744999999999994e-01
-1.936744999999999994e-01
-1.936209999999999876e-01
-1.936209999999999876e-01
-1.935524999999999884e-01
-1.935524999999999884e-01
-1.935524999999999884e-01
-1.935524999999999884e-01
-1.933920000000000083e-01
-1.933765000000000067e-01
-1.933765000000000067e-01
-1.933765000000000067e-01
-1.932629999999999904e-01
-1.931605000000000127e-01
-1.931545000000000067e-01
-1.930499999999999994e-01
-1.930499999999999994e-01
-1.930499999999999994e-01
-1.929954999999999865e-01
-1.929954999999999865e-01
-1.929954999999999865e-01
-1.929954999999999865e-01
-1.929954999999999865e-01
-1.928439999999999876e-01
-1.928285000000000138e-01
-1.928285000000000138e-01
-1.928285000000000138e-01
-1.928285000000000138e-01
-1.928285000000000138e-01
-1.927494999999999903e-01
-1.927480000000000027e-01
-1.927480000000000027e-01
-1.927480000000000027e-01
-1.927480000000000027e-01
-1.926295000000000091e-01
-1.926295000000000091e-01
-1.926295000000000091e-01
-1.926295000000000091e-01
-1.926265000000000061e-01
-1.926194999999999991e-01
-1.926015000000000088e-01
-1.925489999999999979e-01
-1.924800000000000122e-01
-1.923960000000000115e-01
-1.923960000000000115e-01
-1.923620000000000052e-01
-1.923620000000000052e-01
-1.923620000000000052e-01
-1.923439999999999872e-01
-1.921414999999999929e-01
-1.921414999999999929e-01
-1.921414999999999929e-01
-1.921414999999999929e-01
-1.921414999999999929e-01
-1.921414999999999929e-01
-1.920425000000000049e-01
-1.920425000000000049e-01
-1.920425000000000049e-01
-1.920425000000000049e-01
-1.920425000000000049e-01
-1.920425000000000049e-01
-1.920250000000000012e-01
-1.919774999999999954e-01
-1.919774999999999954e-01
-1.919514999999999971e-01
-1.919210000000000083e-01
-1.919210000000000083e-01
-1.919210000000000083e-01
-1.919210000000000083e-01
-1.919210000000000083e-01
-1.918235000000000079e-01
-1.918235000000000079e-01
-1.918235000000000079e-01
-1.918235000000000079e-01
-1.918235000000000079e-01
-1.918199999999999905e-01
-1.918199999999999905e-01
-1.916905000000000137e-01
-1.916905000000000137e-01
-1.916905000000000137e-01
-1.916905000000000137e-01
-1.916905000000000137e-01
-1.916905000000000137e-01
-1.916905000000000137e-01
-1.916664999999999897e-01
-1.915604999999999947e-01
-1.915604999999999947e-01
-1.915604999999999947e-01
-1.915604999999999947e-01
-1.915604999999999947e-01
-1.915604999999999947e-01
-1.915014999999999912e-01
-1.915014999999999912e-01
-1.914204999999999934e-01
-1.914204999999999934e-01
-1.914204999999999934e-01
-1.914204999999999934e-01
-1.913120000000000098e-01
-1.913120000000000098e-01
-1.913120000000000098e-01
-1.913120000000000098e-01
-1.912715000000000110e-01
-1.912715000000000110e-01
-1.912709999999999966e-01
-1.912709999999999966e-01
-1.910435000000000050e-01
-1.910435000000000050e-01
-1.910435000000000050e-01
-1.910435000000000050e-01
-1.910344999999999960e-01
-1.910344999999999960e-01
-1.910344999999999960e-01
-1.910344999999999960e-01
-1.910344999999999960e-01
-1.910344999999999960e-01
-1.909599999999999909e-01
-1.909494999999999942e-01
-1.909494999999999942e-01
-1.908900000000000041e-01
-1.908900000000000041e-01
-1.908710000000000129e-01
-1.908710000000000129e-01
-1.908235000000000070e-01
-1.908235000000000070e-01
-1.908235000000000070e-01
-1.908235000000000070e-01
-1.908120000000000094e-01
-1.908120000000000094e-01
-1.907310000000000116e-01
-1.907310000000000116e-01
-1.906585000000000085e-01
-1.906585000000000085e-01
-1.906499999999999861e-01
-1.906499999999999861e-01
-1.906289999999999929e-01
-1.906289999999999929e-01
-1.906289999999999929e-01
-1.906045000000000100e-01
-1.905850000000000044e-01
-1.905850000000000044e-01
-1.905775000000000108e-01
-1.905769999999999964e-01
-1.905149999999999899e-01
-1.904434999999999878e-01
-1.904434999999999878e-01
-1.904434999999999878e-01
-1.904395000000000115e-01
-1.904365000000000085e-01
-1.904329999999999912e-01
-1.904329999999999912e-01
-1.904025000000000023e-01
-1.904025000000000023e-01
-1.902804999999999913e-01
-1.902804999999999913e-01
-1.902804999999999913e-01
-1.902804999999999913e-01
-1.902804999999999913e-01
-1.902804999999999913e-01
-1.902804999999999913e-01
-1.902804999999999913e-01
-1.902804999999999913e-01
-1.902784999999999893e-01
-1.902339999999999864e-01
-1.902339999999999864e-01
-1.902339999999999864e-01
-1.902260000000000062e-01
-1.902254999999999918e-01
-1.901990000000000069e-01
-1.901984999999999926e-01
-1.901899999999999979e-01
-1.900699999999999890e-01
-1.900699999999999890e-01
-1.900699999999999890e-01
-1.900699999999999890e-01
-1.900370000000000115e-01
-1.900370000000000115e-01
-1.900370000000000115e-01
-1.900370000000000115e-01
-1.899415000000000131e-01
-1.899415000000000131e-01
-1.899415000000000131e-01
-1.899415000000000131e-01
-1.899415000000000131e-01
-1.899405000000000121e-01
-1.898819999999999952e-01
-1.898819999999999952e-01
-1.898819999999999952e-01
-1.898819999999999952e-01
-1.898819999999999952e-01
-1.898819999999999952e-01
-1.898509999999999920e-01
-1.898509999999999920e-01
-1.898509999999999920e-01
-1.898424999999999974e-01
-1.898424999999999974e-01
-1.898424999999999974e-01
-1.897145000000000081e-01
-1.897145000000000081e-01
-1.897145000000000081e-01
-1.897145000000000081e-01
-1.897135000000000071e-01
-1.897135000000000071e-01
-1.896895000000000109e-01
-1.896895000000000109e-01
-1.896895000000000109e-01
-1.896319999999999950e-01
-1.896319999999999950e-01
-1.896319999999999950e-01
-1.896319999999999950e-01
-1.896319999999999950e-01
-1.896319999999999950e-01
-1.896319999999999950e-01
-1.896319999999999950e-01
-1.896319999999999950e-01
-1.896239999999999870e-01
-1.895824999999999871e-01
-1.895814999999999861e-01
-1.895814999999999861e-01
-1.895735000000000059e-01
-1.895554999999999879e-01
-1.895394999999999996e-01
-1.895084999999999964e-01
-1.895084999999999964e-01
-1.895084999999999964e-01
-1.895084999999999964e-01
-1.894949999999999968e-01
-1.894419999999999993e-01
-1.894419999999999993e-01
-1.894419999999999993e-01
-1.894419999999999993e-01
-1.894419999999999993e-01
-1.894419999999999993e-01
-1.894419999999999993e-01
-1.894419999999999993e-01
-1.894109999999999960e-01
-1.894109999999999960e-01
-1.894109999999999960e-01
-1.894109999999999960e-01
-1.893904999999999894e-01
-1.893904999999999894e-01
-1.893904999999999894e-01
-1.893555000000000099e-01
-1.892205000000000137e-01
-1.892205000000000137e-01
-1.892205000000000137e-01
-1.892205000000000137e-01
-1.892205000000000137e-01
-1.892205000000000137e-01
-1.892205000000000137e-01
-1.892205000000000137e-01
-1.892205000000000137e-01
-1.892205000000000137e-01
-1.892205000000000137e-01
-1.892205000000000137e-01
-1.892064999999999997e-01
-1.891994999999999927e-01
-1.891994999999999927e-01
-1.891994999999999927e-01
-1.891994999999999927e-01
-1.891994999999999927e-01
-1.891994999999999927e-01
-1.891994999999999927e-01
-1.891575000000000062e-01
-1.891575000000000062e-01
-1.891575000000000062e-01
-1.891575000000000062e-01
-1.891575000000000062e-01
-1.891575000000000062e-01
-1.891575000000000062e-01
-1.891575000000000062e-01
-1.891575000000000062e-01
-1.891130000000000033e-01
-1.891130000000000033e-01
-1.891130000000000033e-01
-1.890920000000000101e-01
-1.890920000000000101e-01
-1.890805000000000125e-01
-1.890805000000000125e-01
-1.890795000000000115e-01
-1.890795000000000115e-01
-1.890695000000000014e-01
-1.890695000000000014e-01
-1.890419999999999878e-01
-1.890419999999999878e-01
-1.890419999999999878e-01
-1.890400000000000136e-01
-1.890344999999999942e-01
-1.890344999999999942e-01
-1.890294999999999892e-01
-1.890239999999999976e-01
-1.890225000000000100e-01
-1.890114999999999990e-01
-1.890094999999999970e-01
-1.890000000000000013e-01
-1.890000000000000013e-01
-1.890000000000000013e-01
-1.889139999999999986e-01
-1.889139999999999986e-01
-1.889139999999999986e-01
-1.889139999999999986e-01
-1.889139999999999986e-01
-1.889139999999999986e-01
-1.889139999999999986e-01
-1.889139999999999986e-01
-1.889139999999999986e-01
-1.889139999999999986e-01
-1.889025000000000010e-01
-1.888535000000000075e-01
-1.888535000000000075e-01
-1.888535000000000075e-01
-1.888535000000000075e-01
-1.888535000000000075e-01
-1.888535000000000075e-01
-1.888535000000000075e-01
-1.888189999999999868e-01
-1.888189999999999868e-01
-1.887570000000000081e-01
-1.887220000000000009e-01
-1.887214999999999865e-01
-1.887214999999999865e-01
-1.887214999999999865e-01
-1.887214999999999865e-01
-1.887214999999999865e-01
-1.887214999999999865e-01
-1.887214999999999865e-01
-1.887195000000000122e-01
-1.886589999999999934e-01
-1.886589999999999934e-01
-1.886589999999999934e-01
-1.886589999999999934e-01
-1.886589999999999934e-01
-1.886589999999999934e-01
-1.886460000000000081e-01
-1.885954999999999993e-01
-1.885954999999999993e-01
-1.885954999999999993e-01
-1.885954999999999993e-01
-1.885664999999999980e-01
-1.885664999999999980e-01
-1.885664999999999980e-01
-1.885664999999999980e-01
-1.885664999999999980e-01
-1.885664999999999980e-01
-1.885505000000000098e-01
-1.885505000000000098e-01
-1.885505000000000098e-01
-1.885489999999999944e-01
-1.885100000000000109e-01
-1.885060000000000069e-01
-1.885060000000000069e-01
-1.884975000000000123e-01
-1.884869999999999879e-01
-1.884834999999999983e-01
-1.884834999999999983e-01
-1.884834999999999983e-01
-1.884834999999999983e-01
-1.884834999999999983e-01
-1.884790000000000076e-01
-1.884790000000000076e-01
-1.884790000000000076e-01
-1.884790000000000076e-01
-1.884790000000000076e-01
-1.884790000000000076e-01
-1.884790000000000076e-01
-1.884790000000000076e-01
-1.884689999999999976e-01
-1.884530000000000094e-01
-1.884530000000000094e-01
-1.884470000000000034e-01
-1.884470000000000034e-01
-1.884470000000000034e-01
-1.884464999999999890e-01
-1.884415000000000118e-01
-1.884240000000000081e-01
-1.884240000000000081e-01
-1.884240000000000081e-01
-1.884099999999999941e-01
-1.884099999999999941e-01
-1.884099999999999941e-01
-1.883970000000000089e-01
-1.883904999999999885e-01
-1.883904999999999885e-01
-1.883894999999999875e-01
-1.883849999999999969e-01
-1.883734999999999993e-01
-1.883549999999999947e-01
-1.883549999999999947e-01
-1.883549999999999947e-01
-1.883549999999999947e-01
-1.883454999999999990e-01
-1.883454999999999990e-01
-1.883454999999999990e-01
-1.883454999999999990e-01
-1.883454999999999990e-01
-1.883350000000000024e-01
-1.883299999999999974e-01
-1.883299999999999974e-01
-1.883249999999999924e-01
-1.883249999999999924e-01
-1.883239999999999914e-01
-1.883235000000000048e-01
-1.883229999999999904e-01
-1.883039999999999992e-01
-1.883039999999999992e-01
-1.883039999999999992e-01
-1.883039999999999992e-01
-1.882804999999999895e-01
-1.882330000000000114e-01
-1.882330000000000114e-01
-1.882330000000000114e-01
-1.882330000000000114e-01
-1.882330000000000114e-01
-1.882330000000000114e-01
-1.882330000000000114e-01
-1.882330000000000114e-01
-1.882330000000000114e-01
-1.882330000000000114e-01
-1.882330000000000114e-01
-1.880779999999999952e-01
-1.880779999999999952e-01
-1.880779999999999952e-01
-1.880779999999999952e-01
-1.880779999999999952e-01
-1.880779999999999952e-01
-1.880779999999999952e-01
-1.880779999999999952e-01
-1.880779999999999952e-01
-1.880779999999999952e-01
-1.880779999999999952e-01
-1.880779999999999952e-01
-1.880779999999999952e-01
-1.880779999999999952e-01
-1.880779999999999952e-01
-1.880779999999999952e-01
-1.880779999999999952e-01
-1.880779999999999952e-01
-1.880779999999999952e-01
-1.880274999999999863e-01
-1.880274999999999863e-01
-1.880274999999999863e-01
-1.880274999999999863e-01
-1.880274999999999863e-01
-1.880255000000000121e-01
-1.880110000000000114e-01
-1.880110000000000114e-01
-1.879985000000000128e-01
-1.879969999999999974e-01
-1.879969999999999974e-01
-1.879859999999999864e-01
-1.879859999999999864e-01
-1.879649999999999932e-01
-1.879649999999999932e-01
-1.879649999999999932e-01
-1.879524999999999946e-01
-1.879524999999999946e-01
-1.879524999999999946e-01
-1.879524999999999946e-01
-1.879524999999999946e-01
-1.879474999999999896e-01
-1.879474999999999896e-01
-1.879474999999999896e-01
-1.879474999999999896e-01
-1.879474999999999896e-01
-1.879419999999999980e-01
-1.879305000000000003e-01
-1.879244999999999943e-01
-1.879204999999999903e-01
-1.879204999999999903e-01
-1.879204999999999903e-01
-1.879155000000000131e-01
-1.879155000000000131e-01
-1.879155000000000131e-01
-1.879155000000000131e-01
-1.879155000000000131e-01
-1.879155000000000131e-01
-1.879155000000000131e-01
-1.879155000000000131e-01
-1.879155000000000131e-01
-1.879149999999999987e-01
-1.879010000000000125e-01
-1.879010000000000125e-01
-1.879010000000000125e-01
-1.878515000000000046e-01
-1.878515000000000046e-01
-1.878515000000000046e-01
-1.878515000000000046e-01
-1.878515000000000046e-01
-1.878064999999999873e-01
-1.878064999999999873e-01
-1.878064999999999873e-01
-1.878064999999999873e-01
-1.878064999999999873e-01
-1.878064999999999873e-01
-1.878064999999999873e-01
-1.878064999999999873e-01
-1.877804999999999891e-01
-1.877804999999999891e-01
-1.877804999999999891e-01
-1.877804999999999891e-01
-1.877804999999999891e-01
-1.877804999999999891e-01
-1.877804999999999891e-01
-1.877804999999999891e-01
-1.877804999999999891e-01
-1.877804999999999891e-01
-1.877804999999999891e-01
-1.877794999999999881e-01
-1.877540000000000042e-01
-1.877540000000000042e-01
-1.877540000000000042e-01
-1.877540000000000042e-01
-1.877540000000000042e-01
-1.877540000000000042e-01
-1.877540000000000042e-01
-1.877540000000000042e-01
-1.877514999999999878e-01
-1.877514999999999878e-01
-1.877514999999999878e-01
-1.877514999999999878e-01
-1.877514999999999878e-01
-1.877514999999999878e-01
-1.877514999999999878e-01
-1.877350000000000130e-01
-1.877350000000000130e-01
-1.877330000000000110e-01
-1.877330000000000110e-01
-1.877330000000000110e-01
-1.877330000000000110e-01
-1.877330000000000110e-01
-1.877330000000000110e-01
-1.877199999999999980e-01
-1.877199999999999980e-01
-1.877199999999999980e-01
-1.877010000000000067e-01
-1.877010000000000067e-01
-1.877010000000000067e-01
-1.877010000000000067e-01
-1.877010000000000067e-01
-1.877010000000000067e-01
-1.877010000000000067e-01
-1.876929999999999987e-01
-1.876929999999999987e-01
-1.876929999999999987e-01
-1.876929999999999987e-01
-1.876929999999999987e-01
-1.876929999999999987e-01
-1.876929999999999987e-01
-1.876929999999999987e-01
-1.876929999999999987e-01
-1.876929999999999987e-01
-1.876929999999999987e-01
-1.876929999999999987e-01
-1.876929999999999987e-01
-1.876929999999999987e-01
-1.876885000000000081e-01
-1.876494999999999969e-01
-1.876494999999999969e-01
-1.876494999999999969e-01
-1.876494999999999969e-01
-1.876494999999999969e-01
