9.938170287163947680e-01
1.006171518844531203e-02
3.170374778997439025e-01
9.998680367343929509e-01
2.826888417120649796e-02
7.307013805555798713e-01
9.808084170980537753e-01
3.184775588173638372e-02
8.394908134150997903e-01
9.864103891733835283e-01
3.188364641900889862e-02
8.417390926271394180e-01
9.815202627953908410e-01
1.483814003724407381e-02
7.294420488054293994e-01
9.888495906866072716e-01
1.640465723137459961e-02
4.157640431686719928e-01
9.925654514415167551e-01
1.888850910649733650e-02
6.553154841008093090e-01
9.962763170824573411e-01
1.698204223587815656e-02
3.693860242026679730e-01
9.832827664398684497e-01
2.762373404821701767e-02
6.826070025003189157e-01
9.866692045070826200e-01
2.354355006356777941e-02
5.421408269888465803e-01
9.919668320894001745e-01
3.273637726406554427e-02
2.961243117196174501e-01
9.895350988511344426e-01
1.639913424408395021e-02
7.206243503496235769e-01
9.939092048731361650e-01
2.664791809316804580e-02
1.723934394525665770e-01
9.851017412226221737e-01
1.600675877445507239e-02
3.139521582077662853e-01
9.977002799285430434e-01
1.976495854557681203e-02
6.347458541988788561e-01
9.902420636248683294e-01
1.106157819602266584e-02
3.019982538488749091e-01
9.886107144192550766e-01
2.053790259117778405e-02
3.414885265200940934e-01
9.919514775950861729e-01
2.811953926806506215e-02
7.009372484661792191e-01
9.930717279020664368e-01
1.835667198893303070e-02
3.663022661921893075e-01
9.872520528340096302e-01
2.223752585781347407e-02
2.798191671539778103e-01
