-3.067699999999999941e-02
-2.771250000000000102e-02
-2.771250000000000102e-02
-2.771250000000000102e-02
-2.700850000000000126e-02
-2.700850000000000126e-02
-2.345950000000000119e-02
-2.345950000000000119e-02
-2.345950000000000119e-02
-2.345950000000000119e-02
-2.345950000000000119e-02
-2.345950000000000119e-02
-2.345950000000000119e-02
-2.345950000000000119e-02
-2.345950000000000119e-02
-2.345950000000000119e-02
-2.317750000000000019e-02
-2.306650000000000020e-02
-2.301649999999999877e-02
-2.301649999999999877e-02
-2.301349999999999923e-02
-2.301349999999999923e-02
-2.299800000000000108e-02
-2.299450000000000105e-02
-2.296650000000000080e-02
-2.295600000000000071e-02
-2.295600000000000071e-02
-2.295600000000000071e-02
-2.295600000000000071e-02
-2.295600000000000071e-02
-2.295600000000000071e-02
-2.295600000000000071e-02
-2.295600000000000071e-02
-2.295600000000000071e-02
-2.295550000000000021e-02
-2.295550000000000021e-02
-2.295550000000000021e-02
-2.295550000000000021e-02
-2.295550000000000021e-02
-2.295550000000000021e-02
-2.295550000000000021e-02
-2.295550000000000021e-02
-2.295550000000000021e-02
-2.295449999999999921e-02
-2.295449999999999921e-02
-2.295449999999999921e-02
-2.295449999999999921e-02
-2.295449999999999921e-02
-2.295449999999999921e-02
-2.295449999999999921e-02
-2.295449999999999921e-02
-2.295449999999999921e-02
-2.295449999999999921e-02
-2.295449999999999921e-02
-2.295449999999999921e-02
-2.295449999999999921e-02
-2.295449999999999921e-02
-2.295449999999999921e-02
-2.295449999999999921e-02
-2.295449999999999921e-02
-2.295449999999999921e-02
-2.295449999999999921e-02
-2.295449999999999921e-02
-2.295449999999999921e-02
-2.295449999999999921e-02
-2.295449999999999921e-02
-2.295449999999999921e-02
-2.295449999999999921e-02
-2.295449999999999921e-02
-2.295449999999999921e-02
-2.295449999999999921e-02
-2.295449999999999921e-02
-2.295449999999999921e-02
-2.295449999999999921e-02
-2.295449999999999921e-02
-2.295449999999999921e-02
-2.295449999999999921e-02
-2.295449999999999921e-02
-2.295449999999999921e-02
-2.295449999999999921e-02
-2.295449999999999921e-02
-2.295449999999999921e-02
-2.295449999999999921e-02
-2.295449999999999921e-02
-2.295449999999999921e-02
-2.295449999999999921e-02
-2.295449999999999921e-02
-2.295449999999999921e-02
-2.295449999999999921e-02
-2.295449999999999921e-02
-2.295449999999999921e-02
-2.295449999999999921e-02
-2.295449999999999921e-02
-2.295449999999999921e-02
-2.295449999999999921e-02
-2.295449999999999921e-02
-2.295449999999999921e-02
-2.295449999999999921e-02
-2.295449999999999921e-02
-2.295449999999999921e-02
-2.295449999999999921e-02
-2.295449999999999921e-02
-2.295449999999999921e-02
-2.295449999999999921e-02
-2.295449999999999921e-02
-2.295449999999999921e-02
-2.295449999999999921e-02
-2.295449999999999921e-02
-2.295449999999999921e-02
-2.295449999999999921e-02
-2.295449999999999921e-02
-2.295449999999999921e-02
-2.295449999999999921e-02
-2.295449999999999921e-02
-2.295449999999999921e-02
-2.295449999999999921e-02
-2.295449999999999921e-02
-2.295449999999999921e-02
-2.295449999999999921e-02
-2.295449999999999921e-02
-2.295449999999999921e-02
-2.295449999999999921e-02
-2.295449999999999921e-02
-2.295449999999999921e-02
-2.295449999999999921e-02
-2.295449999999999921e-02
-2.295449999999999921e-02
-2.295449999999999921e-02
-2.295449999999999921e-02
-2.295449999999999921e-02
-2.295449999999999921e-02
-2.295449999999999921e-02
-2.295449999999999921e-02
-2.295449999999999921e-02
-2.295449999999999921e-02
-2.295449999999999921e-02
-2.295449999999999921e-02
-2.295449999999999921e-02
-2.295449999999999921e-02
-2.295449999999999921e-02
-2.295449999999999921e-02
-2.295449999999999921e-02
-2.295449999999999921e-02
-2.295449999999999921e-02
-2.295449999999999921e-02
-2.295449999999999921e-02
-2.295449999999999921e-02
-2.295449999999999921e-02
-2.295449999999999921e-02
-2.295449999999999921e-02
-2.295449999999999921e-02
-2.295449999999999921e-02
-2.295449999999999921e-02
-2.295449999999999921e-02
-2.295449999999999921e-02
-2.295449999999999921e-02
-2.295449999999999921e-02
-2.295449999999999921e-02
-2.295449999999999921e-02
-2.295449999999999921e-02
-2.295449999999999921e-02
-2.295449999999999921e-02
-2.295449999999999921e-02
-2.295449999999999921e-02
-2.295449999999999921e-02
-2.295449999999999921e-02
-2.295449999999999921e-02
-2.295449999999999921e-02
-2.295449999999999921e-02
-2.295449999999999921e-02
-2.295449999999999921e-02
-2.295449999999999921e-02
-2.295449999999999921e-02
-2.295449999999999921e-02
-2.295449999999999921e-02
-2.295449999999999921e-02
-2.295449999999999921e-02
-2.295449999999999921e-02
-2.295449999999999921e-02
-2.295449999999999921e-02
-2.295449999999999921e-02
-2.295449999999999921e-02
-2.295449999999999921e-02
-2.295449999999999921e-02
-2.295449999999999921e-02
-2.295449999999999921e-02
-2.295449999999999921e-02
-2.295449999999999921e-02
-2.295449999999999921e-02
-2.295449999999999921e-02
-2.295449999999999921e-02
-2.295449999999999921e-02
-2.295449999999999921e-02
-2.295449999999999921e-02
-2.274649999999999936e-02
-2.274649999999999936e-02
-2.274649999999999936e-02
-2.274649999999999936e-02
-2.274649999999999936e-02
-2.274649999999999936e-02
-2.274649999999999936e-02
-2.274649999999999936e-02
-2.274649999999999936e-02
-2.274649999999999936e-02
-2.274649999999999936e-02
-2.274649999999999936e-02
-2.274649999999999936e-02
-2.274649999999999936e-02
-2.274649999999999936e-02
-2.274649999999999936e-02
-2.274649999999999936e-02
-2.274649999999999936e-02
-2.274649999999999936e-02
-2.274649999999999936e-02
-2.274649999999999936e-02
-2.274649999999999936e-02
-2.274649999999999936e-02
-2.274649999999999936e-02
-2.274649999999999936e-02
-2.274649999999999936e-02
-2.274649999999999936e-02
-2.274649999999999936e-02
-2.274649999999999936e-02
-2.274649999999999936e-02
-2.274649999999999936e-02
-2.274199999999999833e-02
-2.274199999999999833e-02
-2.274199999999999833e-02
-2.274199999999999833e-02
-2.274199999999999833e-02
-2.274199999999999833e-02
-2.274199999999999833e-02
-2.274199999999999833e-02
-2.274199999999999833e-02
-2.273750000000000077e-02
-2.273750000000000077e-02
-2.273499999999999827e-02
-2.273499999999999827e-02
-2.273350000000000024e-02
-2.273350000000000024e-02
-2.273350000000000024e-02
-2.273350000000000024e-02
-2.273350000000000024e-02
-2.273350000000000024e-02
-2.273350000000000024e-02
-2.273350000000000024e-02
-2.273350000000000024e-02
-2.273350000000000024e-02
-2.273350000000000024e-02
-2.273350000000000024e-02
-2.273350000000000024e-02
-2.273350000000000024e-02
-2.273350000000000024e-02
-2.273350000000000024e-02
-2.273350000000000024e-02
-2.273350000000000024e-02
-2.273350000000000024e-02
-2.273350000000000024e-02
-2.273350000000000024e-02
-2.273350000000000024e-02
-2.273299999999999974e-02
-2.273299999999999974e-02
-2.273299999999999974e-02
-2.273299999999999974e-02
-2.273299999999999974e-02
-2.273299999999999974e-02
-2.273299999999999974e-02
-2.273299999999999974e-02
-2.273299999999999974e-02
-2.273299999999999974e-02
-2.273299999999999974e-02
-2.273299999999999974e-02
-2.273299999999999974e-02
-2.273299999999999974e-02
-2.273299999999999974e-02
-2.273299999999999974e-02
-2.273299999999999974e-02
-2.273299999999999974e-02
-2.273299999999999974e-02
-2.273299999999999974e-02
-2.273299999999999974e-02
-2.273299999999999974e-02
-2.273299999999999974e-02
-2.273299999999999974e-02
-2.273299999999999974e-02
-2.273299999999999974e-02
-2.273299999999999974e-02
-2.273299999999999974e-02
-2.273299999999999974e-02
-2.273299999999999974e-02
-2.273299999999999974e-02
-2.273299999999999974e-02
-2.273299999999999974e-02
-2.273299999999999974e-02
-2.273299999999999974e-02
-2.273299999999999974e-02
-2.273299999999999974e-02
-2.273299999999999974e-02
-2.273299999999999974e-02
-2.273299999999999974e-02
-2.273299999999999974e-02
-2.273299999999999974e-02
-2.273299999999999974e-02
-2.273299999999999974e-02
-2.273299999999999974e-02
-2.273299999999999974e-02
-2.273299999999999974e-02
-2.273299999999999974e-02
-2.273299999999999974e-02
-2.273299999999999974e-02
-2.273299999999999974e-02
-2.273299999999999974e-02
-2.273299999999999974e-02
-2.273299999999999974e-02
-2.273299999999999974e-02
-2.273299999999999974e-02
-2.273299999999999974e-02
-2.273299999999999974e-02
-2.273299999999999974e-02
-2.273299999999999974e-02
-2.273299999999999974e-02
-2.273299999999999974e-02
-2.273299999999999974e-02
-2.273299999999999974e-02
-2.273299999999999974e-02
-2.273299999999999974e-02
-2.273299999999999974e-02
-2.273299999999999974e-02
-2.273299999999999974e-02
-2.273299999999999974e-02
-2.273299999999999974e-02
-2.273299999999999974e-02
-2.273299999999999974e-02
-2.273299999999999974e-02
-2.273299999999999974e-02
-2.273299999999999974e-02
-2.273299999999999974e-02
-2.273299999999999974e-02
-2.273299999999999974e-02
-2.273299999999999974e-02
-2.273299999999999974e-02
-2.273299999999999974e-02
-2.273299999999999974e-02
-2.273299999999999974e-02
-2.273299999999999974e-02
-2.273299999999999974e-02
-2.273299999999999974e-02
-2.273299999999999974e-02
-2.273299999999999974e-02
-2.273299999999999974e-02
-2.273299999999999974e-02
-2.273299999999999974e-02
-2.273299999999999974e-02
-2.273299999999999974e-02
-2.273299999999999974e-02
-2.273299999999999974e-02
-2.273299999999999974e-02
-2.273299999999999974e-02
-2.273299999999999974e-02
-2.273299999999999974e-02
-2.273299999999999974e-02
-2.273299999999999974e-02
-2.273299999999999974e-02
-2.273299999999999974e-02
-2.273299999999999974e-02
-2.273299999999999974e-02
-2.273299999999999974e-02
-2.273299999999999974e-02
-2.273299999999999974e-02
-2.273299999999999974e-02
-2.273299999999999974e-02
-2.273299999999999974e-02
-2.273299999999999974e-02
-2.273299999999999974e-02
-2.273299999999999974e-02
-2.273299999999999974e-02
-2.273299999999999974e-02
-2.273299999999999974e-02
-2.273299999999999974e-02
-2.273299999999999974e-02
-2.273299999999999974e-02
-2.273299999999999974e-02
-2.273299999999999974e-02
-2.273299999999999974e-02
-2.273299999999999974e-02
-2.273299999999999974e-02
-2.273299999999999974e-02
-2.273299999999999974e-02
-2.273299999999999974e-02
-2.273299999999999974e-02
-2.273299999999999974e-02
-2.273299999999999974e-02
-2.273299999999999974e-02
-2.273299999999999974e-02
-2.273299999999999974e-02
-2.273299999999999974e-02
-2.273299999999999974e-02
-2.273299999999999974e-02
-2.273299999999999974e-02
-2.273299999999999974e-02
-2.273299999999999974e-02
-2.273299999999999974e-02
-2.273299999999999974e-02
-2.273299999999999974e-02
-2.273299999999999974e-02
-2.273299999999999974e-02
-2.273299999999999974e-02
-2.273299999999999974e-02
-2.273299999999999974e-02
-2.273299999999999974e-02
-2.273299999999999974e-02
-2.273299999999999974e-02
-2.273299999999999974e-02
-2.273299999999999974e-02
-2.273299999999999974e-02
-2.273299999999999974e-02
-2.273299999999999974e-02
-2.273299999999999974e-02
-2.273299999999999974e-02
-2.273299999999999974e-02
-2.273299999999999974e-02
-2.273299999999999974e-02
-2.273299999999999974e-02
-2.273299999999999974e-02
-2.273299999999999974e-02
-2.273299999999999974e-02
-2.273299999999999974e-02
-2.273299999999999974e-02
-2.273299999999999974e-02
-2.273299999999999974e-02
-2.273299999999999974e-02
-2.273299999999999974e-02
-2.273299999999999974e-02
-2.273299999999999974e-02
-2.273299999999999974e-02
-2.273299999999999974e-02
-2.273299999999999974e-02
-2.273299999999999974e-02
-2.273299999999999974e-02
-2.273299999999999974e-02
-2.273299999999999974e-02
-2.273299999999999974e-02
-2.273299999999999974e-02
-2.273299999999999974e-02
-2.273299999999999974e-02
-2.273299999999999974e-02
-2.273299999999999974e-02
-2.273299999999999974e-02
-2.273299999999999974e-02
-2.273299999999999974e-02
-2.273299999999999974e-02
-2.273299999999999974e-02
-2.273299999999999974e-02
-2.273299999999999974e-02
-2.273299999999999974e-02
-2.273299999999999974e-02
-2.273299999999999974e-02
-2.273299999999999974e-02
-2.273299999999999974e-02
-2.273299999999999974e-02
-2.273299999999999974e-02
-2.273299999999999974e-02
-2.273299999999999974e-02
-2.273299999999999974e-02
-2.273299999999999974e-02
-2.273299999999999974e-02
-2.273299999999999974e-02
-2.273299999999999974e-02
-2.273299999999999974e-02
-2.273299999999999974e-02
-2.273299999999999974e-02
-2.273299999999999974e-02
-2.273299999999999974e-02
-2.273299999999999974e-02
-2.273299999999999974e-02
-2.273299999999999974e-02
-2.273299999999999974e-02
-2.273299999999999974e-02
-2.273299999999999974e-02
-2.273299999999999974e-02
-2.273299999999999974e-02
-2.273299999999999974e-02
-2.273299999999999974e-02
-2.273299999999999974e-02
-2.273299999999999974e-02
-2.273299999999999974e-02
-2.273299999999999974e-02
-2.273299999999999974e-02
-2.273299999999999974e-02
-2.273299999999999974e-02
-2.273299999999999974e-02
-2.273299999999999974e-02
-2.273299999999999974e-02
-2.273299999999999974e-02
-2.273299999999999974e-02
-2.273299999999999974e-02
-2.273299999999999974e-02
-2.273299999999999974e-02
-2.273299999999999974e-02
-2.273299999999999974e-02
-2.273299999999999974e-02
-2.273299999999999974e-02
-2.273299999999999974e-02
-2.273299999999999974e-02
-2.273299999999999974e-02
-2.273299999999999974e-02
-2.273299999999999974e-02
-2.273299999999999974e-02
-2.273299999999999974e-02
-2.273299999999999974e-02
-2.273299999999999974e-02
-2.273299999999999974e-02
-2.273299999999999974e-02
-2.273299999999999974e-02
-2.273299999999999974e-02
-2.273299999999999974e-02
-2.273299999999999974e-02
-2.273299999999999974e-02
-2.273299999999999974e-02
-2.273299999999999974e-02
-2.273299999999999974e-02
-2.273299999999999974e-02
-2.273299999999999974e-02
-2.273299999999999974e-02
-2.273299999999999974e-02
-2.273299999999999974e-02
-2.273299999999999974e-02
-2.273299999999999974e-02
-2.273299999999999974e-02
-2.273299999999999974e-02
-2.273299999999999974e-02
-2.273299999999999974e-02
-2.273299999999999974e-02
-2.273299999999999974e-02
-2.273299999999999974e-02
-2.273299999999999974e-02
-2.273299999999999974e-02
-2.273299999999999974e-02
-2.273299999999999974e-02
-2.273299999999999974e-02
-2.273299999999999974e-02
-2.273299999999999974e-02
-2.273299999999999974e-02
-2.273299999999999974e-02
-2.273299999999999974e-02
-2.273299999999999974e-02
-2.273299999999999974e-02
-2.273299999999999974e-02
-2.273299999999999974e-02
-2.273299999999999974e-02
-2.273299999999999974e-02
-2.273299999999999974e-02
-2.273299999999999974e-02
-2.273299999999999974e-02
-2.273299999999999974e-02
-2.273299999999999974e-02
-2.273299999999999974e-02
-2.273299999999999974e-02
-2.273299999999999974e-02
-2.273299999999999974e-02
-2.273299999999999974e-02
-2.273299999999999974e-02
-2.273299999999999974e-02
-2.273299999999999974e-02
-2.273299999999999974e-02
-2.273299999999999974e-02
-2.273299999999999974e-02
-2.273299999999999974e-02
-2.273299999999999974e-02
-2.273299999999999974e-02
-2.273299999999999974e-02
-2.273299999999999974e-02
-2.273299999999999974e-02
-2.273299999999999974e-02
-2.273299999999999974e-02
-2.273299999999999974e-02
-2.273299999999999974e-02
-2.273299999999999974e-02
-2.273299999999999974e-02
-2.273299999999999974e-02
-2.273299999999999974e-02
-2.273299999999999974e-02
-2.273299999999999974e-02
-2.273299999999999974e-02
-2.273299999999999974e-02
-2.273299999999999974e-02
-2.273299999999999974e-02
-2.273299999999999974e-02
-2.273299999999999974e-02
-2.273299999999999974e-02
-2.273299999999999974e-02
-2.273299999999999974e-02
-2.273299999999999974e-02
-2.273299999999999974e-02
-2.273299999999999974e-02
-2.273299999999999974e-02
-2.273299999999999974e-02
-2.273299999999999974e-02
-2.273299999999999974e-02
-2.273299999999999974e-02
-2.273299999999999974e-02
-2.273299999999999974e-02
-2.273299999999999974e-02
-2.273299999999999974e-02
-2.273299999999999974e-02
-2.273299999999999974e-02
-2.273299999999999974e-02
-2.273299999999999974e-02
-2.273299999999999974e-02
-2.273299999999999974e-02
-2.273299999999999974e-02
-2.273299999999999974e-02
-2.273299999999999974e-02
-2.273299999999999974e-02
-2.273299999999999974e-02
-2.273299999999999974e-02
-2.273299999999999974e-02
-2.273299999999999974e-02
-2.273299999999999974e-02
-2.273299999999999974e-02
-2.273299999999999974e-02
-2.273299999999999974e-02
-2.273299999999999974e-02
-2.273299999999999974e-02
-2.273299999999999974e-02
-2.273299999999999974e-02
-2.273299999999999974e-02
-2.273299999999999974e-02
-2.273299999999999974e-02
-2.273299999999999974e-02
-2.273299999999999974e-02
-2.273299999999999974e-02
-2.273299999999999974e-02
-2.273299999999999974e-02
-2.273299999999999974e-02
-2.273299999999999974e-02
-2.273299999999999974e-02
-2.273299999999999974e-02
-2.273299999999999974e-02
-2.273299999999999974e-02
-2.273299999999999974e-02
-2.273299999999999974e-02
-2.273299999999999974e-02
-2.273299999999999974e-02
-2.273299999999999974e-02
-2.273299999999999974e-02
-2.273299999999999974e-02
-2.273299999999999974e-02
-2.273299999999999974e-02
-2.273299999999999974e-02
-2.273299999999999974e-02
-2.273299999999999974e-02
-2.273299999999999974e-02
-2.273299999999999974e-02
-2.273299999999999974e-02
-2.273299999999999974e-02
-2.273299999999999974e-02
-2.273299999999999974e-02
-2.273299999999999974e-02
-2.273299999999999974e-02
-2.273299999999999974e-02
-2.273299999999999974e-02
-2.273299999999999974e-02
-2.273299999999999974e-02
-2.273299999999999974e-02
-2.273299999999999974e-02
-2.273299999999999974e-02
-2.273299999999999974e-02
-2.273299999999999974e-02
-2.273299999999999974e-02
-2.273299999999999974e-02
-2.273299999999999974e-02
-2.273299999999999974e-02
-2.273299999999999974e-02
-2.273299999999999974e-02
-2.273299999999999974e-02
-2.273299999999999974e-02
-2.273299999999999974e-02
-2.273299999999999974e-02
-2.273299999999999974e-02
-2.273299999999999974e-02
-2.273299999999999974e-02
-2.273299999999999974e-02
-2.273299999999999974e-02
-2.273299999999999974e-02
-2.273299999999999974e-02
-2.273299999999999974e-02
-2.273299999999999974e-02
-2.273299999999999974e-02
-2.273299999999999974e-02
-2.273299999999999974e-02
-2.273299999999999974e-02
-2.273299999999999974e-02
-2.273299999999999974e-02
-2.273299999999999974e-02
-2.273299999999999974e-02
-2.273299999999999974e-02
-2.273299999999999974e-02
-2.273299999999999974e-02
-2.273299999999999974e-02
-2.273299999999999974e-02
-2.273299999999999974e-02
-2.273299999999999974e-02
-2.273299999999999974e-02
-2.273299999999999974e-02
-2.273299999999999974e-02
-2.273299999999999974e-02
-2.273299999999999974e-02
-2.273299999999999974e-02
-2.273299999999999974e-02
-2.273299999999999974e-02
-2.273299999999999974e-02
-2.273299999999999974e-02
-2.273299999999999974e-02
-2.273299999999999974e-02
-2.273299999999999974e-02
-2.273299999999999974e-02
-2.273299999999999974e-02
-2.273299999999999974e-02
-2.273299999999999974e-02
-2.273299999999999974e-02
-2.273299999999999974e-02
-2.273299999999999974e-02
-2.273299999999999974e-02
-2.273299999999999974e-02
-2.273299999999999974e-02
-2.273299999999999974e-02
-2.273299999999999974e-02
-2.273299999999999974e-02
-2.273299999999999974e-02
-2.273299999999999974e-02
-2.273299999999999974e-02
-2.273299999999999974e-02
-2.273299999999999974e-02
-2.273299999999999974e-02
-2.273299999999999974e-02
-2.273299999999999974e-02
-2.273299999999999974e-02
-2.273299999999999974e-02
-2.273299999999999974e-02
-2.273299999999999974e-02
-2.273299999999999974e-02
-2.273299999999999974e-02
-2.273299999999999974e-02
-2.273299999999999974e-02
-2.273299999999999974e-02
-2.273299999999999974e-02
-2.273299999999999974e-02
-2.273299999999999974e-02
-2.273299999999999974e-02
-2.273299999999999974e-02
-2.273299999999999974e-02
-2.273299999999999974e-02
-2.273299999999999974e-02
-2.273299999999999974e-02
-2.273299999999999974e-02
-2.273299999999999974e-02
-2.273299999999999974e-02
-2.273299999999999974e-02
-2.273299999999999974e-02
-2.273299999999999974e-02
-2.273299999999999974e-02
-2.273299999999999974e-02
-2.273299999999999974e-02
-2.273299999999999974e-02
-2.273299999999999974e-02
-2.273299999999999974e-02
-2.273299999999999974e-02
-2.273299999999999974e-02
-2.273299999999999974e-02
-2.273299999999999974e-02
-2.273299999999999974e-02
-2.273299999999999974e-02
-2.273299999999999974e-02
-2.273299999999999974e-02
-2.273299999999999974e-02
-2.273299999999999974e-02
-2.273299999999999974e-02
-2.273299999999999974e-02
-2.273299999999999974e-02
-2.273299999999999974e-02
-2.273299999999999974e-02
-2.273299999999999974e-02
-2.273299999999999974e-02
-2.273299999999999974e-02
-2.273299999999999974e-02
-2.273299999999999974e-02
-2.273299999999999974e-02
-2.273299999999999974e-02
-2.273299999999999974e-02
-2.273299999999999974e-02
-2.273299999999999974e-02
-2.273299999999999974e-02
-2.273299999999999974e-02
-2.273299999999999974e-02
-2.273299999999999974e-02
-2.273299999999999974e-02
-2.273299999999999974e-02
-2.273299999999999974e-02
-2.273299999999999974e-02
-2.273299999999999974e-02
-2.273299999999999974e-02
-2.273299999999999974e-02
-2.273299999999999974e-02
-2.273299999999999974e-02
-2.273299999999999974e-02
-2.273299999999999974e-02
-2.273299999999999974e-02
-2.273299999999999974e-02
-2.273299999999999974e-02
-2.273299999999999974e-02
-2.273299999999999974e-02
-2.273299999999999974e-02
-2.273299999999999974e-02
-2.273299999999999974e-02
-2.273299999999999974e-02
-2.273299999999999974e-02
-2.273299999999999974e-02
-2.273299999999999974e-02
-2.273299999999999974e-02
-2.273299999999999974e-02
-2.273299999999999974e-02
-2.273299999999999974e-02
-2.273299999999999974e-02
-2.273299999999999974e-02
-2.273299999999999974e-02
-2.273299999999999974e-02
-2.273299999999999974e-02
-2.273299999999999974e-02
-2.273299999999999974e-02
-2.273299999999999974e-02
-2.273299999999999974e-02
-2.273299999999999974e-02
-2.273299999999999974e-02
-2.273299999999999974e-02
-2.273299999999999974e-02
-2.273299999999999974e-02
-2.273299999999999974e-02
-2.273299999999999974e-02
-2.273299999999999974e-02
-2.273299999999999974e-02
-2.273299999999999974e-02
-2.273299999999999974e-02
-2.273299999999999974e-02
-2.273299999999999974e-02
-2.273299999999999974e-02
-2.273299999999999974e-02
-2.273299999999999974e-02
-2.273299999999999974e-02
-2.273299999999999974e-02
-2.273299999999999974e-02
-2.273299999999999974e-02
-2.273299999999999974e-02
-2.273299999999999974e-02
-2.273299999999999974e-02
-2.273299999999999974e-02
-2.273299999999999974e-02
-2.273299999999999974e-02
-2.273299999999999974e-02
-2.273299999999999974e-02
-2.273299999999999974e-02
-2.273299999999999974e-02
-2.273299999999999974e-02
-2.273299999999999974e-02
-2.273299999999999974e-02
-2.273299999999999974e-02
-2.273299999999999974e-02
-2.273299999999999974e-02
-2.273299999999999974e-02
-2.273299999999999974e-02
-2.273299999999999974e-02
-2.273299999999999974e-02
-2.273299999999999974e-02
-2.273299999999999974e-02
-2.273299999999999974e-02
-2.273299999999999974e-02
-2.273299999999999974e-02
-2.273299999999999974e-02
-2.273299999999999974e-02
-2.273299999999999974e-02
-2.273299999999999974e-02
-2.273299999999999974e-02
-2.273299999999999974e-02
-2.273299999999999974e-02
-2.273299999999999974e-02
-2.273299999999999974e-02
-2.273299999999999974e-02
-2.273299999999999974e-02
-2.273299999999999974e-02
-2.273299999999999974e-02
-2.273299999999999974e-02
-2.273299999999999974e-02
-2.273299999999999974e-02
-2.273299999999999974e-02
-2.273299999999999974e-02
-2.273299999999999974e-02
-2.273299999999999974e-02
-2.273299999999999974e-02
-2.273299999999999974e-02
-2.273299999999999974e-02
-2.273299999999999974e-02
-2.273299999999999974e-02
-2.273299999999999974e-02
-2.273299999999999974e-02
-2.273299999999999974e-02
-2.273299999999999974e-02
-2.273299999999999974e-02
-2.273299999999999974e-02
-2.273299999999999974e-02
-2.273299999999999974e-02
-2.273299999999999974e-02
-2.273299999999999974e-02
-2.273299999999999974e-02
-2.273299999999999974e-02
-2.273299999999999974e-02
-2.273299999999999974e-02
-2.273299999999999974e-02
-2.273299999999999974e-02
-2.273299999999999974e-02
-2.273299999999999974e-02
-2.273299999999999974e-02
-2.273299999999999974e-02
-2.273299999999999974e-02
-2.273299999999999974e-02
-2.273299999999999974e-02
-2.273299999999999974e-02
-2.273299999999999974e-02
-2.273299999999999974e-02
-2.273299999999999974e-02
-2.273299999999999974e-02
-2.273299999999999974e-02
-2.273299999999999974e-02
-2.273299999999999974e-02
-2.273299999999999974e-02
-2.273299999999999974e-02
-2.273299999999999974e-02
-2.273299999999999974e-02
-2.273299999999999974e-02
-2.273299999999999974e-02
-2.273299999999999974e-02
-2.273299999999999974e-02
-2.273299999999999974e-02
-2.273299999999999974e-02
-2.273299999999999974e-02
-2.273299999999999974e-02
-2.273299999999999974e-02
-2.273299999999999974e-02
-2.273299999999999974e-02
-2.273299999999999974e-02
-2.273299999999999974e-02
-2.273299999999999974e-02
-2.273299999999999974e-02
-2.273299999999999974e-02
-2.273299999999999974e-02
-2.273299999999999974e-02
-2.273299999999999974e-02
-2.273299999999999974e-02
-2.273299999999999974e-02
-2.273299999999999974e-02
-2.273299999999999974e-02
-2.273299999999999974e-02
-2.273299999999999974e-02
-2.273299999999999974e-02
-2.273299999999999974e-02
-2.273299999999999974e-02
-2.273299999999999974e-02
-2.273299999999999974e-02
-2.273299999999999974e-02
-2.273299999999999974e-02
-2.273299999999999974e-02
-2.273299999999999974e-02
-2.273299999999999974e-02
-2.273299999999999974e-02
-2.273299999999999974e-02
-2.273299999999999974e-02
-2.273299999999999974e-02
-2.273299999999999974e-02
-2.273299999999999974e-02
-2.273299999999999974e-02
-2.273299999999999974e-02
-2.273299999999999974e-02
-2.273299999999999974e-02
-2.273299999999999974e-02
-2.273299999999999974e-02
-2.273299999999999974e-02
-2.273299999999999974e-02
-2.273299999999999974e-02
-2.273299999999999974e-02
-2.273299999999999974e-02
-2.273299999999999974e-02
-2.273299999999999974e-02
-2.273299999999999974e-02
-2.273299999999999974e-02
-2.273299999999999974e-02
-2.273299999999999974e-02
-2.273299999999999974e-02
-2.273299999999999974e-02
-2.273299999999999974e-02
-2.273299999999999974e-02
-2.273299999999999974e-02
