-5.211170000000000524e-01
-5.211170000000000524e-01
-5.129939999999999500e-01
-4.952424999999999744e-01
-4.775754999999999861e-01
-4.744855000000000045e-01
-4.479414999999999925e-01
-4.445529999999999760e-01
-4.362714999999999788e-01
-4.275694999999999912e-01
-4.216860000000000053e-01
-4.107859999999999845e-01
-4.041150000000000020e-01
-3.877085000000000115e-01
-3.877085000000000115e-01
-3.827400000000000246e-01
-3.804445000000000188e-01
-3.751300000000000190e-01
-3.681139999999999968e-01
-3.579339999999999744e-01
-3.450945000000000262e-01
-3.450945000000000262e-01
-3.449960000000000249e-01
-3.438745000000000274e-01
-3.389030000000000098e-01
-3.297889999999999988e-01
-3.240899999999999892e-01
-3.154945000000000110e-01
-3.107340000000000102e-01
-3.023525000000000240e-01
-3.023525000000000240e-01
-2.918304999999999927e-01
-2.918304999999999927e-01
-2.918304999999999927e-01
-2.850885000000000224e-01
-2.850885000000000224e-01
-2.811389999999999723e-01
-2.751525000000000221e-01
-2.660894999999999788e-01
-2.660894999999999788e-01
-2.660894999999999788e-01
-2.572949999999999959e-01
-2.572949999999999959e-01
-2.572949999999999959e-01
-2.425414999999999932e-01
-2.425414999999999932e-01
-2.362724999999999964e-01
-2.281940000000000079e-01
-2.271765000000000034e-01
-2.269750000000000101e-01
-2.225229999999999986e-01
-2.225229999999999986e-01
-2.177409999999999901e-01
-2.069384999999999974e-01
-2.069384999999999974e-01
-2.069384999999999974e-01
-2.069384999999999974e-01
-2.053105000000000069e-01
-1.955764999999999865e-01
-1.955764999999999865e-01
-1.892040000000000111e-01
-1.892040000000000111e-01
-1.892040000000000111e-01
-1.892040000000000111e-01
-1.786915000000000031e-01
-1.786915000000000031e-01
-1.734874999999999889e-01
-1.728659999999999919e-01
-1.728659999999999919e-01
-1.728659999999999919e-01
-1.674434999999999951e-01
-1.670105000000000062e-01
-1.670105000000000062e-01
-1.658799999999999997e-01
-1.644740000000000091e-01
-1.597240000000000049e-01
-1.568045000000000133e-01
-1.549885000000000013e-01
-1.541065000000000074e-01
-1.541065000000000074e-01
-1.507979999999999876e-01
-1.464620000000000088e-01
-1.464620000000000088e-01
-1.455585000000000073e-01
-1.447324999999999862e-01
-1.417634999999999867e-01
-1.417634999999999867e-01
-1.402930000000000010e-01
-1.402930000000000010e-01
-1.402930000000000010e-01
-1.363524999999999876e-01
-1.363524999999999876e-01
-1.336835000000000107e-01
-1.336835000000000107e-01
-1.336835000000000107e-01
-1.318124999999999991e-01
-1.299750000000000072e-01
-1.289915000000000089e-01
-1.249844999999999984e-01
-1.249844999999999984e-01
-1.249844999999999984e-01
-1.249844999999999984e-01
-1.242914999999999992e-01
-1.234444999999999987e-01
-1.233569999999999944e-01
-1.227810000000000012e-01
-1.215959999999999958e-01
-1.192180000000000045e-01
-1.192180000000000045e-01
-1.192180000000000045e-01
-1.192180000000000045e-01
-1.192180000000000045e-01
-1.179405000000000037e-01
-1.162649999999999934e-01
-1.125089999999999979e-01
-1.125089999999999979e-01
-1.125089999999999979e-01
-1.113345000000000029e-01
-1.106385000000000007e-01
-1.082324999999999954e-01
-1.082324999999999954e-01
-1.082324999999999954e-01
-1.081975000000000020e-01
-1.081975000000000020e-01
-1.072219999999999979e-01
-1.072219999999999979e-01
-9.984949999999999382e-02
-9.984949999999999382e-02
-9.984949999999999382e-02
-9.984949999999999382e-02
-9.984949999999999382e-02
-9.984949999999999382e-02
-9.849700000000000122e-02
-9.849700000000000122e-02
-9.849700000000000122e-02
-9.769650000000000556e-02
-9.769650000000000556e-02
-9.627299999999999747e-02
-9.596399999999999375e-02
-9.596399999999999375e-02
-9.594049999999999800e-02
-9.594049999999999800e-02
-9.457200000000000328e-02
-9.457200000000000328e-02
-9.191649999999999820e-02
-9.191649999999999820e-02
-9.191649999999999820e-02
-9.182600000000000484e-02
-9.178100000000000147e-02
-9.159299999999999387e-02
-9.138699999999999601e-02
-9.019850000000000090e-02
-9.019850000000000090e-02
-8.984200000000000519e-02
-8.806100000000000039e-02
-8.660600000000000243e-02
-8.660600000000000243e-02
-8.660600000000000243e-02
-8.660600000000000243e-02
-8.660600000000000243e-02
-8.660600000000000243e-02
-8.622449999999999559e-02
-8.322000000000000230e-02
-8.227399999999999991e-02
-8.227399999999999991e-02
-8.227399999999999991e-02
-8.227399999999999991e-02
-8.227399999999999991e-02
-8.227399999999999991e-02
-7.992249999999999355e-02
-7.992249999999999355e-02
-7.992249999999999355e-02
-7.992249999999999355e-02
-7.992249999999999355e-02
-7.882699999999999430e-02
-7.882699999999999430e-02
-7.882699999999999430e-02
-7.882699999999999430e-02
-7.882699999999999430e-02
-7.683349999999999902e-02
-7.590349999999999875e-02
-7.590349999999999875e-02
-7.590349999999999875e-02
-7.590349999999999875e-02
-7.576650000000000051e-02
-7.576650000000000051e-02
-7.575999999999999401e-02
-7.539049999999999918e-02
-7.539049999999999918e-02
-7.537649999999999906e-02
-7.482250000000000012e-02
-7.348549999999999527e-02
-7.348549999999999527e-02
-7.329900000000000304e-02
-7.329900000000000304e-02
-7.295899999999999608e-02
-7.295899999999999608e-02
-7.278650000000000397e-02
-7.278650000000000397e-02
-7.043049999999999311e-02
-7.043049999999999311e-02
-7.043049999999999311e-02
-7.043049999999999311e-02
-7.043049999999999311e-02
-7.043049999999999311e-02
-6.959400000000000308e-02
-6.791899999999999327e-02
-6.791899999999999327e-02
-6.791899999999999327e-02
-6.791899999999999327e-02
-6.791899999999999327e-02
-6.791899999999999327e-02
-6.791899999999999327e-02
-6.739549999999999708e-02
-6.680899999999999339e-02
-6.680899999999999339e-02
-6.680899999999999339e-02
-6.680899999999999339e-02
-6.546349999999999392e-02
-6.546349999999999392e-02
-6.546349999999999392e-02
-6.546349999999999392e-02
-6.546349999999999392e-02
-6.522849999999999482e-02
-6.500400000000000622e-02
-6.436200000000000254e-02
-6.436200000000000254e-02
-6.430049999999999655e-02
-6.430049999999999655e-02
-6.405550000000000133e-02
-6.405550000000000133e-02
-6.336749999999999328e-02
-6.336749999999999328e-02
-6.306000000000000494e-02
-6.306000000000000494e-02
-6.296849999999999670e-02
-6.296849999999999670e-02
-6.237150000000000333e-02
-6.237150000000000333e-02
-6.225200000000000178e-02
-6.225200000000000178e-02
-6.220049999999999885e-02
-6.136099999999999888e-02
-6.077350000000000113e-02
-6.077350000000000113e-02
-6.077350000000000113e-02
-6.077350000000000113e-02
-6.077350000000000113e-02
-5.987449999999999717e-02
-5.987449999999999717e-02
-5.987449999999999717e-02
-5.987449999999999717e-02
-5.966450000000000226e-02
-5.922949999999999743e-02
-5.922949999999999743e-02
-5.922949999999999743e-02
-5.858250000000000263e-02
-5.858250000000000263e-02
-5.858250000000000263e-02
-5.858250000000000263e-02
-5.858250000000000263e-02
-5.858250000000000263e-02
-5.855099999999999888e-02
-5.805899999999999950e-02
-5.805899999999999950e-02
-5.805899999999999950e-02
-5.799750000000000044e-02
-5.799750000000000044e-02
-5.799750000000000044e-02
-5.687099999999999794e-02
-5.639349999999999918e-02
-5.639349999999999918e-02
-5.639349999999999918e-02
-5.639349999999999918e-02
-5.639349999999999918e-02
-5.639349999999999918e-02
-5.491449999999999804e-02
-5.491449999999999804e-02
-5.491449999999999804e-02
-5.491449999999999804e-02
-5.491449999999999804e-02
-5.477950000000000180e-02
-5.477950000000000180e-02
-5.477950000000000180e-02
-5.457250000000000295e-02
-5.457250000000000295e-02
-5.457250000000000295e-02
-5.457250000000000295e-02
-5.448999999999999677e-02
-5.344700000000000145e-02
-5.344700000000000145e-02
-5.328100000000000197e-02
-5.328100000000000197e-02
-5.328100000000000197e-02
-5.328100000000000197e-02
-5.328100000000000197e-02
-5.301199999999999662e-02
-5.259250000000000036e-02
-5.259250000000000036e-02
-5.221049999999999996e-02
-5.221049999999999996e-02
-5.190249999999999725e-02
-5.155549999999999716e-02
-5.155549999999999716e-02
-5.089049999999999824e-02
-5.089049999999999824e-02
-5.089049999999999824e-02
-5.089049999999999824e-02
-5.089049999999999824e-02
-5.068999999999999895e-02
-4.967300000000000187e-02
-4.967300000000000187e-02
-4.967300000000000187e-02
-4.967300000000000187e-02
-4.967300000000000187e-02
-4.925249999999999767e-02
-4.925249999999999767e-02
-4.911200000000000288e-02
-4.873650000000000204e-02
-4.873650000000000204e-02
-4.873650000000000204e-02
-4.873650000000000204e-02
-4.854499999999999788e-02
-4.854499999999999788e-02
-4.846099999999999713e-02
-4.846099999999999713e-02
-4.846099999999999713e-02
-4.846099999999999713e-02
-4.785600000000000270e-02
-4.785600000000000270e-02
-4.785600000000000270e-02
-4.785600000000000270e-02
-4.762299999999999867e-02
-4.723249999999999671e-02
-4.723249999999999671e-02
-4.694050000000000306e-02
-4.694050000000000306e-02
-4.694050000000000306e-02
-4.694050000000000306e-02
-4.694050000000000306e-02
-4.694050000000000306e-02
-4.694050000000000306e-02
-4.694050000000000306e-02
-4.555449999999999777e-02
-4.555449999999999777e-02
-4.555449999999999777e-02
-4.555449999999999777e-02
-4.555449999999999777e-02
-4.538400000000000073e-02
-4.538400000000000073e-02
-4.538400000000000073e-02
-4.488400000000000029e-02
-4.488400000000000029e-02
-4.488400000000000029e-02
-4.359149999999999830e-02
-4.359149999999999830e-02
-4.359149999999999830e-02
-4.359149999999999830e-02
-4.359149999999999830e-02
-4.359149999999999830e-02
-4.302149999999999724e-02
-4.302149999999999724e-02
-4.302149999999999724e-02
-4.302149999999999724e-02
-4.302149999999999724e-02
-4.302149999999999724e-02
-4.302149999999999724e-02
-4.302149999999999724e-02
-4.300450000000000106e-02
-4.244900000000000062e-02
-4.244900000000000062e-02
-4.244900000000000062e-02
-4.244900000000000062e-02
-4.244900000000000062e-02
-4.244900000000000062e-02
-4.244900000000000062e-02
-4.244900000000000062e-02
-4.244900000000000062e-02
-4.241000000000000325e-02
-4.241000000000000325e-02
-4.177050000000000207e-02
-4.150899999999999729e-02
-4.150899999999999729e-02
-4.150899999999999729e-02
-4.150899999999999729e-02
-4.150899999999999729e-02
-4.150899999999999729e-02
-4.150899999999999729e-02
-4.150899999999999729e-02
-4.150899999999999729e-02
-4.137450000000000155e-02
-4.137450000000000155e-02
-4.101250000000000034e-02
-4.101250000000000034e-02
-4.101250000000000034e-02
-4.101250000000000034e-02
-4.101250000000000034e-02
-4.101250000000000034e-02
-4.078650000000000331e-02
-4.075100000000000250e-02
-4.061150000000000176e-02
-4.061150000000000176e-02
-4.048899999999999721e-02
-4.048899999999999721e-02
-4.048899999999999721e-02
-3.920950000000000130e-02
-3.920950000000000130e-02
-3.920950000000000130e-02
-3.920950000000000130e-02
-3.920950000000000130e-02
-3.920950000000000130e-02
-3.920950000000000130e-02
-3.920950000000000130e-02
-3.920950000000000130e-02
-3.920950000000000130e-02
-3.912899999999999712e-02
-3.912899999999999712e-02
-3.912899999999999712e-02
-3.912899999999999712e-02
-3.912899999999999712e-02
-3.911250000000000143e-02
-3.911250000000000143e-02
-3.834200000000000108e-02
-3.834200000000000108e-02
-3.834200000000000108e-02
-3.834200000000000108e-02
-3.758899999999999741e-02
-3.758899999999999741e-02
-3.737549999999999900e-02
-3.737549999999999900e-02
-3.725699999999999845e-02
-3.725699999999999845e-02
-3.724899999999999739e-02
-3.724899999999999739e-02
-3.724899999999999739e-02
-3.678150000000000169e-02
-3.678150000000000169e-02
-3.678150000000000169e-02
-3.678150000000000169e-02
-3.678150000000000169e-02
-3.653300000000000297e-02
-3.650799999999999879e-02
-3.650799999999999879e-02
-3.650149999999999922e-02
-3.650149999999999922e-02
-3.636500000000000149e-02
-3.636500000000000149e-02
-3.636349999999999999e-02
-3.598900000000000016e-02
-3.598900000000000016e-02
-3.598900000000000016e-02
-3.598900000000000016e-02
-3.591950000000000004e-02
-3.576750000000000068e-02
-3.576750000000000068e-02
-3.543650000000000272e-02
-3.543650000000000272e-02
-3.543650000000000272e-02
-3.543650000000000272e-02
-3.543650000000000272e-02
-3.543650000000000272e-02
-3.543650000000000272e-02
-3.543650000000000272e-02
-3.543650000000000272e-02
-3.514099999999999863e-02
-3.514099999999999863e-02
-3.514099999999999863e-02
-3.514099999999999863e-02
-3.514099999999999863e-02
-3.514099999999999863e-02
-3.514099999999999863e-02
-3.514099999999999863e-02
-3.508250000000000257e-02
-3.508250000000000257e-02
-3.508250000000000257e-02
-3.508250000000000257e-02
-3.508250000000000257e-02
-3.504650000000000126e-02
-3.499950000000000283e-02
-3.499950000000000283e-02
-3.498849999999999877e-02
-3.498849999999999877e-02
-3.497050000000000158e-02
-3.481950000000000323e-02
-3.481950000000000323e-02
-3.463249999999999662e-02
-3.463249999999999662e-02
-3.463249999999999662e-02
-3.461800000000000294e-02
-3.461800000000000294e-02
-3.461800000000000294e-02
-3.461800000000000294e-02
-3.461800000000000294e-02
-3.461800000000000294e-02
-3.448650000000000326e-02
-3.413850000000000218e-02
-3.413850000000000218e-02
-3.362199999999999911e-02
-3.362199999999999911e-02
-3.362199999999999911e-02
-3.362199999999999911e-02
-3.362199999999999911e-02
-3.352800000000000225e-02
-3.352800000000000225e-02
-3.352800000000000225e-02
-3.352800000000000225e-02
-3.352800000000000225e-02
-3.352800000000000225e-02
-3.352800000000000225e-02
-3.352800000000000225e-02
-3.331499999999999739e-02
-3.331499999999999739e-02
-3.327900000000000302e-02
-3.327900000000000302e-02
-3.321299999999999947e-02
-3.321299999999999947e-02
-3.321299999999999947e-02
-3.277549999999999908e-02
-3.277549999999999908e-02
-3.277549999999999908e-02
-3.277549999999999908e-02
-3.277549999999999908e-02
-3.277549999999999908e-02
-3.277549999999999908e-02
-3.276049999999999796e-02
-3.276049999999999796e-02
-3.276049999999999796e-02
-3.276049999999999796e-02
-3.276049999999999796e-02
-3.276049999999999796e-02
-3.276049999999999796e-02
-3.276049999999999796e-02
-3.276049999999999796e-02
-3.251049999999999773e-02
-3.251049999999999773e-02
-3.251049999999999773e-02
-3.251049999999999773e-02
-3.235699999999999688e-02
-3.235699999999999688e-02
-3.235699999999999688e-02
-3.235699999999999688e-02
-3.235699999999999688e-02
-3.235699999999999688e-02
-3.235699999999999688e-02
-3.235699999999999688e-02
-3.203899999999999804e-02
-3.201049999999999729e-02
-3.201049999999999729e-02
-3.201049999999999729e-02
-3.155199999999999672e-02
-3.155199999999999672e-02
-3.155199999999999672e-02
-3.155199999999999672e-02
-3.155199999999999672e-02
-3.155199999999999672e-02
-3.155199999999999672e-02
-3.155199999999999672e-02
-3.155199999999999672e-02
-3.155199999999999672e-02
-3.155199999999999672e-02
-3.138699999999999823e-02
-3.138699999999999823e-02
-3.138699999999999823e-02
-3.137050000000000255e-02
-3.137050000000000255e-02
-3.137050000000000255e-02
-3.137050000000000255e-02
-3.137050000000000255e-02
-3.115549999999999917e-02
-3.115549999999999917e-02
-3.115549999999999917e-02
-3.115549999999999917e-02
-3.115549999999999917e-02
-3.115549999999999917e-02
-3.111799999999999983e-02
-3.073750000000000093e-02
-3.073750000000000093e-02
-3.073750000000000093e-02
-3.073750000000000093e-02
-3.073750000000000093e-02
-3.073649999999999993e-02
-3.056949999999999945e-02
-2.347650000000000084e-02
-2.347650000000000084e-02
-2.347650000000000084e-02
-2.347650000000000084e-02
-2.347650000000000084e-02
-2.347650000000000084e-02
-2.347650000000000084e-02
-2.318150000000000072e-02
-2.318150000000000072e-02
-2.318150000000000072e-02
-2.318150000000000072e-02
-2.318150000000000072e-02
-2.318150000000000072e-02
-2.318150000000000072e-02
-2.318150000000000072e-02
-2.318150000000000072e-02
-2.318150000000000072e-02
-2.305750000000000161e-02
-2.305750000000000161e-02
-2.305750000000000161e-02
-2.305750000000000161e-02
-2.305750000000000161e-02
-2.302250000000000130e-02
-2.302250000000000130e-02
-2.302250000000000130e-02
-2.302250000000000130e-02
-2.302250000000000130e-02
-2.302250000000000130e-02
-2.302250000000000130e-02
-2.302250000000000130e-02
-2.302250000000000130e-02
-2.302250000000000130e-02
-2.302049999999999930e-02
-2.302049999999999930e-02
-2.302049999999999930e-02
-2.275949999999999848e-02
-2.275949999999999848e-02
-2.273700000000000027e-02
-2.273700000000000027e-02
-2.246650000000000036e-02
-2.246650000000000036e-02
-2.246650000000000036e-02
-2.124250000000000096e-02
-2.124250000000000096e-02
-2.124250000000000096e-02
-2.124250000000000096e-02
-2.124250000000000096e-02
-2.124250000000000096e-02
-2.124250000000000096e-02
-2.124250000000000096e-02
-2.124250000000000096e-02
-2.124250000000000096e-02
-2.124250000000000096e-02
-2.124250000000000096e-02
-2.124250000000000096e-02
-2.124250000000000096e-02
-2.124250000000000096e-02
-2.124250000000000096e-02
-2.120549999999999866e-02
-2.106850000000000042e-02
-2.106850000000000042e-02
-2.106850000000000042e-02
-2.106850000000000042e-02
-2.106850000000000042e-02
-2.106200000000000086e-02
-2.106200000000000086e-02
-2.106200000000000086e-02
-2.104699999999999974e-02
-2.080649999999999861e-02
-2.078050000000000036e-02
-2.078050000000000036e-02
-2.078050000000000036e-02
-2.076149999999999871e-02
-2.075549999999999964e-02
-2.052050000000000055e-02
-2.052050000000000055e-02
-2.052050000000000055e-02
-2.052050000000000055e-02
-2.050650000000000042e-02
-2.050650000000000042e-02
-2.050650000000000042e-02
-2.050650000000000042e-02
-2.037500000000000075e-02
-2.037500000000000075e-02
-2.037500000000000075e-02
-2.037500000000000075e-02
-2.037500000000000075e-02
-2.037500000000000075e-02
-2.037500000000000075e-02
-2.037500000000000075e-02
-2.037500000000000075e-02
-2.037500000000000075e-02
-2.031149999999999969e-02
-2.031149999999999969e-02
-2.031149999999999969e-02
-2.025350000000000067e-02
-2.025350000000000067e-02
-2.005449999999999941e-02
-2.005449999999999941e-02
-2.005449999999999941e-02
-2.003100000000000019e-02
-2.003100000000000019e-02
-2.003100000000000019e-02
-2.003100000000000019e-02
-2.003100000000000019e-02
-2.002249999999999863e-02
-2.002249999999999863e-02
-1.998350000000000126e-02
-1.994399999999999992e-02
-1.994399999999999992e-02
-1.992599999999999927e-02
-1.981650000000000078e-02
-1.970099999999999976e-02
-1.938049999999999842e-02
-1.938049999999999842e-02
-1.938049999999999842e-02
-1.938049999999999842e-02
-1.938049999999999842e-02
-1.938049999999999842e-02
-1.938049999999999842e-02
-1.938049999999999842e-02
-1.938049999999999842e-02
-1.938049999999999842e-02
-1.938049999999999842e-02
-1.935550000000000118e-02
-1.930000000000000118e-02
-1.912049999999999861e-02
-1.907400000000000068e-02
-1.904549999999999993e-02
-1.904350000000000140e-02
-1.903849999999999987e-02
-1.903849999999999987e-02
-1.902500000000000024e-02
-1.902349999999999874e-02
-1.902349999999999874e-02
-1.890800000000000120e-02
-1.890800000000000120e-02
-1.890800000000000120e-02
-1.890800000000000120e-02
-1.890800000000000120e-02
-1.890800000000000120e-02
-1.890800000000000120e-02
-1.890800000000000120e-02
-1.890800000000000120e-02
-1.890800000000000120e-02
-1.888350000000000098e-02
-1.888350000000000098e-02
-1.888350000000000098e-02
-1.880899999999999933e-02
-1.880300000000000027e-02
-1.880149999999999877e-02
-1.879899999999999974e-02
-1.879750000000000171e-02
-1.879750000000000171e-02
-1.863199999999999926e-02
-1.863199999999999926e-02
-1.863199999999999926e-02
-1.863199999999999926e-02
-1.863199999999999926e-02
-1.863199999999999926e-02
-1.863199999999999926e-02
-1.851099999999999968e-02
-1.851099999999999968e-02
-1.851099999999999968e-02
-1.851099999999999968e-02
-1.846400000000000124e-02
-1.846400000000000124e-02
-1.846400000000000124e-02
-1.821000000000000049e-02
-1.821000000000000049e-02
-1.821000000000000049e-02
-1.821000000000000049e-02
-1.821000000000000049e-02
-1.821000000000000049e-02
-1.821000000000000049e-02
-1.801250000000000073e-02
-1.801250000000000073e-02
-1.801250000000000073e-02
-1.801250000000000073e-02
-1.801250000000000073e-02
-1.801250000000000073e-02
-1.801250000000000073e-02
-1.795450000000000171e-02
-1.795450000000000171e-02
-1.795450000000000171e-02
-1.795450000000000171e-02
-1.795450000000000171e-02
-1.789999999999999925e-02
-1.789999999999999925e-02
-1.789999999999999925e-02
-1.789999999999999925e-02
-1.789999999999999925e-02
-1.789999999999999925e-02
-1.789999999999999925e-02
-1.789999999999999925e-02
-1.743400000000000158e-02
-1.743400000000000158e-02
-1.743400000000000158e-02
-1.743400000000000158e-02
-1.743400000000000158e-02
-1.743400000000000158e-02
-1.743400000000000158e-02
-1.743400000000000158e-02
-1.743400000000000158e-02
-1.743400000000000158e-02
-1.743400000000000158e-02
-1.738100000000000062e-02
-1.738100000000000062e-02
-1.738100000000000062e-02
-1.736450000000000146e-02
-1.736450000000000146e-02
-1.735000000000000084e-02
-1.735000000000000084e-02
-1.735000000000000084e-02
-1.734849999999999934e-02
-1.733149999999999968e-02
-1.732900000000000065e-02
-1.732900000000000065e-02
-1.732850000000000015e-02
-1.725749999999999854e-02
-1.725749999999999854e-02
-1.723399999999999932e-02
-1.722900000000000126e-02
-1.722900000000000126e-02
-1.722900000000000126e-02
-1.722299999999999873e-02
-1.715300000000000158e-02
-1.711100000000000121e-02
-1.711100000000000121e-02
-1.711100000000000121e-02
-1.711100000000000121e-02
-1.711100000000000121e-02
-1.711100000000000121e-02
-1.711100000000000121e-02
-1.711050000000000071e-02
-1.711050000000000071e-02
-1.711050000000000071e-02
-1.707099999999999937e-02
-1.707099999999999937e-02
-1.707099999999999937e-02
-1.707099999999999937e-02
-1.707099999999999937e-02
-1.707099999999999937e-02
-1.707099999999999937e-02
-1.707099999999999937e-02
-1.706699999999999884e-02
-1.706500000000000031e-02
-1.705699999999999925e-02
-1.701449999999999838e-02
-1.701449999999999838e-02
-1.699300000000000116e-02
-1.699300000000000116e-02
-1.698799999999999963e-02
-1.697049999999999947e-02
-1.697049999999999947e-02
-1.696550000000000141e-02
-1.696450000000000041e-02
-1.696450000000000041e-02
-1.696200000000000138e-02
-1.695999999999999938e-02
-1.695999999999999938e-02
-1.684199999999999933e-02
-1.684199999999999933e-02
-1.684199999999999933e-02
-1.684199999999999933e-02
-1.637600000000000167e-02
-1.637600000000000167e-02
-1.637600000000000167e-02
-1.637600000000000167e-02
-1.637600000000000167e-02
-1.637600000000000167e-02
-1.637600000000000167e-02
-1.637600000000000167e-02
-1.637600000000000167e-02
-1.637600000000000167e-02
-1.637600000000000167e-02
-1.578600000000000142e-02
-1.578600000000000142e-02
-1.578600000000000142e-02
-1.578600000000000142e-02
-1.578600000000000142e-02
-1.578600000000000142e-02
-1.578600000000000142e-02
-1.578600000000000142e-02
-1.578600000000000142e-02
-1.578600000000000142e-02
-1.578600000000000142e-02
-1.578600000000000142e-02
-1.578600000000000142e-02
-1.578600000000000142e-02
-1.578600000000000142e-02
-1.578600000000000142e-02
-1.578600000000000142e-02
-1.578600000000000142e-02
-1.578600000000000142e-02
-1.578600000000000142e-02
-1.578600000000000142e-02
-1.578600000000000142e-02
-1.578600000000000142e-02
-1.578600000000000142e-02
-1.578600000000000142e-02
-1.578600000000000142e-02
-1.578600000000000142e-02
-1.578600000000000142e-02
-1.578600000000000142e-02
-1.578600000000000142e-02
-1.571349999999999830e-02
-1.571349999999999830e-02
-1.571349999999999830e-02
-1.571349999999999830e-02
-1.571349999999999830e-02
-1.553850000000000023e-02
-1.553850000000000023e-02
-1.553850000000000023e-02
-1.553850000000000023e-02
-1.550099999999999915e-02
-1.550099999999999915e-02
-1.550099999999999915e-02
-1.547300000000000064e-02
-1.547300000000000064e-02
-1.547300000000000064e-02
-1.540049999999999926e-02
-1.540049999999999926e-02
-1.540049999999999926e-02
-1.540049999999999926e-02
-1.540049999999999926e-02
-1.540049999999999926e-02
-1.540049999999999926e-02
-1.540049999999999926e-02
-1.540049999999999926e-02
-1.537849999999999981e-02
-1.537849999999999981e-02
-1.537849999999999981e-02
-1.537849999999999981e-02
-1.537849999999999981e-02
-1.537849999999999981e-02
-1.537849999999999981e-02
-1.537849999999999981e-02
-1.537799999999999931e-02
-1.533699999999999994e-02
-1.533699999999999994e-02
-1.533699999999999994e-02
-1.533699999999999994e-02
-1.531099999999999996e-02
-1.531099999999999996e-02
-1.531099999999999996e-02
-1.531099999999999996e-02
-1.531099999999999996e-02
-1.526399999999999979e-02
-1.526399999999999979e-02
-1.526399999999999979e-02
-1.526399999999999979e-02
-1.526399999999999979e-02
-1.526399999999999979e-02
-1.526399999999999979e-02
-1.526399999999999979e-02
-1.526399999999999979e-02
-1.523850000000000031e-02
-1.523850000000000031e-02
-1.523850000000000031e-02
-1.523850000000000031e-02
-1.523850000000000031e-02
-1.523850000000000031e-02
-1.523850000000000031e-02
-1.523850000000000031e-02
-1.523700000000000054e-02
-1.523700000000000054e-02
-1.523700000000000054e-02
-1.523700000000000054e-02
-1.521899999999999989e-02
-1.520200000000000023e-02
-1.520200000000000023e-02
-1.520200000000000023e-02
-1.518650000000000035e-02
-1.509850000000000081e-02
-1.507000000000000006e-02
-1.507000000000000006e-02
-1.507000000000000006e-02
-1.506900000000000080e-02
-1.506900000000000080e-02
-1.496199999999999961e-02
-1.496199999999999961e-02
-1.490750000000000061e-02
-1.490750000000000061e-02
-1.490750000000000061e-02
-1.490750000000000061e-02
-1.490750000000000061e-02
-1.489749999999999928e-02
-1.489749999999999928e-02
-1.489749999999999928e-02
-1.461100000000000072e-02
-1.461100000000000072e-02
-1.461100000000000072e-02
-1.461100000000000072e-02
-1.461100000000000072e-02
-1.461100000000000072e-02
-1.461100000000000072e-02
-1.461100000000000072e-02
-1.461100000000000072e-02
-1.461100000000000072e-02
-1.461100000000000072e-02
-1.461100000000000072e-02
-1.461100000000000072e-02
-1.461100000000000072e-02
-1.461100000000000072e-02
-1.461100000000000072e-02
-1.461100000000000072e-02
-1.461100000000000072e-02
-1.461100000000000072e-02
-1.461100000000000072e-02
-1.461100000000000072e-02
-1.461100000000000072e-02
-1.461100000000000072e-02
-1.453199999999999978e-02
-1.453199999999999978e-02
-1.453199999999999978e-02
-1.453149999999999928e-02
-1.453149999999999928e-02
