9.674507871483133403e-01
6.585890833021325053e-01
3.288231762164113281e-01
9.995430025879933345e-01
6.851476909938892801e-01
4.501746847136453011e-01
9.667669181804411371e-01
6.842291295833787812e-01
5.369907888059375356e-01
9.604502928218436875e-01
7.717215197032847307e-01
4.165900776738984401e-01
9.654219401010180057e-01
7.747667376373468251e-01
4.839220904706770243e-01
9.821610940191551897e-01
8.455770312326297278e-01
7.274706706949192192e-01
9.894675966565510405e-01
7.620453426320791257e-01
5.849194577995180389e-01
9.959778200833095951e-01
7.446163466427662136e-01
5.613534659113712522e-01
9.856828395878249882e-01
8.407377850858070989e-01
7.583897257806335723e-01
9.817381865993841661e-01
7.270893216328377928e-01
6.498525474301106719e-01
9.908978714401031063e-01
8.600056169434973086e-01
6.776248403675400045e-01
9.879996532063588521e-01
8.374047961947365115e-01
8.509083658026704577e-02
9.965075283379225546e-01
7.872496973595224379e-01
3.080032831518513259e-01
9.897868283037134507e-01
7.543932527565826440e-01
3.173514396050575170e-01
9.986128735390651379e-01
7.609596484036337261e-01
3.588895655077751767e-01
9.904964771035820181e-01
7.254946117383260784e-01
3.992593557241383984e-01
9.881111703751760400e-01
7.481585080977684044e-01
4.590679345212622664e-01
9.946431874000478679e-01
7.688702384388774735e-01
4.670884537535394676e-01
9.957014264558592398e-01
7.649710697909264390e-01
4.261437011433044653e-01
9.955006385546376624e-01
7.619786462142988936e-01
6.265953137687160224e-01
