-2.061150000000000135e-02
-2.061150000000000135e-02
-2.040749999999999856e-02
-2.040749999999999856e-02
-1.983249999999999943e-02
-1.885399999999999923e-02
-1.885399999999999923e-02
-1.885399999999999923e-02
-1.885399999999999923e-02
-1.836399999999999838e-02
-1.833399999999999960e-02
-1.826449999999999949e-02
-1.811099999999999863e-02
-1.811099999999999863e-02
-1.811099999999999863e-02
-1.811099999999999863e-02
-1.811099999999999863e-02
-1.811099999999999863e-02
-1.811099999999999863e-02
-1.811099999999999863e-02
-1.811099999999999863e-02
-1.811099999999999863e-02
-1.811099999999999863e-02
-1.811099999999999863e-02
-1.811099999999999863e-02
-1.811099999999999863e-02
-1.811099999999999863e-02
-1.810749999999999860e-02
-1.810749999999999860e-02
-1.810749999999999860e-02
-1.810749999999999860e-02
-1.810749999999999860e-02
-1.810749999999999860e-02
-1.810749999999999860e-02
-1.810749999999999860e-02
-1.810749999999999860e-02
-1.810749999999999860e-02
-1.593100000000000072e-02
-1.593100000000000072e-02
-1.593100000000000072e-02
-1.593100000000000072e-02
-1.593100000000000072e-02
-1.593100000000000072e-02
-1.593100000000000072e-02
-1.593100000000000072e-02
-1.519900000000000070e-02
-1.519900000000000070e-02
-1.519900000000000070e-02
-1.446700000000000069e-02
-1.446150000000000040e-02
-1.446150000000000040e-02
-1.424450000000000022e-02
-1.424450000000000022e-02
-1.416949999999999980e-02
-1.416949999999999980e-02
-1.416949999999999980e-02
-1.416949999999999980e-02
-1.416949999999999980e-02
-1.416949999999999980e-02
-1.416949999999999980e-02
-1.416949999999999980e-02
-1.416949999999999980e-02
-1.416949999999999980e-02
-1.416949999999999980e-02
-1.416949999999999980e-02
-1.416949999999999980e-02
-1.416949999999999980e-02
-1.416949999999999980e-02
-1.416949999999999980e-02
-1.416949999999999980e-02
-1.416949999999999980e-02
-1.416949999999999980e-02
-1.416949999999999980e-02
-1.416949999999999980e-02
-1.416949999999999980e-02
-1.416949999999999980e-02
-1.416949999999999980e-02
-1.416949999999999980e-02
-1.416949999999999980e-02
-1.416949999999999980e-02
-1.415100000000000038e-02
-1.406499999999999938e-02
-1.406499999999999938e-02
-1.406499999999999938e-02
-1.406499999999999938e-02
-1.406499999999999938e-02
-1.406499999999999938e-02
-1.406499999999999938e-02
-1.405750000000000055e-02
-1.405750000000000055e-02
-1.405750000000000055e-02
-1.405750000000000055e-02
-1.405750000000000055e-02
-1.405700000000000005e-02
-1.405700000000000005e-02
-1.405700000000000005e-02
-1.405700000000000005e-02
-1.405700000000000005e-02
-1.405700000000000005e-02
-1.405700000000000005e-02
-1.405700000000000005e-02
-1.405700000000000005e-02
-1.405700000000000005e-02
-1.405700000000000005e-02
-1.405700000000000005e-02
-1.405700000000000005e-02
-1.405700000000000005e-02
-1.405700000000000005e-02
-1.405700000000000005e-02
-1.405700000000000005e-02
-1.405700000000000005e-02
-1.405700000000000005e-02
-1.405700000000000005e-02
-1.405700000000000005e-02
-1.405700000000000005e-02
-1.405700000000000005e-02
-1.405700000000000005e-02
-1.405700000000000005e-02
-1.405700000000000005e-02
-1.405700000000000005e-02
-1.405700000000000005e-02
-1.405700000000000005e-02
-1.405700000000000005e-02
-1.405700000000000005e-02
-1.405700000000000005e-02
-1.405700000000000005e-02
-1.405700000000000005e-02
-1.405700000000000005e-02
-1.405700000000000005e-02
-1.405700000000000005e-02
-1.405700000000000005e-02
-1.405700000000000005e-02
-1.405700000000000005e-02
-1.405700000000000005e-02
-1.405700000000000005e-02
-1.405700000000000005e-02
-1.405700000000000005e-02
-1.405700000000000005e-02
-1.405700000000000005e-02
-1.405700000000000005e-02
-1.405700000000000005e-02
-1.405700000000000005e-02
-1.405700000000000005e-02
-1.405700000000000005e-02
-1.405700000000000005e-02
-1.405700000000000005e-02
-1.383949999999999937e-02
-1.383949999999999937e-02
-1.383949999999999937e-02
-1.383949999999999937e-02
-1.383949999999999937e-02
-1.383949999999999937e-02
-1.383949999999999937e-02
-1.383949999999999937e-02
-1.383949999999999937e-02
-1.383949999999999937e-02
-1.383949999999999937e-02
-1.383949999999999937e-02
-1.383949999999999937e-02
-1.383949999999999937e-02
-1.369450000000000008e-02
-1.369450000000000008e-02
-1.369450000000000008e-02
-1.369450000000000008e-02
-1.369450000000000008e-02
-1.369450000000000008e-02
-1.369450000000000008e-02
-1.369450000000000008e-02
-1.369450000000000008e-02
-1.369450000000000008e-02
-1.369450000000000008e-02
-1.369450000000000008e-02
-1.369450000000000008e-02
-1.369450000000000008e-02
-1.369450000000000008e-02
-1.369450000000000008e-02
-1.369450000000000008e-02
-1.369450000000000008e-02
-1.369450000000000008e-02
-1.369450000000000008e-02
-1.369450000000000008e-02
-1.369450000000000008e-02
-1.369450000000000008e-02
-1.369450000000000008e-02
-1.369450000000000008e-02
-1.369450000000000008e-02
-1.369450000000000008e-02
-1.369450000000000008e-02
-1.369450000000000008e-02
-1.369450000000000008e-02
-1.369450000000000008e-02
-1.369450000000000008e-02
-1.369450000000000008e-02
-1.369450000000000008e-02
-1.369450000000000008e-02
-1.369450000000000008e-02
-1.369450000000000008e-02
-1.369300000000000031e-02
-1.369300000000000031e-02
-1.369300000000000031e-02
-1.369300000000000031e-02
-1.369300000000000031e-02
-1.369300000000000031e-02
-1.369300000000000031e-02
-1.369300000000000031e-02
-1.369300000000000031e-02
-1.369300000000000031e-02
-1.369300000000000031e-02
-1.368800000000000051e-02
-1.368800000000000051e-02
-1.368800000000000051e-02
-1.368800000000000051e-02
-1.368800000000000051e-02
-1.368800000000000051e-02
-1.368800000000000051e-02
-1.368800000000000051e-02
-1.368750000000000001e-02
-1.367799999999999919e-02
-1.367799999999999919e-02
-1.367799999999999919e-02
-1.367349999999999989e-02
-1.367349999999999989e-02
-1.367250000000000063e-02
-1.367250000000000063e-02
-1.367250000000000063e-02
-1.367250000000000063e-02
-1.367250000000000063e-02
-1.367149999999999962e-02
-1.367149999999999962e-02
-1.367149999999999962e-02
-1.367149999999999962e-02
-1.367149999999999962e-02
-1.367149999999999962e-02
-1.367149999999999962e-02
-1.367149999999999962e-02
-1.367149999999999962e-02
-1.367149999999999962e-02
-1.367149999999999962e-02
-1.367149999999999962e-02
-1.367149999999999962e-02
-1.367149999999999962e-02
-1.367149999999999962e-02
-1.367149999999999962e-02
-1.367149999999999962e-02
-1.367149999999999962e-02
-1.367149999999999962e-02
-1.367149999999999962e-02
-1.367149999999999962e-02
-1.367149999999999962e-02
-1.367149999999999962e-02
-1.367149999999999962e-02
-1.367149999999999962e-02
-1.367149999999999962e-02
-1.367149999999999962e-02
-1.367149999999999962e-02
-1.367149999999999962e-02
-1.367149999999999962e-02
-1.367149999999999962e-02
-1.367149999999999962e-02
-1.367149999999999962e-02
-1.367149999999999962e-02
-1.367149999999999962e-02
-1.367149999999999962e-02
-1.367149999999999962e-02
-1.367149999999999962e-02
-1.367149999999999962e-02
-1.367149999999999962e-02
-1.367149999999999962e-02
-1.367149999999999962e-02
-1.367149999999999962e-02
-1.367149999999999962e-02
-1.367149999999999962e-02
-1.367149999999999962e-02
-1.367149999999999962e-02
-1.367149999999999962e-02
-1.367149999999999962e-02
-1.367149999999999962e-02
-1.367149999999999962e-02
-1.367149999999999962e-02
-1.367149999999999962e-02
-1.367149999999999962e-02
-1.367149999999999962e-02
-1.367149999999999962e-02
-1.367149999999999962e-02
-1.367149999999999962e-02
-1.367149999999999962e-02
-1.367149999999999962e-02
-1.367149999999999962e-02
-1.367149999999999962e-02
-1.367149999999999962e-02
-1.367149999999999962e-02
-1.367149999999999962e-02
-1.367149999999999962e-02
-1.367149999999999962e-02
-1.367149999999999962e-02
-1.367149999999999962e-02
-1.367149999999999962e-02
-1.367149999999999962e-02
-1.367149999999999962e-02
-1.367149999999999962e-02
-1.367149999999999962e-02
-1.367149999999999962e-02
-1.367149999999999962e-02
-1.367149999999999962e-02
-1.367149999999999962e-02
-1.367149999999999962e-02
-1.367149999999999962e-02
-1.367149999999999962e-02
-1.367149999999999962e-02
-1.367149999999999962e-02
-1.367149999999999962e-02
-1.367149999999999962e-02
-1.367149999999999962e-02
-1.367149999999999962e-02
-1.367149999999999962e-02
-1.367149999999999962e-02
-1.367149999999999962e-02
-1.367149999999999962e-02
-1.367149999999999962e-02
-1.367149999999999962e-02
-1.367149999999999962e-02
-1.367149999999999962e-02
-1.367149999999999962e-02
-1.367149999999999962e-02
-1.367149999999999962e-02
-1.367149999999999962e-02
-1.367149999999999962e-02
-1.367149999999999962e-02
-1.367149999999999962e-02
-1.367149999999999962e-02
-1.367149999999999962e-02
-1.367149999999999962e-02
-1.367149999999999962e-02
-1.367149999999999962e-02
-1.367149999999999962e-02
-1.367149999999999962e-02
-1.367149999999999962e-02
-1.367149999999999962e-02
-1.367149999999999962e-02
-1.367149999999999962e-02
-1.367149999999999962e-02
-1.367149999999999962e-02
-1.367149999999999962e-02
-1.367149999999999962e-02
-1.367149999999999962e-02
-1.367149999999999962e-02
-1.367149999999999962e-02
-1.367149999999999962e-02
-1.367149999999999962e-02
-1.367149999999999962e-02
-1.367149999999999962e-02
-1.367149999999999962e-02
-1.367149999999999962e-02
-1.367149999999999962e-02
-1.367149999999999962e-02
-1.367149999999999962e-02
-1.367149999999999962e-02
-1.367149999999999962e-02
-1.367149999999999962e-02
-1.367149999999999962e-02
-1.367149999999999962e-02
-1.367149999999999962e-02
-1.367149999999999962e-02
-1.367149999999999962e-02
-1.367149999999999962e-02
-1.367149999999999962e-02
-1.367149999999999962e-02
-1.367149999999999962e-02
-1.367149999999999962e-02
-1.367149999999999962e-02
-1.367149999999999962e-02
-1.367149999999999962e-02
-1.367149999999999962e-02
-1.367149999999999962e-02
-1.367149999999999962e-02
-1.367149999999999962e-02
-1.367149999999999962e-02
-1.367149999999999962e-02
-1.367149999999999962e-02
-1.367149999999999962e-02
-1.367149999999999962e-02
-1.367149999999999962e-02
-1.367149999999999962e-02
-1.367149999999999962e-02
-1.367149999999999962e-02
-1.367149999999999962e-02
-1.367149999999999962e-02
-1.367149999999999962e-02
-1.367149999999999962e-02
-1.367149999999999962e-02
-1.367149999999999962e-02
-1.367149999999999962e-02
-1.367149999999999962e-02
-1.367149999999999962e-02
-1.367149999999999962e-02
-1.367149999999999962e-02
-1.367149999999999962e-02
-1.367149999999999962e-02
-1.367149999999999962e-02
-1.367149999999999962e-02
-1.367149999999999962e-02
-1.367149999999999962e-02
-1.367149999999999962e-02
-1.367149999999999962e-02
-1.367149999999999962e-02
-1.367149999999999962e-02
-1.367149999999999962e-02
-1.367149999999999962e-02
-1.367149999999999962e-02
-1.367149999999999962e-02
-1.367149999999999962e-02
-1.367149999999999962e-02
-1.367149999999999962e-02
-1.367149999999999962e-02
-1.367149999999999962e-02
-1.367149999999999962e-02
-1.367149999999999962e-02
-1.367149999999999962e-02
-1.367149999999999962e-02
-1.367149999999999962e-02
-1.367149999999999962e-02
-1.367149999999999962e-02
-1.367149999999999962e-02
-1.367149999999999962e-02
-1.367149999999999962e-02
-1.367149999999999962e-02
-1.366750000000000083e-02
-1.366750000000000083e-02
-1.366750000000000083e-02
-1.366750000000000083e-02
-1.366750000000000083e-02
-1.366599999999999933e-02
-1.366449999999999956e-02
-1.366449999999999956e-02
-1.366400000000000080e-02
-1.366400000000000080e-02
-1.366350000000000030e-02
-1.366350000000000030e-02
-1.366350000000000030e-02
-1.366350000000000030e-02
-1.366350000000000030e-02
-1.366350000000000030e-02
-1.366350000000000030e-02
-1.366350000000000030e-02
-1.366350000000000030e-02
-1.366350000000000030e-02
-1.366350000000000030e-02
-1.366350000000000030e-02
-1.366350000000000030e-02
-1.366350000000000030e-02
-1.366350000000000030e-02
-1.366350000000000030e-02
-1.366350000000000030e-02
-1.366350000000000030e-02
-1.366350000000000030e-02
-1.366350000000000030e-02
-1.366350000000000030e-02
-1.366350000000000030e-02
-1.366350000000000030e-02
-1.366350000000000030e-02
-1.366350000000000030e-02
-1.366350000000000030e-02
-1.366350000000000030e-02
-1.366350000000000030e-02
-1.366350000000000030e-02
-1.366350000000000030e-02
-1.366350000000000030e-02
-1.366350000000000030e-02
-1.366350000000000030e-02
-1.366350000000000030e-02
-1.366350000000000030e-02
-1.366350000000000030e-02
-1.366350000000000030e-02
-1.366350000000000030e-02
-1.366350000000000030e-02
-1.366350000000000030e-02
-1.366350000000000030e-02
-1.366350000000000030e-02
-1.366350000000000030e-02
-1.366350000000000030e-02
-1.366350000000000030e-02
-1.366350000000000030e-02
-1.366350000000000030e-02
-1.366350000000000030e-02
-1.366350000000000030e-02
-1.366350000000000030e-02
-1.366350000000000030e-02
-1.366350000000000030e-02
-1.366350000000000030e-02
-1.366350000000000030e-02
-1.366350000000000030e-02
-1.366350000000000030e-02
-1.366350000000000030e-02
-1.366350000000000030e-02
-1.366350000000000030e-02
-1.366350000000000030e-02
-1.366350000000000030e-02
-1.366350000000000030e-02
-1.366350000000000030e-02
-1.366350000000000030e-02
-1.366350000000000030e-02
-1.366350000000000030e-02
-1.366350000000000030e-02
-1.366350000000000030e-02
-1.366350000000000030e-02
-1.366350000000000030e-02
-1.366350000000000030e-02
-1.366350000000000030e-02
-1.366350000000000030e-02
-1.366350000000000030e-02
-1.366350000000000030e-02
-1.366350000000000030e-02
-1.366350000000000030e-02
-1.366350000000000030e-02
-1.366350000000000030e-02
-1.366350000000000030e-02
-1.366350000000000030e-02
-1.366350000000000030e-02
-1.366350000000000030e-02
-1.366350000000000030e-02
-1.366350000000000030e-02
-1.366350000000000030e-02
-1.366350000000000030e-02
-1.366350000000000030e-02
-1.366350000000000030e-02
-1.366350000000000030e-02
-1.366350000000000030e-02
-1.366350000000000030e-02
-1.366350000000000030e-02
-1.366350000000000030e-02
-1.366350000000000030e-02
-1.366350000000000030e-02
-1.366350000000000030e-02
-1.366350000000000030e-02
-1.366350000000000030e-02
-1.366350000000000030e-02
-1.366350000000000030e-02
-1.366350000000000030e-02
-1.366350000000000030e-02
-1.366350000000000030e-02
-1.366350000000000030e-02
-1.366350000000000030e-02
-1.366350000000000030e-02
-1.366350000000000030e-02
-1.366350000000000030e-02
-1.366350000000000030e-02
-1.366350000000000030e-02
-1.366350000000000030e-02
-1.366350000000000030e-02
-1.366350000000000030e-02
-1.366350000000000030e-02
-1.366350000000000030e-02
-1.366350000000000030e-02
-1.366350000000000030e-02
-1.366350000000000030e-02
-1.366350000000000030e-02
-1.366350000000000030e-02
-1.366350000000000030e-02
-1.366350000000000030e-02
-1.366350000000000030e-02
-1.366350000000000030e-02
-1.366350000000000030e-02
-1.366350000000000030e-02
-1.366350000000000030e-02
-1.366350000000000030e-02
-1.366350000000000030e-02
-1.366350000000000030e-02
-1.366350000000000030e-02
-1.366350000000000030e-02
-1.366350000000000030e-02
-1.366350000000000030e-02
-1.366350000000000030e-02
-1.366350000000000030e-02
-1.366350000000000030e-02
-1.366350000000000030e-02
-1.366350000000000030e-02
-1.366350000000000030e-02
-1.366350000000000030e-02
-1.366350000000000030e-02
-1.366350000000000030e-02
-1.366350000000000030e-02
-1.366350000000000030e-02
-1.366350000000000030e-02
-1.366350000000000030e-02
-1.366350000000000030e-02
-1.366350000000000030e-02
-1.366350000000000030e-02
-1.366350000000000030e-02
-1.366350000000000030e-02
-1.366350000000000030e-02
-1.366350000000000030e-02
-1.366350000000000030e-02
-1.366350000000000030e-02
-1.366350000000000030e-02
-1.366350000000000030e-02
-1.366350000000000030e-02
-1.366350000000000030e-02
-1.366350000000000030e-02
-1.366350000000000030e-02
-1.366350000000000030e-02
-1.366350000000000030e-02
-1.366350000000000030e-02
-1.366350000000000030e-02
-1.366350000000000030e-02
-1.366350000000000030e-02
-1.366350000000000030e-02
-1.366350000000000030e-02
-1.366350000000000030e-02
-1.366350000000000030e-02
-1.366350000000000030e-02
-1.366350000000000030e-02
-1.366350000000000030e-02
-1.366350000000000030e-02
-1.366350000000000030e-02
-1.366350000000000030e-02
-1.366350000000000030e-02
-1.366350000000000030e-02
-1.366350000000000030e-02
-1.366350000000000030e-02
-1.366350000000000030e-02
-1.366350000000000030e-02
-1.366350000000000030e-02
-1.366350000000000030e-02
-1.366350000000000030e-02
-1.366350000000000030e-02
-1.366350000000000030e-02
-1.366350000000000030e-02
-1.366350000000000030e-02
-1.366350000000000030e-02
-1.366350000000000030e-02
-1.366350000000000030e-02
-1.366350000000000030e-02
-1.366350000000000030e-02
-1.366350000000000030e-02
-1.366350000000000030e-02
-1.366350000000000030e-02
-1.366350000000000030e-02
-1.366350000000000030e-02
-1.366350000000000030e-02
-1.366350000000000030e-02
-1.366350000000000030e-02
-1.366350000000000030e-02
-1.366350000000000030e-02
-1.366350000000000030e-02
-1.366350000000000030e-02
-1.366350000000000030e-02
-1.366350000000000030e-02
-1.366350000000000030e-02
-1.366350000000000030e-02
-1.366350000000000030e-02
-1.366350000000000030e-02
-1.366350000000000030e-02
-1.366350000000000030e-02
-1.366350000000000030e-02
-1.366350000000000030e-02
-1.366350000000000030e-02
-1.366350000000000030e-02
-1.366350000000000030e-02
-1.366350000000000030e-02
-1.366350000000000030e-02
-1.366350000000000030e-02
-1.366350000000000030e-02
-1.366350000000000030e-02
-1.366350000000000030e-02
-1.366350000000000030e-02
-1.366350000000000030e-02
-1.366350000000000030e-02
-1.366350000000000030e-02
-1.366350000000000030e-02
-1.366350000000000030e-02
-1.366350000000000030e-02
-1.366350000000000030e-02
-1.366350000000000030e-02
-1.366350000000000030e-02
-1.366350000000000030e-02
-1.366350000000000030e-02
-1.366350000000000030e-02
-1.366350000000000030e-02
-1.366350000000000030e-02
-1.366350000000000030e-02
-1.366350000000000030e-02
-1.366350000000000030e-02
-1.366350000000000030e-02
-1.366350000000000030e-02
-1.366350000000000030e-02
-1.366350000000000030e-02
-1.366350000000000030e-02
-1.366350000000000030e-02
-1.366350000000000030e-02
-1.366350000000000030e-02
-1.366350000000000030e-02
-1.366350000000000030e-02
-1.366350000000000030e-02
-1.366350000000000030e-02
-1.366350000000000030e-02
-1.366350000000000030e-02
-1.366350000000000030e-02
-1.366350000000000030e-02
-1.366350000000000030e-02
-1.366350000000000030e-02
-1.366350000000000030e-02
-1.366350000000000030e-02
-1.366350000000000030e-02
-1.366350000000000030e-02
-1.366350000000000030e-02
-1.366350000000000030e-02
-1.366350000000000030e-02
-1.366350000000000030e-02
-1.366350000000000030e-02
-1.366350000000000030e-02
-1.366350000000000030e-02
-1.366350000000000030e-02
-1.366350000000000030e-02
-1.366350000000000030e-02
-1.366350000000000030e-02
-1.366350000000000030e-02
-1.366350000000000030e-02
-1.366350000000000030e-02
-1.366350000000000030e-02
-1.366350000000000030e-02
-1.366350000000000030e-02
-1.366350000000000030e-02
-1.366350000000000030e-02
-1.366350000000000030e-02
-1.365549999999999924e-02
-1.365549999999999924e-02
-1.365549999999999924e-02
-1.365500000000000047e-02
-1.365500000000000047e-02
-1.365500000000000047e-02
-1.365500000000000047e-02
-1.365500000000000047e-02
-1.365500000000000047e-02
-1.365500000000000047e-02
-1.365500000000000047e-02
-1.365500000000000047e-02
-1.365500000000000047e-02
-1.365500000000000047e-02
-1.365500000000000047e-02
-1.365500000000000047e-02
-1.365500000000000047e-02
-1.365500000000000047e-02
-1.365500000000000047e-02
-1.365500000000000047e-02
-1.365500000000000047e-02
-1.365500000000000047e-02
-1.365500000000000047e-02
-1.365500000000000047e-02
-1.365500000000000047e-02
-1.365500000000000047e-02
-1.365500000000000047e-02
-1.365500000000000047e-02
-1.365500000000000047e-02
-1.365500000000000047e-02
-1.365500000000000047e-02
-1.365500000000000047e-02
-1.365500000000000047e-02
-1.365500000000000047e-02
-1.365500000000000047e-02
-1.365500000000000047e-02
-1.365500000000000047e-02
-1.365500000000000047e-02
-1.365500000000000047e-02
-1.365500000000000047e-02
-1.361500000000000037e-02
-1.361500000000000037e-02
-1.361500000000000037e-02
-1.361500000000000037e-02
-1.361500000000000037e-02
-1.361500000000000037e-02
-1.361500000000000037e-02
-1.361500000000000037e-02
-1.361500000000000037e-02
-1.361500000000000037e-02
-1.361500000000000037e-02
-1.361500000000000037e-02
-1.361500000000000037e-02
-1.361500000000000037e-02
-1.361500000000000037e-02
-1.361500000000000037e-02
-1.361500000000000037e-02
-1.361500000000000037e-02
-1.361500000000000037e-02
-1.361500000000000037e-02
-1.361500000000000037e-02
-1.361500000000000037e-02
-1.361500000000000037e-02
-1.361500000000000037e-02
-1.361500000000000037e-02
-1.361500000000000037e-02
-1.361500000000000037e-02
-1.361500000000000037e-02
-1.361500000000000037e-02
-1.361500000000000037e-02
-1.361500000000000037e-02
-1.361500000000000037e-02
-1.361500000000000037e-02
-1.361500000000000037e-02
-1.361500000000000037e-02
-1.361500000000000037e-02
-1.361500000000000037e-02
-1.361500000000000037e-02
-1.361500000000000037e-02
-1.361500000000000037e-02
-1.361500000000000037e-02
-1.361500000000000037e-02
-1.361500000000000037e-02
-1.361500000000000037e-02
-1.361500000000000037e-02
-1.361500000000000037e-02
-1.361500000000000037e-02
-1.361500000000000037e-02
-1.361500000000000037e-02
-1.360250000000000001e-02
-1.360250000000000001e-02
-1.360250000000000001e-02
-1.360250000000000001e-02
-1.360250000000000001e-02
-1.360250000000000001e-02
-1.359950000000000048e-02
-1.359950000000000048e-02
-1.359950000000000048e-02
-1.359849999999999948e-02
-1.359849999999999948e-02
-1.359750000000000021e-02
-1.359750000000000021e-02
-1.359750000000000021e-02
-1.359750000000000021e-02
-1.359750000000000021e-02
-1.359750000000000021e-02
-1.359750000000000021e-02
-1.359750000000000021e-02
-1.359750000000000021e-02
-1.359750000000000021e-02
-1.359750000000000021e-02
-1.359750000000000021e-02
-1.359750000000000021e-02
-1.359750000000000021e-02
-1.359750000000000021e-02
-1.359750000000000021e-02
-1.359750000000000021e-02
-1.359750000000000021e-02
-1.359750000000000021e-02
-1.359750000000000021e-02
-1.359750000000000021e-02
-1.359750000000000021e-02
-1.359750000000000021e-02
-1.359750000000000021e-02
-1.359750000000000021e-02
-1.359750000000000021e-02
-1.359750000000000021e-02
-1.359750000000000021e-02
-1.359750000000000021e-02
-1.351450000000000047e-02
-1.351450000000000047e-02
-1.351450000000000047e-02
-1.351450000000000047e-02
-1.351450000000000047e-02
-1.351450000000000047e-02
-1.351450000000000047e-02
-1.351450000000000047e-02
-1.351450000000000047e-02
-1.351450000000000047e-02
-1.351450000000000047e-02
-1.351450000000000047e-02
-1.351450000000000047e-02
-1.351450000000000047e-02
-1.351450000000000047e-02
-1.351399999999999997e-02
-1.351049999999999994e-02
-1.351049999999999994e-02
-1.351049999999999994e-02
-1.351049999999999994e-02
-1.351049999999999994e-02
-1.350999999999999944e-02
-1.350999999999999944e-02
-1.350950000000000067e-02
-1.350950000000000067e-02
-1.350950000000000067e-02
-1.350950000000000067e-02
-1.350950000000000067e-02
-1.350950000000000067e-02
-1.350950000000000067e-02
-1.350950000000000067e-02
-1.350950000000000067e-02
-1.350950000000000067e-02
-1.350950000000000067e-02
-1.350950000000000067e-02
-1.350950000000000067e-02
-1.350950000000000067e-02
-1.350950000000000067e-02
-1.350950000000000067e-02
-1.350950000000000067e-02
-1.350950000000000067e-02
-1.350950000000000067e-02
-1.350950000000000067e-02
-1.350950000000000067e-02
-1.350950000000000067e-02
-1.350950000000000067e-02
-1.350950000000000067e-02
-1.350950000000000067e-02
-1.350950000000000067e-02
-1.350950000000000067e-02
-1.350950000000000067e-02
-1.350950000000000067e-02
-1.350950000000000067e-02
-1.350950000000000067e-02
-1.350950000000000067e-02
-1.350950000000000067e-02
-1.350950000000000067e-02
-1.350950000000000067e-02
-1.350950000000000067e-02
-1.350950000000000067e-02
-1.350950000000000067e-02
-1.350950000000000067e-02
-1.350950000000000067e-02
-1.350950000000000067e-02
-1.350950000000000067e-02
-1.350950000000000067e-02
-1.350950000000000067e-02
-1.350950000000000067e-02
-1.350950000000000067e-02
-1.350950000000000067e-02
-1.350950000000000067e-02
-1.350950000000000067e-02
-1.350950000000000067e-02
-1.350950000000000067e-02
-1.350950000000000067e-02
-1.350950000000000067e-02
-1.350950000000000067e-02
-1.350950000000000067e-02
-1.350950000000000067e-02
-1.350950000000000067e-02
-1.350950000000000067e-02
-1.350950000000000067e-02
-1.350950000000000067e-02
-1.350950000000000067e-02
-1.350950000000000067e-02
-1.350950000000000067e-02
-1.350950000000000067e-02
-1.350950000000000067e-02
-1.350950000000000067e-02
-1.350950000000000067e-02
-1.350950000000000067e-02
-1.350950000000000067e-02
-1.350950000000000067e-02
-1.350950000000000067e-02
-1.350950000000000067e-02
-1.350950000000000067e-02
-1.350950000000000067e-02
-1.350950000000000067e-02
-1.350950000000000067e-02
-1.350950000000000067e-02
-1.350950000000000067e-02
-1.350950000000000067e-02
-1.350950000000000067e-02
-1.350950000000000067e-02
-1.350950000000000067e-02
-1.350950000000000067e-02
-1.350950000000000067e-02
-1.350950000000000067e-02
-1.350950000000000067e-02
-1.350950000000000067e-02
-1.350950000000000067e-02
-1.350950000000000067e-02
-1.350950000000000067e-02
-1.350950000000000067e-02
-1.350950000000000067e-02
-1.350950000000000067e-02
-1.350950000000000067e-02
-1.350950000000000067e-02
-1.350950000000000067e-02
-1.350950000000000067e-02
-1.350950000000000067e-02
-1.350950000000000067e-02
-1.350950000000000067e-02
-1.350950000000000067e-02
-1.350950000000000067e-02
-1.350950000000000067e-02
-1.350950000000000067e-02
-1.350950000000000067e-02
-1.350950000000000067e-02
-1.350950000000000067e-02
-1.350950000000000067e-02
-1.350950000000000067e-02
-1.350950000000000067e-02
-1.350950000000000067e-02
-1.350950000000000067e-02
-1.350950000000000067e-02
-1.350950000000000067e-02
-1.350950000000000067e-02
-1.350950000000000067e-02
-1.350950000000000067e-02
-1.350950000000000067e-02
-1.350950000000000067e-02
-1.350950000000000067e-02
-1.350950000000000067e-02
-1.350950000000000067e-02
-1.350950000000000067e-02
-1.350950000000000067e-02
