-5.157779999999999587e-01
-5.157779999999999587e-01
-5.157779999999999587e-01
-5.001900000000000235e-01
-5.001900000000000235e-01
-4.976455000000000184e-01
-4.921975000000000100e-01
-4.844995000000000274e-01
-4.770024999999999959e-01
-4.770024999999999959e-01
-4.770024999999999959e-01
-4.762649999999999939e-01
-4.619624999999999981e-01
-4.606325000000000003e-01
-4.538054999999999728e-01
-4.488365000000000271e-01
-4.452429999999999999e-01
-4.412605000000000000e-01
-4.412605000000000000e-01
-4.412605000000000000e-01
-4.394199999999999773e-01
-4.394199999999999773e-01
-4.371800000000000130e-01
-4.371800000000000130e-01
-4.272070000000000034e-01
-4.272070000000000034e-01
-4.237635000000000152e-01
-4.237635000000000152e-01
-4.237635000000000152e-01
-4.220019999999999882e-01
-4.194280000000000230e-01
-4.194280000000000230e-01
-4.194280000000000230e-01
-4.162454999999999905e-01
-4.162454999999999905e-01
-4.162454999999999905e-01
-4.162454999999999905e-01
-4.162454999999999905e-01
-4.124085000000000112e-01
-4.109085000000000099e-01
-4.109085000000000099e-01
-4.109085000000000099e-01
-4.109085000000000099e-01
-4.109085000000000099e-01
-4.109085000000000099e-01
-4.109085000000000099e-01
-4.109085000000000099e-01
-4.083395000000000219e-01
-4.083395000000000219e-01
-4.077299999999999813e-01
-4.072109999999999896e-01
-4.072109999999999896e-01
-4.072109999999999896e-01
-4.071195000000000230e-01
-4.058320000000000261e-01
-4.058320000000000261e-01
-4.055584999999999885e-01
-4.055584999999999885e-01
-4.055584999999999885e-01
-4.032100000000000128e-01
-4.024989999999999957e-01
-4.024989999999999957e-01
-4.024750000000000272e-01
-4.024750000000000272e-01
-4.002950000000000119e-01
-4.002950000000000119e-01
-4.002950000000000119e-01
-4.002950000000000119e-01
-4.002950000000000119e-01
-4.002950000000000119e-01
-4.002950000000000119e-01
-3.986945000000000072e-01
-3.986945000000000072e-01
-3.986945000000000072e-01
-3.986945000000000072e-01
-3.986945000000000072e-01
-3.986945000000000072e-01
-3.984219999999999984e-01
-3.984219999999999984e-01
-3.974294999999999911e-01
-3.974294999999999911e-01
-3.974294999999999911e-01
-3.972964999999999969e-01
-3.972964999999999969e-01
-3.962955000000000227e-01
-3.962955000000000227e-01
-3.956990000000000229e-01
-3.956990000000000229e-01
-3.956990000000000229e-01
-3.950139999999999763e-01
-3.941025000000000222e-01
-3.941025000000000222e-01
-3.941025000000000222e-01
-3.940520000000000134e-01
-3.923650000000000193e-01
-3.923650000000000193e-01
-3.923650000000000193e-01
-3.923650000000000193e-01
-3.923650000000000193e-01
-3.923650000000000193e-01
-3.923650000000000193e-01
-3.923650000000000193e-01
-3.921580000000000066e-01
-3.921580000000000066e-01
-3.921580000000000066e-01
-3.920870000000000188e-01
-3.920870000000000188e-01
-3.920870000000000188e-01
-3.920365000000000100e-01
-3.912909999999999999e-01
-3.912909999999999999e-01
-3.912375000000000158e-01
-3.912375000000000158e-01
-3.912284999999999791e-01
-3.912284999999999791e-01
-3.912145000000000206e-01
-3.912054999999999838e-01
-3.881109999999999838e-01
-3.881109999999999838e-01
-3.881109999999999838e-01
-3.881109999999999838e-01
-3.881109999999999838e-01
-3.881109999999999838e-01
-3.881109999999999838e-01
-3.881109999999999838e-01
-3.881109999999999838e-01
-3.881109999999999838e-01
-3.881109999999999838e-01
-3.881109999999999838e-01
-3.880290000000000128e-01
-3.880290000000000128e-01
-3.880290000000000128e-01
-3.879604999999999859e-01
-3.877245000000000275e-01
-3.877245000000000275e-01
-3.869994999999999963e-01
-3.869994999999999963e-01
-3.869994999999999963e-01
-3.869994999999999963e-01
-3.869994999999999963e-01
-3.869994999999999963e-01
-3.869994999999999963e-01
-3.868725000000000080e-01
-3.868725000000000080e-01
-3.868725000000000080e-01
-3.868725000000000080e-01
-3.868725000000000080e-01
-3.865844999999999976e-01
-3.865844999999999976e-01
-3.865844999999999976e-01
-3.865844999999999976e-01
-3.865844999999999976e-01
-3.865844999999999976e-01
-3.865844999999999976e-01
-3.865844999999999976e-01
-3.865514999999999923e-01
-3.865514999999999923e-01
-3.865514999999999923e-01
-3.865514999999999923e-01
-3.862654999999999839e-01
-3.862654999999999839e-01
-3.862654999999999839e-01
-3.862654999999999839e-01
-3.862625000000000086e-01
-3.862625000000000086e-01
-3.861970000000000125e-01
-3.861970000000000125e-01
-3.861970000000000125e-01
-3.861375000000000224e-01
-3.861375000000000224e-01
-3.861375000000000224e-01
-3.861040000000000028e-01
-3.861040000000000028e-01
-3.860494999999999899e-01
-3.860494999999999899e-01
-3.860120000000000218e-01
-3.860120000000000218e-01
-3.859774999999999734e-01
-3.859049999999999980e-01
-3.859049999999999980e-01
-3.859049999999999980e-01
-3.859049999999999980e-01
-3.857415000000000149e-01
-3.857415000000000149e-01
-3.857415000000000149e-01
-3.857415000000000149e-01
-3.857415000000000149e-01
-3.857415000000000149e-01
-3.857415000000000149e-01
-3.856994999999999729e-01
-3.856994999999999729e-01
-3.856994999999999729e-01
-3.856994999999999729e-01
-3.856994999999999729e-01
-3.856994999999999729e-01
-3.856994999999999729e-01
-3.856994999999999729e-01
-3.856994999999999729e-01
-3.856775000000000064e-01
-3.856775000000000064e-01
-3.856775000000000064e-01
-3.856775000000000064e-01
-3.856744999999999757e-01
-3.856744999999999757e-01
-3.856705000000000272e-01
-3.856645000000000212e-01
-3.856645000000000212e-01
-3.856645000000000212e-01
-3.856645000000000212e-01
-3.856470000000000176e-01
-3.856470000000000176e-01
-3.855135000000000089e-01
-3.855135000000000089e-01
-3.855135000000000089e-01
-3.855135000000000089e-01
-3.854130000000000056e-01
-3.854130000000000056e-01
-3.854130000000000056e-01
-3.854130000000000056e-01
-3.854130000000000056e-01
-3.854130000000000056e-01
-3.854130000000000056e-01
-3.854130000000000056e-01
-3.854130000000000056e-01
-3.854130000000000056e-01
-3.854130000000000056e-01
-3.854130000000000056e-01
-3.854130000000000056e-01
-3.854130000000000056e-01
-3.854130000000000056e-01
-3.854124999999999912e-01
-3.853975000000000040e-01
-3.853920000000000123e-01
-3.853920000000000123e-01
-3.853900000000000103e-01
-3.853900000000000103e-01
-3.853900000000000103e-01
-3.853900000000000103e-01
-3.853900000000000103e-01
-3.853900000000000103e-01
-3.853900000000000103e-01
-3.853900000000000103e-01
-3.853900000000000103e-01
-3.853900000000000103e-01
-3.853900000000000103e-01
-3.853699999999999903e-01
-3.853699999999999903e-01
-3.853699999999999903e-01
-3.853650000000000131e-01
-3.853650000000000131e-01
-3.853650000000000131e-01
-3.853650000000000131e-01
-3.853650000000000131e-01
-3.853500000000000258e-01
-3.852504999999999957e-01
-3.852504999999999957e-01
-3.852504999999999957e-01
-3.850310000000000121e-01
-3.850310000000000121e-01
-3.850310000000000121e-01
-3.849945000000000173e-01
-3.849945000000000173e-01
-3.849945000000000173e-01
-3.849945000000000173e-01
-3.849945000000000173e-01
-3.849945000000000173e-01
-3.849945000000000173e-01
-3.849945000000000173e-01
-3.849210000000000131e-01
-3.849210000000000131e-01
-3.849210000000000131e-01
-3.849210000000000131e-01
-3.849210000000000131e-01
-3.849130000000000051e-01
-3.849130000000000051e-01
-3.849130000000000051e-01
-3.849130000000000051e-01
-3.848305000000000198e-01
-3.848305000000000198e-01
-3.848305000000000198e-01
-3.848305000000000198e-01
-3.848305000000000198e-01
-3.848305000000000198e-01
-3.848305000000000198e-01
-3.848305000000000198e-01
-3.848305000000000198e-01
-3.847999999999999754e-01
-3.847999999999999754e-01
-3.847999999999999754e-01
-3.847984999999999878e-01
-3.847984999999999878e-01
-3.847984999999999878e-01
-3.847935000000000105e-01
-3.847929999999999962e-01
-3.847929999999999962e-01
-3.847929999999999962e-01
-3.847530000000000117e-01
-3.847479999999999789e-01
-3.847479999999999789e-01
-3.847479999999999789e-01
-3.847479999999999789e-01
-3.847479999999999789e-01
-3.847479999999999789e-01
-3.847475000000000200e-01
-3.847475000000000200e-01
-3.847459999999999769e-01
-3.847369999999999957e-01
-3.846964999999999968e-01
-3.846964999999999968e-01
-3.846964999999999968e-01
-3.846959999999999824e-01
-3.846959999999999824e-01
-3.846959999999999824e-01
-3.846959999999999824e-01
-3.846904999999999908e-01
-3.846864999999999868e-01
-3.846815000000000095e-01
-3.846815000000000095e-01
-3.846809999999999952e-01
-3.846809999999999952e-01
-3.846800000000000219e-01
-3.846800000000000219e-01
-3.846800000000000219e-01
-3.846800000000000219e-01
-3.846780000000000199e-01
-3.846780000000000199e-01
-3.846780000000000199e-01
-3.846780000000000199e-01
-3.846780000000000199e-01
-3.846780000000000199e-01
-3.846780000000000199e-01
-3.846780000000000199e-01
-3.846780000000000199e-01
-3.846404999999999963e-01
-3.846404999999999963e-01
-3.846404999999999963e-01
-3.846154999999999990e-01
-3.846154999999999990e-01
-3.846154999999999990e-01
-3.846154999999999990e-01
-3.846154999999999990e-01
-3.846154999999999990e-01
-3.846154999999999990e-01
-3.846154999999999990e-01
-3.846154999999999990e-01
-3.846154999999999990e-01
-3.846154999999999990e-01
-3.846154999999999990e-01
-3.846154999999999990e-01
-3.846154999999999990e-01
-3.846154999999999990e-01
-3.846154999999999990e-01
-3.846154999999999990e-01
-3.846154999999999990e-01
-3.846154999999999990e-01
-3.846154999999999990e-01
-3.846154999999999990e-01
-3.846154999999999990e-01
-3.846154999999999990e-01
-3.846154999999999990e-01
-3.846154999999999990e-01
-3.846154999999999990e-01
-3.846154999999999990e-01
-3.846149999999999847e-01
-3.846149999999999847e-01
-3.846149999999999847e-01
-3.846149999999999847e-01
-3.846149999999999847e-01
-3.846149999999999847e-01
-3.846149999999999847e-01
-3.846149999999999847e-01
-3.846149999999999847e-01
-3.846149999999999847e-01
-3.846149999999999847e-01
-3.846149999999999847e-01
-3.846149999999999847e-01
-3.846120000000000094e-01
-3.846049999999999747e-01
-3.846049999999999747e-01
-3.846040000000000014e-01
-3.846029999999999727e-01
-3.846029999999999727e-01
-3.846029999999999727e-01
-3.846025000000000138e-01
-3.846005000000000118e-01
-3.845999999999999974e-01
-3.845999999999999974e-01
-3.845990000000000242e-01
-3.845965000000000078e-01
-3.845965000000000078e-01
-3.845965000000000078e-01
-3.844299999999999939e-01
-3.844299999999999939e-01
-3.844299999999999939e-01
-3.844299999999999939e-01
-3.844299999999999939e-01
-3.844299999999999939e-01
-3.844299999999999939e-01
-3.844299999999999939e-01
-3.844299999999999939e-01
-3.844299999999999939e-01
-3.844299999999999939e-01
-3.844294999999999796e-01
-3.844294999999999796e-01
-3.844294999999999796e-01
-3.844294999999999796e-01
-3.844294999999999796e-01
-3.844294999999999796e-01
-3.844294999999999796e-01
-3.844294999999999796e-01
-3.844285000000000063e-01
-3.844285000000000063e-01
-3.844279999999999919e-01
-3.844279999999999919e-01
-3.844279999999999919e-01
-3.844279999999999919e-01
-3.844279999999999919e-01
-3.844279999999999919e-01
-3.844270000000000187e-01
-3.844270000000000187e-01
-3.844270000000000187e-01
-3.844270000000000187e-01
-3.844265000000000043e-01
-3.844265000000000043e-01
-3.844265000000000043e-01
-3.844265000000000043e-01
-3.844259999999999899e-01
-3.844259999999999899e-01
-3.844259999999999899e-01
-3.844259999999999899e-01
-3.844259999999999899e-01
-3.844259999999999899e-01
-3.844259999999999899e-01
-3.844259999999999899e-01
-3.844259999999999899e-01
-3.844259999999999899e-01
-3.844259999999999899e-01
-3.844259999999999899e-01
-3.844259999999999899e-01
-3.844245000000000023e-01
-3.844245000000000023e-01
-3.844245000000000023e-01
-3.844245000000000023e-01
-3.844245000000000023e-01
-3.844245000000000023e-01
-3.844245000000000023e-01
-3.844245000000000023e-01
-3.844239999999999879e-01
-3.844239999999999879e-01
-3.844239999999999879e-01
-3.844239999999999879e-01
-3.844230000000000147e-01
-3.844230000000000147e-01
-3.844230000000000147e-01
-3.844230000000000147e-01
-3.844230000000000147e-01
-3.844230000000000147e-01
-3.844230000000000147e-01
-3.844230000000000147e-01
-3.844230000000000147e-01
-3.844230000000000147e-01
-3.844204999999999983e-01
-3.844204999999999983e-01
-3.844204999999999983e-01
-3.844204999999999983e-01
-3.844204999999999983e-01
-3.844204999999999983e-01
-3.844204999999999983e-01
-3.844204999999999983e-01
-3.844204999999999983e-01
-3.844204999999999983e-01
-3.844204999999999983e-01
-3.844204999999999983e-01
-3.844175000000000231e-01
-3.844175000000000231e-01
-3.844175000000000231e-01
-3.844175000000000231e-01
-3.844175000000000231e-01
-3.844175000000000231e-01
-3.844175000000000231e-01
-3.844175000000000231e-01
-3.844175000000000231e-01
-3.844159999999999799e-01
-3.844159999999999799e-01
-3.844155000000000211e-01
-3.844155000000000211e-01
-3.844155000000000211e-01
-3.844155000000000211e-01
-3.844155000000000211e-01
-3.844155000000000211e-01
-3.844155000000000211e-01
-3.844155000000000211e-01
-3.844155000000000211e-01
-3.844155000000000211e-01
-3.844155000000000211e-01
-3.844155000000000211e-01
-3.844155000000000211e-01
-3.844155000000000211e-01
-3.844155000000000211e-01
-3.844155000000000211e-01
-3.844155000000000211e-01
-3.844155000000000211e-01
-3.844155000000000211e-01
-3.844155000000000211e-01
-3.844144999999999923e-01
-3.844144999999999923e-01
-3.844144999999999923e-01
-3.844144999999999923e-01
-3.844144999999999923e-01
-3.844144999999999923e-01
-3.844144999999999923e-01
-3.844144999999999923e-01
-3.844144999999999923e-01
-3.844144999999999923e-01
-3.844144999999999923e-01
-3.844144999999999923e-01
-3.844144999999999923e-01
-3.844144999999999923e-01
-3.844144999999999923e-01
-3.844144999999999923e-01
-3.844144999999999923e-01
-3.844144999999999923e-01
-3.844144999999999923e-01
-3.844144999999999923e-01
-3.844144999999999923e-01
-3.844144999999999923e-01
-3.844144999999999923e-01
-3.844144999999999923e-01
-3.844144999999999923e-01
-3.844144999999999923e-01
-3.844144999999999923e-01
-3.844144999999999923e-01
-3.844144999999999923e-01
-3.844144999999999923e-01
-3.844144999999999923e-01
-3.844144999999999923e-01
-3.844144999999999923e-01
-3.844144999999999923e-01
-3.844144999999999923e-01
-3.844144999999999923e-01
-3.844144999999999923e-01
-3.844144999999999923e-01
-3.844144999999999923e-01
-3.844144999999999923e-01
-3.844144999999999923e-01
-3.844144999999999923e-01
-3.844144999999999923e-01
-3.844144999999999923e-01
-3.844144999999999923e-01
-3.844144999999999923e-01
-3.844139999999999779e-01
-3.844135000000000191e-01
-3.844135000000000191e-01
-3.844135000000000191e-01
-3.844135000000000191e-01
-3.844135000000000191e-01
-3.841764999999999763e-01
-3.841764999999999763e-01
-3.841764999999999763e-01
-3.841764999999999763e-01
-3.841764999999999763e-01
-3.841764999999999763e-01
-3.841764999999999763e-01
-3.841764999999999763e-01
-3.841764999999999763e-01
-3.841764999999999763e-01
-3.841764999999999763e-01
-3.841764999999999763e-01
-3.841764999999999763e-01
-3.841764999999999763e-01
-3.841764999999999763e-01
-3.841764999999999763e-01
-3.841764999999999763e-01
-3.841764999999999763e-01
-3.841764999999999763e-01
-3.841764999999999763e-01
-3.841764999999999763e-01
-3.841764999999999763e-01
-3.841764999999999763e-01
-3.841764999999999763e-01
-3.841764999999999763e-01
-3.841764999999999763e-01
-3.841764999999999763e-01
-3.841764999999999763e-01
-3.841764999999999763e-01
-3.841764999999999763e-01
-3.841764999999999763e-01
-3.841764999999999763e-01
-3.841764999999999763e-01
-3.841764999999999763e-01
-3.841764999999999763e-01
-3.841764999999999763e-01
-3.841764999999999763e-01
-3.841764999999999763e-01
-3.841764999999999763e-01
-3.841764999999999763e-01
-3.841764999999999763e-01
-3.841764999999999763e-01
-3.841764999999999763e-01
-3.841764999999999763e-01
-3.841764999999999763e-01
-3.841764999999999763e-01
-3.841764999999999763e-01
-3.841760000000000175e-01
-3.841760000000000175e-01
-3.841760000000000175e-01
-3.841760000000000175e-01
-3.841760000000000175e-01
-3.841760000000000175e-01
-3.841760000000000175e-01
-3.841760000000000175e-01
-3.841760000000000175e-01
-3.841760000000000175e-01
-3.841069999999999762e-01
-3.841069999999999762e-01
-3.841069999999999762e-01
-3.841069999999999762e-01
-3.841069999999999762e-01
-3.841069999999999762e-01
-3.841069999999999762e-01
-3.841069999999999762e-01
-3.841069999999999762e-01
-3.841069999999999762e-01
-3.841069999999999762e-01
-3.841069999999999762e-01
-3.841069999999999762e-01
-3.841069999999999762e-01
-3.841069999999999762e-01
-3.841069999999999762e-01
-3.841069999999999762e-01
-3.841069999999999762e-01
-3.841069999999999762e-01
-3.841069999999999762e-01
-3.841069999999999762e-01
-3.841069999999999762e-01
-3.841069999999999762e-01
-3.841069999999999762e-01
-3.841069999999999762e-01
-3.841069999999999762e-01
-3.841069999999999762e-01
-3.841069999999999762e-01
-3.841069999999999762e-01
-3.841069999999999762e-01
-3.841069999999999762e-01
-3.841069999999999762e-01
-3.841069999999999762e-01
-3.841065000000000174e-01
-3.841065000000000174e-01
-3.841065000000000174e-01
-3.841065000000000174e-01
-3.841065000000000174e-01
-3.841065000000000174e-01
-3.841060000000000030e-01
-3.841060000000000030e-01
-3.841060000000000030e-01
-3.841060000000000030e-01
-3.841060000000000030e-01
-3.841060000000000030e-01
-3.841060000000000030e-01
-3.841060000000000030e-01
-3.841060000000000030e-01
-3.839899999999999980e-01
-3.839899999999999980e-01
-3.839899999999999980e-01
-3.839899999999999980e-01
-3.839899999999999980e-01
-3.839899999999999980e-01
-3.839899999999999980e-01
-3.839899999999999980e-01
-3.839899999999999980e-01
-3.839899999999999980e-01
-3.839899999999999980e-01
-3.839899999999999980e-01
-3.839899999999999980e-01
-3.839899999999999980e-01
-3.839899999999999980e-01
-3.839899999999999980e-01
-3.839899999999999980e-01
-3.839899999999999980e-01
-3.839899999999999980e-01
-3.839899999999999980e-01
-3.839899999999999980e-01
-3.839899999999999980e-01
-3.839899999999999980e-01
-3.839899999999999980e-01
-3.839899999999999980e-01
-3.839899999999999980e-01
-3.839899999999999980e-01
-3.839899999999999980e-01
-3.839899999999999980e-01
-3.839899999999999980e-01
-3.839899999999999980e-01
-3.839899999999999980e-01
-3.839899999999999980e-01
-3.839899999999999980e-01
-3.839899999999999980e-01
-3.839899999999999980e-01
-3.839899999999999980e-01
-3.839899999999999980e-01
-3.839899999999999980e-01
-3.839899999999999980e-01
-3.839899999999999980e-01
-3.839899999999999980e-01
-3.839899999999999980e-01
-3.839899999999999980e-01
-3.839899999999999980e-01
-3.839899999999999980e-01
-3.839899999999999980e-01
-3.839899999999999980e-01
-3.839899999999999980e-01
-3.839899999999999980e-01
-3.839899999999999980e-01
-3.839899999999999980e-01
-3.839899999999999980e-01
-3.839899999999999980e-01
-3.839899999999999980e-01
-3.839899999999999980e-01
-3.839899999999999980e-01
-3.839899999999999980e-01
-3.839899999999999980e-01
-3.839830000000000187e-01
-3.839830000000000187e-01
-3.839830000000000187e-01
-3.839830000000000187e-01
-3.839830000000000187e-01
-3.839830000000000187e-01
-3.839830000000000187e-01
-3.839830000000000187e-01
-3.839794999999999736e-01
-3.839794999999999736e-01
-3.839794999999999736e-01
-3.839794999999999736e-01
-3.839779999999999860e-01
-3.839779999999999860e-01
-3.839779999999999860e-01
-3.839779999999999860e-01
-3.839779999999999860e-01
-3.839779999999999860e-01
-3.839779999999999860e-01
-3.839779999999999860e-01
-3.839779999999999860e-01
-3.839779999999999860e-01
-3.839779999999999860e-01
-3.839779999999999860e-01
-3.839779999999999860e-01
-3.839775000000000271e-01
-3.839775000000000271e-01
-3.839775000000000271e-01
-3.839775000000000271e-01
-3.839775000000000271e-01
-3.839775000000000271e-01
-3.839775000000000271e-01
-3.839775000000000271e-01
-3.839775000000000271e-01
-3.839775000000000271e-01
-3.839775000000000271e-01
-3.839775000000000271e-01
-3.839775000000000271e-01
-3.839775000000000271e-01
-3.839775000000000271e-01
-3.839775000000000271e-01
-3.839775000000000271e-01
-3.839775000000000271e-01
-3.839775000000000271e-01
-3.839775000000000271e-01
-3.839775000000000271e-01
-3.839775000000000271e-01
-3.839775000000000271e-01
-3.839775000000000271e-01
-3.839775000000000271e-01
-3.839775000000000271e-01
-3.839775000000000271e-01
-3.839775000000000271e-01
-3.839775000000000271e-01
-3.839775000000000271e-01
-3.839775000000000271e-01
-3.839775000000000271e-01
-3.839775000000000271e-01
-3.839775000000000271e-01
-3.839775000000000271e-01
-3.839775000000000271e-01
-3.839775000000000271e-01
-3.839775000000000271e-01
-3.839775000000000271e-01
-3.839775000000000271e-01
-3.839775000000000271e-01
-3.839775000000000271e-01
-3.839775000000000271e-01
-3.839775000000000271e-01
-3.839775000000000271e-01
-3.839775000000000271e-01
-3.839775000000000271e-01
-3.839775000000000271e-01
-3.839775000000000271e-01
-3.839775000000000271e-01
-3.839775000000000271e-01
-3.839775000000000271e-01
-3.839775000000000271e-01
-3.839775000000000271e-01
-3.839775000000000271e-01
-3.839775000000000271e-01
-3.839775000000000271e-01
-3.839775000000000271e-01
-3.839775000000000271e-01
-3.839775000000000271e-01
-3.839775000000000271e-01
-3.839775000000000271e-01
-3.839775000000000271e-01
-3.839775000000000271e-01
-3.839775000000000271e-01
-3.839775000000000271e-01
-3.839775000000000271e-01
-3.839775000000000271e-01
-3.839775000000000271e-01
-3.839775000000000271e-01
-3.839775000000000271e-01
-3.839775000000000271e-01
-3.839775000000000271e-01
-3.839775000000000271e-01
-3.839775000000000271e-01
-3.839775000000000271e-01
-3.839775000000000271e-01
-3.839775000000000271e-01
-3.839775000000000271e-01
-3.839775000000000271e-01
-3.839775000000000271e-01
-3.839775000000000271e-01
-3.839775000000000271e-01
-3.839775000000000271e-01
-3.839775000000000271e-01
-3.839775000000000271e-01
-3.839775000000000271e-01
-3.839775000000000271e-01
-3.839775000000000271e-01
-3.839775000000000271e-01
-3.839775000000000271e-01
-3.839775000000000271e-01
-3.839775000000000271e-01
-3.839775000000000271e-01
-3.839775000000000271e-01
-3.839775000000000271e-01
-3.839775000000000271e-01
-3.839775000000000271e-01
-3.839775000000000271e-01
-3.839775000000000271e-01
-3.839775000000000271e-01
-3.839775000000000271e-01
-3.839775000000000271e-01
-3.839775000000000271e-01
-3.839775000000000271e-01
-3.839775000000000271e-01
-3.839775000000000271e-01
-3.839775000000000271e-01
-3.839775000000000271e-01
-3.839775000000000271e-01
-3.839775000000000271e-01
-3.839775000000000271e-01
-3.839775000000000271e-01
-3.839775000000000271e-01
-3.839775000000000271e-01
-3.839775000000000271e-01
-3.839775000000000271e-01
-3.839775000000000271e-01
-3.839775000000000271e-01
-3.839775000000000271e-01
-3.839775000000000271e-01
-3.839775000000000271e-01
-3.838880000000000070e-01
-3.838880000000000070e-01
-3.838880000000000070e-01
-3.838880000000000070e-01
-3.838880000000000070e-01
-3.838880000000000070e-01
-3.838880000000000070e-01
-3.838880000000000070e-01
-3.838880000000000070e-01
-3.838880000000000070e-01
-3.838880000000000070e-01
-3.838880000000000070e-01
-3.838880000000000070e-01
-3.838880000000000070e-01
-3.838880000000000070e-01
-3.838880000000000070e-01
-3.838880000000000070e-01
-3.838880000000000070e-01
-3.838880000000000070e-01
-3.838880000000000070e-01
-3.838880000000000070e-01
-3.838880000000000070e-01
-3.838880000000000070e-01
-3.838880000000000070e-01
-3.838880000000000070e-01
-3.838880000000000070e-01
-3.838880000000000070e-01
-3.838880000000000070e-01
-3.838880000000000070e-01
-3.838880000000000070e-01
-3.838880000000000070e-01
-3.838880000000000070e-01
-3.838880000000000070e-01
-3.838880000000000070e-01
-3.838880000000000070e-01
-3.838880000000000070e-01
-3.838880000000000070e-01
-3.838880000000000070e-01
-3.838880000000000070e-01
-3.838880000000000070e-01
-3.838880000000000070e-01
-3.838880000000000070e-01
-3.838880000000000070e-01
-3.838880000000000070e-01
-3.838880000000000070e-01
-3.838880000000000070e-01
-3.838874999999999926e-01
-3.838874999999999926e-01
-3.838874999999999926e-01
-3.838874999999999926e-01
-3.838874999999999926e-01
-3.838874999999999926e-01
-3.838874999999999926e-01
-3.838874999999999926e-01
-3.838874999999999926e-01
-3.838874999999999926e-01
-3.838874999999999926e-01
-3.838874999999999926e-01
-3.838874999999999926e-01
-3.838874999999999926e-01
-3.838874999999999926e-01
-3.838874999999999926e-01
-3.838874999999999926e-01
-3.838874999999999926e-01
-3.838874999999999926e-01
-3.838874999999999926e-01
-3.838874999999999926e-01
-3.838874999999999926e-01
-3.838874999999999926e-01
-3.838874999999999926e-01
-3.838874999999999926e-01
-3.838874999999999926e-01
-3.838874999999999926e-01
-3.838874999999999926e-01
-3.838874999999999926e-01
-3.838874999999999926e-01
-3.838874999999999926e-01
-3.838874999999999926e-01
-3.838874999999999926e-01
-3.838874999999999926e-01
-3.838874999999999926e-01
-3.838874999999999926e-01
-3.838874999999999926e-01
-3.838874999999999926e-01
-3.838874999999999926e-01
-3.838874999999999926e-01
-3.838874999999999926e-01
-3.838874999999999926e-01
-3.838874999999999926e-01
-3.838874999999999926e-01
-3.838874999999999926e-01
-3.838865000000000194e-01
-3.838865000000000194e-01
-3.838865000000000194e-01
-3.838865000000000194e-01
-3.838865000000000194e-01
-3.838865000000000194e-01
-3.838865000000000194e-01
-3.838865000000000194e-01
-3.838865000000000194e-01
-3.838865000000000194e-01
-3.838865000000000194e-01
-3.838865000000000194e-01
-3.838865000000000194e-01
-3.838865000000000194e-01
-3.838865000000000194e-01
-3.838865000000000194e-01
-3.838865000000000194e-01
-3.838865000000000194e-01
-3.838865000000000194e-01
-3.838865000000000194e-01
-3.838865000000000194e-01
-3.838865000000000194e-01
-3.838865000000000194e-01
-3.838865000000000194e-01
-3.838865000000000194e-01
-3.838865000000000194e-01
-3.838865000000000194e-01
-3.838865000000000194e-01
-3.838865000000000194e-01
-3.838865000000000194e-01
-3.838865000000000194e-01
-3.838865000000000194e-01
-3.838865000000000194e-01
-3.838865000000000194e-01
-3.838865000000000194e-01
-3.838865000000000194e-01
-3.838865000000000194e-01
-3.838865000000000194e-01
-3.838865000000000194e-01
-3.838865000000000194e-01
-3.838865000000000194e-01
-3.838865000000000194e-01
