-2.513310000000000266e-01
-2.106210000000000027e-01
-1.991120000000000112e-01
-1.648809999999999998e-01
-1.419880000000000031e-01
-1.304269999999999874e-01
-1.235519999999999952e-01
-1.061575000000000019e-01
-9.726150000000000073e-02
-9.321200000000000319e-02
-8.891549999999999454e-02
-8.487150000000000249e-02
-8.428900000000000281e-02
-8.406500000000000083e-02
-8.252600000000000213e-02
-8.157999999999999974e-02
-7.996150000000000480e-02
-7.996150000000000480e-02
-7.925649999999999362e-02
-7.899749999999999828e-02
-7.794149999999999689e-02
-7.630449999999999733e-02
-7.630449999999999733e-02
-7.630449999999999733e-02
-7.590800000000000325e-02
-7.534050000000000469e-02
-7.510150000000000159e-02
-7.467350000000000376e-02
-7.409200000000000508e-02
-7.265149999999999386e-02
-7.265149999999999386e-02
-7.252550000000000663e-02
-7.074950000000000683e-02
-7.018299999999999539e-02
-6.932599999999999874e-02
-6.927300000000000124e-02
-6.903449999999999864e-02
-6.880899999999999517e-02
-6.816149999999999987e-02
-6.784600000000000353e-02
-6.748250000000000082e-02
-6.715350000000000485e-02
-6.693749999999999700e-02
-6.662300000000000166e-02
-6.646849999999999981e-02
-6.624099999999999433e-02
-6.569999999999999452e-02
-6.534950000000000481e-02
-6.530700000000000394e-02
-6.492149999999999310e-02
-6.492149999999999310e-02
-6.485299999999999399e-02
-6.437350000000000017e-02
-6.437350000000000017e-02
-6.418749999999999456e-02
-6.394900000000000584e-02
-6.370349999999999624e-02
-6.370349999999999624e-02
-6.340300000000000102e-02
-6.320249999999999480e-02
-6.280800000000000272e-02
-6.262600000000000111e-02
-6.260799999999999699e-02
-6.244199999999999751e-02
-6.211400000000000254e-02
-6.206049999999999761e-02
-6.171499999999999903e-02
-6.135899999999999688e-02
-6.135899999999999688e-02
-6.127500000000000308e-02
-6.097949999999999898e-02
-6.047550000000000148e-02
-6.029999999999999943e-02
-6.029999999999999943e-02
-5.998250000000000109e-02
-5.998250000000000109e-02
-5.998250000000000109e-02
-5.984400000000000136e-02
-5.956750000000000239e-02
-5.885750000000000010e-02
-5.885750000000000010e-02
-5.861449999999999994e-02
-5.861299999999999844e-02
-5.786750000000000227e-02
-5.786750000000000227e-02
-5.729000000000000065e-02
-5.729000000000000065e-02
-5.680400000000000033e-02
-5.650700000000000167e-02
-5.634750000000000175e-02
-5.631800000000000000e-02
-5.616700000000000165e-02
-5.605899999999999772e-02
-5.600999999999999729e-02
-5.584150000000000225e-02
-5.575299999999999701e-02
-5.525800000000000156e-02
-5.525800000000000156e-02
-5.524300000000000044e-02
-5.523299999999999738e-02
-5.485749999999999654e-02
-5.483699999999999686e-02
-5.477449999999999680e-02
-5.468850000000000100e-02
-5.455600000000000033e-02
-5.436850000000000016e-02
-5.397249999999999964e-02
-5.390749999999999709e-02
-5.390749999999999709e-02
-5.362100000000000199e-02
-5.304350000000000037e-02
-5.304350000000000037e-02
-5.301949999999999719e-02
-5.301949999999999719e-02
-5.299700000000000244e-02
-5.285249999999999670e-02
-5.284649999999999764e-02
-5.278650000000000009e-02
-5.248549999999999743e-02
-5.238999999999999907e-02
-5.231949999999999795e-02
-5.188949999999999813e-02
-5.188949999999999813e-02
-5.188949999999999813e-02
-5.153749999999999998e-02
-5.153749999999999998e-02
-5.153749999999999998e-02
-5.129399999999999932e-02
-5.120899999999999758e-02
-5.103150000000000047e-02
-5.090700000000000086e-02
-5.086750000000000299e-02
-5.061050000000000271e-02
-5.031499999999999861e-02
-5.031499999999999861e-02
-5.031499999999999861e-02
-5.010400000000000270e-02
-5.008399999999999658e-02
-4.978550000000000336e-02
-4.973049999999999693e-02
-4.960900000000000032e-02
-4.949300000000000227e-02
-4.935699999999999810e-02
-4.894099999999999839e-02
-4.852700000000000069e-02
-4.852700000000000069e-02
-4.852700000000000069e-02
-4.852700000000000069e-02
-4.848800000000000332e-02
-4.824900000000000022e-02
-4.812749999999999667e-02
-4.758749999999999786e-02
-4.346599999999999769e-02
-4.197000000000000036e-02
-4.136250000000000343e-02
-4.136250000000000343e-02
-4.136250000000000343e-02
-4.136250000000000343e-02
-4.106150000000000078e-02
-4.106150000000000078e-02
-4.069300000000000000e-02
-4.069300000000000000e-02
-4.054050000000000015e-02
-4.043950000000000322e-02
-4.024749999999999855e-02
-4.020649999999999918e-02
-4.000299999999999689e-02
-3.979300000000000198e-02
-3.979300000000000198e-02
-3.953700000000000270e-02
-3.953700000000000270e-02
-3.926450000000000079e-02
-3.926450000000000079e-02
-3.926450000000000079e-02
-3.924300000000000010e-02
-3.906400000000000150e-02
-3.901049999999999657e-02
-3.881149999999999878e-02
-3.845849999999999963e-02
-3.824999999999999928e-02
-3.824999999999999928e-02
-3.799349999999999949e-02
-3.799349999999999949e-02
-3.786199999999999982e-02
-3.786199999999999982e-02
-3.786199999999999982e-02
-3.782200000000000145e-02
-3.759250000000000091e-02
-3.748900000000000149e-02
-3.748200000000000143e-02
-3.748200000000000143e-02
-3.736749999999999794e-02
-3.680850000000000094e-02
-3.680850000000000094e-02
-3.680850000000000094e-02
-3.677949999999999969e-02
-3.675550000000000345e-02
-3.669300000000000339e-02
-3.656750000000000278e-02
-3.656750000000000278e-02
-3.656750000000000278e-02
-3.651900000000000285e-02
-3.633399999999999824e-02
-3.633399999999999824e-02
-3.607149999999999940e-02
-3.607149999999999940e-02
-3.604600000000000165e-02
-3.604600000000000165e-02
-3.592999999999999666e-02
-3.592999999999999666e-02
-3.590750000000000192e-02
-3.583150000000000224e-02
-3.576700000000000018e-02
-3.558499999999999858e-02
-3.556249999999999689e-02
-3.556249999999999689e-02
-3.552849999999999758e-02
-3.541500000000000203e-02
-3.541500000000000203e-02
-3.538249999999999729e-02
-3.527500000000000080e-02
-3.527500000000000080e-02
-3.526200000000000168e-02
-3.516600000000000281e-02
-3.516600000000000281e-02
-3.514849999999999919e-02
-3.514849999999999919e-02
-3.508649999999999963e-02
-3.507899999999999907e-02
-3.503850000000000020e-02
-3.500749999999999695e-02
-3.487749999999999878e-02
-3.487749999999999878e-02
-3.481999999999999679e-02
-3.478400000000000242e-02
-3.471099999999999880e-02
-3.459899999999999781e-02
-3.459899999999999781e-02
-3.432049999999999684e-02
-3.429449999999999860e-02
-3.429449999999999860e-02
-3.428900000000000003e-02
-3.410900000000000043e-02
-3.410900000000000043e-02
-3.391899999999999776e-02
-3.391899999999999776e-02
-3.380550000000000221e-02
-3.379150000000000209e-02
-3.364999999999999936e-02
-3.349300000000000194e-02
-3.349200000000000094e-02
-3.322549999999999809e-02
-3.322549999999999809e-02
-3.315400000000000291e-02
-3.315200000000000091e-02
-3.304150000000000142e-02
-3.304050000000000042e-02
-3.288250000000000201e-02
-3.288250000000000201e-02
-3.288250000000000201e-02
-3.273000000000000215e-02
-3.266199999999999659e-02
-3.259599999999999997e-02
-3.259599999999999997e-02
-3.259599999999999997e-02
-3.239750000000000268e-02
-3.239750000000000268e-02
-3.239750000000000268e-02
-3.239750000000000268e-02
-3.239000000000000212e-02
-3.234349999999999725e-02
-3.234349999999999725e-02
-3.205999999999999822e-02
-3.205999999999999822e-02
-3.205999999999999822e-02
-3.205800000000000316e-02
-3.203199999999999797e-02
-3.200250000000000317e-02
-3.200250000000000317e-02
-3.193050000000000055e-02
-3.192350000000000049e-02
-3.178849999999999731e-02
-3.176550000000000207e-02
-3.176550000000000207e-02
-3.160749999999999671e-02
-3.160749999999999671e-02
-3.154799999999999965e-02
-3.153799999999999659e-02
-3.153500000000000053e-02
-3.148750000000000160e-02
-3.148449999999999860e-02
-3.143250000000000210e-02
-3.138599999999999723e-02
-3.132250000000000312e-02
-3.132250000000000312e-02
-3.123000000000000081e-02
-3.123000000000000081e-02
-3.120950000000000113e-02
-3.117899999999999838e-02
-3.105950000000000030e-02
-3.105350000000000124e-02
-3.105350000000000124e-02
-3.087849999999999970e-02
-3.087849999999999970e-02
-3.087849999999999970e-02
-3.087849999999999970e-02
-3.087849999999999970e-02
-3.087849999999999970e-02
-3.083150000000000127e-02
-3.076299999999999868e-02
-3.052049999999999902e-02
-3.052049999999999902e-02
-3.052049999999999902e-02
-3.052049999999999902e-02
-3.052049999999999902e-02
-3.052049999999999902e-02
-3.046650000000000053e-02
-3.046650000000000053e-02
-3.046650000000000053e-02
-3.042600000000000166e-02
-3.032999999999999932e-02
-3.009300000000000169e-02
-3.009300000000000169e-02
-3.009300000000000169e-02
-3.003849999999999923e-02
-3.002499999999999961e-02
-2.992099999999999968e-02
-2.992099999999999968e-02
-2.992099999999999968e-02
-2.987449999999999828e-02
-2.980450000000000113e-02
-2.980450000000000113e-02
-2.979750000000000107e-02
-2.977199999999999985e-02
-2.971549999999999886e-02
-2.971549999999999886e-02
-2.964850000000000124e-02
-2.964850000000000124e-02
-2.949049999999999935e-02
-2.942149999999999974e-02
-2.934799999999999909e-02
-2.934799999999999909e-02
-2.927599999999999994e-02
-2.927599999999999994e-02
-2.920499999999999832e-02
-2.920499999999999832e-02
-2.908749999999999877e-02
-2.889299999999999854e-02
-2.889299999999999854e-02
-2.889299999999999854e-02
-2.889299999999999854e-02
-2.889299999999999854e-02
-2.882550000000000043e-02
-2.882550000000000043e-02
-2.882550000000000043e-02
-2.843249999999999944e-02
-2.843249999999999944e-02
-2.843249999999999944e-02
-2.843249999999999944e-02
-2.843249999999999944e-02
-2.843249999999999944e-02
-2.840550000000000019e-02
-2.840550000000000019e-02
-2.839699999999999863e-02
-2.839699999999999863e-02
-2.839699999999999863e-02
-2.834300000000000014e-02
-2.832950000000000051e-02
-2.829900000000000124e-02
-2.824799999999999880e-02
-2.802450000000000080e-02
-2.802450000000000080e-02
-2.802450000000000080e-02
-2.800249999999999961e-02
-2.800249999999999961e-02
-2.799250000000000002e-02
-2.799250000000000002e-02
-2.790050000000000169e-02
-2.790050000000000169e-02
-2.783249999999999960e-02
-2.776999999999999955e-02
-2.775649999999999992e-02
-2.773499999999999924e-02
-2.767700000000000021e-02
-2.753550000000000095e-02
-2.753550000000000095e-02
-2.750599999999999920e-02
-2.743500000000000105e-02
-2.743500000000000105e-02
-2.735800000000000037e-02
-2.735800000000000037e-02
-2.734100000000000072e-02
-2.733100000000000113e-02
-2.720699999999999855e-02
-2.720699999999999855e-02
-2.720699999999999855e-02
-2.710450000000000012e-02
-2.710450000000000012e-02
-2.710450000000000012e-02
-2.699500000000000163e-02
-2.699500000000000163e-02
-2.698700000000000057e-02
-2.691800000000000095e-02
-2.690999999999999989e-02
-2.690100000000000130e-02
-2.670049999999999854e-02
-2.670049999999999854e-02
-2.670049999999999854e-02
-2.670049999999999854e-02
-2.670049999999999854e-02
-2.668399999999999939e-02
-2.664800000000000155e-02
-2.656100000000000128e-02
-2.656100000000000128e-02
-2.655949999999999978e-02
-2.652300000000000144e-02
-2.652300000000000144e-02
-2.649649999999999922e-02
-2.637799999999999867e-02
-2.637799999999999867e-02
-2.637799999999999867e-02
-2.637199999999999961e-02
-2.637199999999999961e-02
-2.632599999999999871e-02
-2.630650000000000002e-02
-2.630650000000000002e-02
-2.625950000000000159e-02
-2.625950000000000159e-02
-2.624399999999999997e-02
-2.613700000000000051e-02
-2.613700000000000051e-02
-2.608500000000000055e-02
-2.608500000000000055e-02
-2.608500000000000055e-02
-2.608049999999999952e-02
-2.590399999999999994e-02
-2.590399999999999994e-02
-2.590399999999999994e-02
-2.587549999999999920e-02
-2.578599999999999989e-02
-2.578599999999999989e-02
-2.571649999999999978e-02
-2.571649999999999978e-02
-2.571649999999999978e-02
-2.563500000000000154e-02
-2.562050000000000091e-02
-2.562050000000000091e-02
-2.560899999999999982e-02
-2.560899999999999982e-02
-2.557850000000000054e-02
-2.556299999999999892e-02
-2.556299999999999892e-02
-2.545199999999999893e-02
-2.545199999999999893e-02
-2.543549999999999978e-02
-2.541699999999999862e-02
-2.538050000000000028e-02
-2.535600000000000007e-02
-2.534549999999999997e-02
-2.532649999999999832e-02
-2.526650000000000076e-02
-2.511750000000000094e-02
-2.511750000000000094e-02
-2.511750000000000094e-02
-2.511750000000000094e-02
-2.510099999999999831e-02
-2.509400000000000172e-02
-2.504150000000000126e-02
-2.503999999999999976e-02
-2.500350000000000142e-02
-2.497999999999999873e-02
-2.492799999999999877e-02
-2.489449999999999996e-02
-2.489449999999999996e-02
-2.484799999999999856e-02
-2.484799999999999856e-02
-2.472399999999999945e-02
-2.472399999999999945e-02
-2.472399999999999945e-02
-2.472399999999999945e-02
-2.472399999999999945e-02
-2.469249999999999917e-02
-2.466899999999999996e-02
-2.464300000000000171e-02
-2.460849999999999843e-02
-2.459899999999999934e-02
-2.442650000000000030e-02
-2.442650000000000030e-02
-2.442650000000000030e-02
-2.442650000000000030e-02
-2.441350000000000117e-02
-2.432250000000000037e-02
-2.432250000000000037e-02
-2.432250000000000037e-02
-2.432250000000000037e-02
-2.428949999999999859e-02
-2.427050000000000041e-02
-2.418800000000000117e-02
-2.413650000000000170e-02
-2.413650000000000170e-02
-2.399449999999999847e-02
-2.399449999999999847e-02
-2.399449999999999847e-02
-2.399449999999999847e-02
-2.399449999999999847e-02
-2.392350000000000032e-02
-2.391249999999999973e-02
-2.386399999999999980e-02
-2.386399999999999980e-02
-2.386399999999999980e-02
-2.386399999999999980e-02
-2.383700000000000055e-02
-2.374300000000000022e-02
-2.371499999999999997e-02
-2.368400000000000019e-02
-2.368400000000000019e-02
-2.368200000000000166e-02
-2.358849999999999836e-02
-2.358849999999999836e-02
-2.358849999999999836e-02
-2.358849999999999836e-02
-2.356600000000000014e-02
-2.352850000000000080e-02
-2.352850000000000080e-02
-2.349949999999999956e-02
-2.349949999999999956e-02
-2.349400000000000099e-02
-2.349050000000000096e-02
-2.346350000000000172e-02
-2.342100000000000085e-02
-2.342100000000000085e-02
-2.334900000000000170e-02
-2.334599999999999870e-02
-2.334599999999999870e-02
-2.334599999999999870e-02
-2.331700000000000092e-02
-2.314899999999999944e-02
-2.314899999999999944e-02
-2.313199999999999978e-02
-2.310100000000000001e-02
-2.310100000000000001e-02
-2.303300000000000139e-02
-2.294600000000000112e-02
-2.294600000000000112e-02
-2.294600000000000112e-02
-2.293399999999999953e-02
-2.291699999999999987e-02
-2.291699999999999987e-02
-2.286600000000000091e-02
-2.286600000000000091e-02
-2.286600000000000091e-02
-2.277900000000000064e-02
-2.277900000000000064e-02
-2.277650000000000161e-02
-2.277099999999999957e-02
-2.277099999999999957e-02
-2.267200000000000118e-02
-2.267200000000000118e-02
-2.267200000000000118e-02
-2.266949999999999868e-02
-2.262199999999999975e-02
-2.257850000000000135e-02
-2.257850000000000135e-02
-2.257850000000000135e-02
-2.257199999999999832e-02
-2.254650000000000057e-02
-2.252900000000000041e-02
-2.250749999999999973e-02
-2.246599999999999986e-02
-2.242099999999999996e-02
-2.237199999999999953e-02
-2.237199999999999953e-02
-2.237199999999999953e-02
-2.237199999999999953e-02
-2.230050000000000088e-02
-2.226600000000000107e-02
-2.226600000000000107e-02
-2.226600000000000107e-02
-2.226449999999999957e-02
-2.218349999999999836e-02
-2.218349999999999836e-02
-2.217749999999999930e-02
-2.213800000000000143e-02
-2.212300000000000030e-02
-2.212050000000000127e-02
-2.207599999999999840e-02
-2.207599999999999840e-02
-2.205000000000000016e-02
-2.203499999999999903e-02
-2.197800000000000101e-02
-2.197649999999999951e-02
-2.191950000000000148e-02
-2.191950000000000148e-02
-2.191950000000000148e-02
-2.191649999999999848e-02
-2.186700000000000102e-02
-2.173900000000000138e-02
-2.171350000000000016e-02
-2.170249999999999957e-02
-2.170249999999999957e-02
-2.170249999999999957e-02
-2.167799999999999935e-02
-2.160700000000000121e-02
-2.160700000000000121e-02
-2.159149999999999958e-02
-2.158349999999999852e-02
-2.158349999999999852e-02
-2.156399999999999983e-02
-2.152899999999999953e-02
-2.152899999999999953e-02
-2.148800000000000016e-02
-2.139100000000000029e-02
-2.139100000000000029e-02
-2.139100000000000029e-02
-2.139100000000000029e-02
-2.131749999999999964e-02
-2.131749999999999964e-02
-2.129549999999999846e-02
-2.129100000000000090e-02
-2.128949999999999940e-02
-2.127249999999999974e-02
-2.125200000000000006e-02
-2.124449999999999950e-02
-2.121649999999999925e-02
-2.117199999999999985e-02
-2.117199999999999985e-02
-2.114850000000000063e-02
-2.114850000000000063e-02
-2.114850000000000063e-02
-2.104550000000000171e-02
-2.104550000000000171e-02
-2.104550000000000171e-02
-2.098550000000000068e-02
-2.098550000000000068e-02
-2.098550000000000068e-02
-2.097850000000000062e-02
-2.097850000000000062e-02
-2.091900000000000009e-02
-2.091900000000000009e-02
-2.091900000000000009e-02
-2.090950000000000100e-02
-2.084799999999999848e-02
-2.081950000000000120e-02
-2.074149999999999952e-02
-2.074149999999999952e-02
-2.074149999999999952e-02
-2.072500000000000037e-02
-2.072500000000000037e-02
-2.069299999999999959e-02
-2.064600000000000116e-02
-2.064600000000000116e-02
-2.062399999999999997e-02
-2.056099999999999942e-02
-2.056099999999999942e-02
-2.053699999999999970e-02
-2.033300000000000038e-02
-2.033300000000000038e-02
-2.033300000000000038e-02
-2.027899999999999842e-02
-2.016350000000000087e-02
-2.012049999999999950e-02
-2.010450000000000084e-02
-1.999400000000000135e-02
-1.999400000000000135e-02
-1.999400000000000135e-02
-1.995349999999999902e-02
-1.995349999999999902e-02
-1.982050000000000131e-02
-1.982050000000000131e-02
-1.982050000000000131e-02
-1.982050000000000131e-02
-1.982050000000000131e-02
-1.982050000000000131e-02
-1.973799999999999860e-02
-1.973799999999999860e-02
-1.973799999999999860e-02
-1.969800000000000023e-02
-1.969800000000000023e-02
-1.969200000000000117e-02
-1.964549999999999977e-02
-1.963399999999999868e-02
-1.963399999999999868e-02
-1.962550000000000058e-02
-1.962399999999999908e-02
-1.962399999999999908e-02
-1.962099999999999955e-02
-1.951150000000000106e-02
-1.951150000000000106e-02
-1.951150000000000106e-02
-1.950899999999999856e-02
-1.949599999999999944e-02
-1.949599999999999944e-02
-1.948449999999999835e-02
-1.944999999999999854e-02
-1.944999999999999854e-02
-1.943999999999999895e-02
-1.943999999999999895e-02
-1.940400000000000111e-02
-1.940400000000000111e-02
-1.937250000000000083e-02
-1.935999999999999874e-02
-1.935999999999999874e-02
-1.935999999999999874e-02
-1.932149999999999840e-02
-1.929350000000000162e-02
-1.917150000000000104e-02
-1.917150000000000104e-02
-1.917150000000000104e-02
-1.916549999999999851e-02
-1.914400000000000129e-02
-1.914400000000000129e-02
-1.914400000000000129e-02
-1.913000000000000117e-02
-1.913000000000000117e-02
-1.905799999999999855e-02
-1.905799999999999855e-02
-1.905799999999999855e-02
-1.905799999999999855e-02
-1.905799999999999855e-02
-1.893299999999999844e-02
-1.893299999999999844e-02
-1.893299999999999844e-02
-1.886749999999999886e-02
-1.886749999999999886e-02
-1.886749999999999886e-02
-1.886749999999999886e-02
-1.882800000000000099e-02
-1.881199999999999886e-02
-1.881199999999999886e-02
-1.881199999999999886e-02
-1.881199999999999886e-02
-1.881199999999999886e-02
-1.880449999999999830e-02
-1.879300000000000068e-02
-1.875550000000000134e-02
-1.875550000000000134e-02
-1.875500000000000084e-02
-1.872450000000000156e-02
-1.871849999999999903e-02
-1.871849999999999903e-02
-1.871300000000000047e-02
-1.866450000000000053e-02
-1.858649999999999886e-02
-1.858649999999999886e-02
-1.858649999999999886e-02
-1.858649999999999886e-02
-1.858649999999999886e-02
-1.858649999999999886e-02
-1.853749999999999842e-02
-1.853749999999999842e-02
-1.852699999999999833e-02
-1.852699999999999833e-02
-1.852250000000000077e-02
-1.846249999999999974e-02
-1.845700000000000118e-02
-1.842649999999999844e-02
-1.839700000000000016e-02
-1.839700000000000016e-02
-1.839700000000000016e-02
-1.839700000000000016e-02
-1.828549999999999967e-02
-1.828549999999999967e-02
-1.828549999999999967e-02
-1.828549999999999967e-02
-1.828549999999999967e-02
-1.825649999999999842e-02
-1.822700000000000015e-02
-1.816049999999999956e-02
-1.816049999999999956e-02
-1.814999999999999947e-02
-1.811300000000000063e-02
-1.811300000000000063e-02
-1.806299999999999920e-02
-1.803350000000000092e-02
-1.803350000000000092e-02
-1.800799999999999970e-02
-1.797450000000000089e-02
-1.797450000000000089e-02
-1.797450000000000089e-02
-1.782049999999999954e-02
-1.782049999999999954e-02
-1.782049999999999954e-02
-1.782049999999999954e-02
-1.782049999999999954e-02
-1.782049999999999954e-02
-1.782049999999999954e-02
-1.782049999999999954e-02
-1.777149999999999910e-02
-1.777149999999999910e-02
-1.777149999999999910e-02
-1.773049999999999973e-02
-1.773049999999999973e-02
-1.772850000000000120e-02
-1.769750000000000142e-02
-1.769750000000000142e-02
-1.769750000000000142e-02
-1.768199999999999980e-02
-1.768199999999999980e-02
-1.768000000000000127e-02
-1.763699999999999990e-02
-1.763699999999999990e-02
-1.762149999999999828e-02
-1.762149999999999828e-02
-1.761300000000000018e-02
-1.761050000000000115e-02
-1.761050000000000115e-02
-1.756349999999999925e-02
-1.756349999999999925e-02
-1.756349999999999925e-02
-1.756349999999999925e-02
-1.755450000000000066e-02
-1.752650000000000041e-02
-1.752599999999999991e-02
-1.752050000000000135e-02
-1.750149999999999970e-02
-1.742049999999999849e-02
-1.742049999999999849e-02
-1.742049999999999849e-02
-1.742049999999999849e-02
-1.732650000000000162e-02
-1.732650000000000162e-02
-1.732650000000000162e-02
-1.732300000000000159e-02
-1.729999999999999941e-02
-1.718000000000000083e-02
-1.717000000000000123e-02
-1.717000000000000123e-02
-1.717000000000000123e-02
-1.717000000000000123e-02
-1.714500000000000052e-02
-1.714500000000000052e-02
-1.710400000000000115e-02
-1.710400000000000115e-02
-1.700250000000000025e-02
-1.699499999999999969e-02
-1.699499999999999969e-02
-1.699499999999999969e-02
-1.697550000000000101e-02
-1.694249999999999923e-02
-1.692400000000000154e-02
-1.691300000000000095e-02
-1.691300000000000095e-02
-1.688450000000000020e-02
-1.688450000000000020e-02
-1.688450000000000020e-02
-1.681900000000000062e-02
-1.681900000000000062e-02
-1.681900000000000062e-02
-1.681900000000000062e-02
-1.678899999999999837e-02
-1.678899999999999837e-02
-1.673049999999999884e-02
-1.673049999999999884e-02
-1.671749999999999972e-02
-1.669750000000000054e-02
-1.668350000000000041e-02
-1.667750000000000135e-02
-1.667750000000000135e-02
-1.666499999999999926e-02
-1.659849999999999867e-02
-1.656900000000000039e-02
-1.656900000000000039e-02
-1.654500000000000068e-02
-1.654500000000000068e-02
-1.650650000000000034e-02
-1.650650000000000034e-02
-1.650650000000000034e-02
-1.650350000000000081e-02
-1.649300000000000072e-02
-1.649300000000000072e-02
-1.646999999999999853e-02
-1.646999999999999853e-02
-1.643150000000000166e-02
-1.636400000000000007e-02
-1.636400000000000007e-02
-1.636400000000000007e-02
-1.636400000000000007e-02
-1.636400000000000007e-02
-1.636400000000000007e-02
-1.636400000000000007e-02
-1.636400000000000007e-02
-1.635850000000000151e-02
-1.635850000000000151e-02
-1.634350000000000039e-02
-1.634000000000000036e-02
-1.633249999999999980e-02
-1.631799999999999917e-02
-1.630150000000000002e-02
-1.629699999999999899e-02
-1.629399999999999946e-02
-1.627649999999999930e-02
-1.627249999999999877e-02
-1.627199999999999827e-02
-1.622449999999999934e-02
-1.622449999999999934e-02
-1.622449999999999934e-02
-1.620049999999999962e-02
-1.620049999999999962e-02
-1.617649999999999991e-02
-1.617649999999999991e-02
-1.617649999999999991e-02
-1.611249999999999835e-02
-1.611249999999999835e-02
-1.611249999999999835e-02
-1.611249999999999835e-02
-1.610699999999999979e-02
-1.604950000000000127e-02
-1.604950000000000127e-02
-1.601949999999999902e-02
-1.601949999999999902e-02
-1.600100000000000133e-02
-1.597799999999999915e-02
-1.597799999999999915e-02
-1.597799999999999915e-02
-1.597000000000000156e-02
-1.592949999999999922e-02
-1.590350000000000097e-02
-1.589449999999999891e-02
-1.588699999999999835e-02
-1.585500000000000104e-02
-1.585249999999999854e-02
-1.585249999999999854e-02
-1.585249999999999854e-02
-1.582449999999999829e-02
-1.582449999999999829e-02
-1.581799999999999873e-02
-1.580749999999999864e-02
-1.576050000000000020e-02
-1.576050000000000020e-02
-1.575649999999999967e-02
-1.575050000000000061e-02
-1.569200000000000109e-02
-1.569200000000000109e-02
-1.569200000000000109e-02
-1.569200000000000109e-02
-1.569200000000000109e-02
-1.567549999999999846e-02
-1.567549999999999846e-02
-1.567299999999999943e-02
-1.565300000000000025e-02
-1.563250000000000056e-02
-1.563250000000000056e-02
-1.547399999999999991e-02
-1.547399999999999991e-02
-1.547399999999999991e-02
-1.547399999999999991e-02
-1.547300000000000064e-02
-1.547300000000000064e-02
-1.547300000000000064e-02
-1.541350000000000012e-02
-1.541000000000000009e-02
-1.541000000000000009e-02
-1.533900000000000020e-02
-1.533900000000000020e-02
-1.533900000000000020e-02
-1.532150000000000005e-02
-1.520149999999999973e-02
-1.520149999999999973e-02
-1.520149999999999973e-02
-1.520149999999999973e-02
-1.520149999999999973e-02
-1.520149999999999973e-02
-1.514700000000000074e-02
-1.514700000000000074e-02
-1.514700000000000074e-02
-1.514700000000000074e-02
-1.506799999999999980e-02
-1.506799999999999980e-02
-1.506799999999999980e-02
-1.506799999999999980e-02
-1.505450000000000017e-02
-1.505450000000000017e-02
-1.503600000000000075e-02
-1.502449999999999966e-02
-1.502449999999999966e-02
-1.500199999999999971e-02
-1.497700000000000073e-02
-1.497700000000000073e-02
-1.496800000000000040e-02
-1.496800000000000040e-02
-1.486449999999999924e-02
-1.486449999999999924e-02
-1.486449999999999924e-02
-1.484049999999999953e-02
-1.484049999999999953e-02
-1.484049999999999953e-02
-1.480199999999999919e-02
-1.480199999999999919e-02
-1.477200000000000041e-02
-1.473649999999999960e-02
-1.472049999999999921e-02
-1.472049999999999921e-02
-1.472049999999999921e-02
-1.471100000000000012e-02
-1.466199999999999969e-02
-1.466199999999999969e-02
-1.456099999999999929e-02
-1.456099999999999929e-02
-1.456099999999999929e-02
-1.456099999999999929e-02
-1.456099999999999929e-02
-1.456099999999999929e-02
-1.456099999999999929e-02
-1.445650000000000060e-02
-1.445650000000000060e-02
-1.445049999999999980e-02
-1.445049999999999980e-02
-1.445049999999999980e-02
-1.445049999999999980e-02
-1.445049999999999980e-02
-1.445049999999999980e-02
-1.444499999999999951e-02
-1.444499999999999951e-02
-1.444250000000000048e-02
-1.441249999999999996e-02
-1.441249999999999996e-02
-1.440549999999999990e-02
-1.439499999999999981e-02
-1.439499999999999981e-02
-1.439000000000000001e-02
-1.436849999999999933e-02
-1.436650000000000080e-02
-1.433249999999999975e-02
-1.433249999999999975e-02
-1.432749999999999996e-02
-1.432749999999999996e-02
-1.432749999999999996e-02
-1.432149999999999916e-02
-1.430649999999999977e-02
-1.430649999999999977e-02
-1.427199999999999996e-02
-1.426900000000000043e-02
-1.426900000000000043e-02
-1.426900000000000043e-02
-1.426149999999999987e-02
-1.426000000000000011e-02
-1.425099999999999978e-02
-1.424800000000000025e-02
-1.422350000000000003e-02
-1.421850000000000024e-02
-1.421850000000000024e-02
-1.414649999999999935e-02
-1.414649999999999935e-02
-1.414649999999999935e-02
-1.414649999999999935e-02
-1.414499999999999959e-02
-1.412799999999999993e-02
-1.412799999999999993e-02
-1.409900000000000042e-02
-1.409900000000000042e-02
-1.409900000000000042e-02
-1.409900000000000042e-02
-1.407500000000000070e-02
-1.402899999999999980e-02
-1.400500000000000009e-02
-1.400500000000000009e-02
-1.400500000000000009e-02
-1.399500000000000050e-02
-1.397299999999999931e-02
-1.397299999999999931e-02
-1.395500000000000039e-02
-1.394450000000000030e-02
-1.392099999999999935e-02
-1.388600000000000077e-02
-1.388600000000000077e-02
-1.387350000000000042e-02
-1.387350000000000042e-02
-1.387350000000000042e-02
-1.387249999999999941e-02
-1.384349999999999990e-02
-1.379000000000000017e-02
-1.379000000000000017e-02
-1.379000000000000017e-02
-1.377450000000000029e-02
-1.376600000000000046e-02
-1.367900000000000019e-02
-1.367900000000000019e-02
-1.367900000000000019e-02
-1.367900000000000019e-02
-1.367900000000000019e-02
-1.367900000000000019e-02
-1.367900000000000019e-02
-1.367799999999999919e-02
-1.367799999999999919e-02
-1.365449999999999997e-02
-1.362499999999999996e-02
-1.362149999999999993e-02
-1.362149999999999993e-02
-1.362149999999999993e-02
-1.360650000000000054e-02
-1.360650000000000054e-02
-1.359649999999999921e-02
-1.359649999999999921e-02
-1.358849999999999988e-02
-1.357650000000000003e-02
-1.357650000000000003e-02
-1.356650000000000043e-02
-1.355999999999999914e-02
-1.355400000000000008e-02
-1.355400000000000008e-02
-1.353949999999999945e-02
-1.353949999999999945e-02
-1.353949999999999945e-02
-1.348549999999999922e-02
-1.348549999999999922e-02
-1.346950000000000057e-02
-1.346950000000000057e-02
-1.346950000000000057e-02
-1.343699999999999929e-02
-1.343699999999999929e-02
-1.343699999999999929e-02
-1.339150000000000063e-02
-1.339150000000000063e-02
-1.339150000000000063e-02
-1.339150000000000063e-02
-1.336550000000000064e-02
-1.336550000000000064e-02
-1.336550000000000064e-02
-1.336550000000000064e-02
-1.336550000000000064e-02
-1.335549999999999932e-02
-1.335549999999999932e-02
-1.335049999999999952e-02
-1.334600000000000022e-02
-1.332700000000000030e-02
-1.332700000000000030e-02
-1.332700000000000030e-02
-1.331449999999999995e-02
-1.331449999999999995e-02
-1.331000000000000065e-02
-1.325649999999999919e-02
-1.325649999999999919e-02
-1.325649999999999919e-02
-1.325250000000000039e-02
-1.325250000000000039e-02
-1.320799999999999925e-02
-1.320799999999999925e-02
-1.320099999999999919e-02
-1.318249999999999977e-02
-1.318249999999999977e-02
-1.318249999999999977e-02
-1.318249999999999977e-02
-1.315750000000000079e-02
-1.315750000000000079e-02
-1.315750000000000079e-02
-1.310550000000000083e-02
-1.310550000000000083e-02
-1.310550000000000083e-02
-1.310550000000000083e-02
-1.309399999999999974e-02
-1.306850000000000026e-02
-1.301249999999999976e-02
-1.301249999999999976e-02
-1.301249999999999976e-02
-1.301249999999999976e-02
-1.297000000000000063e-02
-1.297000000000000063e-02
-1.297000000000000063e-02
-1.297000000000000063e-02
-1.297000000000000063e-02
-1.297000000000000063e-02
-1.297000000000000063e-02
-1.297000000000000063e-02
-1.297000000000000063e-02
-1.297000000000000063e-02
-1.297000000000000063e-02
-1.296600000000000009e-02
-1.296549999999999959e-02
-1.296250000000000006e-02
-1.295100000000000071e-02
-1.294099999999999938e-02
-1.294099999999999938e-02
-1.293700000000000058e-02
-1.293700000000000058e-02
-1.290999999999999960e-02
-1.290999999999999960e-02
-1.290449999999999930e-02
-1.290449999999999930e-02
-1.289799999999999974e-02
-1.288150000000000059e-02
-1.288150000000000059e-02
-1.288000000000000082e-02
-1.285949999999999940e-02
-1.285749999999999914e-02
-1.285050000000000081e-02
-1.284500000000000051e-02
-1.280650000000000018e-02
-1.279950000000000011e-02
-1.279950000000000011e-02
-1.279950000000000011e-02
-1.277999999999999969e-02
-1.277999999999999969e-02
-1.277000000000000010e-02
-1.275549999999999948e-02
-1.275049999999999968e-02
-1.273350000000000003e-02
-1.268400000000000083e-02
-1.268400000000000083e-02
-1.268299999999999983e-02
-1.268299999999999983e-02
-1.268299999999999983e-02
-1.266549999999999968e-02
-1.266549999999999968e-02
-1.266100000000000038e-02
-1.265900000000000011e-02
-1.263899999999999919e-02
-1.262800000000000034e-02
-1.262600000000000007e-02
-1.261549999999999998e-02
-1.261549999999999998e-02
-1.259700000000000056e-02
-1.259700000000000056e-02
-1.257750000000000014e-02
-1.257750000000000014e-02
-1.257750000000000014e-02
-1.252600000000000068e-02
-1.240400000000000010e-02
-1.239900000000000030e-02
-1.239900000000000030e-02
-1.238000000000000038e-02
-1.238000000000000038e-02
-1.238000000000000038e-02
-1.238000000000000038e-02
-1.238000000000000038e-02
-1.237700000000000085e-02
-1.235950000000000069e-02
-1.235950000000000069e-02
-1.232499999999999915e-02
-1.232499999999999915e-02
-1.232300000000000062e-02
-1.231800000000000082e-02
-1.231800000000000082e-02
-1.230599999999999923e-02
-1.230099999999999943e-02
-1.228850000000000081e-02
-1.228850000000000081e-02
-1.223650000000000085e-02
-1.223650000000000085e-02
-1.220500000000000057e-02
-1.219800000000000051e-02
-1.219800000000000051e-02
-1.219800000000000051e-02
-1.219800000000000051e-02
-1.219450000000000048e-02
-1.219450000000000048e-02
-1.219450000000000048e-02
-1.218449999999999915e-02
-1.217400000000000079e-02
-1.217400000000000079e-02
-1.217099999999999953e-02
-1.217099999999999953e-02
-1.216399999999999947e-02
-1.216350000000000070e-02
-1.215899999999999967e-02
-1.214149999999999952e-02
-1.214149999999999952e-02
-1.212550000000000086e-02
-1.212550000000000086e-02
-1.212000000000000056e-02
-1.211450000000000027e-02
-1.210600000000000044e-02
-1.208949999999999955e-02
-1.208949999999999955e-02
-1.208049999999999922e-02
-1.207899999999999946e-02
-1.204850000000000018e-02
-1.202199999999999970e-02
-1.200200000000000052e-02
-1.200200000000000052e-02
-1.200200000000000052e-02
-1.200200000000000052e-02
-1.199899999999999925e-02
-1.199899999999999925e-02
-1.199899999999999925e-02
-1.197999999999999933e-02
-1.197999999999999933e-02
-1.197999999999999933e-02
-1.191900000000000077e-02
-1.191900000000000077e-02
-1.191900000000000077e-02
-1.191900000000000077e-02
-1.191900000000000077e-02
-1.191900000000000077e-02
-1.191900000000000077e-02
-1.190800000000000018e-02
-1.190800000000000018e-02
-1.186500000000000055e-02
-1.186500000000000055e-02
-1.186500000000000055e-02
-1.185199999999999969e-02
-1.185199999999999969e-02
-1.184649999999999939e-02
-1.184649999999999939e-02
-1.184649999999999939e-02
-1.184649999999999939e-02
-1.183449999999999953e-02
-1.182899999999999924e-02
-1.181650000000000061e-02
-1.178049999999999931e-02
-1.178049999999999931e-02
-1.176600000000000042e-02
-1.176349999999999965e-02
-1.176349999999999965e-02
-1.176349999999999965e-02
-1.175950000000000085e-02
-1.175099999999999929e-02
-1.174550000000000073e-02
-1.173100000000000011e-02
-1.171999999999999952e-02
-1.169100000000000000e-02
-1.169100000000000000e-02
-1.164049999999999981e-02
-1.164049999999999981e-02
-1.164049999999999981e-02
-1.163349999999999974e-02
-1.163349999999999974e-02
-1.163349999999999974e-02
-1.161200000000000079e-02
-1.160199999999999947e-02
-1.160199999999999947e-02
-1.157350000000000045e-02
-1.157350000000000045e-02
-1.153400000000000085e-02
-1.153400000000000085e-02
-1.153400000000000085e-02
-1.153400000000000085e-02
-1.152749999999999955e-02
-1.149099999999999948e-02
-1.149099999999999948e-02
-1.149099999999999948e-02
-1.149099999999999948e-02
-1.147500000000000082e-02
-1.147500000000000082e-02
-1.145000000000000011e-02
-1.145000000000000011e-02
-1.144099999999999978e-02
-1.144099999999999978e-02
-1.144099999999999978e-02
-1.141999999999999960e-02
-1.141999999999999960e-02
-1.141999999999999960e-02
-1.141999999999999960e-02
-1.141999999999999960e-02
-1.141999999999999960e-02
-1.141999999999999960e-02
-1.141750000000000057e-02
-1.139949999999999991e-02
-1.139949999999999991e-02
-1.138650000000000079e-02
-1.138049999999999999e-02
-1.138049999999999999e-02
-1.137600000000000069e-02
-1.137600000000000069e-02
-1.133149999999999956e-02
-1.133149999999999956e-02
-1.133149999999999956e-02
-1.133149999999999956e-02
-1.131899999999999920e-02
-1.131749999999999944e-02
-1.130300000000000055e-02
-1.130300000000000055e-02
-1.130300000000000055e-02
-1.128499999999999989e-02
-1.127650000000000007e-02
-1.127650000000000007e-02
-1.124900000000000032e-02
-1.124900000000000032e-02
-1.124900000000000032e-02
-1.124849999999999982e-02
-1.124849999999999982e-02
-1.123749999999999923e-02
-1.119599999999999936e-02
-1.119599999999999936e-02
-1.119599999999999936e-02
-1.119599999999999936e-02
-1.119500000000000009e-02
-1.119500000000000009e-02
-1.117049999999999987e-02
-1.117049999999999987e-02
-1.117049999999999987e-02
-1.116849999999999961e-02
-1.116849999999999961e-02
-1.116400000000000031e-02
-1.115400000000000072e-02
-1.113899999999999960e-02
-1.113150000000000077e-02
-1.113150000000000077e-02
-1.113150000000000077e-02
-1.111700000000000015e-02
-1.111700000000000015e-02
-1.111299999999999961e-02
-1.110799999999999982e-02
-1.110799999999999982e-02
-1.110799999999999982e-02
-1.110799999999999982e-02
-1.110300000000000002e-02
-1.110200000000000076e-02
-1.109749999999999973e-02
-1.108999999999999916e-02
-1.107849999999999981e-02
-1.106399999999999918e-02
-1.106399999999999918e-02
-1.105549999999999936e-02
-1.104049999999999997e-02
-1.104049999999999997e-02
-1.102500000000000008e-02
-1.102500000000000008e-02
-1.102150000000000005e-02
-1.102150000000000005e-02
-1.101650000000000025e-02
-1.101650000000000025e-02
-1.101449999999999999e-02
-1.100899999999999969e-02
-1.100549999999999966e-02
-1.100300000000000063e-02
-1.098700000000000024e-02
-1.092049999999999965e-02
-1.092049999999999965e-02
-1.092049999999999965e-02
-1.092049999999999965e-02
-1.092049999999999965e-02
-1.092049999999999965e-02
-1.092049999999999965e-02
-1.091650000000000086e-02
-1.090250000000000073e-02
-1.089749999999999920e-02
-1.089749999999999920e-02
-1.089599999999999944e-02
-1.089599999999999944e-02
-1.089200000000000064e-02
-1.088850000000000061e-02
-1.088700000000000084e-02
-1.088100000000000005e-02
-1.086349999999999989e-02
-1.085900000000000060e-02
-1.085900000000000060e-02
-1.085750000000000083e-02
-1.085700000000000033e-02
-1.084399999999999947e-02
-1.084399999999999947e-02
-1.083150000000000085e-02
-1.083150000000000085e-02
-1.083150000000000085e-02
-1.083150000000000085e-02
-1.083150000000000085e-02
-1.082450000000000079e-02
-1.081700000000000023e-02
-1.079399999999999978e-02
-1.079399999999999978e-02
-1.078849999999999948e-02
-1.078549999999999995e-02
-1.078499999999999945e-02
-1.078450000000000068e-02
-1.075699999999999920e-02
-1.075699999999999920e-02
-1.075049999999999964e-02
-1.074999999999999914e-02
-1.074349999999999958e-02
-1.074349999999999958e-02
-1.074349999999999958e-02
-1.074349999999999958e-02
-1.074300000000000081e-02
-1.074100000000000055e-02
-1.068249999999999929e-02
-1.068249999999999929e-02
-1.068249999999999929e-02
-1.068249999999999929e-02
-1.068249999999999929e-02
-1.068249999999999929e-02
-1.068249999999999929e-02
-1.067949999999999976e-02
-1.067949999999999976e-02
-1.067549999999999923e-02
-1.065649999999999931e-02
-1.065649999999999931e-02
-1.065649999999999931e-02
-1.065649999999999931e-02
-1.065649999999999931e-02
-1.065149999999999951e-02
-1.064700000000000021e-02
-1.064499999999999995e-02
-1.064499999999999995e-02
-1.064499999999999995e-02
-1.063150000000000032e-02
-1.062850000000000079e-02
-1.062850000000000079e-02
-1.062850000000000079e-02
-1.062049999999999973e-02
-1.062049999999999973e-02
-1.061549999999999994e-02
-1.060449999999999934e-02
-1.058450000000000016e-02
-1.058450000000000016e-02
-1.058450000000000016e-02
-1.057600000000000033e-02
-1.057499999999999933e-02
-1.057349999999999957e-02
-1.057349999999999957e-02
-1.056849999999999977e-02
-1.056849999999999977e-02
-1.056849999999999977e-02
-1.054700000000000082e-02
-1.052649999999999940e-02
-1.052649999999999940e-02
-1.052649999999999940e-02
-1.052649999999999940e-02
-1.052100000000000084e-02
-1.051649999999999981e-02
-1.051249999999999928e-02
-1.051249999999999928e-02
-1.051200000000000051e-02
-1.050599999999999971e-02
-1.048250000000000050e-02
-1.048250000000000050e-02
-1.046150000000000031e-02
-1.046150000000000031e-02
-1.045300000000000049e-02
-1.045300000000000049e-02
-1.045300000000000049e-02
-1.045249999999999999e-02
-1.043799999999999936e-02
-1.042749999999999927e-02
-1.042749999999999927e-02
-1.042599999999999950e-02
-1.035600000000000062e-02
-1.035600000000000062e-02
-1.035600000000000062e-02
-1.035600000000000062e-02
-1.035600000000000062e-02
-1.032650000000000061e-02
-1.031849999999999955e-02
-1.031849999999999955e-02
-1.031849999999999955e-02
-1.030000000000000013e-02
-1.030000000000000013e-02
-1.029650000000000010e-02
-1.027100000000000062e-02
-1.027100000000000062e-02
-1.026400000000000055e-02
-1.026400000000000055e-02
-1.026299999999999955e-02
-1.024800000000000016e-02
-1.024800000000000016e-02
-1.024800000000000016e-02
-1.024800000000000016e-02
-1.022750000000000048e-02
-1.021700000000000039e-02
-1.021700000000000039e-02
-1.020749999999999956e-02
-1.020749999999999956e-02
-1.020300000000000026e-02
-1.020249999999999976e-02
-1.018100000000000081e-02
-1.018100000000000081e-02
-1.018100000000000081e-02
-1.018100000000000081e-02
-1.018100000000000081e-02
-1.017949999999999931e-02
-1.017949999999999931e-02
-1.017750000000000078e-02
-1.016949999999999972e-02
-1.016949999999999972e-02
-1.016399999999999942e-02
-1.016000000000000063e-02
-1.014100000000000071e-02
-1.014100000000000071e-02
-1.014100000000000071e-02
-1.014100000000000071e-02
-1.014100000000000071e-02
-1.013999999999999971e-02
-1.013999999999999971e-02
-1.013999999999999971e-02
-1.012799999999999985e-02
-1.012799999999999985e-02
-1.012799999999999985e-02
-1.012350000000000055e-02
-1.012099999999999979e-02
-1.012099999999999979e-02
-1.010699999999999966e-02
-1.009799999999999934e-02
-1.009799999999999934e-02
-1.009149999999999978e-02
-1.005449999999999920e-02
-1.005449999999999920e-02
-1.005449999999999920e-02
-1.005449999999999920e-02
-1.004999999999999991e-02
-1.004999999999999991e-02
-1.004900000000000064e-02
-1.004500000000000011e-02
-1.004500000000000011e-02
-1.003650000000000028e-02
-1.003549999999999928e-02
-1.002549999999999969e-02
-9.986999999999999350e-03
-9.986999999999999350e-03
-9.986999999999999350e-03
-9.986999999999999350e-03
-9.986999999999999350e-03
-9.983999999999999819e-03
-9.983999999999999819e-03
-9.983999999999999819e-03
-9.979000000000000023e-03
-9.979000000000000023e-03
-9.979000000000000023e-03
-9.979000000000000023e-03
-9.979000000000000023e-03
-9.976999999999999758e-03
-9.976999999999999758e-03
-9.967500000000000665e-03
-9.964999999999999900e-03
-9.960999999999999369e-03
-9.960999999999999369e-03
-9.959499999999999603e-03
-9.936999999999999653e-03
-9.936999999999999653e-03
-9.936999999999999653e-03
-9.936999999999999653e-03
-9.910499999999999171e-03
-9.910499999999999171e-03
-9.910499999999999171e-03
-9.907499999999999640e-03
-9.907499999999999640e-03
-9.906500000000000375e-03
-9.906500000000000375e-03
-9.898999999999999813e-03
-9.898999999999999813e-03
-9.851000000000000381e-03
-9.851000000000000381e-03
-9.851000000000000381e-03
-9.851000000000000381e-03
-9.851000000000000381e-03
-9.851000000000000381e-03
-9.851000000000000381e-03
-9.851000000000000381e-03
-9.816000000000000072e-03
-9.816000000000000072e-03
-9.808499999999999511e-03
-9.808499999999999511e-03
-9.808499999999999511e-03
-9.808499999999999511e-03
-9.806999999999999745e-03
-9.799499999999999184e-03
-9.799499999999999184e-03
-9.797500000000000653e-03
-9.792999999999999622e-03
-9.792999999999999622e-03
-9.789499999999999591e-03
-9.785500000000000795e-03
-9.785500000000000795e-03
-9.783500000000000529e-03
-9.783500000000000529e-03
-9.778999999999999498e-03
-9.775999999999999968e-03
-9.775999999999999968e-03
-9.749999999999999986e-03
-9.741500000000000159e-03
-9.741500000000000159e-03
-9.741500000000000159e-03
-9.734500000000000097e-03
-9.726500000000000770e-03
-9.726500000000000770e-03
-9.723499999999999505e-03
-9.723499999999999505e-03
-9.708500000000000116e-03
-9.679999999999999369e-03
-9.679999999999999369e-03
-9.679999999999999369e-03
-9.679999999999999369e-03
-9.679999999999999369e-03
-9.662999999999999715e-03
-9.662999999999999715e-03
-9.662999999999999715e-03
-9.654499999999999887e-03
-9.654499999999999887e-03
-9.652000000000000857e-03
-9.648999999999999591e-03
-9.648999999999999591e-03
-9.648500000000000826e-03
-9.648500000000000826e-03
-9.634500000000000702e-03
-9.588499999999999801e-03
-9.588499999999999801e-03
-9.588499999999999801e-03
-9.588499999999999801e-03
-9.584999999999999770e-03
-9.584999999999999770e-03
-9.583500000000000005e-03
-9.577999999999999708e-03
-9.570999999999999647e-03
-9.559500000000000289e-03
-9.559500000000000289e-03
-9.559500000000000289e-03
-9.559500000000000289e-03
-9.551999999999999727e-03
-9.551999999999999727e-03
-9.551999999999999727e-03
-9.532499999999999307e-03
-9.532499999999999307e-03
-9.532499999999999307e-03
-9.532499999999999307e-03
-9.532499999999999307e-03
-9.518999999999999684e-03
-9.518499999999999184e-03
-9.507500000000000326e-03
-9.507500000000000326e-03
-9.504999999999999560e-03
-9.504999999999999560e-03
-9.492000000000000437e-03
-9.492000000000000437e-03
-9.492000000000000437e-03
-9.491499999999999937e-03
-9.483999999999999375e-03
-9.469500000000000486e-03
-9.459999999999999659e-03
-9.459999999999999659e-03
-9.459999999999999659e-03
-9.459999999999999659e-03
-9.434500000000000178e-03
-9.428499999999999381e-03
-9.428499999999999381e-03
-9.413499999999999993e-03
-9.413499999999999993e-03
-9.413499999999999993e-03
-9.413499999999999993e-03
-9.413499999999999993e-03
-9.394500000000000073e-03
-9.392499999999999807e-03
-9.392499999999999807e-03
-9.392499999999999807e-03
-9.377999999999999184e-03
-9.374999999999999653e-03
-9.374999999999999653e-03
-9.374999999999999653e-03
-9.363500000000000295e-03
-9.363500000000000295e-03
-9.358999999999999264e-03
-9.350999999999999937e-03
-9.350999999999999937e-03
-9.350999999999999937e-03
-9.350499999999999437e-03
-9.350499999999999437e-03
-9.344999999999999141e-03
-9.343000000000000610e-03
-9.343000000000000610e-03
-9.332500000000000517e-03
-9.332500000000000517e-03
-9.332500000000000517e-03
-9.310999999999999832e-03
-9.303999999999999770e-03
-9.303999999999999770e-03
-9.292500000000000412e-03
-9.292500000000000412e-03
-9.292500000000000412e-03
-9.224500000000000061e-03
-9.224500000000000061e-03
-9.218499999999999264e-03
-9.213999999999999968e-03
-9.213999999999999968e-03
-9.202999999999999375e-03
-9.202999999999999375e-03
-9.176500000000000629e-03
-9.176500000000000629e-03
-9.176500000000000629e-03
-9.176500000000000629e-03
-9.168499999999999567e-03
-9.161000000000000740e-03
-9.154499999999999443e-03
-9.154499999999999443e-03
-9.154499999999999443e-03
-9.150999999999999412e-03
-9.150999999999999412e-03
-9.142499999999999585e-03
-9.142499999999999585e-03
-9.136000000000000024e-03
-9.136000000000000024e-03
-9.126000000000000431e-03
-9.124999999999999431e-03
-9.123499999999999666e-03
-9.123499999999999666e-03
-9.113500000000000073e-03
-9.109499999999999542e-03
-9.100499999999999215e-03
-9.100499999999999215e-03
-9.100499999999999215e-03
-9.088000000000000592e-03
-9.088000000000000592e-03
-9.085499999999999826e-03
-9.085499999999999826e-03
-9.084000000000000061e-03
-9.081999999999999795e-03
-9.052499999999999783e-03
-9.052499999999999783e-03
-9.052499999999999783e-03
-9.052499999999999783e-03
-9.052499999999999783e-03
-9.052499999999999783e-03
-9.051500000000000518e-03
-9.051500000000000518e-03
-9.044500000000000456e-03
-9.039999999999999425e-03
-9.037999999999999159e-03
-9.037999999999999159e-03
-9.037999999999999159e-03
-9.036000000000000629e-03
-9.036000000000000629e-03
-9.032000000000000098e-03
-9.032000000000000098e-03
-8.991000000000000728e-03
-8.991000000000000728e-03
-8.991000000000000728e-03
-8.991000000000000728e-03
-8.991000000000000728e-03
-8.991000000000000728e-03
-8.984499999999999431e-03
-8.984499999999999431e-03
-8.984499999999999431e-03
-8.984499999999999431e-03
-8.980000000000000135e-03
-8.980000000000000135e-03
-8.977499999999999369e-03
-8.977499999999999369e-03
-8.977499999999999369e-03
-8.968500000000000777e-03
-8.966999999999999277e-03
-8.964500000000000246e-03
-8.954500000000000653e-03
-8.954500000000000653e-03
-8.954500000000000653e-03
-8.954500000000000653e-03
-8.954000000000000153e-03
-8.952999999999999153e-03
-8.945500000000000326e-03
-8.945500000000000326e-03
-8.945500000000000326e-03
-8.937999999999999765e-03
-8.937999999999999765e-03
-8.937999999999999765e-03
-8.937999999999999765e-03
-8.922499999999999876e-03
-8.916999999999999579e-03
-8.909999999999999518e-03
-8.885999999999999802e-03
-8.885999999999999802e-03
-8.885999999999999802e-03
-8.885999999999999802e-03
-8.885999999999999802e-03
-8.885999999999999802e-03
-8.881000000000000005e-03
-8.876000000000000209e-03
-8.863499999999999851e-03
-8.863499999999999851e-03
-8.863499999999999851e-03
-8.863499999999999851e-03
-8.863499999999999851e-03
-8.863499999999999851e-03
-8.857500000000000789e-03
-8.857500000000000789e-03
-8.853500000000000258e-03
-8.850999999999999493e-03
-8.849499999999999728e-03
-8.842499999999999666e-03
-8.838999999999999635e-03
-8.836500000000000604e-03
-8.831500000000000808e-03
-8.800499999999999295e-03
-8.800499999999999295e-03
-8.800499999999999295e-03
-8.800499999999999295e-03
-8.791999999999999468e-03
-8.791999999999999468e-03
-8.791999999999999468e-03
-8.790499999999999703e-03
-8.784999999999999407e-03
-8.784000000000000141e-03
-8.784000000000000141e-03
-8.779000000000000345e-03
-8.777999999999999345e-03
-8.771499999999999783e-03
-8.732000000000000178e-03
-8.732000000000000178e-03
-8.732000000000000178e-03
-8.732000000000000178e-03
-8.732000000000000178e-03
-8.732000000000000178e-03
-8.732000000000000178e-03
-8.720999999999999586e-03
-8.720999999999999586e-03
-8.720999999999999586e-03
-8.720999999999999586e-03
-8.699999999999999400e-03
-8.699999999999999400e-03
-8.699999999999999400e-03
-8.699999999999999400e-03
-8.698499999999999635e-03
-8.698499999999999635e-03
-8.698499999999999635e-03
-8.677999999999999950e-03
-8.673000000000000154e-03
-8.673000000000000154e-03
-8.667499999999999857e-03
-8.667499999999999857e-03
-8.665499999999999592e-03
-8.659500000000000530e-03
-8.654999999999999499e-03
-8.654999999999999499e-03
-8.652999999999999234e-03
-8.651499999999999468e-03
-8.650500000000000203e-03
-8.628999999999999518e-03
-8.628999999999999518e-03
-8.628999999999999518e-03
-8.628999999999999518e-03
-8.628999999999999518e-03
-8.624500000000000222e-03
-8.619999999999999191e-03
-8.618000000000000660e-03
-8.607999999999999333e-03
-8.604000000000000536e-03
-8.600500000000000506e-03
-8.600500000000000506e-03
-8.597499999999999240e-03
-8.595000000000000209e-03
-8.593999999999999209e-03
-8.593999999999999209e-03
-8.571999999999999759e-03
-8.571999999999999759e-03
-8.571999999999999759e-03
-8.571999999999999759e-03
-8.571999999999999759e-03
-8.571999999999999759e-03
-8.569500000000000728e-03
-8.569500000000000728e-03
-8.560999999999999166e-03
-8.560999999999999166e-03
-8.559000000000000635e-03
-8.559000000000000635e-03
-8.559000000000000635e-03
-8.559000000000000635e-03
-8.559000000000000635e-03
-8.555999999999999370e-03
-8.545999999999999777e-03
-8.545999999999999777e-03
-8.535499999999999685e-03
-8.535499999999999685e-03
-8.535499999999999685e-03
-8.535499999999999685e-03
-8.535499999999999685e-03
-8.529000000000000123e-03
-8.529000000000000123e-03
-8.529000000000000123e-03
-8.522999999999999327e-03
-8.514999999999999999e-03
-8.500499999999999376e-03
-8.500499999999999376e-03
-8.493999999999999814e-03
-8.493999999999999814e-03
-8.493999999999999814e-03
-8.488499999999999518e-03
-8.488499999999999518e-03
-8.488499999999999518e-03
-8.484000000000000222e-03
-8.467499999999999333e-03
-8.467499999999999333e-03
-8.467499999999999333e-03
-8.463999999999999302e-03
-8.460000000000000506e-03
-8.453499999999999209e-03
-8.452499999999999944e-03
-8.446000000000000382e-03
-8.427499999999999228e-03
-8.427499999999999228e-03
-8.427499999999999228e-03
-8.418999999999999401e-03
-8.418999999999999401e-03
-8.418999999999999401e-03
-8.411999999999999339e-03
-8.411999999999999339e-03
-8.411999999999999339e-03
-8.411999999999999339e-03
-8.411999999999999339e-03
-8.411999999999999339e-03
-8.411999999999999339e-03
-8.410000000000000808e-03
-8.410000000000000808e-03
-8.401499999999999246e-03
-8.401499999999999246e-03
-8.401499999999999246e-03
-8.400499999999999981e-03
-8.399999999999999481e-03
-8.368999999999999703e-03
-8.368999999999999703e-03
-8.368999999999999703e-03
-8.368999999999999703e-03
-8.368999999999999703e-03
-8.366500000000000672e-03
-8.366500000000000672e-03
-8.366500000000000672e-03
-8.360499999999999876e-03
-8.360499999999999876e-03
