3.612797096086706183e-01
5.000123467695882784e-01
2.765624084490057033e-01
8.887354118447231555e-01
7.633375513890618969e-01
3.682144200691194746e-01
9.761879649767195577e-01
7.520983147023563298e-01
6.351590256793182565e-01
9.485138736621645528e-01
7.958527861366884171e-01
3.970659918516770692e-01
9.877227772210359635e-01
7.443398377761398788e-01
5.653713814567503659e-01
9.870380529755033994e-01
7.680071592926190904e-01
5.065936694887162028e-01
9.798892339401648055e-01
6.955172702831196041e-01
5.700160660953279557e-01
9.615698252594568896e-01
6.926989955378459740e-01
5.776373660286389100e-01
9.591208861821785003e-01
8.116010166185014807e-01
5.328422161795995926e-01
9.182441297739557529e-01
7.966998571828033393e-01
3.143705826282824356e-01
8.410880620257688012e-01
8.020372329939526868e-01
4.619257095402465318e-01
7.575411137904690673e-01
7.290819438308098199e-01
5.389197335302806646e-01
8.800604038283990072e-01
7.185714077120272103e-01
6.256746117688938291e-01
9.759119781992715570e-01
7.842112668812595278e-01
6.366211090735460765e-01
9.164844583364337716e-01
7.468618928400185819e-01
4.990716208143629040e-01
9.224258834910588067e-01
7.704448955646492347e-01
5.383535243523069891e-01
9.041524130801111836e-01
7.407126357287386886e-01
4.980611337856891696e-01
7.793289235562270711e-01
7.180442497544567981e-01
4.118547157568633876e-01
9.205775769882921233e-01
7.334325668254122466e-01
3.782777656558016233e-01
9.032133314832390125e-01
7.414526140314701141e-01
4.830602182253294075e-01
9.683002189997882425e-01
7.085299070706063684e-01
3.740657709910436557e-01
9.706295348731047712e-01
8.631121765523719347e-01
8.140612758105912894e-01
9.397973339997052200e-01
8.233905032738952912e-01
7.133508970461246435e-01
9.923739794606045717e-01
8.146194815394371957e-01
3.973058210776914678e-01
9.815175176671167012e-01
8.420312177141011656e-01
5.222202434523524062e-01
9.935705631244324820e-01
6.895092131193917284e-01
4.393806114798602946e-01
9.790540283100008789e-01
6.855121371490574544e-01
5.365783270913755398e-01
8.372283133399279764e-01
7.463878487557273900e-01
5.996159440729582624e-01
9.755961176969736304e-01
7.468625367096233258e-01
5.543613773586029136e-01
9.656630185682990586e-01
7.313978809569774420e-01
4.131344985732334774e-01
9.674099494842681723e-01
6.894964810166752667e-01
5.556256960105936393e-01
9.400199743309285427e-01
7.427974554758143277e-01
5.003724848458757091e-01
9.890213369838627422e-01
7.147440850045343463e-01
5.920594297090163716e-01
9.482361019845506611e-01
6.490227296455506334e-01
6.189731589211144858e-01
9.839379582499179211e-01
6.974061552613489701e-01
1.974380165231812145e-01
9.724327236943399733e-01
7.207666630458546830e-01
6.917848245064710522e-01
9.735828938772588259e-01
7.458098360165124063e-01
5.804538159655736607e-01
9.754357110812748033e-01
7.052464901112478479e-01
6.241059967714259749e-01
9.897860266266793605e-01
6.934123121522820510e-01
6.501556517006483737e-01
9.653266433117381196e-01
6.711017577376063858e-01
2.397406562757144477e-01
9.793787368318297437e-01
6.824772147459146066e-01
3.060152886455567156e-01
9.840778567127901333e-01
8.054165278282354734e-01
2.841220729723957228e-01
9.899806470077598952e-01
7.068352397293042877e-01
3.928491971487012568e-01
9.798691674249886407e-01
7.121029637264690848e-01
6.442314764387984116e-01
9.681370617686049229e-01
7.460479516915610176e-01
7.510663664385479610e-01
9.848311225712313988e-01
7.731628948078632657e-01
3.409554010778957922e-01
9.698446851480593267e-01
6.847988207565119945e-01
7.779553979292750387e-01
9.633055154673191289e-01
6.971324173725053086e-01
5.413182708902466445e-01
9.783523641505287305e-01
7.083128481014080435e-01
3.435443267752726904e-01
8.823275412734508105e-01
7.826861880592540510e-01
1.670674589862187198e-01
9.867893236478766372e-01
7.196899939973222526e-01
3.333122033465931722e-01
8.650033229510729615e-01
7.468189577969264192e-01
2.461661805642436085e-01
8.368675403084545605e-01
6.643922673418753977e-01
3.899713950895746239e-01
9.239023929341523278e-01
7.815482985686429407e-01
2.673332199141941201e-01
9.721407619456656768e-01
8.473883340168533174e-01
3.541461245557221971e-01
9.723782935695267637e-01
7.564431075055959575e-01
4.988534116185364686e-01
9.595611915475826814e-01
7.577125998678670982e-01
1.873886174384786496e-01
9.723409884970244388e-01
7.347377262429477529e-01
5.503343749407278995e-01
9.473172325202475763e-01
7.896161167245983048e-01
2.656815713315183736e-01
9.499073416118817281e-01
7.560972967486037088e-01
5.319297647322822620e-01
9.533920965322999486e-01
7.688666406678126286e-01
3.771286671076292674e-01
9.576991975495499076e-01
7.771461348267909575e-01
3.251180233463909497e-01
9.447905719987459428e-01
7.622106584085910352e-01
4.895829037200725153e-01
9.520988885596858298e-01
7.665650815960144415e-01
4.753634004108990840e-01
9.588280384221066210e-01
7.181661475965384067e-01
4.441549978183032543e-01
9.754781657706674824e-01
7.021219640712493826e-01
6.280767133677973568e-01
9.806746415622744628e-01
7.541392354025442391e-01
5.405900911228802563e-01
9.692170520052955096e-01
6.775413600808882775e-01
6.870084685738471197e-01
9.288482107999953552e-01
7.246638753306556824e-01
4.719684488109846532e-01
9.790941067170482182e-01
7.566446068130028291e-01
5.916665164288101852e-01
9.667708418722423813e-01
7.165115692503289946e-01
6.336775504970220130e-01
9.900898303851983773e-01
7.113794127636825504e-01
5.876462776760540407e-01
9.930076036976345222e-01
7.901485624053349310e-01
5.871944862845999147e-01
9.547325011383426263e-01
7.191247829713262041e-01
5.525953449497402747e-01
9.865683042885271536e-01
7.262983583842814728e-01
5.723112243989638692e-01
9.778057206766241904e-01
7.581065187828452956e-01
5.122421818844681285e-01
9.844645562631790803e-01
6.210526382420413771e-01
4.797670522480310673e-01
9.892318433378126663e-01
6.220473619783707386e-01
4.773276385316482795e-01
9.898952469167061619e-01
6.310784958481572282e-01
5.256229194537183069e-01
9.770566235547881728e-01
6.076132176308426391e-01
5.125535392566482606e-01
