-1.874039999999999873e-01
-1.874039999999999873e-01
-1.587079999999999880e-01
-1.416054999999999953e-01
-1.238625000000000004e-01
-1.238625000000000004e-01
-1.230020000000000002e-01
-1.169189999999999952e-01
-1.081929999999999975e-01
-1.038810000000000011e-01
-1.038810000000000011e-01
-9.610599999999999699e-02
-9.610599999999999699e-02
-8.909749999999999615e-02
-8.909749999999999615e-02
-8.247400000000000564e-02
-7.579099999999999726e-02
-7.545150000000000468e-02
-7.523449999999999582e-02
-7.387000000000000510e-02
-6.427700000000000080e-02
-6.120849999999999902e-02
-6.120849999999999902e-02
-5.322099999999999748e-02
-5.118849999999999789e-02
-4.952100000000000252e-02
-4.952100000000000252e-02
-4.537750000000000117e-02
-4.537750000000000117e-02
-4.513000000000000345e-02
-4.513000000000000345e-02
-4.354149999999999687e-02
-4.354149999999999687e-02
-3.926650000000000279e-02
-3.926650000000000279e-02
-3.815999999999999948e-02
-3.749149999999999705e-02
-3.749149999999999705e-02
-3.641550000000000342e-02
-3.113749999999999851e-02
-3.113749999999999851e-02
-3.113749999999999851e-02
-3.113749999999999851e-02
-2.826400000000000093e-02
-2.826400000000000093e-02
-2.826400000000000093e-02
-2.826400000000000093e-02
-2.801100000000000118e-02
-2.642800000000000010e-02
-2.639649999999999982e-02
-2.606249999999999886e-02
-2.276399999999999951e-02
-2.276399999999999951e-02
-2.276399999999999951e-02
-2.276399999999999951e-02
-2.220099999999999851e-02
-2.220099999999999851e-02
-2.188350000000000017e-02
-2.188350000000000017e-02
-2.188350000000000017e-02
-2.108449999999999908e-02
-2.020949999999999830e-02
-2.020949999999999830e-02
-2.020299999999999874e-02
-2.019800000000000068e-02
-1.997049999999999867e-02
-1.970600000000000129e-02
-1.969800000000000023e-02
-1.966649999999999995e-02
-1.961999999999999855e-02
-1.961999999999999855e-02
-1.961999999999999855e-02
-1.961600000000000149e-02
-1.961600000000000149e-02
-1.957000000000000059e-02
-1.951150000000000106e-02
-1.951150000000000106e-02
-1.951150000000000106e-02
-1.951150000000000106e-02
-1.951150000000000106e-02
-1.940050000000000108e-02
-1.940050000000000108e-02
-1.940050000000000108e-02
-1.909299999999999886e-02
-1.909299999999999886e-02
-1.909100000000000033e-02
-1.909100000000000033e-02
-1.900249999999999856e-02
-1.888050000000000145e-02
-1.888050000000000145e-02
-1.888050000000000145e-02
-1.887000000000000136e-02
-1.885650000000000173e-02
-1.885650000000000173e-02
-1.879849999999999924e-02
-1.869399999999999881e-02
-1.869399999999999881e-02
-1.855849999999999861e-02
-1.855849999999999861e-02
-1.855849999999999861e-02
-1.855849999999999861e-02
-1.855849999999999861e-02
-1.855849999999999861e-02
-1.855849999999999861e-02
-1.855849999999999861e-02
-1.850150000000000058e-02
-1.850150000000000058e-02
-1.846549999999999928e-02
-1.846549999999999928e-02
-1.834650000000000170e-02
-1.834650000000000170e-02
-1.834650000000000170e-02
-1.834650000000000170e-02
-1.834650000000000170e-02
-1.834650000000000170e-02
-1.816999999999999865e-02
-1.815249999999999850e-02
-1.815249999999999850e-02
-1.815249999999999850e-02
-1.815249999999999850e-02
-1.815249999999999850e-02
-1.815249999999999850e-02
-1.815249999999999850e-02
-1.807249999999999829e-02
-1.807249999999999829e-02
-1.803249999999999992e-02
-1.803249999999999992e-02
-1.803249999999999992e-02
-1.803249999999999992e-02
-1.803249999999999992e-02
-1.796700000000000033e-02
-1.796700000000000033e-02
-1.796700000000000033e-02
-1.789349999999999968e-02
-1.789349999999999968e-02
-1.789349999999999968e-02
-1.788500000000000159e-02
-1.788500000000000159e-02
-1.777799999999999866e-02
-1.661249999999999880e-02
-1.561500000000000041e-02
-1.561500000000000041e-02
-1.561500000000000041e-02
-1.561500000000000041e-02
-1.511700000000000023e-02
-1.511700000000000023e-02
-1.428749999999999985e-02
-1.428749999999999985e-02
-1.428749999999999985e-02
-1.428749999999999985e-02
-1.421599999999999947e-02
-1.414349999999999982e-02
-1.414349999999999982e-02
-1.387249999999999941e-02
-1.387249999999999941e-02
-1.387249999999999941e-02
-1.387249999999999941e-02
-1.387249999999999941e-02
-1.370249999999999940e-02
-1.369599999999999984e-02
-1.369599999999999984e-02
-1.369599999999999984e-02
-1.369599999999999984e-02
-1.367849999999999969e-02
-1.359549999999999995e-02
-1.358200000000000032e-02
-1.358200000000000032e-02
-1.358200000000000032e-02
-1.355800000000000061e-02
-1.355050000000000004e-02
-1.354449999999999925e-02
-1.353749999999999919e-02
-1.353050000000000086e-02
-1.353050000000000086e-02
-1.353050000000000086e-02
-1.353050000000000086e-02
-1.353050000000000086e-02
-1.353050000000000086e-02
-1.353050000000000086e-02
-1.351849999999999927e-02
-1.351849999999999927e-02
-1.351849999999999927e-02
-1.351349999999999947e-02
-1.351349999999999947e-02
-1.351349999999999947e-02
-1.351349999999999947e-02
-1.351349999999999947e-02
-1.351349999999999947e-02
-1.351250000000000021e-02
-1.351250000000000021e-02
-1.350900000000000017e-02
-1.350900000000000017e-02
-1.349799999999999958e-02
-1.349799999999999958e-02
-1.349350000000000029e-02
-1.349350000000000029e-02
-1.348850000000000049e-02
-1.348850000000000049e-02
-1.348850000000000049e-02
-1.348850000000000049e-02
-1.348700000000000072e-02
-1.348650000000000022e-02
-1.348500000000000046e-02
-1.348500000000000046e-02
-1.348449999999999996e-02
-1.348350000000000069e-02
-1.348350000000000069e-02
-1.348099999999999993e-02
-1.348099999999999993e-02
-1.348099999999999993e-02
-1.348099999999999993e-02
-1.347450000000000037e-02
-1.347450000000000037e-02
-1.347450000000000037e-02
-1.347450000000000037e-02
-1.347450000000000037e-02
-1.347450000000000037e-02
-1.347450000000000037e-02
-1.347450000000000037e-02
-1.347450000000000037e-02
-1.347450000000000037e-02
-1.347450000000000037e-02
-1.347450000000000037e-02
-1.347399999999999987e-02
-1.347399999999999987e-02
-1.347399999999999987e-02
-1.347399999999999987e-02
-1.347399999999999987e-02
-1.347399999999999987e-02
-1.347399999999999987e-02
-1.347399999999999987e-02
-1.347399999999999987e-02
-1.347399999999999987e-02
-1.347399999999999987e-02
-1.347399999999999987e-02
-1.347399999999999987e-02
-1.347399999999999987e-02
-1.347399999999999987e-02
-1.347399999999999987e-02
-1.347399999999999987e-02
-1.347399999999999987e-02
-1.347300000000000060e-02
-1.347300000000000060e-02
-1.347300000000000060e-02
-1.347300000000000060e-02
-1.347300000000000060e-02
-1.347300000000000060e-02
-1.347300000000000060e-02
-1.347199999999999960e-02
-1.347150000000000084e-02
-1.347150000000000084e-02
-1.347100000000000034e-02
-1.347100000000000034e-02
-1.347100000000000034e-02
-1.347100000000000034e-02
-1.347100000000000034e-02
-1.347049999999999984e-02
-1.347049999999999984e-02
-1.347049999999999984e-02
-1.347049999999999984e-02
-1.347049999999999984e-02
-1.347049999999999984e-02
-1.347049999999999984e-02
-1.347049999999999984e-02
-1.347049999999999984e-02
-1.346450000000000077e-02
-1.346450000000000077e-02
-1.346450000000000077e-02
-1.346450000000000077e-02
-1.346450000000000077e-02
-1.346450000000000077e-02
-1.346450000000000077e-02
-1.346450000000000077e-02
-1.346450000000000077e-02
-1.346450000000000077e-02
-1.346450000000000077e-02
-1.346450000000000077e-02
-1.346450000000000077e-02
-1.346400000000000027e-02
-1.346400000000000027e-02
-1.346349999999999977e-02
-1.346349999999999977e-02
-1.346349999999999977e-02
-1.346349999999999977e-02
-1.346349999999999977e-02
-1.346299999999999927e-02
-1.346299999999999927e-02
-1.346299999999999927e-02
-1.346299999999999927e-02
-1.346299999999999927e-02
-1.346250000000000051e-02
-1.346250000000000051e-02
-1.346250000000000051e-02
-1.346250000000000051e-02
-1.346250000000000051e-02
-1.346250000000000051e-02
-1.346250000000000051e-02
-1.346200000000000001e-02
-1.346200000000000001e-02
-1.346200000000000001e-02
-1.346200000000000001e-02
-1.346149999999999951e-02
-1.346149999999999951e-02
-1.346100000000000074e-02
-1.346100000000000074e-02
-1.346100000000000074e-02
-1.346100000000000074e-02
-1.346100000000000074e-02
-1.345750000000000071e-02
-1.345750000000000071e-02
-1.345750000000000071e-02
-1.345750000000000071e-02
-1.345750000000000071e-02
-1.345750000000000071e-02
-1.345750000000000071e-02
-1.345750000000000071e-02
-1.345750000000000071e-02
-1.345750000000000071e-02
-1.345750000000000071e-02
-1.345750000000000071e-02
-1.345700000000000021e-02
-1.345649999999999971e-02
-1.345649999999999971e-02
-1.345649999999999971e-02
-1.345649999999999971e-02
-1.345649999999999971e-02
-1.345649999999999971e-02
-1.345649999999999971e-02
-1.345649999999999971e-02
-1.345649999999999971e-02
-1.345649999999999971e-02
-1.345649999999999971e-02
-1.345649999999999971e-02
-1.345649999999999971e-02
-1.345649999999999971e-02
-1.345649999999999971e-02
-1.345649999999999971e-02
-1.345649999999999971e-02
-1.345649999999999971e-02
-1.345649999999999971e-02
-1.345649999999999971e-02
-1.345649999999999971e-02
-1.345649999999999971e-02
-1.345649999999999971e-02
-1.345649999999999971e-02
-1.345649999999999971e-02
-1.345649999999999971e-02
-1.345649999999999971e-02
-1.345649999999999971e-02
-1.345649999999999971e-02
-1.345649999999999971e-02
-1.345649999999999971e-02
-1.345649999999999971e-02
-1.345649999999999971e-02
-1.345649999999999971e-02
-1.345649999999999971e-02
-1.345649999999999971e-02
-1.345649999999999971e-02
-1.345299999999999968e-02
-1.345299999999999968e-02
-1.345299999999999968e-02
-1.345299999999999968e-02
-1.345299999999999968e-02
-1.345299999999999968e-02
-1.345299999999999968e-02
-1.345299999999999968e-02
-1.345299999999999968e-02
-1.345299999999999968e-02
-1.345299999999999968e-02
-1.345299999999999968e-02
-1.345299999999999968e-02
-1.345299999999999968e-02
-1.345299999999999968e-02
-1.345299999999999968e-02
-1.345299999999999968e-02
-1.345299999999999968e-02
-1.345299999999999968e-02
-1.345299999999999968e-02
-1.345149999999999992e-02
-1.345099999999999942e-02
-1.344650000000000012e-02
-1.344650000000000012e-02
-1.344650000000000012e-02
-1.344650000000000012e-02
-1.344599999999999962e-02
-1.344599999999999962e-02
-1.344599999999999962e-02
-1.344599999999999962e-02
-1.344599999999999962e-02
-1.344599999999999962e-02
-1.344599999999999962e-02
-1.344599999999999962e-02
-1.344599999999999962e-02
-1.344500000000000035e-02
-1.342950000000000046e-02
-1.342950000000000046e-02
-1.342950000000000046e-02
-1.342950000000000046e-02
-1.342950000000000046e-02
-1.342950000000000046e-02
-1.342950000000000046e-02
-1.342950000000000046e-02
-1.342950000000000046e-02
-1.342950000000000046e-02
-1.342950000000000046e-02
-1.342950000000000046e-02
-1.342950000000000046e-02
-1.342950000000000046e-02
-1.342950000000000046e-02
-1.342950000000000046e-02
-1.342950000000000046e-02
-1.342950000000000046e-02
-1.342950000000000046e-02
-1.342950000000000046e-02
-1.342950000000000046e-02
-1.342950000000000046e-02
-1.342950000000000046e-02
-1.342950000000000046e-02
-1.342950000000000046e-02
-1.342649999999999920e-02
-1.342649999999999920e-02
-1.342649999999999920e-02
-1.342600000000000043e-02
-1.342600000000000043e-02
-1.342600000000000043e-02
-1.342600000000000043e-02
-1.342600000000000043e-02
-1.342549999999999993e-02
-1.342549999999999993e-02
-1.342549999999999993e-02
-1.342549999999999993e-02
-1.342549999999999993e-02
-1.342549999999999993e-02
-1.342549999999999993e-02
-1.342549999999999993e-02
-1.342549999999999993e-02
-1.342450000000000067e-02
-1.341999999999999964e-02
-1.341849999999999987e-02
-1.341849999999999987e-02
-1.341849999999999987e-02
-1.341750000000000061e-02
-1.341700000000000011e-02
-1.341649999999999961e-02
-1.341649999999999961e-02
-1.341649999999999961e-02
-1.341649999999999961e-02
-1.341649999999999961e-02
-1.341649999999999961e-02
-1.341649999999999961e-02
-1.341649999999999961e-02
-1.341649999999999961e-02
-1.341649999999999961e-02
-1.341649999999999961e-02
-1.341649999999999961e-02
-1.341649999999999961e-02
-1.341649999999999961e-02
-1.341649999999999961e-02
-1.341649999999999961e-02
-1.341649999999999961e-02
-1.341649999999999961e-02
-1.341649999999999961e-02
-1.341649999999999961e-02
-1.341649999999999961e-02
-1.341649999999999961e-02
-1.341649999999999961e-02
-1.341649999999999961e-02
-1.341649999999999961e-02
-1.341649999999999961e-02
-1.341649999999999961e-02
-1.341649999999999961e-02
-1.341649999999999961e-02
-1.341649999999999961e-02
-1.341649999999999961e-02
-1.341649999999999961e-02
-1.341649999999999961e-02
-1.341649999999999961e-02
-1.341649999999999961e-02
-1.341649999999999961e-02
-1.341649999999999961e-02
-1.341649999999999961e-02
-1.341649999999999961e-02
-1.341649999999999961e-02
-1.341649999999999961e-02
-1.341649999999999961e-02
-1.341649999999999961e-02
-1.341649999999999961e-02
-1.341649999999999961e-02
-1.341649999999999961e-02
-1.341649999999999961e-02
-1.341649999999999961e-02
-1.341649999999999961e-02
-1.341649999999999961e-02
-1.341649999999999961e-02
-1.341649999999999961e-02
-1.341649999999999961e-02
-1.341649999999999961e-02
-1.341649999999999961e-02
-1.341649999999999961e-02
-1.341649999999999961e-02
-1.341649999999999961e-02
-1.341649999999999961e-02
-1.341649999999999961e-02
-1.341649999999999961e-02
-1.341649999999999961e-02
-1.341649999999999961e-02
-1.341649999999999961e-02
-1.341649999999999961e-02
-1.341649999999999961e-02
-1.341649999999999961e-02
-1.341649999999999961e-02
-1.341649999999999961e-02
-1.341649999999999961e-02
-1.341649999999999961e-02
-1.341649999999999961e-02
-1.341649999999999961e-02
-1.341649999999999961e-02
-1.341649999999999961e-02
-1.341649999999999961e-02
-1.341649999999999961e-02
-1.341649999999999961e-02
-1.341649999999999961e-02
-1.341649999999999961e-02
-1.341649999999999961e-02
-1.341649999999999961e-02
-1.341649999999999961e-02
-1.341649999999999961e-02
-1.341649999999999961e-02
-1.341649999999999961e-02
-1.341649999999999961e-02
-1.341649999999999961e-02
-1.341649999999999961e-02
-1.341649999999999961e-02
-1.341649999999999961e-02
-1.341649999999999961e-02
-1.341649999999999961e-02
-1.341649999999999961e-02
-1.341649999999999961e-02
-1.341649999999999961e-02
-1.341649999999999961e-02
-1.341649999999999961e-02
-1.341649999999999961e-02
-1.341649999999999961e-02
-1.341649999999999961e-02
-1.341649999999999961e-02
-1.341649999999999961e-02
-1.341649999999999961e-02
-1.341649999999999961e-02
-1.341649999999999961e-02
-1.341649999999999961e-02
-1.341649999999999961e-02
-1.341649999999999961e-02
-1.341649999999999961e-02
-1.341649999999999961e-02
-1.341649999999999961e-02
-1.341649999999999961e-02
-1.341649999999999961e-02
-1.341649999999999961e-02
-1.341649999999999961e-02
-1.341649999999999961e-02
-1.341649999999999961e-02
-1.341649999999999961e-02
-1.341649999999999961e-02
-1.341649999999999961e-02
-1.341649999999999961e-02
-1.341649999999999961e-02
-1.341649999999999961e-02
-1.341649999999999961e-02
-1.341649999999999961e-02
-1.341649999999999961e-02
-1.341649999999999961e-02
-1.341649999999999961e-02
-1.341649999999999961e-02
-1.341649999999999961e-02
-1.341649999999999961e-02
-1.341649999999999961e-02
-1.341649999999999961e-02
-1.341649999999999961e-02
-1.341649999999999961e-02
-1.341649999999999961e-02
-1.341649999999999961e-02
-1.341649999999999961e-02
-1.341649999999999961e-02
-1.341649999999999961e-02
-1.341649999999999961e-02
-1.341649999999999961e-02
-1.341649999999999961e-02
-1.341649999999999961e-02
-1.341649999999999961e-02
-1.341649999999999961e-02
-1.341649999999999961e-02
-1.341649999999999961e-02
-1.341649999999999961e-02
-1.341649999999999961e-02
-1.341649999999999961e-02
-1.341649999999999961e-02
-1.341649999999999961e-02
-1.341649999999999961e-02
-1.341649999999999961e-02
-1.341649999999999961e-02
-1.341649999999999961e-02
-1.341649999999999961e-02
-1.341649999999999961e-02
-1.341649999999999961e-02
-1.341649999999999961e-02
-1.341649999999999961e-02
-1.341649999999999961e-02
-1.341649999999999961e-02
-1.341649999999999961e-02
-1.341649999999999961e-02
-1.341649999999999961e-02
-1.341649999999999961e-02
-1.341649999999999961e-02
-1.341649999999999961e-02
-1.341649999999999961e-02
-1.341649999999999961e-02
-1.341649999999999961e-02
-1.341649999999999961e-02
-1.341649999999999961e-02
-1.341649999999999961e-02
-1.341649999999999961e-02
-1.341649999999999961e-02
-1.341649999999999961e-02
-1.341649999999999961e-02
-1.341649999999999961e-02
-1.341649999999999961e-02
-1.341649999999999961e-02
-1.341649999999999961e-02
-1.341649999999999961e-02
-1.341649999999999961e-02
-1.341649999999999961e-02
-1.341649999999999961e-02
-1.341649999999999961e-02
-1.341649999999999961e-02
-1.341649999999999961e-02
-1.341649999999999961e-02
-1.341649999999999961e-02
-1.341649999999999961e-02
-1.341649999999999961e-02
-1.341649999999999961e-02
-1.341649999999999961e-02
-1.341649999999999961e-02
-1.341649999999999961e-02
-1.341649999999999961e-02
-1.341649999999999961e-02
-1.341649999999999961e-02
-1.341649999999999961e-02
-1.341649999999999961e-02
-1.341649999999999961e-02
-1.341649999999999961e-02
-1.341649999999999961e-02
-1.341649999999999961e-02
-1.341649999999999961e-02
-1.341600000000000084e-02
-1.341600000000000084e-02
-1.341550000000000034e-02
-1.341550000000000034e-02
-1.341499999999999984e-02
-1.341499999999999984e-02
-1.341499999999999984e-02
-1.341499999999999984e-02
-1.341499999999999984e-02
-1.341499999999999984e-02
-1.341499999999999984e-02
-1.341499999999999984e-02
-1.341499999999999984e-02
-1.341499999999999984e-02
-1.341499999999999984e-02
-1.341499999999999984e-02
-1.341499999999999984e-02
-1.341499999999999984e-02
-1.341499999999999984e-02
-1.341499999999999984e-02
-1.341499999999999984e-02
-1.341499999999999984e-02
-1.341499999999999984e-02
-1.341499999999999984e-02
-1.341499999999999984e-02
-1.341499999999999984e-02
-1.341499999999999984e-02
-1.341499999999999984e-02
-1.341499999999999984e-02
-1.341499999999999984e-02
-1.341499999999999984e-02
-1.341499999999999984e-02
-1.341499999999999984e-02
-1.341499999999999984e-02
-1.341499999999999984e-02
-1.341499999999999984e-02
-1.341499999999999984e-02
-1.341499999999999984e-02
-1.341499999999999984e-02
-1.341499999999999984e-02
-1.341499999999999984e-02
-1.341449999999999934e-02
-1.341449999999999934e-02
-1.341449999999999934e-02
-1.341449999999999934e-02
-1.341449999999999934e-02
-1.341449999999999934e-02
-1.341449999999999934e-02
-1.341449999999999934e-02
-1.341449999999999934e-02
-1.341449999999999934e-02
-1.341449999999999934e-02
-1.341449999999999934e-02
-1.341449999999999934e-02
-1.341449999999999934e-02
-1.341449999999999934e-02
-1.341449999999999934e-02
-1.341449999999999934e-02
-1.341449999999999934e-02
-1.341449999999999934e-02
-1.341449999999999934e-02
-1.341449999999999934e-02
-1.341449999999999934e-02
-1.341449999999999934e-02
-1.341449999999999934e-02
-1.341449999999999934e-02
-1.341449999999999934e-02
-1.341449999999999934e-02
-1.341449999999999934e-02
-1.341449999999999934e-02
-1.341449999999999934e-02
-1.341449999999999934e-02
-1.341449999999999934e-02
-1.341449999999999934e-02
-1.341449999999999934e-02
-1.341449999999999934e-02
-1.341449999999999934e-02
-1.341449999999999934e-02
-1.341449999999999934e-02
-1.341449999999999934e-02
-1.341449999999999934e-02
-1.341449999999999934e-02
-1.341449999999999934e-02
-1.341449999999999934e-02
-1.341449999999999934e-02
-1.341449999999999934e-02
-1.341449999999999934e-02
-1.341449999999999934e-02
-1.341449999999999934e-02
-1.341449999999999934e-02
-1.341449999999999934e-02
-1.341449999999999934e-02
-1.341449999999999934e-02
-1.341449999999999934e-02
-1.341449999999999934e-02
-1.341449999999999934e-02
-1.341449999999999934e-02
-1.341449999999999934e-02
-1.341449999999999934e-02
-1.341449999999999934e-02
-1.341449999999999934e-02
-1.341449999999999934e-02
-1.341449999999999934e-02
-1.341449999999999934e-02
-1.341449999999999934e-02
-1.341449999999999934e-02
-1.341449999999999934e-02
-1.341449999999999934e-02
-1.341449999999999934e-02
-1.341449999999999934e-02
-1.341449999999999934e-02
-1.341449999999999934e-02
-1.341449999999999934e-02
-1.341449999999999934e-02
-1.341449999999999934e-02
-1.341449999999999934e-02
-1.341449999999999934e-02
-1.341449999999999934e-02
-1.341449999999999934e-02
-1.341449999999999934e-02
-1.341449999999999934e-02
-1.341449999999999934e-02
-1.341449999999999934e-02
-1.341449999999999934e-02
-1.341449999999999934e-02
-1.341449999999999934e-02
-1.341449999999999934e-02
-1.341449999999999934e-02
-1.341449999999999934e-02
-1.341449999999999934e-02
-1.341449999999999934e-02
-1.341449999999999934e-02
-1.341449999999999934e-02
-1.341449999999999934e-02
-1.341449999999999934e-02
-1.341449999999999934e-02
-1.341449999999999934e-02
-1.341449999999999934e-02
-1.341449999999999934e-02
-1.341449999999999934e-02
-1.341449999999999934e-02
-1.341449999999999934e-02
-1.341449999999999934e-02
-1.341449999999999934e-02
-1.341449999999999934e-02
-1.341449999999999934e-02
-1.341449999999999934e-02
-1.341449999999999934e-02
-1.341449999999999934e-02
-1.341449999999999934e-02
-1.341449999999999934e-02
-1.341449999999999934e-02
-1.341449999999999934e-02
-1.341449999999999934e-02
-1.341449999999999934e-02
-1.341449999999999934e-02
-1.341449999999999934e-02
-1.341449999999999934e-02
-1.341449999999999934e-02
-1.341449999999999934e-02
-1.341449999999999934e-02
-1.341449999999999934e-02
-1.341449999999999934e-02
-1.341449999999999934e-02
-1.341449999999999934e-02
-1.341449999999999934e-02
-1.341449999999999934e-02
-1.341449999999999934e-02
-1.341449999999999934e-02
-1.341449999999999934e-02
-1.341449999999999934e-02
-1.341350000000000008e-02
-1.341350000000000008e-02
-1.341350000000000008e-02
-1.341350000000000008e-02
-1.341350000000000008e-02
-1.341350000000000008e-02
-1.341350000000000008e-02
-1.341350000000000008e-02
-1.341350000000000008e-02
-1.341350000000000008e-02
-1.341350000000000008e-02
-1.341350000000000008e-02
-1.341350000000000008e-02
-1.341350000000000008e-02
-1.341350000000000008e-02
-1.341350000000000008e-02
-1.341350000000000008e-02
-1.341350000000000008e-02
-1.341350000000000008e-02
-1.341350000000000008e-02
-1.341350000000000008e-02
-1.341350000000000008e-02
-1.341350000000000008e-02
-1.341350000000000008e-02
-1.341350000000000008e-02
-1.341350000000000008e-02
-1.341350000000000008e-02
-1.341350000000000008e-02
-1.341350000000000008e-02
-1.341350000000000008e-02
-1.341350000000000008e-02
-1.341350000000000008e-02
-1.341350000000000008e-02
-1.341350000000000008e-02
-1.341350000000000008e-02
-1.341250000000000081e-02
-1.341250000000000081e-02
-1.341250000000000081e-02
-1.341250000000000081e-02
-1.341250000000000081e-02
-1.341250000000000081e-02
-1.341200000000000031e-02
-1.341200000000000031e-02
-1.341200000000000031e-02
-1.341200000000000031e-02
-1.341200000000000031e-02
-1.341200000000000031e-02
-1.341200000000000031e-02
-1.341149999999999981e-02
-1.341149999999999981e-02
-1.341149999999999981e-02
-1.341149999999999981e-02
-1.341149999999999981e-02
-1.341149999999999981e-02
-1.341149999999999981e-02
-1.341149999999999981e-02
-1.341149999999999981e-02
-1.341149999999999981e-02
-1.341149999999999981e-02
-1.341149999999999981e-02
-1.341149999999999981e-02
-1.341149999999999981e-02
-1.341149999999999981e-02
-1.341149999999999981e-02
-1.341149999999999981e-02
-1.341149999999999981e-02
-1.341149999999999981e-02
-1.341149999999999981e-02
-1.341149999999999981e-02
-1.341149999999999981e-02
-1.341149999999999981e-02
-1.341149999999999981e-02
-1.341149999999999981e-02
-1.341149999999999981e-02
-1.341149999999999981e-02
-1.341149999999999981e-02
-1.341149999999999981e-02
-1.341149999999999981e-02
-1.341149999999999981e-02
-1.341149999999999981e-02
-1.341149999999999981e-02
-1.341149999999999981e-02
-1.341149999999999981e-02
-1.341149999999999981e-02
-1.341149999999999981e-02
-1.341149999999999981e-02
-1.341149999999999981e-02
-1.341149999999999981e-02
-1.341149999999999981e-02
-1.341149999999999981e-02
-1.341149999999999981e-02
-1.341149999999999981e-02
-1.341149999999999981e-02
-1.341149999999999981e-02
-1.341149999999999981e-02
-1.341149999999999981e-02
-1.341149999999999981e-02
-1.341149999999999981e-02
-1.341149999999999981e-02
-1.341149999999999981e-02
-1.341149999999999981e-02
-1.341149999999999981e-02
-1.341149999999999981e-02
-1.341149999999999981e-02
-1.341149999999999981e-02
-1.341149999999999981e-02
-1.341149999999999981e-02
-1.341149999999999981e-02
-1.341149999999999981e-02
-1.341149999999999981e-02
-1.341149999999999981e-02
-1.341149999999999981e-02
-1.341149999999999981e-02
-1.341149999999999981e-02
-1.341149999999999981e-02
-1.341149999999999981e-02
-1.341149999999999981e-02
-1.341149999999999981e-02
-1.341149999999999981e-02
-1.341149999999999981e-02
-1.341149999999999981e-02
-1.341149999999999981e-02
-1.341149999999999981e-02
-1.341149999999999981e-02
-1.341149999999999981e-02
-1.341149999999999981e-02
-1.341149999999999981e-02
-1.341149999999999981e-02
-1.341149999999999981e-02
-1.341149999999999981e-02
-1.341149999999999981e-02
-1.341149999999999981e-02
-1.341149999999999981e-02
-1.341149999999999981e-02
-1.341149999999999981e-02
-1.341149999999999981e-02
-1.341149999999999981e-02
-1.341149999999999981e-02
-1.341149999999999981e-02
-1.341149999999999981e-02
-1.341149999999999981e-02
-1.341149999999999981e-02
-1.341149999999999981e-02
-1.341149999999999981e-02
-1.341149999999999981e-02
-1.341149999999999981e-02
-1.341149999999999981e-02
-1.341149999999999981e-02
-1.341149999999999981e-02
-1.341149999999999981e-02
-1.341149999999999981e-02
-1.341149999999999981e-02
-1.341149999999999981e-02
-1.341149999999999981e-02
-1.341149999999999981e-02
-1.341149999999999981e-02
-1.341149999999999981e-02
-1.341149999999999981e-02
-1.341149999999999981e-02
-1.341149999999999981e-02
-1.341149999999999981e-02
-1.341149999999999981e-02
-1.341149999999999981e-02
-1.341149999999999981e-02
-1.341149999999999981e-02
-1.341149999999999981e-02
-1.341149999999999981e-02
-1.341149999999999981e-02
-1.341149999999999981e-02
-1.341149999999999981e-02
-1.341149999999999981e-02
-1.341149999999999981e-02
-1.341149999999999981e-02
-1.341149999999999981e-02
-1.341149999999999981e-02
-1.341149999999999981e-02
