-4.529575000000000129e-01
-4.529575000000000129e-01
-4.529575000000000129e-01
-4.529575000000000129e-01
-4.529575000000000129e-01
-4.529575000000000129e-01
-4.529575000000000129e-01
-4.523929999999999896e-01
-4.498854999999999937e-01
-4.498105000000000020e-01
-4.476875000000000160e-01
-4.475485000000000158e-01
-4.475485000000000158e-01
-4.460080000000000156e-01
-4.458194999999999797e-01
-4.430979999999999919e-01
-4.424135000000000151e-01
-4.424135000000000151e-01
-4.424135000000000151e-01
-4.417380000000000195e-01
-4.408980000000000121e-01
-4.408020000000000271e-01
-4.406880000000000241e-01
-4.390660000000000118e-01
-4.383040000000000269e-01
-4.383040000000000269e-01
-4.368195000000000272e-01
-4.366605000000000070e-01
-4.361889999999999934e-01
-4.341079999999999939e-01
-4.338670000000000027e-01
-4.338670000000000027e-01
-4.316495000000000193e-01
-4.312270000000000270e-01
-4.312270000000000270e-01
-4.312270000000000270e-01
-4.302825000000000122e-01
-4.293834999999999735e-01
-4.292659999999999809e-01
-4.292225000000000068e-01
-4.279290000000000038e-01
-4.279290000000000038e-01
-4.268965000000000121e-01
-4.257710000000000106e-01
-4.244884999999999908e-01
-4.244884999999999908e-01
-4.243894999999999751e-01
-4.243894999999999751e-01
-4.230869999999999909e-01
-4.230869999999999909e-01
-4.216170000000000195e-01
-4.216170000000000195e-01
-4.216170000000000195e-01
-4.216170000000000195e-01
-4.216104999999999992e-01
-4.198500000000000010e-01
-4.198500000000000010e-01
-4.198500000000000010e-01
-4.193635000000000002e-01
-4.177469999999999795e-01
-4.177469999999999795e-01
-4.177469999999999795e-01
-4.175364999999999771e-01
-4.171739999999999893e-01
-4.169709999999999805e-01
-4.160699999999999954e-01
-4.157429999999999737e-01
-4.152640000000000220e-01
-4.152640000000000220e-01
-4.148240000000000260e-01
-4.147810000000000108e-01
-4.139514999999999723e-01
-4.139514999999999723e-01
-4.128195000000000059e-01
-4.128195000000000059e-01
-4.123264999999999847e-01
-4.123264999999999847e-01
-4.118964999999999987e-01
-4.116785000000000028e-01
-4.116785000000000028e-01
-4.112385000000000068e-01
-4.110435000000000061e-01
-4.109979999999999745e-01
-4.100955000000000017e-01
-4.100955000000000017e-01
-4.096764999999999990e-01
-4.090219999999999967e-01
-4.090219999999999967e-01
-4.081400000000000028e-01
-4.077335000000000265e-01
-4.077335000000000265e-01
-4.074280000000000124e-01
-4.070254999999999845e-01
-4.065515000000000101e-01
-4.063085000000000169e-01
-4.063085000000000169e-01
-4.058835000000000082e-01
-4.058514999999999762e-01
-4.053464999999999985e-01
-4.047310000000000074e-01
-4.042275000000000174e-01
-4.042275000000000174e-01
-4.038444999999999951e-01
-4.038444999999999951e-01
-4.033039999999999958e-01
-4.032875000000000210e-01
-4.032875000000000210e-01
-4.025389999999999802e-01
-4.024920000000000164e-01
-4.024889999999999857e-01
-4.018660000000000010e-01
-4.017184999999999784e-01
-4.017184999999999784e-01
-4.014539999999999775e-01
-4.007304999999999895e-01
-4.007304999999999895e-01
-4.002180000000000182e-01
-3.994440000000000213e-01
-3.994440000000000213e-01
-3.991169999999999995e-01
-3.991169999999999995e-01
-3.982614999999999905e-01
-3.982614999999999905e-01
-3.982614999999999905e-01
-3.971999999999999975e-01
-3.971999999999999975e-01
-3.968725000000000169e-01
-3.955365000000000131e-01
-3.955365000000000131e-01
-3.955365000000000131e-01
-3.955365000000000131e-01
-3.955365000000000131e-01
-3.955204999999999971e-01
-3.945049999999999946e-01
-3.945049999999999946e-01
-3.945049999999999946e-01
-3.945049999999999946e-01
-3.944949999999999846e-01
-3.939529999999999976e-01
-3.939529999999999976e-01
-3.938650000000000206e-01
-3.929779999999999940e-01
-3.929615000000000191e-01
-3.927114999999999911e-01
-3.925660000000000260e-01
-3.925660000000000260e-01
-3.922780000000000156e-01
-3.922725000000000239e-01
-3.913015000000000243e-01
-3.913015000000000243e-01
-3.909869999999999735e-01
-3.909869999999999735e-01
-3.901580000000000048e-01
-3.901580000000000048e-01
-3.901580000000000048e-01
-3.899759999999999893e-01
-3.899759999999999893e-01
-3.893690000000000206e-01
-3.889595000000000136e-01
-3.889595000000000136e-01
-3.889595000000000136e-01
-3.886425000000000018e-01
-3.886425000000000018e-01
-3.886425000000000018e-01
-3.878645000000000009e-01
-3.877470000000000083e-01
-3.873670000000000169e-01
-3.873670000000000169e-01
-3.873670000000000169e-01
-3.872844999999999760e-01
-3.871935000000000238e-01
-3.871704999999999730e-01
-3.866419999999999857e-01
-3.865299999999999847e-01
-3.861850000000000005e-01
-3.860899999999999888e-01
-3.860899999999999888e-01
-3.855025000000000257e-01
-3.853599999999999803e-01
-3.853599999999999803e-01
-3.852220000000000089e-01
-3.848779999999999979e-01
-3.848779999999999979e-01
-3.847369999999999957e-01
-3.845084999999999753e-01
-3.845084999999999753e-01
-3.843435000000000046e-01
-3.842960000000000265e-01
-3.836600000000000010e-01
-3.836600000000000010e-01
-3.834540000000000171e-01
-3.831944999999999935e-01
-3.831944999999999935e-01
-3.831264999999999810e-01
-3.825629999999999864e-01
-3.825629999999999864e-01
-3.825629999999999864e-01
-3.824480000000000102e-01
-3.821490000000000165e-01
-3.819420000000000037e-01
-3.819420000000000037e-01
-3.816065000000000151e-01
-3.816065000000000151e-01
-3.811474999999999724e-01
-3.809075000000000100e-01
-3.809075000000000100e-01
-3.809075000000000100e-01
-3.808679999999999843e-01
-3.806640000000000024e-01
-3.804270000000000151e-01
-3.804270000000000151e-01
-3.804270000000000151e-01
-3.803759999999999919e-01
-3.796820000000000195e-01
-3.796649999999999747e-01
-3.796375000000000166e-01
-3.789974999999999872e-01
-3.789974999999999872e-01
-3.789974999999999872e-01
-3.789974999999999872e-01
-3.789974999999999872e-01
-3.788205000000000044e-01
-3.786140000000000061e-01
-3.786140000000000061e-01
-3.785140000000000171e-01
-3.781964999999999910e-01
-3.781594999999999818e-01
-3.781594999999999818e-01
-3.780665000000000275e-01
-3.773805000000000076e-01
-3.773805000000000076e-01
-3.771174999999999944e-01
-3.771174999999999944e-01
-3.771174999999999944e-01
-3.771174999999999944e-01
-3.770419999999999883e-01
-3.768274999999999819e-01
-3.767435000000000089e-01
-3.763325000000000142e-01
-3.763325000000000142e-01
-3.763325000000000142e-01
-3.761045000000000083e-01
-3.761045000000000083e-01
-3.760695000000000010e-01
-3.760695000000000010e-01
-3.760669999999999846e-01
-3.756625000000000103e-01
-3.749759999999999760e-01
-3.749759999999999760e-01
-3.749759999999999760e-01
-3.749759999999999760e-01
-3.749759999999999760e-01
-3.748805000000000054e-01
-3.747280000000000055e-01
-3.747280000000000055e-01
-3.745649999999999813e-01
-3.745649999999999813e-01
-3.742725000000000080e-01
-3.739270000000000094e-01
-3.739270000000000094e-01
-3.739270000000000094e-01
-3.737800000000000011e-01
-3.737800000000000011e-01
-3.735569999999999724e-01
-3.735260000000000247e-01
-3.733659999999999757e-01
-3.732420000000000182e-01
-3.731475000000000208e-01
-3.730935000000000223e-01
-3.730935000000000223e-01
-3.730614999999999903e-01
-3.723305000000000087e-01
-3.719450000000000256e-01
-3.719450000000000256e-01
-3.719450000000000256e-01
-3.718580000000000219e-01
-3.718080000000000274e-01
-3.717300000000000049e-01
-3.713980000000000059e-01
-3.713980000000000059e-01
-3.713980000000000059e-01
-3.713980000000000059e-01
-3.713980000000000059e-01
-3.713965000000000183e-01
-3.713874999999999815e-01
-3.711630000000000207e-01
-3.710645000000000193e-01
-3.710430000000000117e-01
-3.709425000000000083e-01
-3.709425000000000083e-01
-3.707185000000000064e-01
-3.706579999999999875e-01
-3.706579999999999875e-01
-3.705364999999999909e-01
-3.704135000000000066e-01
-3.701059999999999905e-01
-3.701059999999999905e-01
-3.701059999999999905e-01
-3.698905000000000109e-01
-3.698905000000000109e-01
-3.698905000000000109e-01
-3.698905000000000109e-01
-3.698655000000000137e-01
-3.697925000000000240e-01
-3.694315000000000238e-01
-3.694315000000000238e-01
-3.694315000000000238e-01
-3.693084999999999840e-01
-3.693084999999999840e-01
-3.691570000000000129e-01
-3.691570000000000129e-01
-3.689560000000000062e-01
-3.689560000000000062e-01
-3.688799999999999857e-01
-3.686935000000000073e-01
-3.686670000000000225e-01
-3.684844999999999926e-01
-3.684844999999999926e-01
-3.684844999999999926e-01
-3.683985000000000176e-01
-3.683985000000000176e-01
-3.683109999999999995e-01
-3.680855000000000099e-01
-3.679549999999999765e-01
-3.679549999999999765e-01
-3.679549999999999765e-01
-3.679549999999999765e-01
-3.678750000000000075e-01
-3.675955000000000195e-01
-3.675955000000000195e-01
-3.675955000000000195e-01
-3.674284999999999912e-01
-3.672940000000000094e-01
-3.672725000000000017e-01
-3.672725000000000017e-01
-3.670764999999999723e-01
-3.670764999999999723e-01
-3.670435000000000225e-01
-3.667865000000000153e-01
-3.667865000000000153e-01
-3.667865000000000153e-01
-3.666200000000000014e-01
-3.666200000000000014e-01
-3.666200000000000014e-01
-3.665815000000000046e-01
-3.665815000000000046e-01
-3.664744999999999808e-01
-3.663454999999999906e-01
-3.661125000000000074e-01
-3.661125000000000074e-01
-3.661125000000000074e-01
-3.661125000000000074e-01
-3.661125000000000074e-01
-3.656840000000000090e-01
-3.656840000000000090e-01
-3.656840000000000090e-01
-3.656840000000000090e-01
-3.655990000000000073e-01
-3.655990000000000073e-01
-3.655470000000000108e-01
-3.655470000000000108e-01
-3.653035000000000032e-01
-3.653035000000000032e-01
-3.653035000000000032e-01
-3.651110000000000189e-01
-3.651110000000000189e-01
-3.648325000000000040e-01
-3.647520000000000207e-01
-3.647320000000000007e-01
-3.646099999999999897e-01
-3.646099999999999897e-01
-3.646099999999999897e-01
-3.646099999999999897e-01
-3.644715000000000038e-01
-3.640045000000000086e-01
-3.640045000000000086e-01
-3.640045000000000086e-01
-3.640045000000000086e-01
-3.640045000000000086e-01
-3.640045000000000086e-01
-3.637449999999999850e-01
-3.637449999999999850e-01
-3.637449999999999850e-01
-3.637449999999999850e-01
-3.635300000000000198e-01
-3.634824999999999862e-01
-3.634715000000000029e-01
-3.633660000000000223e-01
-3.633660000000000223e-01
-3.633660000000000223e-01
-3.632044999999999857e-01
-3.632044999999999857e-01
-3.632044999999999857e-01
-3.631449999999999956e-01
-3.631449999999999956e-01
-3.628934999999999800e-01
-3.628770000000000051e-01
-3.628770000000000051e-01
-3.627715000000000245e-01
-3.624844999999999873e-01
-3.624844999999999873e-01
-3.624844999999999873e-01
-3.624180000000000179e-01
-3.623244999999999938e-01
-3.623244999999999938e-01
-3.623244999999999938e-01
-3.622164999999999968e-01
-3.622164999999999968e-01
-3.621400000000000174e-01
-3.621400000000000174e-01
-3.619350000000000067e-01
-3.619350000000000067e-01
-3.619350000000000067e-01
-3.619350000000000067e-01
-3.619175000000000031e-01
-3.618439999999999990e-01
-3.618439999999999990e-01
-3.617474999999999996e-01
-3.617474999999999996e-01
-3.615780000000000105e-01
-3.615399999999999725e-01
-3.615399999999999725e-01
-3.613720000000000265e-01
-3.613585000000000269e-01
-3.613585000000000269e-01
-3.613279999999999825e-01
-3.613279999999999825e-01
-3.611199999999999966e-01
-3.611199999999999966e-01
-3.611199999999999966e-01
-3.611199999999999966e-01
-3.610419999999999741e-01
-3.608525000000000205e-01
-3.608500000000000041e-01
-3.608345000000000025e-01
-3.608160000000000256e-01
-3.607929999999999748e-01
-3.606389999999999874e-01
-3.606389999999999874e-01
-3.606389999999999874e-01
-3.606389999999999874e-01
-3.604149999999999854e-01
-3.604149999999999854e-01
-3.604149999999999854e-01
-3.603870000000000129e-01
-3.603870000000000129e-01
-3.603870000000000129e-01
-3.603870000000000129e-01
-3.601289999999999769e-01
-3.601289999999999769e-01
-3.600344999999999795e-01
-3.600344999999999795e-01
-3.600260000000000127e-01
-3.600260000000000127e-01
-3.600260000000000127e-01
-3.599269999999999969e-01
-3.599269999999999969e-01
-3.599204999999999766e-01
-3.597580000000000222e-01
-3.597580000000000222e-01
-3.597580000000000222e-01
-3.596234999999999848e-01
-3.595249999999999835e-01
-3.595130000000000270e-01
-3.595130000000000270e-01
-3.595130000000000270e-01
-3.594450000000000145e-01
-3.594390000000000085e-01
-3.594390000000000085e-01
-3.594310000000000005e-01
-3.590630000000000210e-01
-3.590630000000000210e-01
-3.590630000000000210e-01
-3.590630000000000210e-01
-3.590630000000000210e-01
-3.589904999999999902e-01
-3.589904999999999902e-01
-3.589904999999999902e-01
-3.589764999999999762e-01
-3.588060000000000138e-01
-3.588060000000000138e-01
-3.588060000000000138e-01
-3.588060000000000138e-01
-3.588060000000000138e-01
-3.587650000000000006e-01
-3.587549999999999906e-01
-3.587549999999999906e-01
-3.586914999999999965e-01
-3.586914999999999965e-01
-3.584720000000000129e-01
-3.584720000000000129e-01
-3.584720000000000129e-01
-3.584720000000000129e-01
-3.584720000000000129e-01
-3.584145000000000247e-01
-3.583290000000000086e-01
-3.583290000000000086e-01
-3.583290000000000086e-01
-3.583290000000000086e-01
-3.581250000000000266e-01
-3.581250000000000266e-01
-3.581250000000000266e-01
-3.581250000000000266e-01
-3.581250000000000266e-01
-3.580114999999999825e-01
-3.580114999999999825e-01
-3.580114999999999825e-01
-3.578775000000000150e-01
-3.578775000000000150e-01
-3.578775000000000150e-01
-3.578740000000000254e-01
-3.578489999999999727e-01
-3.578479999999999994e-01
-3.578479999999999994e-01
-3.578189999999999982e-01
-3.577885000000000093e-01
-3.577285000000000048e-01
-3.577184999999999948e-01
-3.577184999999999948e-01
-3.575444999999999873e-01
-3.575444999999999873e-01
-3.575395000000000101e-01
-3.575395000000000101e-01
-3.574255000000000071e-01
-3.574255000000000071e-01
-3.573565000000000214e-01
-3.573565000000000214e-01
-3.573565000000000214e-01
-3.571834999999999871e-01
-3.571834999999999871e-01
-3.571834999999999871e-01
-3.571834999999999871e-01
-3.571834999999999871e-01
-3.571834999999999871e-01
-3.571834999999999871e-01
-3.571374999999999966e-01
-3.571265000000000134e-01
-3.571265000000000134e-01
-3.571265000000000134e-01
-3.571230000000000238e-01
-3.570805000000000229e-01
-3.570805000000000229e-01
-3.569384999999999919e-01
-3.568664999999999754e-01
-3.568664999999999754e-01
-3.568664999999999754e-01
-3.568029999999999813e-01
-3.568029999999999813e-01
-3.568029999999999813e-01
-3.567744999999999944e-01
-3.567744999999999944e-01
-3.566874999999999907e-01
-3.566874999999999907e-01
-3.566130000000000133e-01
-3.566130000000000133e-01
-3.566130000000000133e-01
-3.566130000000000133e-01
-3.566039999999999766e-01
-3.566039999999999766e-01
-3.565769999999999773e-01
-3.565769999999999773e-01
-3.564200000000000146e-01
-3.562795000000000267e-01
-3.562795000000000267e-01
-3.562795000000000267e-01
-3.562795000000000267e-01
-3.562795000000000267e-01
-3.562795000000000267e-01
-3.562795000000000267e-01
-3.562795000000000267e-01
-3.562795000000000267e-01
-3.562795000000000267e-01
-3.562795000000000267e-01
-3.562795000000000267e-01
-3.562795000000000267e-01
-3.562474999999999947e-01
-3.562365000000000115e-01
-3.562365000000000115e-01
-3.562365000000000115e-01
-3.561914999999999942e-01
-3.561914999999999942e-01
-3.561444999999999750e-01
-3.559855000000000103e-01
-3.559855000000000103e-01
-3.559855000000000103e-01
-3.559855000000000103e-01
-3.559855000000000103e-01
-3.559720000000000106e-01
-3.559720000000000106e-01
-3.559720000000000106e-01
-3.559720000000000106e-01
-3.559720000000000106e-01
-3.558189999999999964e-01
-3.557914999999999828e-01
-3.557270000000000154e-01
-3.556885000000000185e-01
-3.556885000000000185e-01
-3.556885000000000185e-01
-3.556885000000000185e-01
-3.556885000000000185e-01
-3.556664999999999965e-01
-3.556664999999999965e-01
-3.556664999999999965e-01
-3.556119999999999837e-01
-3.555384999999999796e-01
-3.555384999999999796e-01
-3.555369999999999919e-01
-3.555369999999999919e-01
-3.555369999999999919e-01
-3.554514999999999758e-01
-3.554185000000000261e-01
-3.554185000000000261e-01
-3.552624999999999811e-01
-3.552624999999999811e-01
-3.552624999999999811e-01
-3.552624999999999811e-01
-3.552624999999999811e-01
-3.552624999999999811e-01
-3.552624999999999811e-01
-3.552624999999999811e-01
-3.552624999999999811e-01
-3.551699999999999857e-01
-3.551250000000000240e-01
-3.551250000000000240e-01
-3.551250000000000240e-01
-3.551185000000000036e-01
-3.551055000000000184e-01
-3.550924999999999776e-01
-3.550909999999999900e-01
-3.550760000000000027e-01
-3.549455000000000249e-01
-3.549455000000000249e-01
-3.549455000000000249e-01
-3.549455000000000249e-01
-3.549455000000000249e-01
-3.549455000000000249e-01
-3.547164999999999901e-01
-3.547164999999999901e-01
-3.547164999999999901e-01
-3.547049999999999925e-01
-3.547049999999999925e-01
-3.547049999999999925e-01
-3.547049999999999925e-01
-3.547049999999999925e-01
-3.547015000000000029e-01
-3.546650000000000080e-01
-3.546650000000000080e-01
-3.546369999999999800e-01
-3.546369999999999800e-01
-3.546340000000000048e-01
-3.545579999999999843e-01
-3.545579999999999843e-01
-3.545579999999999843e-01
-3.544315000000000104e-01
-3.544315000000000104e-01
-3.543419999999999903e-01
-3.543419999999999903e-01
-3.543419999999999903e-01
-3.543419999999999903e-01
-3.543419999999999903e-01
-3.543419999999999903e-01
-3.543419999999999903e-01
-3.543319999999999803e-01
-3.543195000000000094e-01
-3.542815000000000270e-01
-3.542815000000000270e-01
-3.542445000000000177e-01
-3.542445000000000177e-01
-3.542445000000000177e-01
-3.542445000000000177e-01
-3.542445000000000177e-01
-3.542445000000000177e-01
-3.542080000000000228e-01
-3.541754999999999765e-01
-3.541754999999999765e-01
-3.541754999999999765e-01
-3.538855000000000195e-01
-3.538855000000000195e-01
-3.538855000000000195e-01
-3.538855000000000195e-01
-3.538855000000000195e-01
-3.538680000000000159e-01
-3.538680000000000159e-01
-3.538680000000000159e-01
-3.537959999999999994e-01
-3.537959999999999994e-01
-3.537959999999999994e-01
-3.537930000000000241e-01
-3.537930000000000241e-01
-3.536090000000000066e-01
-3.536090000000000066e-01
-3.536090000000000066e-01
-3.536090000000000066e-01
-3.536090000000000066e-01
-3.536090000000000066e-01
-3.535834999999999950e-01
-3.535800000000000054e-01
-3.535800000000000054e-01
-3.535059999999999869e-01
-3.535059999999999869e-01
-3.535059999999999869e-01
-3.535059999999999869e-01
-3.533935000000000271e-01
-3.533935000000000271e-01
-3.533740000000000214e-01
-3.533430000000000182e-01
-3.533430000000000182e-01
-3.533135000000000026e-01
-3.533135000000000026e-01
-3.533135000000000026e-01
-3.533109999999999862e-01
-3.532520000000000104e-01
-3.532520000000000104e-01
-3.532520000000000104e-01
-3.532095000000000096e-01
-3.532095000000000096e-01
-3.532095000000000096e-01
-3.532095000000000096e-01
-3.532004999999999728e-01
-3.531865000000000143e-01
-3.531865000000000143e-01
-3.531865000000000143e-01
-3.530269999999999797e-01
-3.530269999999999797e-01
-3.530269999999999797e-01
-3.530269999999999797e-01
-3.530269999999999797e-01
-3.530079999999999885e-01
-3.530079999999999885e-01
-3.530079999999999885e-01
-3.530079999999999885e-01
-3.530079999999999885e-01
-3.528445000000000054e-01
-3.528445000000000054e-01
-3.528140000000000165e-01
-3.528140000000000165e-01
-3.528140000000000165e-01
-3.527759999999999785e-01
-3.527759999999999785e-01
-3.527759999999999785e-01
-3.527759999999999785e-01
-3.527759999999999785e-01
-3.526425000000000254e-01
-3.526425000000000254e-01
-3.526354999999999906e-01
-3.526354999999999906e-01
-3.526354999999999906e-01
-3.525369999999999893e-01
-3.525369999999999893e-01
-3.525369999999999893e-01
-3.525369999999999893e-01
-3.525369999999999893e-01
-3.525369999999999893e-01
-3.524654999999999871e-01
-3.524654999999999871e-01
-3.524654999999999871e-01
-3.524654999999999871e-01
-3.524654999999999871e-01
-3.524395000000000167e-01
-3.524395000000000167e-01
-3.524395000000000167e-01
-3.524335000000000107e-01
-3.524100000000000010e-01
-3.524100000000000010e-01
-3.524100000000000010e-01
-3.523634999999999962e-01
-3.523634999999999962e-01
-3.523445000000000049e-01
-3.523359999999999825e-01
-3.522620000000000196e-01
-3.522620000000000196e-01
-3.522620000000000196e-01
-3.522299999999999875e-01
-3.521989999999999843e-01
-3.521989999999999843e-01
-3.521989999999999843e-01
-3.521989999999999843e-01
-3.521965000000000234e-01
-3.521369999999999778e-01
-3.521369999999999778e-01
-3.521369999999999778e-01
-3.521369999999999778e-01
-3.521369999999999778e-01
-3.521369999999999778e-01
-3.521369999999999778e-01
-3.521369999999999778e-01
-3.521369999999999778e-01
-3.521369999999999778e-01
-3.521345000000000169e-01
-3.520685000000000064e-01
-3.520685000000000064e-01
-3.520670000000000188e-01
-3.520670000000000188e-01
-3.520190000000000263e-01
-3.520190000000000263e-01
-3.520190000000000263e-01
-3.520190000000000263e-01
-3.520139999999999936e-01
-3.520139999999999936e-01
-3.519685000000000175e-01
-3.519685000000000175e-01
-3.519220000000000126e-01
-3.519220000000000126e-01
-3.519120000000000026e-01
-3.518605000000000205e-01
-3.518494999999999817e-01
-3.518065000000000220e-01
-3.518065000000000220e-01
-3.518065000000000220e-01
-3.518065000000000220e-01
-3.518065000000000220e-01
-3.518065000000000220e-01
-3.518009999999999748e-01
-3.517724999999999880e-01
-3.517724999999999880e-01
-3.517724999999999880e-01
-3.516965000000000230e-01
-3.516965000000000230e-01
-3.516965000000000230e-01
-3.516830000000000234e-01
-3.516830000000000234e-01
-3.516779999999999906e-01
-3.516695000000000237e-01
-3.516205000000000025e-01
-3.516205000000000025e-01
-3.515705000000000080e-01
-3.515705000000000080e-01
-3.515570000000000084e-01
-3.515570000000000084e-01
-3.515570000000000084e-01
-3.515570000000000084e-01
-3.515570000000000084e-01
-3.515570000000000084e-01
-3.514835000000000043e-01
-3.514795000000000003e-01
-3.514795000000000003e-01
-3.514795000000000003e-01
-3.514795000000000003e-01
-3.514789999999999859e-01
-3.514789999999999859e-01
-3.514769999999999839e-01
-3.514599999999999946e-01
-3.514599999999999946e-01
-3.514599999999999946e-01
-3.514599999999999946e-01
-3.514599999999999946e-01
-3.514599999999999946e-01
-3.514459999999999806e-01
-3.514229999999999854e-01
-3.513919999999999821e-01
-3.513919999999999821e-01
-3.513919999999999821e-01
-3.513919999999999821e-01
-3.513910000000000089e-01
-3.513879999999999781e-01
-3.513580000000000036e-01
-3.513580000000000036e-01
-3.513580000000000036e-01
-3.512184999999999890e-01
-3.512184999999999890e-01
-3.512184999999999890e-01
-3.512184999999999890e-01
-3.512184999999999890e-01
-3.512184999999999890e-01
-3.512184999999999890e-01
-3.511575000000000113e-01
-3.511575000000000113e-01
-3.511575000000000113e-01
-3.511575000000000113e-01
-3.511575000000000113e-01
-3.511575000000000113e-01
-3.511575000000000113e-01
-3.511575000000000113e-01
-3.511460000000000137e-01
-3.511440000000000117e-01
-3.511385000000000201e-01
-3.511155000000000248e-01
-3.511155000000000248e-01
-3.511155000000000248e-01
-3.511155000000000248e-01
-3.510750000000000259e-01
-3.510750000000000259e-01
-3.510750000000000259e-01
-3.510750000000000259e-01
-3.510750000000000259e-01
-3.510750000000000259e-01
-3.510750000000000259e-01
-3.510750000000000259e-01
-3.510750000000000259e-01
-3.510395000000000043e-01
-3.510395000000000043e-01
-3.510395000000000043e-01
-3.510395000000000043e-01
-3.510395000000000043e-01
-3.510380000000000167e-01
-3.510380000000000167e-01
-3.510055000000000258e-01
-3.510055000000000258e-01
-3.510055000000000258e-01
-3.508994999999999753e-01
-3.508994999999999753e-01
-3.508994999999999753e-01
-3.508994999999999753e-01
-3.508994999999999753e-01
-3.508994999999999753e-01
-3.508994999999999753e-01
-3.508994999999999753e-01
-3.508994999999999753e-01
-3.508994999999999753e-01
-3.508994999999999753e-01
-3.508959999999999857e-01
-3.508899999999999797e-01
-3.508890000000000065e-01
-3.508490000000000220e-01
-3.508490000000000220e-01
-3.508490000000000220e-01
-3.508339999999999792e-01
-3.508249999999999980e-01
-3.508249999999999980e-01
-3.507945000000000091e-01
-3.507945000000000091e-01
-3.507945000000000091e-01
-3.507930000000000215e-01
-3.507930000000000215e-01
-3.507930000000000215e-01
-3.507604999999999751e-01
-3.507604999999999751e-01
-3.507604999999999751e-01
-3.506199999999999872e-01
-3.506199999999999872e-01
-3.506199999999999872e-01
-3.506199999999999872e-01
-3.506199999999999872e-01
-3.506199999999999872e-01
-3.506199999999999872e-01
-3.506199999999999872e-01
-3.506199999999999872e-01
-3.506199999999999872e-01
-3.506199999999999872e-01
-3.505429999999999935e-01
-3.505429999999999935e-01
-3.505429999999999935e-01
-3.505429999999999935e-01
-3.505429999999999935e-01
-3.505415000000000059e-01
-3.504459999999999797e-01
-3.504459999999999797e-01
-3.504459999999999797e-01
-3.504459999999999797e-01
-3.504459999999999797e-01
-3.504459999999999797e-01
-3.504459999999999797e-01
-3.504459999999999797e-01
-3.504269999999999885e-01
-3.504269999999999885e-01
-3.504269999999999885e-01
-3.504269999999999885e-01
-3.504134999999999889e-01
-3.504134999999999889e-01
-3.504134999999999889e-01
-3.504134999999999889e-01
-3.504094999999999849e-01
-3.503979999999999873e-01
-3.503815000000000124e-01
-3.503760000000000208e-01
-3.503760000000000208e-01
-3.503720000000000168e-01
-3.503600000000000048e-01
-3.503269999999999995e-01
-3.502655000000000074e-01
-3.502655000000000074e-01
-3.502655000000000074e-01
-3.502655000000000074e-01
-3.502615000000000034e-01
-3.502310000000000145e-01
-3.502310000000000145e-01
-3.502310000000000145e-01
-3.502310000000000145e-01
-3.502310000000000145e-01
-3.502310000000000145e-01
-3.502155000000000129e-01
-3.502155000000000129e-01
-3.502044999999999741e-01
-3.502044999999999741e-01
-3.502035000000000009e-01
-3.502035000000000009e-01
-3.502035000000000009e-01
-3.502009999999999845e-01
-3.502000000000000113e-01
-3.501989999999999825e-01
-3.501985000000000237e-01
-3.501945000000000197e-01
-3.500860000000000083e-01
-3.500860000000000083e-01
-3.500860000000000083e-01
-3.500860000000000083e-01
-3.500860000000000083e-01
-3.500860000000000083e-01
-3.500860000000000083e-01
-3.500309999999999810e-01
