9.618412337744441931e-01
4.975561530587059578e-02
6.653981614574396852e-01
9.868488586997664624e-01
2.809953767284230353e-02
6.203317691045450166e-01
9.830832010581459501e-01
3.084925051428090079e-02
6.726605357120837292e-01
9.940406937169561363e-01
3.203061123451250714e-02
6.730838050773976233e-01
9.785623649177771499e-01
8.887095318018446016e-03
5.969587796404449698e-01
9.793276586782169169e-01
3.971089131376961262e-02
7.086756090936711105e-01
9.879780340166768315e-01
2.145118792504085298e-02
3.988121087348437399e-01
9.891277453873213998e-01
2.954951408585670264e-02
7.704068471304666987e-01
9.832870190342302141e-01
1.825703520094620891e-02
4.641225855787561860e-01
9.879714584637885322e-01
2.185373695406260530e-02
7.446780296401998012e-01
9.724062476148134238e-01
3.511247881228563711e-02
7.770703713823601255e-01
9.778947643798983069e-01
2.088865596547286041e-02
3.571308875986293763e-01
9.905854552152029147e-01
3.626336038120792082e-03
7.755386871263106885e-01
9.844595077063029720e-01
3.901180301366564962e-02
7.132819961421070776e-01
9.878683346086118977e-01
3.378303701874426496e-02
2.291554562178307886e-01
9.831045012040605657e-01
4.153907666653311459e-02
4.049164487834440718e-01
9.909660973550789009e-01
1.833938155370943429e-02
5.000282792902827067e-01
9.847056327672661924e-01
3.297053900280642880e-02
3.303702960135265210e-01
9.763237987619129976e-01
1.088371160394111838e-02
5.401430899363706128e-01
9.917170149662516421e-01
4.531995966884946880e-02
5.190419491720158485e-01
9.862065746801572663e-01
2.383163298682459269e-02
2.583093611696203329e-01
9.844530661901447210e-01
3.638798850047522682e-02
7.535461669646629224e-01
9.887281373758955993e-01
3.354707220134869189e-02
3.962229864776658506e-01
9.895133853873363527e-01
3.450303187063534505e-02
1.530603581872159169e-01
9.813719108073865049e-01
1.649363955336303686e-02
4.998581599769944539e-01
9.795962898708523436e-01
1.818167716610594870e-02
4.445977076502493630e-01
9.796801204571078392e-01
1.805741608630619457e-02
5.104576782246348365e-01
9.688575790748197303e-01
3.884207378432407570e-02
4.454292214587764476e-01
9.846314706137277994e-01
2.342172451764591365e-02
4.626849858219554967e-01
9.927582763517028841e-01
4.103379867462900177e-02
4.354700097659962577e-01
