-1.705299999999999871e-02
-1.705299999999999871e-02
-1.705299999999999871e-02
-1.673149999999999984e-02
-1.262199999999999954e-02
-1.262199999999999954e-02
-1.262199999999999954e-02
-1.224450000000000018e-02
-1.224450000000000018e-02
-1.224450000000000018e-02
-1.193349999999999966e-02
-1.047299999999999967e-02
-1.047299999999999967e-02
-1.047299999999999967e-02
-9.977500000000000258e-03
-9.977500000000000258e-03
-8.960499999999999715e-03
-8.960499999999999715e-03
-8.952999999999999153e-03
-8.952999999999999153e-03
-8.952999999999999153e-03
-8.952999999999999153e-03
-8.889499999999999832e-03
-8.851499999999999993e-03
-8.851499999999999993e-03
-8.831000000000000308e-03
-8.827500000000000277e-03
-8.827500000000000277e-03
-8.827500000000000277e-03
-8.827500000000000277e-03
-8.827500000000000277e-03
-8.819499999999999215e-03
-8.814999999999999919e-03
-8.812000000000000388e-03
-8.812000000000000388e-03
-8.812000000000000388e-03
-8.809499999999999623e-03
-8.809499999999999623e-03
-8.809499999999999623e-03
-8.809499999999999623e-03
-8.809499999999999623e-03
-8.809499999999999623e-03
-8.809000000000000857e-03
-8.809000000000000857e-03
-8.809000000000000857e-03
-8.809000000000000857e-03
-8.808500000000000357e-03
-8.808500000000000357e-03
-8.808500000000000357e-03
-8.808500000000000357e-03
-8.808500000000000357e-03
-8.808500000000000357e-03
-8.808500000000000357e-03
-8.808500000000000357e-03
-8.808500000000000357e-03
-8.808500000000000357e-03
-8.808500000000000357e-03
-8.808500000000000357e-03
-8.808500000000000357e-03
-8.808500000000000357e-03
-8.808500000000000357e-03
-8.808500000000000357e-03
-8.808500000000000357e-03
-8.808500000000000357e-03
-8.808500000000000357e-03
-8.808500000000000357e-03
-8.808500000000000357e-03
-8.808500000000000357e-03
-8.808500000000000357e-03
-8.808500000000000357e-03
-8.808500000000000357e-03
-8.808500000000000357e-03
-8.808500000000000357e-03
-8.808500000000000357e-03
-8.808500000000000357e-03
-8.808500000000000357e-03
-8.808500000000000357e-03
-8.808500000000000357e-03
-8.808500000000000357e-03
-8.808500000000000357e-03
-8.808500000000000357e-03
-8.808500000000000357e-03
-8.808500000000000357e-03
-8.808500000000000357e-03
-8.808500000000000357e-03
-8.808500000000000357e-03
-8.808500000000000357e-03
-8.808500000000000357e-03
-8.808500000000000357e-03
-8.808500000000000357e-03
-8.808500000000000357e-03
-8.808500000000000357e-03
-8.808500000000000357e-03
-8.808500000000000357e-03
-8.808500000000000357e-03
-8.808500000000000357e-03
-8.808500000000000357e-03
-8.808500000000000357e-03
-8.808500000000000357e-03
-8.808500000000000357e-03
-8.808500000000000357e-03
-8.808500000000000357e-03
-8.808500000000000357e-03
-8.808500000000000357e-03
-8.808500000000000357e-03
-8.808500000000000357e-03
-8.808500000000000357e-03
-8.808500000000000357e-03
-8.808500000000000357e-03
-8.808500000000000357e-03
-8.808500000000000357e-03
-8.808500000000000357e-03
-8.808500000000000357e-03
-8.808500000000000357e-03
-8.808500000000000357e-03
-8.808500000000000357e-03
-8.808500000000000357e-03
-8.808500000000000357e-03
-8.808500000000000357e-03
-8.808500000000000357e-03
-8.808500000000000357e-03
-8.808500000000000357e-03
-8.808500000000000357e-03
-8.808500000000000357e-03
-8.808500000000000357e-03
-8.808500000000000357e-03
-8.808500000000000357e-03
-8.808500000000000357e-03
-8.808500000000000357e-03
-8.808500000000000357e-03
-8.808500000000000357e-03
-8.808500000000000357e-03
-8.808500000000000357e-03
-8.808500000000000357e-03
-8.808500000000000357e-03
-8.808500000000000357e-03
-8.808500000000000357e-03
-8.808500000000000357e-03
-8.808500000000000357e-03
-8.808500000000000357e-03
-8.808500000000000357e-03
-8.808500000000000357e-03
-8.808500000000000357e-03
-8.808500000000000357e-03
-8.808500000000000357e-03
-8.808500000000000357e-03
-8.808500000000000357e-03
-8.808500000000000357e-03
-8.808500000000000357e-03
-8.808500000000000357e-03
-8.808500000000000357e-03
-8.808500000000000357e-03
-8.808500000000000357e-03
-8.808500000000000357e-03
-8.808500000000000357e-03
-8.808500000000000357e-03
-8.808500000000000357e-03
-8.808500000000000357e-03
-8.808500000000000357e-03
-8.808500000000000357e-03
-8.808500000000000357e-03
-8.808500000000000357e-03
-8.808500000000000357e-03
-8.808500000000000357e-03
-8.808500000000000357e-03
-8.808500000000000357e-03
-8.808500000000000357e-03
-8.808500000000000357e-03
-8.808500000000000357e-03
-8.808500000000000357e-03
-8.808500000000000357e-03
-8.808500000000000357e-03
-8.808500000000000357e-03
-8.808500000000000357e-03
-8.808500000000000357e-03
-8.808500000000000357e-03
-8.808500000000000357e-03
-8.808500000000000357e-03
-8.808500000000000357e-03
-8.808500000000000357e-03
-8.808500000000000357e-03
-8.808500000000000357e-03
-8.808500000000000357e-03
-8.808500000000000357e-03
-8.808500000000000357e-03
-8.808500000000000357e-03
-8.808500000000000357e-03
-8.808500000000000357e-03
-8.808500000000000357e-03
-8.808500000000000357e-03
-8.808500000000000357e-03
-8.808500000000000357e-03
-8.808500000000000357e-03
-8.808500000000000357e-03
-8.808500000000000357e-03
-8.808500000000000357e-03
-8.808500000000000357e-03
-8.808500000000000357e-03
-8.808500000000000357e-03
-8.808500000000000357e-03
-8.808500000000000357e-03
-8.808500000000000357e-03
-8.808500000000000357e-03
-8.808500000000000357e-03
-8.808500000000000357e-03
-8.808500000000000357e-03
-8.808500000000000357e-03
-8.808500000000000357e-03
-8.808500000000000357e-03
-8.808500000000000357e-03
-8.808500000000000357e-03
-8.808500000000000357e-03
-8.808500000000000357e-03
-8.808500000000000357e-03
-8.808500000000000357e-03
-8.808500000000000357e-03
-8.808500000000000357e-03
-8.808500000000000357e-03
-8.808500000000000357e-03
-8.808500000000000357e-03
-8.808500000000000357e-03
-8.808500000000000357e-03
-8.808500000000000357e-03
-8.808500000000000357e-03
-8.808500000000000357e-03
-8.808500000000000357e-03
-8.808500000000000357e-03
-8.808500000000000357e-03
-8.808500000000000357e-03
-8.808500000000000357e-03
-8.808500000000000357e-03
-8.808500000000000357e-03
-8.808500000000000357e-03
-8.808500000000000357e-03
-8.808500000000000357e-03
-8.808500000000000357e-03
-8.808500000000000357e-03
-8.808500000000000357e-03
-8.808500000000000357e-03
-8.808500000000000357e-03
-8.808500000000000357e-03
-8.808500000000000357e-03
-8.808500000000000357e-03
-8.808500000000000357e-03
-8.808500000000000357e-03
-8.808500000000000357e-03
-8.808500000000000357e-03
-8.808500000000000357e-03
-8.808500000000000357e-03
-8.808500000000000357e-03
-8.808500000000000357e-03
-8.808500000000000357e-03
-8.808500000000000357e-03
-8.808500000000000357e-03
-8.808500000000000357e-03
-8.808500000000000357e-03
-8.808500000000000357e-03
-8.808500000000000357e-03
-8.808500000000000357e-03
-8.808500000000000357e-03
-8.808500000000000357e-03
-8.808500000000000357e-03
-8.808500000000000357e-03
-8.808500000000000357e-03
-8.808500000000000357e-03
-8.808500000000000357e-03
-8.808500000000000357e-03
-8.808500000000000357e-03
-8.808500000000000357e-03
-8.808500000000000357e-03
-8.808500000000000357e-03
-8.808500000000000357e-03
-8.808500000000000357e-03
-8.808500000000000357e-03
-8.808500000000000357e-03
-8.808500000000000357e-03
-8.808500000000000357e-03
-8.808500000000000357e-03
-8.808500000000000357e-03
-8.808500000000000357e-03
-8.808500000000000357e-03
-8.808500000000000357e-03
-8.808500000000000357e-03
-8.808500000000000357e-03
-8.808500000000000357e-03
-8.808500000000000357e-03
-8.808500000000000357e-03
-8.808500000000000357e-03
-8.808500000000000357e-03
-8.808500000000000357e-03
-8.808500000000000357e-03
-8.808500000000000357e-03
-8.808500000000000357e-03
-8.808500000000000357e-03
-8.808500000000000357e-03
-8.808500000000000357e-03
-8.808500000000000357e-03
-8.808500000000000357e-03
-8.808500000000000357e-03
-8.808500000000000357e-03
-8.808500000000000357e-03
-8.808500000000000357e-03
-8.808500000000000357e-03
-8.808500000000000357e-03
-8.808500000000000357e-03
-8.808500000000000357e-03
-8.808500000000000357e-03
-8.808500000000000357e-03
-8.808500000000000357e-03
-8.808500000000000357e-03
-8.808500000000000357e-03
-8.808500000000000357e-03
-8.808500000000000357e-03
-8.808500000000000357e-03
-8.808500000000000357e-03
-8.808500000000000357e-03
-8.808500000000000357e-03
-8.808500000000000357e-03
-8.808500000000000357e-03
-8.808500000000000357e-03
-8.808500000000000357e-03
-8.808500000000000357e-03
-8.808500000000000357e-03
-8.808500000000000357e-03
-8.808500000000000357e-03
-8.808500000000000357e-03
-8.808500000000000357e-03
-8.808500000000000357e-03
-8.808500000000000357e-03
-8.808500000000000357e-03
-8.808500000000000357e-03
-8.808500000000000357e-03
-8.808500000000000357e-03
-8.808500000000000357e-03
-8.808500000000000357e-03
-8.808500000000000357e-03
-8.808500000000000357e-03
-8.808500000000000357e-03
-8.808500000000000357e-03
-8.808500000000000357e-03
-8.808500000000000357e-03
-8.808500000000000357e-03
-8.808500000000000357e-03
-8.808500000000000357e-03
-8.808500000000000357e-03
-8.808500000000000357e-03
-8.808500000000000357e-03
-8.808500000000000357e-03
-8.803999999999999326e-03
-8.803999999999999326e-03
-8.803999999999999326e-03
-8.803999999999999326e-03
-8.803999999999999326e-03
-8.803999999999999326e-03
-8.803999999999999326e-03
-8.803999999999999326e-03
-8.803999999999999326e-03
-8.803999999999999326e-03
-8.803999999999999326e-03
-8.803999999999999326e-03
-8.803999999999999326e-03
-8.798000000000000265e-03
-8.798000000000000265e-03
-8.798000000000000265e-03
-8.798000000000000265e-03
-8.798000000000000265e-03
-8.798000000000000265e-03
-8.798000000000000265e-03
-8.798000000000000265e-03
-8.798000000000000265e-03
-8.798000000000000265e-03
-8.798000000000000265e-03
-8.798000000000000265e-03
-8.798000000000000265e-03
-8.798000000000000265e-03
-8.798000000000000265e-03
-8.798000000000000265e-03
-8.792499999999999968e-03
-8.792499999999999968e-03
-8.792499999999999968e-03
-8.792499999999999968e-03
-8.790499999999999703e-03
-8.789999999999999203e-03
-8.788499999999999437e-03
-8.788499999999999437e-03
-8.788499999999999437e-03
-8.788499999999999437e-03
-8.788499999999999437e-03
-8.788499999999999437e-03
-8.788499999999999437e-03
-8.788499999999999437e-03
-8.788499999999999437e-03
-8.788499999999999437e-03
-8.788499999999999437e-03
-8.788499999999999437e-03
-8.788499999999999437e-03
-8.788000000000000672e-03
-8.788000000000000672e-03
-8.788000000000000672e-03
-8.788000000000000672e-03
-8.788000000000000672e-03
-8.788000000000000672e-03
-8.787500000000000172e-03
-8.787500000000000172e-03
-8.787500000000000172e-03
-8.787500000000000172e-03
-8.787500000000000172e-03
-8.787500000000000172e-03
-8.786999999999999672e-03
-8.786999999999999672e-03
-8.786999999999999672e-03
-8.786999999999999672e-03
-8.786999999999999672e-03
-8.786999999999999672e-03
-8.786999999999999672e-03
-8.786999999999999672e-03
-8.786999999999999672e-03
-8.786999999999999672e-03
-8.786999999999999672e-03
-8.786999999999999672e-03
-8.786999999999999672e-03
-8.786999999999999672e-03
-8.786999999999999672e-03
-8.786999999999999672e-03
-8.786999999999999672e-03
-8.786999999999999672e-03
-8.786999999999999672e-03
-8.786999999999999672e-03
-8.786999999999999672e-03
-8.786999999999999672e-03
-8.786999999999999672e-03
-8.786999999999999672e-03
-8.786999999999999672e-03
-8.786999999999999672e-03
-8.786999999999999672e-03
-8.786999999999999672e-03
-8.786999999999999672e-03
-8.786999999999999672e-03
-8.786999999999999672e-03
-8.786999999999999672e-03
-8.786999999999999672e-03
-8.786999999999999672e-03
-8.786999999999999672e-03
-8.786999999999999672e-03
-8.786999999999999672e-03
-8.786999999999999672e-03
-8.786999999999999672e-03
-8.786999999999999672e-03
-8.786999999999999672e-03
-8.786999999999999672e-03
-8.786999999999999672e-03
-8.786999999999999672e-03
-8.786999999999999672e-03
-8.786999999999999672e-03
-8.786999999999999672e-03
-8.786999999999999672e-03
-8.786999999999999672e-03
-8.786999999999999672e-03
-8.786999999999999672e-03
-8.786999999999999672e-03
-8.786999999999999672e-03
-8.786999999999999672e-03
-8.786999999999999672e-03
-8.786999999999999672e-03
-8.786999999999999672e-03
-8.786999999999999672e-03
-8.786999999999999672e-03
-8.786999999999999672e-03
-8.786999999999999672e-03
-8.786999999999999672e-03
-8.786999999999999672e-03
-8.786999999999999672e-03
-8.786999999999999672e-03
-8.786999999999999672e-03
-8.786999999999999672e-03
-8.786999999999999672e-03
-8.786999999999999672e-03
-8.786999999999999672e-03
-8.786999999999999672e-03
-8.786999999999999672e-03
-8.786999999999999672e-03
-8.786999999999999672e-03
-8.786999999999999672e-03
-8.786999999999999672e-03
-8.786999999999999672e-03
-8.786999999999999672e-03
-8.786999999999999672e-03
-8.786999999999999672e-03
-8.786999999999999672e-03
-8.786999999999999672e-03
-8.786999999999999672e-03
-8.786999999999999672e-03
-8.786999999999999672e-03
-8.786999999999999672e-03
-8.786999999999999672e-03
-8.786999999999999672e-03
-8.786999999999999672e-03
-8.786999999999999672e-03
-8.786999999999999672e-03
-8.786999999999999672e-03
-8.786999999999999672e-03
-8.786999999999999672e-03
-8.786999999999999672e-03
-8.786999999999999672e-03
-8.786999999999999672e-03
-8.786999999999999672e-03
-8.786999999999999672e-03
-8.786999999999999672e-03
-8.786999999999999672e-03
-8.786999999999999672e-03
-8.786999999999999672e-03
-8.786999999999999672e-03
-8.786999999999999672e-03
-8.786999999999999672e-03
-8.786999999999999672e-03
-8.786999999999999672e-03
-8.786999999999999672e-03
-8.786999999999999672e-03
-8.786999999999999672e-03
-8.786999999999999672e-03
-8.786999999999999672e-03
-8.786999999999999672e-03
-8.786999999999999672e-03
-8.786999999999999672e-03
-8.786999999999999672e-03
-8.786999999999999672e-03
-8.786999999999999672e-03
-8.786999999999999672e-03
-8.786999999999999672e-03
-8.786999999999999672e-03
-8.786999999999999672e-03
-8.786999999999999672e-03
-8.786999999999999672e-03
-8.786999999999999672e-03
-8.786999999999999672e-03
-8.786999999999999672e-03
-8.786999999999999672e-03
-8.786999999999999672e-03
-8.786999999999999672e-03
-8.786999999999999672e-03
-8.786999999999999672e-03
-8.786999999999999672e-03
-8.786999999999999672e-03
-8.786999999999999672e-03
-8.786999999999999672e-03
-8.786999999999999672e-03
-8.786999999999999672e-03
-8.786999999999999672e-03
-8.786999999999999672e-03
-8.786999999999999672e-03
-8.786999999999999672e-03
-8.786999999999999672e-03
-8.786999999999999672e-03
-8.786999999999999672e-03
-8.786999999999999672e-03
-8.786999999999999672e-03
-8.786999999999999672e-03
-8.786999999999999672e-03
-8.786999999999999672e-03
-8.786999999999999672e-03
-8.786999999999999672e-03
-8.786999999999999672e-03
-8.786999999999999672e-03
-8.786999999999999672e-03
-8.786999999999999672e-03
-8.786999999999999672e-03
-8.786999999999999672e-03
-8.786999999999999672e-03
-8.786999999999999672e-03
-8.786999999999999672e-03
-8.786999999999999672e-03
-8.786999999999999672e-03
-8.786999999999999672e-03
-8.786999999999999672e-03
-8.786999999999999672e-03
-8.786999999999999672e-03
-8.786999999999999672e-03
-8.786999999999999672e-03
-8.786999999999999672e-03
-8.786999999999999672e-03
-8.786999999999999672e-03
-8.786999999999999672e-03
-8.786999999999999672e-03
-8.786999999999999672e-03
-8.786999999999999672e-03
-8.786999999999999672e-03
-8.786999999999999672e-03
-8.786999999999999672e-03
-8.786999999999999672e-03
-8.786999999999999672e-03
-8.786999999999999672e-03
-8.786999999999999672e-03
-8.786999999999999672e-03
-8.786999999999999672e-03
-8.786999999999999672e-03
-8.786999999999999672e-03
-8.786999999999999672e-03
-8.786999999999999672e-03
-8.786999999999999672e-03
-8.786999999999999672e-03
-8.786999999999999672e-03
-8.786999999999999672e-03
-8.786999999999999672e-03
-8.786999999999999672e-03
-8.786999999999999672e-03
-8.786999999999999672e-03
-8.786999999999999672e-03
-8.786999999999999672e-03
-8.786999999999999672e-03
-8.786999999999999672e-03
-8.786999999999999672e-03
-8.786999999999999672e-03
-8.786999999999999672e-03
-8.786999999999999672e-03
-8.786999999999999672e-03
-8.786999999999999672e-03
-8.786999999999999672e-03
-8.786999999999999672e-03
-8.786999999999999672e-03
-8.786999999999999672e-03
-8.786999999999999672e-03
-8.786999999999999672e-03
-8.786999999999999672e-03
-8.786999999999999672e-03
-8.786999999999999672e-03
-8.786999999999999672e-03
-8.786999999999999672e-03
-8.786999999999999672e-03
-8.786999999999999672e-03
-8.786999999999999672e-03
-8.786999999999999672e-03
-8.786999999999999672e-03
-8.786999999999999672e-03
-8.786999999999999672e-03
-8.786999999999999672e-03
-8.786999999999999672e-03
-8.786999999999999672e-03
-8.786999999999999672e-03
-8.786999999999999672e-03
-8.786999999999999672e-03
-8.786999999999999672e-03
-8.786999999999999672e-03
-8.786999999999999672e-03
-8.786999999999999672e-03
-8.786999999999999672e-03
-8.786999999999999672e-03
-8.786999999999999672e-03
-8.786999999999999672e-03
-8.786999999999999672e-03
-8.786999999999999672e-03
-8.786999999999999672e-03
-8.786999999999999672e-03
-8.786999999999999672e-03
-8.786999999999999672e-03
-8.786999999999999672e-03
-8.786999999999999672e-03
-8.786999999999999672e-03
-8.786999999999999672e-03
-8.786999999999999672e-03
-8.786999999999999672e-03
-8.786999999999999672e-03
-8.786999999999999672e-03
-8.786999999999999672e-03
-8.786999999999999672e-03
-8.786999999999999672e-03
-8.786999999999999672e-03
-8.786999999999999672e-03
-8.786999999999999672e-03
-8.786999999999999672e-03
-8.786999999999999672e-03
-8.786999999999999672e-03
-8.786999999999999672e-03
-8.786999999999999672e-03
-8.786999999999999672e-03
-8.786999999999999672e-03
-8.786999999999999672e-03
-8.786999999999999672e-03
-8.786999999999999672e-03
-8.786999999999999672e-03
-8.786999999999999672e-03
-8.786999999999999672e-03
-8.786999999999999672e-03
-8.786999999999999672e-03
-8.786999999999999672e-03
-8.786999999999999672e-03
-8.786999999999999672e-03
-8.786999999999999672e-03
-8.786999999999999672e-03
-8.786999999999999672e-03
-8.786999999999999672e-03
-8.786999999999999672e-03
-8.786999999999999672e-03
-8.786999999999999672e-03
-8.786999999999999672e-03
-8.786999999999999672e-03
-8.786999999999999672e-03
-8.786999999999999672e-03
-8.786999999999999672e-03
-8.786999999999999672e-03
-8.786999999999999672e-03
-8.786999999999999672e-03
-8.786999999999999672e-03
-8.786999999999999672e-03
-8.786999999999999672e-03
-8.786999999999999672e-03
-8.786999999999999672e-03
-8.786999999999999672e-03
-8.786999999999999672e-03
-8.786999999999999672e-03
-8.786999999999999672e-03
-8.786999999999999672e-03
-8.786999999999999672e-03
-8.786999999999999672e-03
-8.786999999999999672e-03
-8.786999999999999672e-03
-8.786999999999999672e-03
-8.786999999999999672e-03
-8.786999999999999672e-03
-8.786999999999999672e-03
-8.786999999999999672e-03
-8.786999999999999672e-03
-8.786999999999999672e-03
-8.786999999999999672e-03
-8.786999999999999672e-03
-8.786999999999999672e-03
-8.786999999999999672e-03
-8.786999999999999672e-03
-8.786999999999999672e-03
-8.786999999999999672e-03
-8.786999999999999672e-03
-8.786999999999999672e-03
-8.786999999999999672e-03
-8.786999999999999672e-03
-8.786999999999999672e-03
-8.786999999999999672e-03
-8.786999999999999672e-03
-8.786999999999999672e-03
-8.786999999999999672e-03
-8.786999999999999672e-03
-8.786999999999999672e-03
-8.786999999999999672e-03
-8.786999999999999672e-03
-8.786999999999999672e-03
-8.786999999999999672e-03
-8.786999999999999672e-03
-8.786999999999999672e-03
-8.786999999999999672e-03
-8.786999999999999672e-03
-8.786999999999999672e-03
-8.786999999999999672e-03
-8.786999999999999672e-03
-8.786999999999999672e-03
-8.786999999999999672e-03
-8.786999999999999672e-03
-8.786999999999999672e-03
-8.786999999999999672e-03
-8.786999999999999672e-03
-8.786999999999999672e-03
-8.786999999999999672e-03
-8.786999999999999672e-03
-8.786999999999999672e-03
-8.786999999999999672e-03
-8.786999999999999672e-03
-8.786999999999999672e-03
-8.786999999999999672e-03
-8.786999999999999672e-03
-8.786999999999999672e-03
-8.786999999999999672e-03
-8.786999999999999672e-03
-8.786999999999999672e-03
-8.786999999999999672e-03
-8.786999999999999672e-03
-8.786999999999999672e-03
-8.786999999999999672e-03
-8.786999999999999672e-03
-8.786999999999999672e-03
-8.786999999999999672e-03
-8.786999999999999672e-03
-8.786999999999999672e-03
-8.786999999999999672e-03
-8.786999999999999672e-03
-8.786999999999999672e-03
-8.786999999999999672e-03
-8.786999999999999672e-03
-8.786999999999999672e-03
-8.786999999999999672e-03
-8.786999999999999672e-03
-8.786999999999999672e-03
-8.786999999999999672e-03
-8.786999999999999672e-03
-8.786999999999999672e-03
-8.786999999999999672e-03
-8.786999999999999672e-03
-8.786999999999999672e-03
-8.786999999999999672e-03
-8.786999999999999672e-03
-8.786999999999999672e-03
-8.786999999999999672e-03
-8.786999999999999672e-03
-8.786999999999999672e-03
-8.786999999999999672e-03
-8.786999999999999672e-03
-8.786999999999999672e-03
-8.786999999999999672e-03
-8.786999999999999672e-03
-8.786999999999999672e-03
-8.786999999999999672e-03
-8.786999999999999672e-03
-8.786999999999999672e-03
-8.786999999999999672e-03
-8.786999999999999672e-03
-8.786999999999999672e-03
-8.786999999999999672e-03
-8.786999999999999672e-03
-8.786999999999999672e-03
-8.786999999999999672e-03
-8.786999999999999672e-03
-8.786999999999999672e-03
-8.786999999999999672e-03
-8.786999999999999672e-03
-8.786999999999999672e-03
-8.786999999999999672e-03
-8.786999999999999672e-03
-8.786999999999999672e-03
-8.786999999999999672e-03
-8.786999999999999672e-03
-8.786999999999999672e-03
-8.786999999999999672e-03
-8.786999999999999672e-03
-8.786999999999999672e-03
-8.786999999999999672e-03
-8.786999999999999672e-03
-8.786999999999999672e-03
-8.786999999999999672e-03
-8.786999999999999672e-03
-8.786999999999999672e-03
-8.786999999999999672e-03
-8.786999999999999672e-03
-8.786999999999999672e-03
-8.786999999999999672e-03
-8.786999999999999672e-03
-8.786999999999999672e-03
-8.786999999999999672e-03
-8.786999999999999672e-03
-8.786999999999999672e-03
-8.786999999999999672e-03
-8.786999999999999672e-03
-8.786999999999999672e-03
-8.786999999999999672e-03
-8.786999999999999672e-03
-8.786999999999999672e-03
-8.786999999999999672e-03
-8.786999999999999672e-03
-8.786999999999999672e-03
-8.786999999999999672e-03
-8.786999999999999672e-03
-8.786999999999999672e-03
-8.786999999999999672e-03
-8.786999999999999672e-03
-8.786999999999999672e-03
-8.786999999999999672e-03
-8.786999999999999672e-03
-8.786999999999999672e-03
-8.786999999999999672e-03
-8.786999999999999672e-03
-8.786999999999999672e-03
-8.786999999999999672e-03
-8.786999999999999672e-03
-8.786999999999999672e-03
-8.786999999999999672e-03
-8.786999999999999672e-03
-8.786999999999999672e-03
-8.786999999999999672e-03
-8.786999999999999672e-03
-8.786999999999999672e-03
-8.786999999999999672e-03
-8.786999999999999672e-03
-8.786999999999999672e-03
-8.786999999999999672e-03
-8.786999999999999672e-03
-8.786999999999999672e-03
-8.786999999999999672e-03
-8.786999999999999672e-03
-8.786999999999999672e-03
-8.786999999999999672e-03
-8.786999999999999672e-03
-8.786999999999999672e-03
-8.786999999999999672e-03
-8.786999999999999672e-03
-8.786999999999999672e-03
-8.786999999999999672e-03
-8.786999999999999672e-03
-8.786999999999999672e-03
-8.786999999999999672e-03
-8.786999999999999672e-03
-8.786999999999999672e-03
-8.786999999999999672e-03
-8.786999999999999672e-03
-8.786999999999999672e-03
-8.786999999999999672e-03
-8.786999999999999672e-03
-8.786999999999999672e-03
-8.786999999999999672e-03
-8.786999999999999672e-03
-8.786999999999999672e-03
-8.786999999999999672e-03
-8.786999999999999672e-03
-8.786999999999999672e-03
-8.786999999999999672e-03
-8.786999999999999672e-03
-8.786999999999999672e-03
-8.786999999999999672e-03
-8.786999999999999672e-03
-8.786999999999999672e-03
-8.786999999999999672e-03
-8.786999999999999672e-03
-8.786999999999999672e-03
-8.786999999999999672e-03
-8.786999999999999672e-03
-8.786999999999999672e-03
-8.786999999999999672e-03
-8.786999999999999672e-03
-8.786999999999999672e-03
-8.786999999999999672e-03
-8.786999999999999672e-03
-8.786999999999999672e-03
-8.786999999999999672e-03
-8.786999999999999672e-03
-8.786999999999999672e-03
-8.786999999999999672e-03
-8.786999999999999672e-03
-8.786999999999999672e-03
-8.786999999999999672e-03
-8.786999999999999672e-03
-8.786999999999999672e-03
-8.786999999999999672e-03
-8.786999999999999672e-03
-8.786999999999999672e-03
-8.786999999999999672e-03
-8.786999999999999672e-03
-8.786999999999999672e-03
-8.786999999999999672e-03
-8.786999999999999672e-03
-8.786999999999999672e-03
-8.786999999999999672e-03
-8.786999999999999672e-03
-8.786999999999999672e-03
-8.786999999999999672e-03
-8.786999999999999672e-03
-8.786999999999999672e-03
-8.786999999999999672e-03
-8.786999999999999672e-03
-8.786999999999999672e-03
-8.786999999999999672e-03
-8.786999999999999672e-03
-8.786999999999999672e-03
-8.786999999999999672e-03
-8.786999999999999672e-03
-8.786999999999999672e-03
-8.786999999999999672e-03
-8.786999999999999672e-03
-8.786999999999999672e-03
-8.786999999999999672e-03
-8.786999999999999672e-03
-8.786999999999999672e-03
-8.786999999999999672e-03
-8.786999999999999672e-03
-8.786999999999999672e-03
-8.786999999999999672e-03
-8.786999999999999672e-03
-8.786999999999999672e-03
-8.786999999999999672e-03
-8.786999999999999672e-03
-8.786999999999999672e-03
-8.786999999999999672e-03
-8.786999999999999672e-03
-8.786999999999999672e-03
-8.786999999999999672e-03
-8.786999999999999672e-03
-8.786999999999999672e-03
-8.786999999999999672e-03
-8.786999999999999672e-03
-8.786999999999999672e-03
-8.786999999999999672e-03
-8.786999999999999672e-03
-8.786999999999999672e-03
-8.786999999999999672e-03
-8.786999999999999672e-03
-8.786999999999999672e-03
-8.786999999999999672e-03
-8.786999999999999672e-03
-8.786999999999999672e-03
-8.786999999999999672e-03
-8.786999999999999672e-03
-8.783499999999999641e-03
-8.783499999999999641e-03
-8.783499999999999641e-03
-8.783499999999999641e-03
-8.783499999999999641e-03
-8.783499999999999641e-03
