-3.958099999999999813e-02
-3.648499999999999660e-02
-3.648499999999999660e-02
-3.126299999999999912e-02
-3.126299999999999912e-02
-2.759899999999999853e-02
-2.759899999999999853e-02
-2.759899999999999853e-02
-2.759899999999999853e-02
-2.759899999999999853e-02
-2.705899999999999972e-02
-2.705899999999999972e-02
-2.705899999999999972e-02
-2.635699999999999849e-02
-2.635699999999999849e-02
-2.635699999999999849e-02
-2.619700000000000153e-02
-2.619700000000000153e-02
-2.613849999999999854e-02
-2.605649999999999980e-02
-2.591900000000000107e-02
-2.591900000000000107e-02
-2.591100000000000000e-02
-2.580649999999999958e-02
-2.580649999999999958e-02
-2.580649999999999958e-02
-2.580649999999999958e-02
-2.580649999999999958e-02
-2.579149999999999845e-02
-2.575900000000000065e-02
-2.575900000000000065e-02
-2.575900000000000065e-02
-2.575550000000000062e-02
-2.575550000000000062e-02
-2.573850000000000096e-02
-2.573850000000000096e-02
-2.573850000000000096e-02
-2.573850000000000096e-02
-2.573200000000000140e-02
-2.573200000000000140e-02
-2.573200000000000140e-02
-2.573200000000000140e-02
-2.558200000000000057e-02
-2.558200000000000057e-02
-2.558200000000000057e-02
-2.558200000000000057e-02
-2.558200000000000057e-02
-2.558200000000000057e-02
-2.558200000000000057e-02
-2.558200000000000057e-02
-2.558200000000000057e-02
-2.558200000000000057e-02
-2.558200000000000057e-02
-2.558150000000000007e-02
-2.558150000000000007e-02
-2.558150000000000007e-02
-2.557950000000000154e-02
-2.556649999999999895e-02
-2.556450000000000042e-02
-2.556450000000000042e-02
-2.556450000000000042e-02
-2.556249999999999842e-02
-2.556249999999999842e-02
-2.556249999999999842e-02
-2.556200000000000139e-02
-2.556150000000000089e-02
-2.531950000000000173e-02
-2.531950000000000173e-02
-2.531950000000000173e-02
-2.531950000000000173e-02
-2.531950000000000173e-02
-2.531950000000000173e-02
-2.531950000000000173e-02
-2.531950000000000173e-02
-2.531950000000000173e-02
-2.531950000000000173e-02
-2.527499999999999886e-02
-2.527499999999999886e-02
-2.527499999999999886e-02
-2.527499999999999886e-02
-2.527499999999999886e-02
-2.527499999999999886e-02
-2.527449999999999836e-02
-2.521199999999999830e-02
-2.519750000000000115e-02
-2.516049999999999884e-02
-2.515999999999999834e-02
-2.515900000000000081e-02
-2.512450000000000100e-02
-2.512450000000000100e-02
-2.492400000000000171e-02
-2.492400000000000171e-02
-2.492400000000000171e-02
-2.492400000000000171e-02
-2.492400000000000171e-02
-2.492400000000000171e-02
-2.492400000000000171e-02
-2.492400000000000171e-02
-2.492400000000000171e-02
-2.492400000000000171e-02
-2.492400000000000171e-02
-2.492400000000000171e-02
-2.492400000000000171e-02
-2.492400000000000171e-02
-2.490449999999999955e-02
-2.490449999999999955e-02
-2.490449999999999955e-02
-2.490449999999999955e-02
-2.485050000000000106e-02
-2.485050000000000106e-02
-2.485050000000000106e-02
-2.485050000000000106e-02
-2.469850000000000170e-02
-2.469850000000000170e-02
-2.469850000000000170e-02
-2.469549999999999870e-02
-2.469549999999999870e-02
-2.469500000000000167e-02
-2.469500000000000167e-02
-2.469350000000000017e-02
-2.469350000000000017e-02
-2.461800000000000099e-02
-2.461800000000000099e-02
-2.461800000000000099e-02
-2.461800000000000099e-02
-2.461800000000000099e-02
-2.461800000000000099e-02
-2.412600000000000161e-02
-2.412600000000000161e-02
-2.412600000000000161e-02
-2.412600000000000161e-02
-2.412600000000000161e-02
-2.412600000000000161e-02
-2.412600000000000161e-02
-2.412600000000000161e-02
-2.412600000000000161e-02
-2.412600000000000161e-02
-2.412600000000000161e-02
-2.412600000000000161e-02
-2.412600000000000161e-02
-2.412600000000000161e-02
-2.409249999999999933e-02
-2.409249999999999933e-02
-2.409249999999999933e-02
-2.409249999999999933e-02
-2.409249999999999933e-02
-2.409249999999999933e-02
-2.409249999999999933e-02
-2.409249999999999933e-02
-2.409249999999999933e-02
-2.409249999999999933e-02
-2.408050000000000121e-02
-2.407950000000000021e-02
-2.407950000000000021e-02
-2.405200000000000046e-02
-2.405200000000000046e-02
-2.401750000000000065e-02
-2.399599999999999997e-02
-2.399599999999999997e-02
-2.399599999999999997e-02
-2.365199999999999941e-02
-2.365199999999999941e-02
-2.365199999999999941e-02
-2.355749999999999858e-02
-2.355749999999999858e-02
-2.355749999999999858e-02
-2.355749999999999858e-02
-2.355749999999999858e-02
-2.355749999999999858e-02
-2.355749999999999858e-02
-2.355749999999999858e-02
-2.354099999999999943e-02
-2.354099999999999943e-02
-2.352949999999999833e-02
-2.352949999999999833e-02
-2.352949999999999833e-02
-2.352949999999999833e-02
-2.352949999999999833e-02
-2.352900000000000130e-02
-2.352349999999999927e-02
-2.352349999999999927e-02
-2.351900000000000171e-02
-2.351850000000000121e-02
-2.350050000000000056e-02
-2.350050000000000056e-02
-2.349949999999999956e-02
-2.349599999999999952e-02
-2.349599999999999952e-02
-2.349499999999999852e-02
-2.349499999999999852e-02
-2.349299999999999999e-02
-2.349299999999999999e-02
-2.348549999999999943e-02
-2.348549999999999943e-02
-2.348199999999999940e-02
-2.345650000000000165e-02
-2.345399999999999915e-02
-2.344600000000000156e-02
-2.344349999999999906e-02
-2.344349999999999906e-02
-2.344349999999999906e-02
-2.343750000000000000e-02
-2.343750000000000000e-02
-2.343750000000000000e-02
-2.343750000000000000e-02
-2.342999999999999944e-02
-2.342400000000000038e-02
-2.342400000000000038e-02
-2.342299999999999938e-02
-2.341450000000000128e-02
-2.341450000000000128e-02
-2.341450000000000128e-02
-2.341199999999999878e-02
-2.340899999999999925e-02
-2.340899999999999925e-02
-2.340650000000000022e-02
-2.340650000000000022e-02
-2.334050000000000014e-02
-2.334050000000000014e-02
-2.334050000000000014e-02
-2.334050000000000014e-02
-2.334050000000000014e-02
-2.322000000000000106e-02
-2.322000000000000106e-02
-2.322000000000000106e-02
-2.322000000000000106e-02
-2.322000000000000106e-02
-2.309450000000000044e-02
-2.309450000000000044e-02
-2.304399999999999851e-02
-2.304399999999999851e-02
-2.303099999999999939e-02
-2.303099999999999939e-02
-2.301949999999999830e-02
-2.301949999999999830e-02
-2.301949999999999830e-02
-2.301150000000000070e-02
-2.300750000000000017e-02
-2.300750000000000017e-02
-2.292150000000000090e-02
-2.292150000000000090e-02
-2.292150000000000090e-02
-2.292150000000000090e-02
-2.290199999999999875e-02
-2.290199999999999875e-02
-2.290199999999999875e-02
-2.290199999999999875e-02
-2.290199999999999875e-02
-2.290199999999999875e-02
-2.290199999999999875e-02
-2.290199999999999875e-02
-2.290199999999999875e-02
-2.290199999999999875e-02
-2.290199999999999875e-02
-2.290199999999999875e-02
-2.290199999999999875e-02
-2.290199999999999875e-02
-2.289650000000000019e-02
-2.289650000000000019e-02
-2.289650000000000019e-02
-2.289650000000000019e-02
-2.289650000000000019e-02
-2.289650000000000019e-02
-2.289650000000000019e-02
-2.289400000000000115e-02
-2.288250000000000006e-02
-2.288050000000000153e-02
-2.288050000000000153e-02
-2.287900000000000003e-02
-2.287199999999999997e-02
-2.287149999999999947e-02
-2.287000000000000144e-02
-2.287000000000000144e-02
-2.286699999999999844e-02
-2.286699999999999844e-02
-2.286699999999999844e-02
-2.286699999999999844e-02
-2.286699999999999844e-02
-2.286699999999999844e-02
-2.286699999999999844e-02
-2.286699999999999844e-02
-2.286699999999999844e-02
-2.286699999999999844e-02
-2.286699999999999844e-02
-2.286699999999999844e-02
-2.286699999999999844e-02
-2.286650000000000141e-02
-2.286650000000000141e-02
-2.286650000000000141e-02
-2.286650000000000141e-02
-2.286650000000000141e-02
-2.286650000000000141e-02
-2.286650000000000141e-02
-2.286650000000000141e-02
-2.286650000000000141e-02
-2.286650000000000141e-02
-2.286550000000000041e-02
-2.286499999999999991e-02
-2.286449999999999941e-02
-2.286399999999999891e-02
-2.286399999999999891e-02
-2.286300000000000138e-02
-2.286300000000000138e-02
-2.285950000000000135e-02
-2.285950000000000135e-02
-2.285950000000000135e-02
-2.285950000000000135e-02
-2.285950000000000135e-02
-2.285950000000000135e-02
-2.285950000000000135e-02
-2.285950000000000135e-02
-2.285950000000000135e-02
-2.285950000000000135e-02
-2.285950000000000135e-02
-2.285900000000000085e-02
-2.285900000000000085e-02
-2.285799999999999985e-02
-2.284649999999999875e-02
-2.284649999999999875e-02
-2.283500000000000113e-02
-2.283100000000000060e-02
-2.283100000000000060e-02
-2.283050000000000010e-02
-2.282599999999999907e-02
-2.282599999999999907e-02
-2.282599999999999907e-02
-2.282599999999999907e-02
-2.282599999999999907e-02
-2.282599999999999907e-02
-2.282599999999999907e-02
-2.282599999999999907e-02
-2.282599999999999907e-02
-2.282599999999999907e-02
-2.282599999999999907e-02
-2.282599999999999907e-02
-2.282599999999999907e-02
-2.282599999999999907e-02
-2.282599999999999907e-02
-2.282599999999999907e-02
-2.282599999999999907e-02
-2.282599999999999907e-02
-2.282599999999999907e-02
-2.282599999999999907e-02
-2.282249999999999904e-02
-2.282249999999999904e-02
-2.282249999999999904e-02
-2.282249999999999904e-02
-2.282249999999999904e-02
-2.282249999999999904e-02
-2.282249999999999904e-02
-2.282249999999999904e-02
-2.282249999999999904e-02
-2.282249999999999904e-02
-2.282249999999999904e-02
-2.282249999999999904e-02
-2.282249999999999904e-02
-2.282249999999999904e-02
-2.282249999999999904e-02
-2.281199999999999894e-02
-2.281199999999999894e-02
-2.281199999999999894e-02
-2.281199999999999894e-02
-2.281199999999999894e-02
-2.281199999999999894e-02
-2.281199999999999894e-02
-2.281199999999999894e-02
-2.281199999999999894e-02
-2.281199999999999894e-02
-2.281199999999999894e-02
-2.281199999999999894e-02
-2.281199999999999894e-02
-2.281199999999999894e-02
-2.281199999999999894e-02
-2.281199999999999894e-02
-2.281199999999999894e-02
-2.281199999999999894e-02
-2.281199999999999894e-02
-2.281199999999999894e-02
-2.281199999999999894e-02
-2.281199999999999894e-02
-2.281199999999999894e-02
-2.281199999999999894e-02
-2.280899999999999941e-02
-2.280700000000000088e-02
-2.280549999999999938e-02
-2.280549999999999938e-02
-2.280549999999999938e-02
-2.280549999999999938e-02
-2.280549999999999938e-02
-2.280549999999999938e-02
-2.280549999999999938e-02
-2.280549999999999938e-02
-2.280549999999999938e-02
-2.280549999999999938e-02
-2.280549999999999938e-02
-2.280549999999999938e-02
-2.280549999999999938e-02
-2.280549999999999938e-02
-2.280549999999999938e-02
-2.280549999999999938e-02
-2.280549999999999938e-02
-2.280549999999999938e-02
-2.280549999999999938e-02
-2.280549999999999938e-02
-2.280549999999999938e-02
-2.280549999999999938e-02
-2.280549999999999938e-02
-2.280549999999999938e-02
-2.280549999999999938e-02
-2.280549999999999938e-02
-2.280549999999999938e-02
-2.280549999999999938e-02
-2.280549999999999938e-02
-2.280549999999999938e-02
-2.280549999999999938e-02
-2.280549999999999938e-02
-2.280549999999999938e-02
-2.280549999999999938e-02
-2.280549999999999938e-02
-2.280549999999999938e-02
-2.280549999999999938e-02
-2.280549999999999938e-02
-2.280549999999999938e-02
-2.280549999999999938e-02
-2.280549999999999938e-02
-2.280549999999999938e-02
-2.280549999999999938e-02
-2.280549999999999938e-02
-2.280549999999999938e-02
-2.280549999999999938e-02
-2.280549999999999938e-02
-2.280549999999999938e-02
-2.280549999999999938e-02
-2.280549999999999938e-02
-2.280549999999999938e-02
-2.280549999999999938e-02
-2.280549999999999938e-02
-2.280549999999999938e-02
-2.280549999999999938e-02
-2.280549999999999938e-02
-2.280549999999999938e-02
-2.280549999999999938e-02
-2.280549999999999938e-02
-2.280549999999999938e-02
-2.280549999999999938e-02
-2.280549999999999938e-02
-2.280549999999999938e-02
-2.280549999999999938e-02
-2.280549999999999938e-02
-2.280549999999999938e-02
-2.280499999999999888e-02
-2.280499999999999888e-02
-2.280499999999999888e-02
-2.280499999999999888e-02
-2.280499999999999888e-02
-2.280499999999999888e-02
-2.280499999999999888e-02
-2.280499999999999888e-02
-2.280499999999999888e-02
-2.280499999999999888e-02
-2.280499999999999888e-02
-2.280499999999999888e-02
-2.280499999999999888e-02
-2.280499999999999888e-02
-2.280499999999999888e-02
-2.280499999999999888e-02
-2.280499999999999888e-02
-2.280499999999999888e-02
-2.280499999999999888e-02
-2.280499999999999888e-02
-2.280499999999999888e-02
-2.280499999999999888e-02
-2.280499999999999888e-02
-2.280499999999999888e-02
-2.280499999999999888e-02
-2.280499999999999888e-02
-2.280499999999999888e-02
-2.280499999999999888e-02
-2.280499999999999888e-02
-2.280499999999999888e-02
-2.280499999999999888e-02
-2.280499999999999888e-02
-2.280499999999999888e-02
-2.280499999999999888e-02
-2.280499999999999888e-02
-2.280499999999999888e-02
-2.280499999999999888e-02
-2.280499999999999888e-02
-2.280499999999999888e-02
-2.280499999999999888e-02
-2.280499999999999888e-02
-2.280499999999999888e-02
-2.280499999999999888e-02
-2.280499999999999888e-02
-2.280499999999999888e-02
-2.280499999999999888e-02
-2.280499999999999888e-02
-2.280499999999999888e-02
-2.280499999999999888e-02
-2.280499999999999888e-02
-2.280499999999999888e-02
-2.280499999999999888e-02
-2.280499999999999888e-02
-2.280499999999999888e-02
-2.280499999999999888e-02
-2.280499999999999888e-02
-2.280499999999999888e-02
-2.280499999999999888e-02
-2.280499999999999888e-02
-2.280499999999999888e-02
-2.280350000000000085e-02
-2.280350000000000085e-02
-2.280350000000000085e-02
-2.280350000000000085e-02
-2.280350000000000085e-02
-2.280350000000000085e-02
-2.280350000000000085e-02
-2.280350000000000085e-02
-2.280350000000000085e-02
-2.280350000000000085e-02
-2.280350000000000085e-02
-2.280350000000000085e-02
-2.280350000000000085e-02
-2.280350000000000085e-02
-2.280350000000000085e-02
-2.280350000000000085e-02
-2.280350000000000085e-02
-2.280350000000000085e-02
-2.280350000000000085e-02
-2.280350000000000085e-02
-2.280350000000000085e-02
-2.280350000000000085e-02
-2.280350000000000085e-02
-2.280350000000000085e-02
-2.280350000000000085e-02
-2.280350000000000085e-02
-2.280350000000000085e-02
-2.280350000000000085e-02
-2.278449999999999920e-02
-2.278449999999999920e-02
-2.278449999999999920e-02
-2.278449999999999920e-02
-2.278449999999999920e-02
-2.278449999999999920e-02
-2.278449999999999920e-02
-2.278449999999999920e-02
-2.278449999999999920e-02
-2.278449999999999920e-02
-2.275249999999999842e-02
-2.275249999999999842e-02
-2.275249999999999842e-02
-2.275249999999999842e-02
-2.275249999999999842e-02
-2.275249999999999842e-02
-2.275249999999999842e-02
-2.275249999999999842e-02
-2.275249999999999842e-02
-2.275249999999999842e-02
-2.275249999999999842e-02
-2.275249999999999842e-02
-2.275049999999999989e-02
-2.274899999999999839e-02
-2.274899999999999839e-02
-2.274649999999999936e-02
-2.274649999999999936e-02
-2.274649999999999936e-02
-2.274599999999999886e-02
-2.274599999999999886e-02
-2.274599999999999886e-02
-2.274599999999999886e-02
-2.274599999999999886e-02
-2.274599999999999886e-02
-2.274599999999999886e-02
-2.274599999999999886e-02
-2.274599999999999886e-02
-2.274599999999999886e-02
-2.274599999999999886e-02
-2.274549999999999836e-02
-2.274549999999999836e-02
-2.274549999999999836e-02
-2.274549999999999836e-02
-2.274549999999999836e-02
-2.274549999999999836e-02
-2.274549999999999836e-02
-2.274549999999999836e-02
-2.274549999999999836e-02
-2.274549999999999836e-02
-2.274549999999999836e-02
-2.274549999999999836e-02
-2.274549999999999836e-02
-2.274549999999999836e-02
-2.274549999999999836e-02
-2.274549999999999836e-02
-2.274549999999999836e-02
-2.274549999999999836e-02
-2.274549999999999836e-02
-2.274549999999999836e-02
-2.274549999999999836e-02
-2.274549999999999836e-02
-2.274249999999999883e-02
-2.274249999999999883e-02
-2.274249999999999883e-02
-2.274249999999999883e-02
-2.274249999999999883e-02
-2.274249999999999883e-02
-2.274249999999999883e-02
-2.274249999999999883e-02
-2.274249999999999883e-02
-2.274249999999999883e-02
-2.274249999999999883e-02
-2.274249999999999883e-02
-2.274249999999999883e-02
-2.274249999999999883e-02
-2.274249999999999883e-02
-2.274150000000000130e-02
-2.274150000000000130e-02
-2.274150000000000130e-02
-2.274100000000000080e-02
-2.274100000000000080e-02
-2.274100000000000080e-02
-2.274100000000000080e-02
-2.274100000000000080e-02
-2.274100000000000080e-02
-2.272300000000000014e-02
-2.272300000000000014e-02
-2.272300000000000014e-02
-2.272300000000000014e-02
-2.272300000000000014e-02
-2.272300000000000014e-02
-2.272300000000000014e-02
-2.272300000000000014e-02
-2.272300000000000014e-02
-2.272300000000000014e-02
-2.272300000000000014e-02
-2.272300000000000014e-02
-2.272300000000000014e-02
-2.272300000000000014e-02
-2.272300000000000014e-02
-2.272300000000000014e-02
-2.272300000000000014e-02
-2.272300000000000014e-02
-2.272300000000000014e-02
-2.272300000000000014e-02
-2.272300000000000014e-02
-2.272300000000000014e-02
-2.272300000000000014e-02
-2.272300000000000014e-02
-2.272300000000000014e-02
-2.272249999999999964e-02
-2.272249999999999964e-02
-2.272249999999999964e-02
-2.272249999999999964e-02
-2.272249999999999964e-02
-2.272249999999999964e-02
-2.272249999999999964e-02
-2.272249999999999964e-02
-2.272249999999999964e-02
-2.272249999999999964e-02
-2.272249999999999964e-02
-2.272249999999999964e-02
-2.272249999999999964e-02
-2.272249999999999964e-02
-2.272249999999999964e-02
-2.272249999999999964e-02
-2.272249999999999964e-02
-2.272249999999999964e-02
-2.272249999999999964e-02
-2.272249999999999964e-02
-2.272249999999999964e-02
-2.272249999999999964e-02
-2.272249999999999964e-02
-2.272199999999999914e-02
-2.272199999999999914e-02
-2.272199999999999914e-02
-2.272199999999999914e-02
-2.272199999999999914e-02
-2.272199999999999914e-02
-2.272199999999999914e-02
-2.272199999999999914e-02
-2.272199999999999914e-02
-2.272199999999999914e-02
-2.272199999999999914e-02
-2.272199999999999914e-02
-2.272199999999999914e-02
-2.272199999999999914e-02
-2.272199999999999914e-02
-2.272199999999999914e-02
-2.272199999999999914e-02
-2.272199999999999914e-02
-2.272199999999999914e-02
-2.272199999999999914e-02
-2.272199999999999914e-02
-2.272199999999999914e-02
-2.272199999999999914e-02
-2.272199999999999914e-02
-2.272199999999999914e-02
-2.272199999999999914e-02
-2.272199999999999914e-02
-2.272199999999999914e-02
-2.272199999999999914e-02
-2.272050000000000111e-02
-2.272050000000000111e-02
-2.272050000000000111e-02
-2.272050000000000111e-02
-2.272050000000000111e-02
-2.272050000000000111e-02
-2.272050000000000111e-02
-2.272050000000000111e-02
-2.272050000000000111e-02
-2.272050000000000111e-02
-2.272050000000000111e-02
-2.272050000000000111e-02
-2.272050000000000111e-02
-2.272050000000000111e-02
-2.272050000000000111e-02
-2.272050000000000111e-02
-2.272050000000000111e-02
-2.272050000000000111e-02
-2.272050000000000111e-02
-2.272050000000000111e-02
-2.272050000000000111e-02
-2.272050000000000111e-02
-2.272050000000000111e-02
-2.272050000000000111e-02
-2.272050000000000111e-02
-2.272050000000000111e-02
-2.272050000000000111e-02
-2.272050000000000111e-02
-2.272050000000000111e-02
-2.272050000000000111e-02
-2.272050000000000111e-02
-2.272050000000000111e-02
-2.272050000000000111e-02
-2.272050000000000111e-02
-2.272050000000000111e-02
-2.272050000000000111e-02
-2.272050000000000111e-02
-2.272050000000000111e-02
-2.272050000000000111e-02
-2.272050000000000111e-02
-2.272050000000000111e-02
-2.272050000000000111e-02
-2.272050000000000111e-02
-2.272050000000000111e-02
-2.272050000000000111e-02
-2.272050000000000111e-02
-2.272050000000000111e-02
-2.272050000000000111e-02
-2.272050000000000111e-02
-2.272050000000000111e-02
-2.272050000000000111e-02
-2.272050000000000111e-02
-2.272050000000000111e-02
-2.272050000000000111e-02
-2.272050000000000111e-02
-2.272050000000000111e-02
-2.272050000000000111e-02
-2.272050000000000111e-02
-2.272050000000000111e-02
-2.272050000000000111e-02
-2.272050000000000111e-02
-2.272050000000000111e-02
-2.272050000000000111e-02
-2.272050000000000111e-02
-2.272050000000000111e-02
-2.272050000000000111e-02
-2.272050000000000111e-02
-2.272050000000000111e-02
-2.272050000000000111e-02
-2.272050000000000111e-02
-2.272050000000000111e-02
-2.272050000000000111e-02
-2.272050000000000111e-02
-2.272050000000000111e-02
-2.272050000000000111e-02
-2.272050000000000111e-02
-2.272050000000000111e-02
-2.272050000000000111e-02
-2.272050000000000111e-02
-2.272050000000000111e-02
-2.272050000000000111e-02
-2.272050000000000111e-02
-2.272000000000000061e-02
-2.272000000000000061e-02
-2.272000000000000061e-02
-2.272000000000000061e-02
-2.272000000000000061e-02
-2.272000000000000061e-02
-2.271950000000000011e-02
-2.271950000000000011e-02
-2.271950000000000011e-02
-2.271950000000000011e-02
-2.271950000000000011e-02
-2.271950000000000011e-02
-2.271950000000000011e-02
-2.271950000000000011e-02
-2.271950000000000011e-02
-2.271950000000000011e-02
-2.271950000000000011e-02
-2.271950000000000011e-02
-2.271950000000000011e-02
-2.271950000000000011e-02
-2.271950000000000011e-02
-2.271950000000000011e-02
-2.271950000000000011e-02
-2.271950000000000011e-02
-2.271950000000000011e-02
-2.271950000000000011e-02
-2.271950000000000011e-02
-2.271950000000000011e-02
-2.271950000000000011e-02
-2.271950000000000011e-02
-2.271950000000000011e-02
-2.271950000000000011e-02
-2.271950000000000011e-02
-2.271950000000000011e-02
-2.271950000000000011e-02
-2.271950000000000011e-02
-2.271950000000000011e-02
-2.271950000000000011e-02
-2.271950000000000011e-02
-2.271950000000000011e-02
-2.271950000000000011e-02
-2.271950000000000011e-02
-2.271950000000000011e-02
-2.271950000000000011e-02
-2.271950000000000011e-02
-2.271950000000000011e-02
-2.271950000000000011e-02
-2.271950000000000011e-02
-2.271950000000000011e-02
-2.271950000000000011e-02
-2.271950000000000011e-02
-2.271950000000000011e-02
-2.271950000000000011e-02
-2.271950000000000011e-02
-2.271950000000000011e-02
-2.271950000000000011e-02
-2.271950000000000011e-02
-2.271950000000000011e-02
-2.271950000000000011e-02
-2.271950000000000011e-02
-2.271950000000000011e-02
-2.271950000000000011e-02
-2.271950000000000011e-02
-2.271950000000000011e-02
-2.271950000000000011e-02
-2.271950000000000011e-02
-2.271950000000000011e-02
-2.271950000000000011e-02
-2.271950000000000011e-02
-2.271950000000000011e-02
-2.271950000000000011e-02
-2.271950000000000011e-02
-2.271950000000000011e-02
-2.271950000000000011e-02
-2.271950000000000011e-02
-2.271950000000000011e-02
-2.271950000000000011e-02
-2.271950000000000011e-02
-2.271950000000000011e-02
-2.271950000000000011e-02
-2.271950000000000011e-02
-2.271950000000000011e-02
-2.271950000000000011e-02
-2.271950000000000011e-02
-2.271950000000000011e-02
-2.271950000000000011e-02
-2.271950000000000011e-02
-2.271950000000000011e-02
-2.271950000000000011e-02
-2.271950000000000011e-02
-2.271950000000000011e-02
-2.271950000000000011e-02
-2.271950000000000011e-02
-2.271950000000000011e-02
-2.271950000000000011e-02
-2.271950000000000011e-02
-2.271950000000000011e-02
-2.271950000000000011e-02
-2.271950000000000011e-02
-2.271950000000000011e-02
-2.271950000000000011e-02
-2.271950000000000011e-02
-2.271950000000000011e-02
-2.271950000000000011e-02
-2.271950000000000011e-02
-2.271950000000000011e-02
-2.271950000000000011e-02
-2.271950000000000011e-02
-2.271950000000000011e-02
-2.271950000000000011e-02
-2.271950000000000011e-02
-2.271950000000000011e-02
-2.271950000000000011e-02
-2.271950000000000011e-02
-2.271950000000000011e-02
-2.271950000000000011e-02
-2.271950000000000011e-02
-2.271950000000000011e-02
-2.271950000000000011e-02
-2.271950000000000011e-02
-2.271950000000000011e-02
-2.271950000000000011e-02
-2.271950000000000011e-02
-2.271950000000000011e-02
-2.271950000000000011e-02
-2.271950000000000011e-02
-2.271950000000000011e-02
-2.271950000000000011e-02
-2.271950000000000011e-02
-2.271950000000000011e-02
-2.271950000000000011e-02
-2.271950000000000011e-02
-2.271950000000000011e-02
-2.271950000000000011e-02
-2.271950000000000011e-02
-2.271950000000000011e-02
-2.271950000000000011e-02
-2.271950000000000011e-02
-2.271950000000000011e-02
-2.271950000000000011e-02
-2.271950000000000011e-02
-2.271950000000000011e-02
-2.271950000000000011e-02
-2.271950000000000011e-02
-2.271950000000000011e-02
-2.271950000000000011e-02
-2.271950000000000011e-02
-2.271950000000000011e-02
-2.271950000000000011e-02
-2.271950000000000011e-02
-2.271950000000000011e-02
-2.271950000000000011e-02
-2.271950000000000011e-02
-2.271950000000000011e-02
-2.271950000000000011e-02
-2.271950000000000011e-02
-2.271950000000000011e-02
-2.271950000000000011e-02
-2.271950000000000011e-02
-2.271950000000000011e-02
-2.271950000000000011e-02
-2.271950000000000011e-02
-2.271950000000000011e-02
-2.271950000000000011e-02
-2.271950000000000011e-02
-2.271950000000000011e-02
-2.271950000000000011e-02
-2.271950000000000011e-02
-2.271950000000000011e-02
-2.271950000000000011e-02
-2.271950000000000011e-02
-2.271950000000000011e-02
-2.271950000000000011e-02
-2.271950000000000011e-02
-2.271950000000000011e-02
-2.271950000000000011e-02
-2.271950000000000011e-02
-2.271950000000000011e-02
-2.271950000000000011e-02
-2.271950000000000011e-02
-2.271950000000000011e-02
-2.271950000000000011e-02
-2.271950000000000011e-02
-2.271950000000000011e-02
-2.271950000000000011e-02
-2.271950000000000011e-02
-2.271950000000000011e-02
-2.271950000000000011e-02
-2.271950000000000011e-02
-2.271950000000000011e-02
-2.271950000000000011e-02
-2.271950000000000011e-02
-2.271950000000000011e-02
-2.271950000000000011e-02
-2.271950000000000011e-02
-2.271950000000000011e-02
-2.271950000000000011e-02
-2.271950000000000011e-02
-2.271950000000000011e-02
-2.271950000000000011e-02
-2.271950000000000011e-02
-2.271950000000000011e-02
-2.271950000000000011e-02
-2.271950000000000011e-02
-2.271950000000000011e-02
-2.271950000000000011e-02
-2.271950000000000011e-02
-2.271950000000000011e-02
-2.271950000000000011e-02
-2.271950000000000011e-02
-2.271950000000000011e-02
-2.271950000000000011e-02
-2.271950000000000011e-02
-2.271950000000000011e-02
-2.271950000000000011e-02
-2.271950000000000011e-02
-2.271950000000000011e-02
-2.271950000000000011e-02
