-1.606930000000000025e-01
-1.598555000000000115e-01
-1.598555000000000115e-01
-1.598555000000000115e-01
-1.507215000000000082e-01
-1.410430000000000017e-01
-1.410430000000000017e-01
-1.410430000000000017e-01
-1.410135000000000138e-01
-1.410135000000000138e-01
-1.410135000000000138e-01
-1.410135000000000138e-01
-1.410135000000000138e-01
-1.361030000000000018e-01
-1.351880000000000026e-01
-1.351880000000000026e-01
-1.329925000000000135e-01
-1.329925000000000135e-01
-1.329925000000000135e-01
-1.329925000000000135e-01
-1.329925000000000135e-01
-1.329925000000000135e-01
-1.329925000000000135e-01
-1.329925000000000135e-01
-1.329925000000000135e-01
-1.329925000000000135e-01
-1.329925000000000135e-01
-1.326090000000000046e-01
-1.324164999999999925e-01
-1.314390000000000003e-01
-1.314390000000000003e-01
-1.314390000000000003e-01
-1.314009999999999900e-01
-1.311605000000000132e-01
-1.311605000000000132e-01
-1.311605000000000132e-01
-1.311605000000000132e-01
-1.300149999999999917e-01
-1.300149999999999917e-01
-1.300149999999999917e-01
-1.300149999999999917e-01
-1.300149999999999917e-01
-1.300149999999999917e-01
-1.300149999999999917e-01
-1.300149999999999917e-01
-1.300149999999999917e-01
-1.300149999999999917e-01
-1.300149999999999917e-01
-1.300149999999999917e-01
-1.300149999999999917e-01
-1.300149999999999917e-01
-1.300149999999999917e-01
-1.300149999999999917e-01
-1.300149999999999917e-01
-1.300149999999999917e-01
-1.300149999999999917e-01
-1.298235000000000083e-01
-1.298235000000000083e-01
-1.298235000000000083e-01
-1.298235000000000083e-01
-1.298235000000000083e-01
-1.298235000000000083e-01
-1.297145000000000103e-01
-1.297145000000000103e-01
-1.297145000000000103e-01
-1.297145000000000103e-01
-1.297145000000000103e-01
-1.297145000000000103e-01
-1.297145000000000103e-01
-1.297145000000000103e-01
-1.297145000000000103e-01
-1.296704999999999941e-01
-1.296704999999999941e-01
-1.296704999999999941e-01
-1.296615000000000129e-01
-1.296565000000000079e-01
-1.296565000000000079e-01
-1.290775000000000117e-01
-1.289959999999999996e-01
-1.289959999999999996e-01
-1.289959999999999996e-01
-1.289959999999999996e-01
-1.289959999999999996e-01
-1.289959999999999996e-01
-1.289959999999999996e-01
-1.289959999999999996e-01
-1.289959999999999996e-01
-1.289959999999999996e-01
-1.289959999999999996e-01
-1.289959999999999996e-01
-1.289039999999999908e-01
-1.289039999999999908e-01
-1.289039999999999908e-01
-1.289039999999999908e-01
-1.289039999999999908e-01
-1.289009999999999878e-01
-1.289009999999999878e-01
-1.288914999999999922e-01
-1.280515000000000125e-01
-1.280515000000000125e-01
-1.280515000000000125e-01
-1.280515000000000125e-01
-1.280515000000000125e-01
-1.280515000000000125e-01
-1.280515000000000125e-01
-1.280515000000000125e-01
-1.280515000000000125e-01
-1.280515000000000125e-01
-1.280515000000000125e-01
-1.280515000000000125e-01
-1.280515000000000125e-01
-1.280515000000000125e-01
-1.280515000000000125e-01
-1.280515000000000125e-01
-1.280515000000000125e-01
-1.280515000000000125e-01
-1.280515000000000125e-01
-1.280515000000000125e-01
-1.280515000000000125e-01
-1.280515000000000125e-01
-1.280515000000000125e-01
-1.280515000000000125e-01
-1.280515000000000125e-01
-1.280515000000000125e-01
-1.280515000000000125e-01
-1.280070000000000097e-01
-1.280070000000000097e-01
-1.280070000000000097e-01
-1.280070000000000097e-01
-1.279859999999999887e-01
-1.279859999999999887e-01
-1.279859999999999887e-01
-1.279790000000000094e-01
-1.279685000000000128e-01
-1.279679999999999984e-01
-1.279605000000000048e-01
-1.279355000000000075e-01
-1.279355000000000075e-01
-1.279355000000000075e-01
-1.279355000000000075e-01
-1.279355000000000075e-01
-1.279305000000000025e-01
-1.279305000000000025e-01
-1.279299999999999882e-01
-1.279274999999999995e-01
-1.279264999999999985e-01
-1.279264999999999985e-01
-1.279264999999999985e-01
-1.279250000000000109e-01
-1.279250000000000109e-01
-1.279244999999999965e-01
-1.279244999999999965e-01
-1.279244999999999965e-01
-1.279000000000000137e-01
-1.279000000000000137e-01
-1.279000000000000137e-01
-1.279000000000000137e-01
-1.279000000000000137e-01
-1.279000000000000137e-01
-1.279000000000000137e-01
-1.279000000000000137e-01
-1.278894999999999893e-01
-1.278845000000000121e-01
-1.278825000000000101e-01
-1.278825000000000101e-01
-1.278825000000000101e-01
-1.278825000000000101e-01
-1.278819999999999957e-01
-1.278660000000000074e-01
-1.278660000000000074e-01
-1.278650000000000064e-01
-1.278650000000000064e-01
-1.278499999999999914e-01
-1.278499999999999914e-01
-1.278420000000000112e-01
-1.278420000000000112e-01
-1.278420000000000112e-01
-1.278420000000000112e-01
-1.278420000000000112e-01
-1.278420000000000112e-01
-1.278420000000000112e-01
-1.278420000000000112e-01
-1.276990000000000069e-01
-1.276990000000000069e-01
-1.276990000000000069e-01
-1.276990000000000069e-01
-1.276990000000000069e-01
-1.276380000000000015e-01
-1.276380000000000015e-01
-1.276380000000000015e-01
-1.276380000000000015e-01
-1.276380000000000015e-01
-1.276380000000000015e-01
-1.276380000000000015e-01
-1.276380000000000015e-01
-1.276380000000000015e-01
-1.276380000000000015e-01
-1.276380000000000015e-01
-1.276380000000000015e-01
-1.276380000000000015e-01
-1.276380000000000015e-01
-1.276380000000000015e-01
-1.276380000000000015e-01
-1.276380000000000015e-01
-1.276380000000000015e-01
-1.276380000000000015e-01
-1.276380000000000015e-01
-1.276380000000000015e-01
-1.276380000000000015e-01
-1.276374999999999871e-01
-1.276374999999999871e-01
-1.276374999999999871e-01
-1.275290000000000035e-01
-1.275290000000000035e-01
-1.275290000000000035e-01
-1.275290000000000035e-01
-1.275290000000000035e-01
-1.275290000000000035e-01
-1.275290000000000035e-01
-1.275290000000000035e-01
-1.275290000000000035e-01
-1.275290000000000035e-01
-1.275290000000000035e-01
-1.275290000000000035e-01
-1.275290000000000035e-01
-1.275290000000000035e-01
-1.275290000000000035e-01
-1.275290000000000035e-01
-1.275290000000000035e-01
-1.275290000000000035e-01
-1.275290000000000035e-01
-1.275290000000000035e-01
-1.275290000000000035e-01
-1.275290000000000035e-01
-1.275290000000000035e-01
-1.275074999999999958e-01
-1.275074999999999958e-01
-1.275074999999999958e-01
-1.275074999999999958e-01
-1.275074999999999958e-01
-1.275074999999999958e-01
-1.275074999999999958e-01
-1.275074999999999958e-01
-1.275074999999999958e-01
-1.275074999999999958e-01
-1.275074999999999958e-01
-1.275074999999999958e-01
-1.275074999999999958e-01
-1.275074999999999958e-01
-1.275074999999999958e-01
-1.275040000000000062e-01
-1.275040000000000062e-01
-1.275030000000000052e-01
-1.275030000000000052e-01
-1.275030000000000052e-01
-1.275030000000000052e-01
-1.275030000000000052e-01
-1.275030000000000052e-01
-1.275030000000000052e-01
-1.275030000000000052e-01
-1.275030000000000052e-01
-1.275030000000000052e-01
-1.275030000000000052e-01
-1.275030000000000052e-01
-1.275030000000000052e-01
-1.275030000000000052e-01
-1.275030000000000052e-01
-1.275030000000000052e-01
-1.275030000000000052e-01
-1.275030000000000052e-01
-1.275030000000000052e-01
-1.275030000000000052e-01
-1.275030000000000052e-01
-1.275030000000000052e-01
-1.275030000000000052e-01
-1.275030000000000052e-01
-1.275030000000000052e-01
-1.275030000000000052e-01
-1.275030000000000052e-01
-1.275030000000000052e-01
-1.275030000000000052e-01
-1.275030000000000052e-01
-1.275030000000000052e-01
-1.275030000000000052e-01
-1.275030000000000052e-01
-1.275030000000000052e-01
-1.275030000000000052e-01
-1.275030000000000052e-01
-1.275030000000000052e-01
-1.275030000000000052e-01
-1.275030000000000052e-01
-1.275030000000000052e-01
-1.275030000000000052e-01
-1.275030000000000052e-01
-1.275030000000000052e-01
-1.275030000000000052e-01
-1.275030000000000052e-01
-1.275030000000000052e-01
-1.275030000000000052e-01
-1.275030000000000052e-01
-1.275030000000000052e-01
-1.275030000000000052e-01
-1.275030000000000052e-01
-1.275030000000000052e-01
-1.275030000000000052e-01
-1.275030000000000052e-01
-1.275030000000000052e-01
-1.275030000000000052e-01
-1.275030000000000052e-01
-1.275030000000000052e-01
-1.275030000000000052e-01
-1.275030000000000052e-01
-1.275030000000000052e-01
-1.275030000000000052e-01
-1.275030000000000052e-01
-1.275030000000000052e-01
-1.275030000000000052e-01
-1.275030000000000052e-01
-1.275030000000000052e-01
-1.275030000000000052e-01
-1.275030000000000052e-01
-1.275030000000000052e-01
-1.275030000000000052e-01
-1.275024999999999908e-01
-1.275024999999999908e-01
-1.275024999999999908e-01
-1.275024999999999908e-01
-1.275024999999999908e-01
-1.275024999999999908e-01
-1.275024999999999908e-01
-1.275024999999999908e-01
-1.275024999999999908e-01
-1.275024999999999908e-01
-1.275024999999999908e-01
-1.275024999999999908e-01
-1.275024999999999908e-01
-1.275024999999999908e-01
-1.275024999999999908e-01
-1.275024999999999908e-01
-1.275024999999999908e-01
-1.275024999999999908e-01
-1.275024999999999908e-01
-1.275024999999999908e-01
-1.275024999999999908e-01
-1.275024999999999908e-01
-1.275024999999999908e-01
-1.275024999999999908e-01
-1.275024999999999908e-01
-1.275024999999999908e-01
-1.275024999999999908e-01
-1.275024999999999908e-01
-1.275024999999999908e-01
-1.275024999999999908e-01
-1.275024999999999908e-01
-1.275024999999999908e-01
-1.275024999999999908e-01
-1.275024999999999908e-01
-1.275024999999999908e-01
-1.275024999999999908e-01
-1.275024999999999908e-01
-1.275024999999999908e-01
-1.275024999999999908e-01
-1.275024999999999908e-01
-1.275024999999999908e-01
-1.275024999999999908e-01
-1.275024999999999908e-01
-1.275024999999999908e-01
-1.275024999999999908e-01
-1.275024999999999908e-01
-1.275024999999999908e-01
-1.275024999999999908e-01
-1.275024999999999908e-01
-1.275024999999999908e-01
-1.275024999999999908e-01
-1.275024999999999908e-01
-1.275024999999999908e-01
-1.275024999999999908e-01
-1.275024999999999908e-01
-1.275024999999999908e-01
-1.275024999999999908e-01
-1.275024999999999908e-01
-1.275024999999999908e-01
-1.275024999999999908e-01
-1.275024999999999908e-01
-1.275024999999999908e-01
-1.275024999999999908e-01
-1.275024999999999908e-01
-1.275024999999999908e-01
-1.275024999999999908e-01
-1.275024999999999908e-01
-1.275024999999999908e-01
-1.275024999999999908e-01
-1.275024999999999908e-01
-1.275024999999999908e-01
-1.275024999999999908e-01
-1.275024999999999908e-01
-1.275024999999999908e-01
-1.275024999999999908e-01
-1.275024999999999908e-01
-1.275024999999999908e-01
-1.275024999999999908e-01
-1.275024999999999908e-01
-1.275024999999999908e-01
-1.275024999999999908e-01
-1.275024999999999908e-01
-1.275024999999999908e-01
-1.275024999999999908e-01
-1.275024999999999908e-01
-1.275024999999999908e-01
-1.275024999999999908e-01
-1.275024999999999908e-01
-1.275024999999999908e-01
-1.275024999999999908e-01
-1.275024999999999908e-01
-1.275024999999999908e-01
-1.275024999999999908e-01
-1.275024999999999908e-01
-1.275024999999999908e-01
-1.275024999999999908e-01
-1.275024999999999908e-01
-1.275024999999999908e-01
-1.275024999999999908e-01
-1.275024999999999908e-01
-1.275024999999999908e-01
-1.275024999999999908e-01
-1.275024999999999908e-01
-1.275024999999999908e-01
-1.275024999999999908e-01
-1.275024999999999908e-01
-1.275024999999999908e-01
-1.275024999999999908e-01
-1.275024999999999908e-01
-1.275024999999999908e-01
-1.275024999999999908e-01
-1.275024999999999908e-01
-1.275024999999999908e-01
-1.275024999999999908e-01
-1.275024999999999908e-01
-1.275024999999999908e-01
-1.275024999999999908e-01
-1.275024999999999908e-01
-1.275024999999999908e-01
-1.275024999999999908e-01
-1.275024999999999908e-01
-1.275024999999999908e-01
-1.275024999999999908e-01
-1.275024999999999908e-01
-1.275024999999999908e-01
-1.275024999999999908e-01
-1.275024999999999908e-01
-1.275024999999999908e-01
-1.275024999999999908e-01
-1.275024999999999908e-01
-1.275024999999999908e-01
-1.275024999999999908e-01
-1.275024999999999908e-01
-1.275024999999999908e-01
-1.275024999999999908e-01
-1.275024999999999908e-01
-1.275024999999999908e-01
-1.275024999999999908e-01
-1.275024999999999908e-01
-1.275024999999999908e-01
-1.275024999999999908e-01
-1.275024999999999908e-01
-1.275024999999999908e-01
-1.275024999999999908e-01
-1.275024999999999908e-01
-1.275024999999999908e-01
-1.275024999999999908e-01
-1.275024999999999908e-01
-1.275024999999999908e-01
-1.275024999999999908e-01
-1.275024999999999908e-01
-1.275024999999999908e-01
-1.275024999999999908e-01
-1.275024999999999908e-01
-1.275024999999999908e-01
-1.275024999999999908e-01
-1.275024999999999908e-01
-1.275024999999999908e-01
-1.275024999999999908e-01
-1.275024999999999908e-01
-1.275024999999999908e-01
-1.275024999999999908e-01
-1.275024999999999908e-01
-1.275024999999999908e-01
-1.275024999999999908e-01
-1.275024999999999908e-01
-1.275024999999999908e-01
-1.275024999999999908e-01
-1.275024999999999908e-01
-1.275024999999999908e-01
-1.275024999999999908e-01
-1.275024999999999908e-01
-1.275024999999999908e-01
-1.275024999999999908e-01
-1.275024999999999908e-01
-1.275024999999999908e-01
-1.275024999999999908e-01
-1.275024999999999908e-01
-1.275024999999999908e-01
-1.275024999999999908e-01
-1.275024999999999908e-01
-1.275024999999999908e-01
-1.275024999999999908e-01
-1.275024999999999908e-01
-1.275024999999999908e-01
-1.275024999999999908e-01
-1.275024999999999908e-01
-1.275024999999999908e-01
-1.275024999999999908e-01
-1.275024999999999908e-01
-1.275024999999999908e-01
-1.275024999999999908e-01
-1.275024999999999908e-01
-1.275024999999999908e-01
-1.275024999999999908e-01
-1.275024999999999908e-01
-1.275024999999999908e-01
-1.275024999999999908e-01
-1.275024999999999908e-01
-1.275024999999999908e-01
-1.275024999999999908e-01
-1.275024999999999908e-01
-1.275024999999999908e-01
-1.275024999999999908e-01
-1.275024999999999908e-01
-1.275024999999999908e-01
-1.275024999999999908e-01
-1.275024999999999908e-01
-1.275024999999999908e-01
-1.275024999999999908e-01
-1.275024999999999908e-01
-1.275024999999999908e-01
-1.275024999999999908e-01
-1.275024999999999908e-01
-1.275024999999999908e-01
-1.275024999999999908e-01
-1.275024999999999908e-01
-1.275024999999999908e-01
-1.275024999999999908e-01
-1.275024999999999908e-01
-1.275024999999999908e-01
-1.275024999999999908e-01
-1.275024999999999908e-01
-1.275024999999999908e-01
-1.275024999999999908e-01
-1.275024999999999908e-01
-1.275024999999999908e-01
-1.275024999999999908e-01
-1.275024999999999908e-01
-1.275024999999999908e-01
-1.275024999999999908e-01
-1.275024999999999908e-01
-1.275024999999999908e-01
-1.275024999999999908e-01
-1.275024999999999908e-01
-1.275024999999999908e-01
-1.275024999999999908e-01
-1.275024999999999908e-01
-1.275024999999999908e-01
-1.275024999999999908e-01
-1.275024999999999908e-01
-1.275024999999999908e-01
-1.275024999999999908e-01
-1.275024999999999908e-01
-1.275024999999999908e-01
-1.275024999999999908e-01
-1.275024999999999908e-01
-1.275024999999999908e-01
-1.275024999999999908e-01
-1.275024999999999908e-01
-1.275024999999999908e-01
-1.275024999999999908e-01
-1.275024999999999908e-01
-1.275024999999999908e-01
-1.275024999999999908e-01
-1.275024999999999908e-01
-1.275024999999999908e-01
-1.275024999999999908e-01
-1.275024999999999908e-01
-1.275024999999999908e-01
-1.275024999999999908e-01
-1.275024999999999908e-01
-1.275024999999999908e-01
-1.275024999999999908e-01
-1.275024999999999908e-01
-1.275024999999999908e-01
-1.275024999999999908e-01
-1.275024999999999908e-01
-1.275024999999999908e-01
-1.275024999999999908e-01
-1.275024999999999908e-01
-1.275024999999999908e-01
-1.275024999999999908e-01
-1.275024999999999908e-01
-1.275024999999999908e-01
-1.275024999999999908e-01
-1.275024999999999908e-01
-1.275024999999999908e-01
-1.275024999999999908e-01
-1.275024999999999908e-01
-1.275024999999999908e-01
-1.275024999999999908e-01
-1.275024999999999908e-01
-1.275024999999999908e-01
-1.275024999999999908e-01
-1.275024999999999908e-01
-1.275024999999999908e-01
-1.275024999999999908e-01
-1.275024999999999908e-01
-1.275024999999999908e-01
-1.275024999999999908e-01
-1.275024999999999908e-01
-1.275024999999999908e-01
-1.275024999999999908e-01
-1.275024999999999908e-01
-1.275024999999999908e-01
-1.275024999999999908e-01
-1.275024999999999908e-01
-1.275024999999999908e-01
-1.275024999999999908e-01
-1.275024999999999908e-01
-1.275024999999999908e-01
-1.275024999999999908e-01
-1.275024999999999908e-01
-1.275024999999999908e-01
-1.275024999999999908e-01
-1.275024999999999908e-01
-1.275024999999999908e-01
-1.275024999999999908e-01
-1.275024999999999908e-01
-1.275024999999999908e-01
-1.275024999999999908e-01
-1.275024999999999908e-01
-1.275024999999999908e-01
-1.275024999999999908e-01
-1.275024999999999908e-01
-1.275024999999999908e-01
-1.275024999999999908e-01
-1.275024999999999908e-01
-1.275024999999999908e-01
-1.275024999999999908e-01
-1.275024999999999908e-01
-1.275024999999999908e-01
-1.275024999999999908e-01
-1.275024999999999908e-01
-1.275024999999999908e-01
-1.275024999999999908e-01
-1.275024999999999908e-01
-1.275024999999999908e-01
-1.275024999999999908e-01
-1.275024999999999908e-01
-1.275024999999999908e-01
-1.275024999999999908e-01
-1.275024999999999908e-01
-1.275024999999999908e-01
-1.275024999999999908e-01
-1.275024999999999908e-01
-1.275024999999999908e-01
-1.275024999999999908e-01
-1.275024999999999908e-01
-1.275024999999999908e-01
-1.275024999999999908e-01
-1.275024999999999908e-01
-1.275024999999999908e-01
-1.275024999999999908e-01
-1.275024999999999908e-01
-1.275024999999999908e-01
-1.275024999999999908e-01
-1.275024999999999908e-01
-1.275024999999999908e-01
-1.275024999999999908e-01
-1.275024999999999908e-01
-1.275024999999999908e-01
-1.275024999999999908e-01
-1.275024999999999908e-01
-1.275024999999999908e-01
-1.275024999999999908e-01
-1.275024999999999908e-01
-1.275024999999999908e-01
-1.275024999999999908e-01
-1.275024999999999908e-01
-1.275024999999999908e-01
-1.275024999999999908e-01
-1.275024999999999908e-01
-1.275024999999999908e-01
-1.275024999999999908e-01
-1.275024999999999908e-01
-1.275024999999999908e-01
-1.275024999999999908e-01
-1.275024999999999908e-01
-1.275024999999999908e-01
-1.275024999999999908e-01
-1.275024999999999908e-01
-1.275024999999999908e-01
-1.275024999999999908e-01
-1.275024999999999908e-01
-1.275024999999999908e-01
-1.275024999999999908e-01
-1.275024999999999908e-01
-1.275024999999999908e-01
-1.275024999999999908e-01
-1.275024999999999908e-01
-1.275024999999999908e-01
-1.275024999999999908e-01
-1.275024999999999908e-01
-1.275024999999999908e-01
-1.275024999999999908e-01
-1.275024999999999908e-01
-1.275024999999999908e-01
-1.275024999999999908e-01
-1.275024999999999908e-01
-1.275024999999999908e-01
-1.275024999999999908e-01
-1.275024999999999908e-01
-1.275024999999999908e-01
-1.275024999999999908e-01
-1.275024999999999908e-01
-1.275024999999999908e-01
-1.275024999999999908e-01
-1.275024999999999908e-01
-1.275024999999999908e-01
-1.275024999999999908e-01
-1.275024999999999908e-01
-1.275024999999999908e-01
-1.275024999999999908e-01
-1.275024999999999908e-01
-1.275024999999999908e-01
-1.275024999999999908e-01
-1.275024999999999908e-01
-1.275024999999999908e-01
-1.275024999999999908e-01
-1.275024999999999908e-01
-1.275024999999999908e-01
-1.275024999999999908e-01
-1.275024999999999908e-01
-1.275024999999999908e-01
-1.275024999999999908e-01
-1.275024999999999908e-01
-1.275024999999999908e-01
-1.275024999999999908e-01
-1.275024999999999908e-01
-1.275024999999999908e-01
-1.275024999999999908e-01
-1.275024999999999908e-01
-1.275024999999999908e-01
-1.275024999999999908e-01
-1.275024999999999908e-01
-1.275024999999999908e-01
-1.275024999999999908e-01
-1.275024999999999908e-01
-1.275024999999999908e-01
-1.275024999999999908e-01
-1.275024999999999908e-01
-1.275024999999999908e-01
-1.275024999999999908e-01
-1.275024999999999908e-01
-1.275024999999999908e-01
-1.275024999999999908e-01
-1.275024999999999908e-01
-1.275024999999999908e-01
-1.275024999999999908e-01
-1.275024999999999908e-01
-1.275024999999999908e-01
-1.275024999999999908e-01
-1.275024999999999908e-01
-1.275024999999999908e-01
-1.275024999999999908e-01
-1.275024999999999908e-01
-1.275024999999999908e-01
-1.275024999999999908e-01
-1.275024999999999908e-01
-1.275024999999999908e-01
-1.275024999999999908e-01
-1.275024999999999908e-01
-1.275024999999999908e-01
-1.275024999999999908e-01
-1.275024999999999908e-01
-1.275024999999999908e-01
-1.275024999999999908e-01
-1.275024999999999908e-01
-1.275024999999999908e-01
-1.275024999999999908e-01
-1.275024999999999908e-01
-1.275024999999999908e-01
-1.275024999999999908e-01
-1.275024999999999908e-01
-1.275024999999999908e-01
-1.275024999999999908e-01
-1.275024999999999908e-01
-1.275024999999999908e-01
-1.275024999999999908e-01
-1.275024999999999908e-01
-1.275024999999999908e-01
-1.275024999999999908e-01
-1.275024999999999908e-01
-1.275024999999999908e-01
-1.275024999999999908e-01
-1.275024999999999908e-01
-1.275024999999999908e-01
-1.275024999999999908e-01
-1.275024999999999908e-01
-1.275024999999999908e-01
-1.275024999999999908e-01
-1.275024999999999908e-01
-1.275024999999999908e-01
-1.275024999999999908e-01
-1.275024999999999908e-01
-1.275024999999999908e-01
-1.275024999999999908e-01
-1.275024999999999908e-01
-1.275024999999999908e-01
-1.275024999999999908e-01
-1.275024999999999908e-01
-1.275024999999999908e-01
-1.275024999999999908e-01
-1.275024999999999908e-01
-1.275024999999999908e-01
-1.275024999999999908e-01
-1.275024999999999908e-01
-1.275024999999999908e-01
-1.275024999999999908e-01
-1.275024999999999908e-01
-1.275024999999999908e-01
-1.275024999999999908e-01
-1.275024999999999908e-01
-1.275024999999999908e-01
-1.275024999999999908e-01
-1.275024999999999908e-01
-1.275024999999999908e-01
-1.275024999999999908e-01
-1.275024999999999908e-01
-1.275024999999999908e-01
-1.275024999999999908e-01
-1.275024999999999908e-01
-1.275024999999999908e-01
-1.275024999999999908e-01
-1.275024999999999908e-01
-1.275024999999999908e-01
-1.275024999999999908e-01
-1.275024999999999908e-01
-1.275024999999999908e-01
-1.275024999999999908e-01
-1.275024999999999908e-01
-1.275024999999999908e-01
-1.275024999999999908e-01
-1.275024999999999908e-01
-1.275024999999999908e-01
-1.275024999999999908e-01
-1.275024999999999908e-01
-1.275024999999999908e-01
-1.275024999999999908e-01
-1.275024999999999908e-01
-1.275024999999999908e-01
-1.275024999999999908e-01
-1.275024999999999908e-01
-1.275024999999999908e-01
-1.275024999999999908e-01
-1.275024999999999908e-01
-1.275024999999999908e-01
-1.275024999999999908e-01
-1.275024999999999908e-01
-1.275024999999999908e-01
-1.275024999999999908e-01
-1.275024999999999908e-01
-1.275024999999999908e-01
-1.275024999999999908e-01
-1.275024999999999908e-01
-1.275024999999999908e-01
-1.275024999999999908e-01
-1.275024999999999908e-01
-1.275024999999999908e-01
-1.275024999999999908e-01
-1.275024999999999908e-01
-1.275024999999999908e-01
-1.275024999999999908e-01
-1.275024999999999908e-01
-1.275024999999999908e-01
-1.275024999999999908e-01
-1.275024999999999908e-01
-1.275024999999999908e-01
-1.275024999999999908e-01
-1.275024999999999908e-01
-1.275024999999999908e-01
-1.275024999999999908e-01
-1.275024999999999908e-01
-1.275024999999999908e-01
-1.275024999999999908e-01
-1.275024999999999908e-01
-1.275024999999999908e-01
-1.275024999999999908e-01
-1.275024999999999908e-01
-1.275024999999999908e-01
-1.275024999999999908e-01
-1.275024999999999908e-01
-1.275024999999999908e-01
-1.275024999999999908e-01
-1.275024999999999908e-01
-1.275024999999999908e-01
-1.275024999999999908e-01
-1.275024999999999908e-01
-1.275024999999999908e-01
-1.275024999999999908e-01
-1.275024999999999908e-01
-1.275024999999999908e-01
-1.275024999999999908e-01
-1.275024999999999908e-01
-1.275024999999999908e-01
-1.275024999999999908e-01
-1.275024999999999908e-01
-1.275024999999999908e-01
-1.275024999999999908e-01
-1.275024999999999908e-01
-1.275024999999999908e-01
-1.275024999999999908e-01
-1.275024999999999908e-01
-1.275024999999999908e-01
-1.275024999999999908e-01
-1.275024999999999908e-01
-1.275024999999999908e-01
-1.275024999999999908e-01
-1.275024999999999908e-01
-1.275024999999999908e-01
-1.275024999999999908e-01
-1.275024999999999908e-01
-1.275024999999999908e-01
-1.275024999999999908e-01
-1.275024999999999908e-01
-1.275024999999999908e-01
-1.275024999999999908e-01
-1.275024999999999908e-01
-1.275024999999999908e-01
-1.275024999999999908e-01
-1.275024999999999908e-01
-1.275024999999999908e-01
-1.275024999999999908e-01
-1.275024999999999908e-01
-1.275024999999999908e-01
-1.275024999999999908e-01
-1.275024999999999908e-01
-1.275024999999999908e-01
-1.275024999999999908e-01
-1.275024999999999908e-01
-1.275024999999999908e-01
-1.275024999999999908e-01
-1.275024999999999908e-01
-1.275024999999999908e-01
-1.275024999999999908e-01
-1.275024999999999908e-01
-1.275024999999999908e-01
-1.275024999999999908e-01
-1.275024999999999908e-01
-1.275024999999999908e-01
-1.275024999999999908e-01
-1.275024999999999908e-01
-1.275024999999999908e-01
-1.275024999999999908e-01
-1.275024999999999908e-01
-1.275024999999999908e-01
-1.275024999999999908e-01
-1.275024999999999908e-01
-1.275024999999999908e-01
-1.275024999999999908e-01
-1.275024999999999908e-01
-1.275024999999999908e-01
-1.275024999999999908e-01
-1.275024999999999908e-01
-1.275024999999999908e-01
-1.275024999999999908e-01
-1.275024999999999908e-01
-1.275024999999999908e-01
-1.275024999999999908e-01
-1.275024999999999908e-01
-1.275024999999999908e-01
-1.275024999999999908e-01
-1.275024999999999908e-01
-1.275024999999999908e-01
-1.275024999999999908e-01
-1.275024999999999908e-01
-1.275024999999999908e-01
-1.275024999999999908e-01
-1.275024999999999908e-01
-1.275024999999999908e-01
-1.275024999999999908e-01
-1.275024999999999908e-01
-1.275024999999999908e-01
-1.275024999999999908e-01
-1.275024999999999908e-01
-1.275024999999999908e-01
-1.275024999999999908e-01
-1.275024999999999908e-01
-1.275024999999999908e-01
-1.275024999999999908e-01
-1.275024999999999908e-01
-1.275024999999999908e-01
-1.275024999999999908e-01
-1.275024999999999908e-01
-1.275024999999999908e-01
