-6.991999999999999951e-03
-6.991999999999999951e-03
-3.834999999999999867e-03
-3.834999999999999867e-03
-3.834999999999999867e-03
-3.834999999999999867e-03
-3.834999999999999867e-03
-3.834999999999999867e-03
-3.834999999999999867e-03
-3.834999999999999867e-03
-3.834999999999999867e-03
-3.834999999999999867e-03
-3.145499999999999859e-03
-3.145499999999999859e-03
-3.145499999999999859e-03
-3.145499999999999859e-03
-3.145499999999999859e-03
-3.145499999999999859e-03
-3.145499999999999859e-03
-3.145499999999999859e-03
-3.145499999999999859e-03
-3.145499999999999859e-03
-3.145499999999999859e-03
-3.145499999999999859e-03
-3.145499999999999859e-03
-3.145499999999999859e-03
-3.145499999999999859e-03
-3.145499999999999859e-03
-3.145499999999999859e-03
-3.145499999999999859e-03
-3.121500000000000143e-03
-3.121500000000000143e-03
-3.121500000000000143e-03
-3.121500000000000143e-03
-3.121500000000000143e-03
-3.111500000000000116e-03
-3.111500000000000116e-03
-3.111500000000000116e-03
-3.111500000000000116e-03
-3.095500000000000161e-03
-3.095500000000000161e-03
-2.833000000000000015e-03
-2.833000000000000015e-03
-2.833000000000000015e-03
-2.833000000000000015e-03
-2.833000000000000015e-03
-2.833000000000000015e-03
-2.833000000000000015e-03
-2.833000000000000015e-03
-2.833000000000000015e-03
-2.833000000000000015e-03
-2.833000000000000015e-03
-2.833000000000000015e-03
-2.833000000000000015e-03
-2.833000000000000015e-03
-2.833000000000000015e-03
-2.833000000000000015e-03
-2.833000000000000015e-03
-2.833000000000000015e-03
-2.833000000000000015e-03
-2.833000000000000015e-03
-2.833000000000000015e-03
-2.833000000000000015e-03
-2.833000000000000015e-03
-2.833000000000000015e-03
-2.833000000000000015e-03
-2.833000000000000015e-03
-2.833000000000000015e-03
-2.833000000000000015e-03
-2.833000000000000015e-03
-2.833000000000000015e-03
-2.833000000000000015e-03
-2.833000000000000015e-03
-2.833000000000000015e-03
-2.833000000000000015e-03
-2.833000000000000015e-03
-2.833000000000000015e-03
-2.833000000000000015e-03
-2.833000000000000015e-03
-2.833000000000000015e-03
-2.833000000000000015e-03
-2.833000000000000015e-03
-2.833000000000000015e-03
-2.833000000000000015e-03
-2.824999999999999820e-03
-2.824999999999999820e-03
-2.824999999999999820e-03
-2.824999999999999820e-03
-2.824999999999999820e-03
-2.824999999999999820e-03
-2.824999999999999820e-03
-2.821000000000000157e-03
-2.821000000000000157e-03
-2.821000000000000157e-03
-2.800500000000000038e-03
-2.800500000000000038e-03
-2.800500000000000038e-03
-2.800500000000000038e-03
-2.800500000000000038e-03
-2.800500000000000038e-03
-2.800500000000000038e-03
-2.800500000000000038e-03
-2.800500000000000038e-03
-2.800500000000000038e-03
-2.800500000000000038e-03
-2.800500000000000038e-03
-2.800500000000000038e-03
-2.800500000000000038e-03
-2.800500000000000038e-03
-2.800500000000000038e-03
-2.800500000000000038e-03
-2.800500000000000038e-03
-2.800500000000000038e-03
-2.799999999999999972e-03
-2.799999999999999972e-03
-2.799999999999999972e-03
-2.799999999999999972e-03
-2.799999999999999972e-03
-2.799999999999999972e-03
-2.799999999999999972e-03
-2.799999999999999972e-03
-2.799999999999999972e-03
-2.799999999999999972e-03
-2.799999999999999972e-03
-2.799999999999999972e-03
-2.799999999999999972e-03
-2.799999999999999972e-03
-2.799999999999999972e-03
-2.799999999999999972e-03
-2.799999999999999972e-03
-2.799999999999999972e-03
-2.799999999999999972e-03
-2.799999999999999972e-03
-2.799999999999999972e-03
-2.799999999999999972e-03
-2.799999999999999972e-03
-2.799999999999999972e-03
-2.799999999999999972e-03
-2.799999999999999972e-03
-2.799999999999999972e-03
-2.799999999999999972e-03
-2.799999999999999972e-03
-2.799999999999999972e-03
-2.799999999999999972e-03
-2.799999999999999972e-03
-2.799999999999999972e-03
-2.799999999999999972e-03
-2.799999999999999972e-03
-2.799999999999999972e-03
-2.799999999999999972e-03
-2.799999999999999972e-03
-2.799999999999999972e-03
-2.799999999999999972e-03
-2.799999999999999972e-03
-2.799999999999999972e-03
-2.799999999999999972e-03
-2.799999999999999972e-03
-2.799999999999999972e-03
-2.799999999999999972e-03
-2.799999999999999972e-03
-2.799999999999999972e-03
-2.799999999999999972e-03
-2.799999999999999972e-03
-2.799999999999999972e-03
-2.799999999999999972e-03
-2.799999999999999972e-03
-2.799999999999999972e-03
-2.799999999999999972e-03
-2.799999999999999972e-03
-2.799999999999999972e-03
-2.799999999999999972e-03
-2.799999999999999972e-03
-2.799999999999999972e-03
-2.799999999999999972e-03
-2.799999999999999972e-03
-2.799999999999999972e-03
-2.799999999999999972e-03
-2.799999999999999972e-03
-2.799999999999999972e-03
-2.799999999999999972e-03
-2.799999999999999972e-03
-2.799999999999999972e-03
-2.799999999999999972e-03
-2.799999999999999972e-03
-2.799999999999999972e-03
-2.799999999999999972e-03
-2.799999999999999972e-03
-2.799999999999999972e-03
-2.799999999999999972e-03
-2.799999999999999972e-03
-2.799999999999999972e-03
-2.799999999999999972e-03
-2.799999999999999972e-03
-2.799999999999999972e-03
-2.799999999999999972e-03
-2.799999999999999972e-03
-2.799999999999999972e-03
-2.799999999999999972e-03
-2.799999999999999972e-03
-2.799999999999999972e-03
-2.799999999999999972e-03
-2.799999999999999972e-03
-2.799999999999999972e-03
-2.799999999999999972e-03
-2.799999999999999972e-03
-2.799999999999999972e-03
-2.799999999999999972e-03
-2.799999999999999972e-03
-2.799999999999999972e-03
-2.799999999999999972e-03
-2.799999999999999972e-03
-2.799999999999999972e-03
-2.799999999999999972e-03
-2.799999999999999972e-03
-2.799999999999999972e-03
-2.799999999999999972e-03
-2.799999999999999972e-03
-2.799999999999999972e-03
-2.799999999999999972e-03
-2.799999999999999972e-03
-2.799999999999999972e-03
-2.791500000000000144e-03
-2.791500000000000144e-03
-2.791500000000000144e-03
-2.791500000000000144e-03
-2.791500000000000144e-03
-2.791500000000000144e-03
-2.791500000000000144e-03
-2.791500000000000144e-03
-2.791500000000000144e-03
-2.791500000000000144e-03
-2.791500000000000144e-03
-2.791500000000000144e-03
-2.791500000000000144e-03
-2.791500000000000144e-03
-2.791500000000000144e-03
-2.791500000000000144e-03
-2.791500000000000144e-03
-2.628500000000000194e-03
-2.628500000000000194e-03
-2.628500000000000194e-03
-2.628500000000000194e-03
-2.628500000000000194e-03
-2.628500000000000194e-03
-2.628500000000000194e-03
-2.628500000000000194e-03
-2.628500000000000194e-03
-2.628500000000000194e-03
-2.606499999999999876e-03
-2.606499999999999876e-03
-2.606499999999999876e-03
-2.606499999999999876e-03
-2.606499999999999876e-03
-2.538499999999999958e-03
-2.538499999999999958e-03
-2.538499999999999958e-03
-2.538499999999999958e-03
-2.538499999999999958e-03
-2.538499999999999958e-03
-2.524499999999999834e-03
-2.475499999999999836e-03
-2.452999999999999885e-03
-2.427499999999999970e-03
-2.427499999999999970e-03
-2.427499999999999970e-03
-2.427499999999999970e-03
-2.427499999999999970e-03
-2.427499999999999970e-03
-2.427499999999999970e-03
-2.427499999999999970e-03
-2.420499999999999909e-03
-2.420499999999999909e-03
-2.420499999999999909e-03
-2.420499999999999909e-03
-2.420499999999999909e-03
-2.420499999999999909e-03
-2.420499999999999909e-03
-2.420499999999999909e-03
-2.420499999999999909e-03
-2.419999999999999842e-03
-2.419999999999999842e-03
-2.419999999999999842e-03
-2.419999999999999842e-03
-2.419999999999999842e-03
-2.419999999999999842e-03
-2.419999999999999842e-03
-2.419999999999999842e-03
-2.419999999999999842e-03
-2.419999999999999842e-03
-2.419999999999999842e-03
-2.419999999999999842e-03
-2.419999999999999842e-03
-2.419999999999999842e-03
-2.419999999999999842e-03
-2.419999999999999842e-03
-2.419999999999999842e-03
-2.419999999999999842e-03
-2.419999999999999842e-03
-2.419999999999999842e-03
-2.419999999999999842e-03
-2.419999999999999842e-03
-2.419999999999999842e-03
-2.419999999999999842e-03
-2.419999999999999842e-03
-2.419999999999999842e-03
-2.419999999999999842e-03
-2.419999999999999842e-03
-2.419999999999999842e-03
-2.419999999999999842e-03
-2.419999999999999842e-03
-2.419999999999999842e-03
-2.419999999999999842e-03
-2.419999999999999842e-03
-2.419999999999999842e-03
-2.419999999999999842e-03
-2.419999999999999842e-03
-2.419999999999999842e-03
-2.419999999999999842e-03
-2.419999999999999842e-03
-2.419999999999999842e-03
-2.419999999999999842e-03
-2.419999999999999842e-03
-2.419999999999999842e-03
-2.419999999999999842e-03
-2.419999999999999842e-03
-2.419999999999999842e-03
-2.419999999999999842e-03
-2.419999999999999842e-03
-2.419999999999999842e-03
-2.419999999999999842e-03
-2.419999999999999842e-03
-2.419999999999999842e-03
-2.419999999999999842e-03
-2.419999999999999842e-03
-2.419999999999999842e-03
-2.419999999999999842e-03
-2.419999999999999842e-03
-2.419999999999999842e-03
-2.419999999999999842e-03
-2.419999999999999842e-03
-2.419999999999999842e-03
-2.419999999999999842e-03
-2.419999999999999842e-03
-2.419999999999999842e-03
-2.419999999999999842e-03
-2.419999999999999842e-03
-2.419999999999999842e-03
-2.419999999999999842e-03
-2.419999999999999842e-03
-2.419999999999999842e-03
-2.419999999999999842e-03
-2.419999999999999842e-03
-2.419999999999999842e-03
-2.419999999999999842e-03
-2.419999999999999842e-03
-2.419999999999999842e-03
-2.419999999999999842e-03
-2.419999999999999842e-03
-2.419999999999999842e-03
-2.419999999999999842e-03
-2.419999999999999842e-03
-2.419999999999999842e-03
-2.419999999999999842e-03
-2.419999999999999842e-03
-2.419999999999999842e-03
-2.419999999999999842e-03
-2.419999999999999842e-03
-2.419999999999999842e-03
-2.419999999999999842e-03
-2.419999999999999842e-03
-2.419999999999999842e-03
-2.419999999999999842e-03
-2.419999999999999842e-03
-2.419999999999999842e-03
-2.419999999999999842e-03
-2.419999999999999842e-03
-2.419999999999999842e-03
-2.419999999999999842e-03
-2.419999999999999842e-03
-2.419999999999999842e-03
-2.419999999999999842e-03
-2.419999999999999842e-03
-2.419999999999999842e-03
-2.419999999999999842e-03
-2.419999999999999842e-03
-2.419999999999999842e-03
-2.419999999999999842e-03
-2.419999999999999842e-03
-2.419999999999999842e-03
-2.419999999999999842e-03
-2.419999999999999842e-03
-2.419999999999999842e-03
-2.078500000000000052e-03
-2.078500000000000052e-03
-2.078500000000000052e-03
-2.078500000000000052e-03
-2.078500000000000052e-03
-2.078500000000000052e-03
-2.078500000000000052e-03
-2.078500000000000052e-03
-2.078500000000000052e-03
-2.078500000000000052e-03
-2.015999999999999997e-03
-2.015999999999999997e-03
-2.015999999999999997e-03
-2.015999999999999997e-03
-2.015999999999999997e-03
-2.015999999999999997e-03
-2.015999999999999997e-03
-2.015999999999999997e-03
-2.005999999999999971e-03
-2.005999999999999971e-03
-2.005999999999999971e-03
-2.005999999999999971e-03
-2.005999999999999971e-03
-2.005999999999999971e-03
-2.005999999999999971e-03
-2.005999999999999971e-03
-2.005999999999999971e-03
-2.005999999999999971e-03
-2.005999999999999971e-03
-2.005999999999999971e-03
-2.005499999999999904e-03
-2.005499999999999904e-03
-2.005499999999999904e-03
-2.005499999999999904e-03
-2.005499999999999904e-03
-2.005499999999999904e-03
-2.005499999999999904e-03
-2.005499999999999904e-03
-2.005499999999999904e-03
-2.005499999999999904e-03
-2.005499999999999904e-03
-2.005499999999999904e-03
-2.005499999999999904e-03
-2.005499999999999904e-03
-2.005499999999999904e-03
-2.005499999999999904e-03
-2.005499999999999904e-03
-2.005499999999999904e-03
-2.005499999999999904e-03
-2.005499999999999904e-03
-2.005499999999999904e-03
-2.005499999999999904e-03
-2.005499999999999904e-03
-2.005499999999999904e-03
-2.005499999999999904e-03
-2.005499999999999904e-03
-2.005499999999999904e-03
-2.005499999999999904e-03
-2.005499999999999904e-03
-2.005499999999999904e-03
-2.005499999999999904e-03
-2.005499999999999904e-03
-2.005499999999999904e-03
-2.005499999999999904e-03
-2.005499999999999904e-03
-2.005499999999999904e-03
-2.005499999999999904e-03
-2.005499999999999904e-03
-2.005499999999999904e-03
-2.005499999999999904e-03
-2.005499999999999904e-03
-2.005499999999999904e-03
-2.005499999999999904e-03
-2.005499999999999904e-03
-2.005499999999999904e-03
-2.005499999999999904e-03
-2.005499999999999904e-03
-2.005499999999999904e-03
-2.005499999999999904e-03
-2.005499999999999904e-03
-2.005499999999999904e-03
-2.005499999999999904e-03
-2.005499999999999904e-03
-2.005499999999999904e-03
-2.005499999999999904e-03
-2.005499999999999904e-03
-2.005499999999999904e-03
-2.005499999999999904e-03
-2.005499999999999904e-03
-2.005499999999999904e-03
-2.005499999999999904e-03
-2.005499999999999904e-03
-2.005499999999999904e-03
-2.005499999999999904e-03
-2.005499999999999904e-03
-2.005499999999999904e-03
-2.005499999999999904e-03
-2.005499999999999904e-03
-2.005499999999999904e-03
-2.005499999999999904e-03
-2.005499999999999904e-03
-2.005499999999999904e-03
-2.005499999999999904e-03
-2.005499999999999904e-03
-2.005499999999999904e-03
-2.005499999999999904e-03
-2.005499999999999904e-03
-2.005499999999999904e-03
-2.005499999999999904e-03
-2.005499999999999904e-03
-2.005499999999999904e-03
-2.005499999999999904e-03
-2.005499999999999904e-03
-2.005499999999999904e-03
-2.005499999999999904e-03
-2.005499999999999904e-03
-2.005499999999999904e-03
-2.005499999999999904e-03
-2.005499999999999904e-03
-2.005499999999999904e-03
-2.005499999999999904e-03
-2.005499999999999904e-03
-2.005499999999999904e-03
-2.005499999999999904e-03
-2.005499999999999904e-03
-2.005499999999999904e-03
-2.005499999999999904e-03
-2.005499999999999904e-03
-2.005499999999999904e-03
-2.005499999999999904e-03
-2.005499999999999904e-03
-2.005499999999999904e-03
-2.005499999999999904e-03
-2.005499999999999904e-03
-2.005499999999999904e-03
-2.005499999999999904e-03
-2.005499999999999904e-03
-2.005499999999999904e-03
-2.005499999999999904e-03
-2.005499999999999904e-03
-2.005499999999999904e-03
-2.005499999999999904e-03
-2.005499999999999904e-03
-2.005499999999999904e-03
-2.005499999999999904e-03
-2.005499999999999904e-03
-2.005499999999999904e-03
-2.005499999999999904e-03
-2.005499999999999904e-03
-2.005499999999999904e-03
-2.005499999999999904e-03
-2.005499999999999904e-03
-2.005499999999999904e-03
-2.005499999999999904e-03
-2.005499999999999904e-03
-2.005499999999999904e-03
-2.005499999999999904e-03
-2.005499999999999904e-03
-2.005499999999999904e-03
-2.005499999999999904e-03
-2.005499999999999904e-03
-2.005499999999999904e-03
-2.005499999999999904e-03
-2.005499999999999904e-03
-2.005499999999999904e-03
-2.005499999999999904e-03
-2.005499999999999904e-03
-2.005499999999999904e-03
-2.005499999999999904e-03
-2.005499999999999904e-03
-2.005499999999999904e-03
-2.005499999999999904e-03
-2.005499999999999904e-03
-2.005499999999999904e-03
-2.005499999999999904e-03
-2.005499999999999904e-03
-2.005499999999999904e-03
-2.005499999999999904e-03
-2.005499999999999904e-03
-2.005499999999999904e-03
-2.005499999999999904e-03
-2.005499999999999904e-03
-2.005499999999999904e-03
-2.005499999999999904e-03
-2.005499999999999904e-03
-2.005499999999999904e-03
-2.005499999999999904e-03
-2.005499999999999904e-03
-2.005499999999999904e-03
-2.005499999999999904e-03
-2.005499999999999904e-03
-2.005499999999999904e-03
-2.005499999999999904e-03
-2.005499999999999904e-03
-2.005499999999999904e-03
-2.005499999999999904e-03
-2.005499999999999904e-03
-2.005499999999999904e-03
-2.005499999999999904e-03
-2.005499999999999904e-03
-2.005499999999999904e-03
-2.005499999999999904e-03
-2.005499999999999904e-03
-2.005499999999999904e-03
-2.005499999999999904e-03
-2.005499999999999904e-03
-2.005499999999999904e-03
-2.005499999999999904e-03
-2.005499999999999904e-03
-2.005499999999999904e-03
-2.005499999999999904e-03
-2.005499999999999904e-03
-2.005499999999999904e-03
-2.005499999999999904e-03
-2.005499999999999904e-03
-2.005499999999999904e-03
-2.005499999999999904e-03
-2.005499999999999904e-03
-2.005499999999999904e-03
-2.005499999999999904e-03
-2.005499999999999904e-03
-2.005499999999999904e-03
-2.005499999999999904e-03
-2.005499999999999904e-03
-2.005499999999999904e-03
-2.005499999999999904e-03
-2.005499999999999904e-03
-2.005499999999999904e-03
-2.005499999999999904e-03
-2.005499999999999904e-03
-2.005499999999999904e-03
-2.005499999999999904e-03
-2.005499999999999904e-03
-2.005499999999999904e-03
-2.005499999999999904e-03
-2.005499999999999904e-03
-2.005499999999999904e-03
-2.005499999999999904e-03
-2.005499999999999904e-03
-2.005499999999999904e-03
-2.005499999999999904e-03
-2.005499999999999904e-03
-2.005499999999999904e-03
-2.005499999999999904e-03
-2.005499999999999904e-03
-2.005499999999999904e-03
-2.005499999999999904e-03
-2.005499999999999904e-03
-2.005499999999999904e-03
-2.005499999999999904e-03
-2.005499999999999904e-03
-2.005499999999999904e-03
-2.005499999999999904e-03
-2.005499999999999904e-03
-2.005499999999999904e-03
-2.005499999999999904e-03
-2.005499999999999904e-03
-2.005499999999999904e-03
-2.005499999999999904e-03
-2.005499999999999904e-03
-2.005499999999999904e-03
-2.005499999999999904e-03
-2.005499999999999904e-03
-2.005499999999999904e-03
-2.005499999999999904e-03
-2.005499999999999904e-03
-2.005499999999999904e-03
-2.005499999999999904e-03
-2.005499999999999904e-03
-2.005499999999999904e-03
-2.005499999999999904e-03
-2.005499999999999904e-03
-2.005499999999999904e-03
-2.005499999999999904e-03
-2.005499999999999904e-03
-2.005499999999999904e-03
-2.005499999999999904e-03
-2.005499999999999904e-03
-2.005499999999999904e-03
-2.005499999999999904e-03
-2.005499999999999904e-03
-2.005499999999999904e-03
-2.005499999999999904e-03
-2.005499999999999904e-03
-2.005499999999999904e-03
-2.005499999999999904e-03
-2.005499999999999904e-03
-2.005499999999999904e-03
-2.005499999999999904e-03
-2.005499999999999904e-03
-2.005499999999999904e-03
-2.005499999999999904e-03
-2.005499999999999904e-03
-2.005499999999999904e-03
-2.005499999999999904e-03
-2.005499999999999904e-03
-2.005499999999999904e-03
-2.005499999999999904e-03
-2.005499999999999904e-03
-2.005499999999999904e-03
-2.005499999999999904e-03
-2.005499999999999904e-03
-2.005499999999999904e-03
-2.005499999999999904e-03
-2.005499999999999904e-03
-2.005499999999999904e-03
-2.005499999999999904e-03
-2.005499999999999904e-03
-2.005499999999999904e-03
-2.005499999999999904e-03
-2.005499999999999904e-03
-2.005499999999999904e-03
-2.005499999999999904e-03
-2.005499999999999904e-03
-2.005499999999999904e-03
-2.005499999999999904e-03
-2.005499999999999904e-03
-2.005499999999999904e-03
-2.005499999999999904e-03
-2.005499999999999904e-03
-2.005499999999999904e-03
-2.005499999999999904e-03
-2.005499999999999904e-03
-2.005499999999999904e-03
-2.005499999999999904e-03
-2.005499999999999904e-03
-2.005499999999999904e-03
-2.005499999999999904e-03
-2.005499999999999904e-03
-2.005499999999999904e-03
-2.005499999999999904e-03
-2.005499999999999904e-03
-2.005499999999999904e-03
-2.005499999999999904e-03
-2.005499999999999904e-03
-2.005499999999999904e-03
-2.005499999999999904e-03
-2.005499999999999904e-03
-2.005499999999999904e-03
-2.005499999999999904e-03
-2.005499999999999904e-03
-2.005499999999999904e-03
-2.005499999999999904e-03
-2.005499999999999904e-03
-2.005499999999999904e-03
-2.005499999999999904e-03
-2.005499999999999904e-03
-2.005499999999999904e-03
-2.005499999999999904e-03
-2.005499999999999904e-03
-2.005499999999999904e-03
-2.005499999999999904e-03
-2.005499999999999904e-03
-2.005499999999999904e-03
-2.005499999999999904e-03
-2.005499999999999904e-03
-2.005499999999999904e-03
-2.005499999999999904e-03
-2.005499999999999904e-03
-2.005499999999999904e-03
-2.005499999999999904e-03
-2.005499999999999904e-03
-2.005499999999999904e-03
-2.005499999999999904e-03
-2.005499999999999904e-03
-2.005499999999999904e-03
-2.005499999999999904e-03
-2.005499999999999904e-03
-2.005499999999999904e-03
-2.005499999999999904e-03
-2.005499999999999904e-03
-2.005499999999999904e-03
-2.005499999999999904e-03
-2.005499999999999904e-03
-2.005499999999999904e-03
-2.005499999999999904e-03
-2.005499999999999904e-03
-2.005499999999999904e-03
-2.005499999999999904e-03
-2.005499999999999904e-03
-2.005499999999999904e-03
-2.005499999999999904e-03
-2.005499999999999904e-03
-2.005499999999999904e-03
-2.005499999999999904e-03
-2.005499999999999904e-03
-2.005499999999999904e-03
-2.005499999999999904e-03
-2.005499999999999904e-03
-2.005499999999999904e-03
-2.005499999999999904e-03
-2.005499999999999904e-03
-2.005499999999999904e-03
-2.005499999999999904e-03
-2.005499999999999904e-03
-2.005499999999999904e-03
-2.005499999999999904e-03
-2.005499999999999904e-03
-2.005499999999999904e-03
-2.005499999999999904e-03
-2.005499999999999904e-03
-2.005499999999999904e-03
-2.005499999999999904e-03
-2.005499999999999904e-03
-2.005499999999999904e-03
-2.005499999999999904e-03
-2.005499999999999904e-03
-2.005499999999999904e-03
-2.005499999999999904e-03
-2.005499999999999904e-03
-2.005499999999999904e-03
-2.005499999999999904e-03
-2.005499999999999904e-03
-2.005499999999999904e-03
-2.005499999999999904e-03
-2.005499999999999904e-03
-2.005499999999999904e-03
-2.005499999999999904e-03
-2.005499999999999904e-03
-2.005499999999999904e-03
-2.005499999999999904e-03
-2.005499999999999904e-03
-2.005499999999999904e-03
-2.005499999999999904e-03
-2.005499999999999904e-03
-2.005499999999999904e-03
-2.005499999999999904e-03
-2.005499999999999904e-03
-2.005499999999999904e-03
-2.005499999999999904e-03
-2.005499999999999904e-03
-2.005499999999999904e-03
-2.005499999999999904e-03
-2.005499999999999904e-03
-2.005499999999999904e-03
-2.005499999999999904e-03
-2.005499999999999904e-03
-2.005499999999999904e-03
-2.005499999999999904e-03
-2.005499999999999904e-03
-2.005499999999999904e-03
-2.005499999999999904e-03
-2.005499999999999904e-03
-2.005499999999999904e-03
-2.005499999999999904e-03
-2.005499999999999904e-03
-2.005499999999999904e-03
-2.005499999999999904e-03
-2.005499999999999904e-03
-2.005499999999999904e-03
-2.005499999999999904e-03
-2.005499999999999904e-03
-2.005499999999999904e-03
-2.005499999999999904e-03
-2.005499999999999904e-03
-2.005499999999999904e-03
-2.005499999999999904e-03
-2.005499999999999904e-03
-2.005499999999999904e-03
-2.005499999999999904e-03
-2.005499999999999904e-03
-2.005499999999999904e-03
-2.005499999999999904e-03
-2.005499999999999904e-03
-2.005499999999999904e-03
-2.005499999999999904e-03
-2.005499999999999904e-03
-2.005499999999999904e-03
-2.005499999999999904e-03
-2.005499999999999904e-03
-2.005499999999999904e-03
-2.005499999999999904e-03
-2.005499999999999904e-03
-2.005499999999999904e-03
-2.005499999999999904e-03
-2.005499999999999904e-03
-2.005499999999999904e-03
-2.005499999999999904e-03
-2.005499999999999904e-03
-2.005499999999999904e-03
-2.005499999999999904e-03
-2.005499999999999904e-03
-2.005499999999999904e-03
-2.005499999999999904e-03
-2.005499999999999904e-03
-2.005499999999999904e-03
-2.005499999999999904e-03
-2.005499999999999904e-03
-2.005499999999999904e-03
-2.005499999999999904e-03
-2.005499999999999904e-03
-2.005499999999999904e-03
-2.005499999999999904e-03
-2.005499999999999904e-03
-2.005499999999999904e-03
-2.005499999999999904e-03
-2.005499999999999904e-03
-2.005499999999999904e-03
-2.005499999999999904e-03
-2.005499999999999904e-03
-2.005499999999999904e-03
-2.005499999999999904e-03
-2.005499999999999904e-03
-2.005499999999999904e-03
-2.005499999999999904e-03
-2.005499999999999904e-03
-2.005499999999999904e-03
-2.005499999999999904e-03
-2.005499999999999904e-03
-2.005499999999999904e-03
-2.005499999999999904e-03
-2.005499999999999904e-03
-2.005499999999999904e-03
-2.005499999999999904e-03
-2.005499999999999904e-03
-2.005499999999999904e-03
-2.005499999999999904e-03
-2.005499999999999904e-03
-2.005499999999999904e-03
-2.005499999999999904e-03
-2.005499999999999904e-03
-2.005499999999999904e-03
-2.005499999999999904e-03
-2.005499999999999904e-03
-2.005499999999999904e-03
-2.005499999999999904e-03
-2.005499999999999904e-03
-2.005499999999999904e-03
-2.005499999999999904e-03
-2.005499999999999904e-03
-2.005499999999999904e-03
-2.005499999999999904e-03
-2.005499999999999904e-03
-2.005499999999999904e-03
-2.005499999999999904e-03
-2.005499999999999904e-03
-2.005499999999999904e-03
-2.005499999999999904e-03
-2.005499999999999904e-03
-2.005499999999999904e-03
-2.005499999999999904e-03
-2.005499999999999904e-03
-2.005499999999999904e-03
-2.005499999999999904e-03
-2.005499999999999904e-03
-2.005499999999999904e-03
-2.005499999999999904e-03
-2.005499999999999904e-03
-2.005499999999999904e-03
-2.005499999999999904e-03
-2.005499999999999904e-03
-2.005499999999999904e-03
-2.005499999999999904e-03
-2.005499999999999904e-03
-2.005499999999999904e-03
-2.005499999999999904e-03
-2.005499999999999904e-03
-2.005499999999999904e-03
-2.005499999999999904e-03
-2.005499999999999904e-03
-2.005499999999999904e-03
-2.005499999999999904e-03
-2.005499999999999904e-03
-2.005499999999999904e-03
-2.005499999999999904e-03
-2.005499999999999904e-03
-2.005499999999999904e-03
-2.005499999999999904e-03
-2.005499999999999904e-03
-2.005499999999999904e-03
-2.005499999999999904e-03
-2.005499999999999904e-03
-2.005499999999999904e-03
-2.005499999999999904e-03
-2.005499999999999904e-03
-2.005499999999999904e-03
-2.005499999999999904e-03
-2.005499999999999904e-03
-2.005499999999999904e-03
-2.005499999999999904e-03
-2.005499999999999904e-03
-2.005499999999999904e-03
-2.005499999999999904e-03
-2.005499999999999904e-03
-2.005499999999999904e-03
-2.005499999999999904e-03
-2.005499999999999904e-03
-2.005499999999999904e-03
-2.005499999999999904e-03
-2.005499999999999904e-03
-2.005499999999999904e-03
-2.005499999999999904e-03
-2.005499999999999904e-03
-2.005499999999999904e-03
-2.005499999999999904e-03
-2.005499999999999904e-03
-2.005499999999999904e-03
-2.005499999999999904e-03
-2.005499999999999904e-03
-2.005499999999999904e-03
-2.005499999999999904e-03
-2.005499999999999904e-03
-2.005499999999999904e-03
-2.005499999999999904e-03
-2.005499999999999904e-03
-2.005499999999999904e-03
-2.005499999999999904e-03
-2.005499999999999904e-03
