-2.631599999999999911e-02
-2.631599999999999911e-02
-2.631599999999999911e-02
-2.131999999999999867e-02
-2.131999999999999867e-02
-2.131999999999999867e-02
-1.999350000000000085e-02
-1.999350000000000085e-02
-1.999350000000000085e-02
-1.882500000000000145e-02
-1.764299999999999896e-02
-1.764299999999999896e-02
-1.703949999999999909e-02
-1.703400000000000053e-02
-1.559199999999999996e-02
-1.559199999999999996e-02
-1.559199999999999996e-02
-1.547699999999999944e-02
-1.547699999999999944e-02
-1.547699999999999944e-02
-1.504899999999999988e-02
-1.477599999999999920e-02
-1.466250000000000019e-02
-1.465900000000000016e-02
-1.455049999999999920e-02
-1.455049999999999920e-02
-1.455049999999999920e-02
-1.455049999999999920e-02
-1.452849999999999975e-02
-1.427699999999999976e-02
-1.427699999999999976e-02
-1.426449999999999940e-02
-1.426449999999999940e-02
-1.424850000000000075e-02
-1.422750000000000056e-02
-1.415549999999999968e-02
-1.415549999999999968e-02
-1.410400000000000022e-02
-1.410400000000000022e-02
-1.405550000000000029e-02
-1.405550000000000029e-02
-1.405099999999999925e-02
-1.405099999999999925e-02
-1.405099999999999925e-02
-1.404449999999999969e-02
-1.404449999999999969e-02
-1.404449999999999969e-02
-1.404350000000000043e-02
-1.404350000000000043e-02
-1.404350000000000043e-02
-1.404350000000000043e-02
-1.404249999999999943e-02
-1.404049999999999916e-02
-1.404049999999999916e-02
-1.402750000000000004e-02
-1.402750000000000004e-02
-1.402750000000000004e-02
-1.402750000000000004e-02
-1.402750000000000004e-02
-1.402750000000000004e-02
-1.402750000000000004e-02
-1.402750000000000004e-02
-1.402750000000000004e-02
-1.402650000000000077e-02
-1.402650000000000077e-02
-1.402499999999999927e-02
-1.402349999999999951e-02
-1.402349999999999951e-02
-1.402349999999999951e-02
-1.402300000000000074e-02
-1.402300000000000074e-02
-1.402300000000000074e-02
-1.402300000000000074e-02
-1.402300000000000074e-02
-1.402300000000000074e-02
-1.402300000000000074e-02
-1.402149999999999924e-02
-1.402149999999999924e-02
-1.402149999999999924e-02
-1.402100000000000048e-02
-1.402100000000000048e-02
-1.402100000000000048e-02
-1.402100000000000048e-02
-1.402100000000000048e-02
-1.402100000000000048e-02
-1.402049999999999998e-02
-1.402049999999999998e-02
-1.402049999999999998e-02
-1.402049999999999998e-02
-1.401900000000000021e-02
-1.401799999999999921e-02
-1.401699999999999995e-02
-1.401699999999999995e-02
-1.401699999999999995e-02
-1.401699999999999995e-02
-1.401699999999999995e-02
-1.401699999999999995e-02
-1.401699999999999995e-02
-1.401699999999999995e-02
-1.401699999999999995e-02
-1.401699999999999995e-02
-1.401699999999999995e-02
-1.401699999999999995e-02
-1.401699999999999995e-02
-1.401699999999999995e-02
-1.401699999999999995e-02
-1.401699999999999995e-02
-1.401699999999999995e-02
-1.401699999999999995e-02
-1.401699999999999995e-02
-1.400850000000000012e-02
-1.400850000000000012e-02
-1.400850000000000012e-02
-1.400850000000000012e-02
-1.400850000000000012e-02
-1.400850000000000012e-02
-1.400850000000000012e-02
-1.400799999999999962e-02
-1.400799999999999962e-02
-1.400799999999999962e-02
-1.400799999999999962e-02
-1.400799999999999962e-02
-1.400799999999999962e-02
-1.400799999999999962e-02
-1.400799999999999962e-02
-1.400799999999999962e-02
-1.400799999999999962e-02
-1.400799999999999962e-02
-1.400799999999999962e-02
-1.400799999999999962e-02
-1.400799999999999962e-02
-1.400799999999999962e-02
-1.400799999999999962e-02
-1.400799999999999962e-02
-1.400799999999999962e-02
-1.400799999999999962e-02
-1.400799999999999962e-02
-1.400799999999999962e-02
-1.400200000000000056e-02
-1.398650000000000067e-02
-1.398450000000000040e-02
-1.396350000000000022e-02
-1.396350000000000022e-02
-1.396350000000000022e-02
-1.396350000000000022e-02
-1.396299999999999972e-02
-1.396000000000000019e-02
-1.396000000000000019e-02
-1.396000000000000019e-02
-1.395949999999999969e-02
-1.395949999999999969e-02
-1.395949999999999969e-02
-1.395899999999999919e-02
-1.395899999999999919e-02
-1.394650000000000056e-02
-1.394650000000000056e-02
-1.394650000000000056e-02
-1.394650000000000056e-02
-1.394650000000000056e-02
-1.394650000000000056e-02
-1.394650000000000056e-02
-1.394650000000000056e-02
-1.394650000000000056e-02
-1.394650000000000056e-02
-1.394600000000000006e-02
-1.394600000000000006e-02
-1.394600000000000006e-02
-1.394600000000000006e-02
-1.394600000000000006e-02
-1.394600000000000006e-02
-1.394600000000000006e-02
-1.394600000000000006e-02
-1.394600000000000006e-02
-1.394600000000000006e-02
-1.394600000000000006e-02
-1.394600000000000006e-02
-1.394349999999999930e-02
-1.394349999999999930e-02
-1.393800000000000074e-02
-1.393800000000000074e-02
-1.393800000000000074e-02
-1.393800000000000074e-02
-1.393800000000000074e-02
-1.393800000000000074e-02
-1.393800000000000074e-02
-1.393800000000000074e-02
-1.393800000000000074e-02
-1.393800000000000074e-02
-1.393800000000000074e-02
-1.393800000000000074e-02
-1.393250000000000044e-02
-1.393250000000000044e-02
-1.393250000000000044e-02
-1.393250000000000044e-02
-1.393250000000000044e-02
-1.393250000000000044e-02
-1.393250000000000044e-02
-1.393250000000000044e-02
-1.393250000000000044e-02
-1.393250000000000044e-02
-1.393250000000000044e-02
-1.393250000000000044e-02
-1.393250000000000044e-02
-1.393250000000000044e-02
-1.393100000000000067e-02
-1.393050000000000017e-02
-1.393050000000000017e-02
-1.393050000000000017e-02
-1.393050000000000017e-02
-1.393050000000000017e-02
-1.393050000000000017e-02
-1.393050000000000017e-02
-1.393050000000000017e-02
-1.392999999999999967e-02
-1.392999999999999967e-02
-1.392999999999999967e-02
-1.392999999999999967e-02
-1.392999999999999967e-02
-1.392999999999999967e-02
-1.392999999999999967e-02
-1.392999999999999967e-02
-1.392999999999999967e-02
-1.392999999999999967e-02
-1.392999999999999967e-02
-1.392700000000000014e-02
-1.392299999999999961e-02
-1.392149999999999985e-02
-1.392149999999999985e-02
-1.392149999999999985e-02
-1.392149999999999985e-02
-1.392149999999999985e-02
-1.392149999999999985e-02
-1.392149999999999985e-02
-1.392099999999999935e-02
-1.392099999999999935e-02
-1.391949999999999958e-02
-1.391949999999999958e-02
-1.391949999999999958e-02
-1.391949999999999958e-02
-1.391850000000000032e-02
-1.391850000000000032e-02
-1.391799999999999982e-02
-1.391799999999999982e-02
-1.391799999999999982e-02
-1.391799999999999982e-02
-1.391799999999999982e-02
-1.391799999999999982e-02
-1.391799999999999982e-02
-1.391799999999999982e-02
-1.391799999999999982e-02
-1.391799999999999982e-02
-1.391799999999999982e-02
-1.391799999999999982e-02
-1.391799999999999982e-02
-1.391799999999999982e-02
-1.391799999999999982e-02
-1.391799999999999982e-02
-1.391799999999999982e-02
-1.391799999999999982e-02
-1.391799999999999982e-02
-1.391799999999999982e-02
-1.391799999999999982e-02
-1.391799999999999982e-02
-1.391799999999999982e-02
-1.391799999999999982e-02
-1.391799999999999982e-02
-1.391799999999999982e-02
-1.391799999999999982e-02
-1.391799999999999982e-02
-1.391799999999999982e-02
-1.391799999999999982e-02
-1.391799999999999982e-02
-1.391799999999999982e-02
-1.391799999999999982e-02
-1.391799999999999982e-02
-1.391799999999999982e-02
-1.391799999999999982e-02
-1.391799999999999982e-02
-1.391799999999999982e-02
-1.391799999999999982e-02
-1.391799999999999982e-02
-1.391799999999999982e-02
-1.391799999999999982e-02
-1.391799999999999982e-02
-1.391799999999999982e-02
-1.391799999999999982e-02
-1.391799999999999982e-02
-1.391799999999999982e-02
-1.391799999999999982e-02
-1.391799999999999982e-02
-1.391799999999999982e-02
-1.391799999999999982e-02
-1.391799999999999982e-02
-1.391799999999999982e-02
-1.391799999999999982e-02
-1.391799999999999982e-02
-1.391799999999999982e-02
-1.391799999999999982e-02
-1.391799999999999982e-02
-1.391799999999999982e-02
-1.391799999999999982e-02
-1.391799999999999982e-02
-1.391799999999999982e-02
-1.391799999999999982e-02
-1.391799999999999982e-02
-1.391799999999999982e-02
-1.391799999999999982e-02
-1.391749999999999932e-02
-1.391749999999999932e-02
-1.391749999999999932e-02
-1.391749999999999932e-02
-1.391749999999999932e-02
-1.391749999999999932e-02
-1.391749999999999932e-02
-1.391749999999999932e-02
-1.391749999999999932e-02
-1.391749999999999932e-02
-1.391749999999999932e-02
-1.391749999999999932e-02
-1.391749999999999932e-02
-1.391749999999999932e-02
-1.391749999999999932e-02
-1.391749999999999932e-02
-1.391749999999999932e-02
-1.391749999999999932e-02
-1.391749999999999932e-02
-1.391749999999999932e-02
-1.391749999999999932e-02
-1.391749999999999932e-02
-1.391749999999999932e-02
-1.391749999999999932e-02
-1.391749999999999932e-02
-1.391749999999999932e-02
-1.391749999999999932e-02
-1.391749999999999932e-02
-1.391749999999999932e-02
-1.391749999999999932e-02
-1.391749999999999932e-02
-1.391749999999999932e-02
-1.391749999999999932e-02
-1.391749999999999932e-02
-1.391749999999999932e-02
-1.391749999999999932e-02
-1.391749999999999932e-02
-1.391749999999999932e-02
-1.391749999999999932e-02
-1.391749999999999932e-02
-1.391749999999999932e-02
-1.391749999999999932e-02
-1.391749999999999932e-02
-1.391749999999999932e-02
-1.391749999999999932e-02
-1.391749999999999932e-02
-1.391749999999999932e-02
-1.391749999999999932e-02
-1.391749999999999932e-02
-1.391749999999999932e-02
-1.391749999999999932e-02
-1.391749999999999932e-02
-1.391749999999999932e-02
-1.391749999999999932e-02
-1.391749999999999932e-02
-1.391749999999999932e-02
-1.391749999999999932e-02
-1.391749999999999932e-02
-1.391749999999999932e-02
-1.391749999999999932e-02
-1.391749999999999932e-02
-1.391749999999999932e-02
-1.391749999999999932e-02
-1.391749999999999932e-02
-1.391749999999999932e-02
-1.391749999999999932e-02
-1.391749999999999932e-02
-1.391749999999999932e-02
-1.391749999999999932e-02
-1.391749999999999932e-02
-1.391749999999999932e-02
-1.391749999999999932e-02
-1.391749999999999932e-02
-1.391749999999999932e-02
-1.391749999999999932e-02
-1.391749999999999932e-02
-1.391749999999999932e-02
-1.391749999999999932e-02
-1.391749999999999932e-02
-1.391749999999999932e-02
-1.391749999999999932e-02
-1.391749999999999932e-02
-1.391749999999999932e-02
-1.391749999999999932e-02
-1.391749999999999932e-02
-1.391749999999999932e-02
-1.391749999999999932e-02
-1.391749999999999932e-02
-1.391749999999999932e-02
-1.391749999999999932e-02
-1.391749999999999932e-02
-1.391749999999999932e-02
-1.391749999999999932e-02
-1.391749999999999932e-02
-1.391749999999999932e-02
-1.391749999999999932e-02
-1.391749999999999932e-02
-1.391749999999999932e-02
-1.391749999999999932e-02
-1.391749999999999932e-02
-1.391749999999999932e-02
-1.391749999999999932e-02
-1.391749999999999932e-02
-1.391749999999999932e-02
-1.391749999999999932e-02
-1.391749999999999932e-02
-1.391749999999999932e-02
-1.391749999999999932e-02
-1.391749999999999932e-02
-1.391749999999999932e-02
-1.391749999999999932e-02
-1.391749999999999932e-02
-1.391749999999999932e-02
-1.391749999999999932e-02
-1.391749999999999932e-02
-1.391749999999999932e-02
-1.391749999999999932e-02
-1.391749999999999932e-02
-1.391749999999999932e-02
-1.391749999999999932e-02
-1.391749999999999932e-02
-1.391749999999999932e-02
-1.391749999999999932e-02
-1.391749999999999932e-02
-1.391749999999999932e-02
-1.391749999999999932e-02
-1.391749999999999932e-02
-1.391749999999999932e-02
-1.391749999999999932e-02
-1.391749999999999932e-02
-1.391749999999999932e-02
-1.391749999999999932e-02
-1.391749999999999932e-02
-1.391749999999999932e-02
-1.391749999999999932e-02
-1.391749999999999932e-02
-1.391749999999999932e-02
-1.391749999999999932e-02
-1.391749999999999932e-02
-1.391749999999999932e-02
-1.391749999999999932e-02
-1.391749999999999932e-02
-1.391749999999999932e-02
-1.391749999999999932e-02
-1.391749999999999932e-02
-1.391749999999999932e-02
-1.391749999999999932e-02
-1.391749999999999932e-02
-1.391749999999999932e-02
-1.391749999999999932e-02
-1.391749999999999932e-02
-1.391749999999999932e-02
-1.391749999999999932e-02
-1.391749999999999932e-02
-1.391749999999999932e-02
-1.391749999999999932e-02
-1.391749999999999932e-02
-1.391749999999999932e-02
-1.391599999999999955e-02
-1.391599999999999955e-02
-1.391599999999999955e-02
-1.391550000000000079e-02
-1.391550000000000079e-02
-1.391550000000000079e-02
-1.391550000000000079e-02
-1.391550000000000079e-02
-1.391550000000000079e-02
-1.391550000000000079e-02
-1.391550000000000079e-02
-1.391550000000000079e-02
-1.391550000000000079e-02
-1.391500000000000029e-02
-1.384849999999999970e-02
-1.384849999999999970e-02
-1.384849999999999970e-02
-1.384849999999999970e-02
-1.384849999999999970e-02
-1.384849999999999970e-02
-1.384849999999999970e-02
-1.384849999999999970e-02
-1.384849999999999970e-02
-1.383599999999999934e-02
-1.383599999999999934e-02
-1.381349999999999939e-02
-1.381349999999999939e-02
-1.381150000000000086e-02
-1.380800000000000083e-02
-1.380800000000000083e-02
-1.380649999999999933e-02
-1.380349999999999980e-02
-1.380299999999999930e-02
-1.380250000000000053e-02
-1.380250000000000053e-02
-1.380149999999999953e-02
-1.380050000000000027e-02
-1.380050000000000027e-02
-1.380050000000000027e-02
-1.380050000000000027e-02
-1.380050000000000027e-02
-1.380050000000000027e-02
-1.380050000000000027e-02
-1.380050000000000027e-02
-1.380050000000000027e-02
-1.380050000000000027e-02
-1.380050000000000027e-02
-1.380050000000000027e-02
-1.379999999999999977e-02
-1.379999999999999977e-02
-1.379999999999999977e-02
-1.379999999999999977e-02
-1.379999999999999977e-02
-1.379999999999999977e-02
-1.379999999999999977e-02
-1.379999999999999977e-02
-1.379999999999999977e-02
-1.379999999999999977e-02
-1.379999999999999977e-02
-1.379999999999999977e-02
-1.379999999999999977e-02
-1.379999999999999977e-02
-1.379999999999999977e-02
-1.379999999999999977e-02
-1.379999999999999977e-02
-1.379999999999999977e-02
-1.379999999999999977e-02
-1.379999999999999977e-02
-1.379999999999999977e-02
-1.379999999999999977e-02
-1.379999999999999977e-02
-1.379999999999999977e-02
-1.379999999999999977e-02
-1.379999999999999977e-02
-1.379999999999999977e-02
-1.379999999999999977e-02
-1.379999999999999977e-02
-1.379999999999999977e-02
-1.379999999999999977e-02
-1.379999999999999977e-02
-1.379999999999999977e-02
-1.379999999999999977e-02
-1.379999999999999977e-02
-1.379999999999999977e-02
-1.379999999999999977e-02
-1.379999999999999977e-02
-1.379799999999999950e-02
-1.379799999999999950e-02
-1.379799999999999950e-02
-1.379799999999999950e-02
-1.379799999999999950e-02
-1.379799999999999950e-02
-1.379799999999999950e-02
-1.379799999999999950e-02
-1.379799999999999950e-02
-1.379799999999999950e-02
-1.378700000000000064e-02
-1.378700000000000064e-02
-1.378700000000000064e-02
-1.375499999999999987e-02
-1.375499999999999987e-02
-1.375499999999999987e-02
-1.375499999999999987e-02
-1.375499999999999987e-02
-1.375499999999999987e-02
-1.375499999999999987e-02
-1.375050000000000057e-02
-1.375050000000000057e-02
-1.375000000000000007e-02
-1.374949999999999957e-02
-1.374949999999999957e-02
-1.374949999999999957e-02
-1.374949999999999957e-02
-1.374949999999999957e-02
-1.374949999999999957e-02
-1.374949999999999957e-02
-1.374949999999999957e-02
-1.374900000000000080e-02
-1.374900000000000080e-02
-1.374900000000000080e-02
-1.374900000000000080e-02
-1.374900000000000080e-02
-1.374900000000000080e-02
-1.374900000000000080e-02
-1.374900000000000080e-02
-1.374900000000000080e-02
-1.374900000000000080e-02
-1.374900000000000080e-02
-1.374900000000000080e-02
-1.374900000000000080e-02
-1.374900000000000080e-02
-1.374900000000000080e-02
-1.374900000000000080e-02
-1.374900000000000080e-02
-1.374900000000000080e-02
-1.374900000000000080e-02
-1.374900000000000080e-02
-1.374900000000000080e-02
-1.374900000000000080e-02
-1.374900000000000080e-02
-1.374900000000000080e-02
-1.374900000000000080e-02
-1.374900000000000080e-02
-1.374900000000000080e-02
-1.374900000000000080e-02
-1.374900000000000080e-02
-1.374900000000000080e-02
-1.374900000000000080e-02
-1.374900000000000080e-02
-1.374900000000000080e-02
-1.374900000000000080e-02
-1.374900000000000080e-02
-1.374900000000000080e-02
-1.374900000000000080e-02
-1.374900000000000080e-02
-1.374900000000000080e-02
-1.374900000000000080e-02
-1.374900000000000080e-02
-1.374900000000000080e-02
-1.374900000000000080e-02
-1.374900000000000080e-02
-1.374900000000000080e-02
-1.374900000000000080e-02
-1.374900000000000080e-02
-1.374900000000000080e-02
-1.374900000000000080e-02
-1.374900000000000080e-02
-1.374900000000000080e-02
-1.374900000000000080e-02
-1.374900000000000080e-02
-1.374900000000000080e-02
-1.374900000000000080e-02
-1.374900000000000080e-02
-1.374900000000000080e-02
-1.374900000000000080e-02
-1.374900000000000080e-02
-1.374500000000000027e-02
-1.374399999999999927e-02
-1.374399999999999927e-02
-1.374399999999999927e-02
-1.374399999999999927e-02
-1.374399999999999927e-02
-1.374399999999999927e-02
-1.374350000000000051e-02
-1.374350000000000051e-02
-1.374350000000000051e-02
-1.374350000000000051e-02
-1.374350000000000051e-02
-1.374350000000000051e-02
-1.374350000000000051e-02
-1.374350000000000051e-02
-1.374350000000000051e-02
-1.374350000000000051e-02
-1.374350000000000051e-02
-1.374350000000000051e-02
-1.374099999999999974e-02
-1.374049999999999924e-02
-1.373949999999999998e-02
-1.373949999999999998e-02
-1.373949999999999998e-02
-1.373899999999999948e-02
-1.373899999999999948e-02
-1.373899999999999948e-02
-1.373899999999999948e-02
-1.373899999999999948e-02
-1.373899999999999948e-02
-1.373899999999999948e-02
-1.373899999999999948e-02
-1.373899999999999948e-02
-1.373899999999999948e-02
-1.373899999999999948e-02
-1.373899999999999948e-02
-1.373899999999999948e-02
-1.373899999999999948e-02
-1.373899999999999948e-02
-1.373899999999999948e-02
-1.373899999999999948e-02
-1.373899999999999948e-02
-1.373899999999999948e-02
-1.373899999999999948e-02
-1.373899999999999948e-02
-1.373899999999999948e-02
-1.373899999999999948e-02
-1.373899999999999948e-02
-1.373899999999999948e-02
-1.373899999999999948e-02
-1.373899999999999948e-02
-1.373899999999999948e-02
-1.373899999999999948e-02
-1.373899999999999948e-02
-1.373899999999999948e-02
-1.373899999999999948e-02
-1.373899999999999948e-02
-1.373899999999999948e-02
-1.373899999999999948e-02
-1.373899999999999948e-02
-1.373899999999999948e-02
-1.373899999999999948e-02
-1.373899999999999948e-02
-1.373899999999999948e-02
-1.373899999999999948e-02
-1.373899999999999948e-02
-1.373899999999999948e-02
-1.373850000000000071e-02
-1.373850000000000071e-02
-1.373850000000000071e-02
-1.373850000000000071e-02
-1.373850000000000071e-02
-1.373850000000000071e-02
-1.373850000000000071e-02
-1.373850000000000071e-02
-1.373850000000000071e-02
-1.373850000000000071e-02
-1.373850000000000071e-02
-1.373850000000000071e-02
-1.373850000000000071e-02
-1.373850000000000071e-02
-1.373850000000000071e-02
-1.373850000000000071e-02
-1.373850000000000071e-02
-1.373850000000000071e-02
-1.373850000000000071e-02
-1.373850000000000071e-02
-1.373850000000000071e-02
-1.373850000000000071e-02
-1.373850000000000071e-02
-1.373850000000000071e-02
-1.373850000000000071e-02
-1.373850000000000071e-02
-1.373850000000000071e-02
-1.373850000000000071e-02
-1.373850000000000071e-02
-1.373850000000000071e-02
-1.373850000000000071e-02
-1.373850000000000071e-02
-1.373850000000000071e-02
-1.373850000000000071e-02
-1.373850000000000071e-02
-1.373850000000000071e-02
-1.373850000000000071e-02
-1.373850000000000071e-02
-1.373850000000000071e-02
-1.373850000000000071e-02
-1.373850000000000071e-02
-1.373850000000000071e-02
-1.373850000000000071e-02
-1.373850000000000071e-02
-1.373850000000000071e-02
-1.373850000000000071e-02
-1.373850000000000071e-02
-1.373850000000000071e-02
-1.373850000000000071e-02
-1.373850000000000071e-02
-1.373850000000000071e-02
-1.373850000000000071e-02
-1.373850000000000071e-02
-1.373850000000000071e-02
-1.373850000000000071e-02
-1.373850000000000071e-02
-1.373850000000000071e-02
-1.373850000000000071e-02
-1.373850000000000071e-02
-1.373850000000000071e-02
-1.373850000000000071e-02
-1.373850000000000071e-02
-1.373850000000000071e-02
-1.373850000000000071e-02
-1.373850000000000071e-02
-1.373850000000000071e-02
-1.373850000000000071e-02
-1.373850000000000071e-02
-1.373850000000000071e-02
-1.373850000000000071e-02
-1.373850000000000071e-02
-1.373850000000000071e-02
-1.373850000000000071e-02
-1.373850000000000071e-02
-1.373850000000000071e-02
-1.373850000000000071e-02
-1.373850000000000071e-02
-1.373850000000000071e-02
-1.373850000000000071e-02
-1.373850000000000071e-02
-1.373850000000000071e-02
-1.373850000000000071e-02
-1.373850000000000071e-02
-1.373850000000000071e-02
-1.373850000000000071e-02
-1.373850000000000071e-02
-1.373850000000000071e-02
-1.373850000000000071e-02
-1.373850000000000071e-02
-1.373850000000000071e-02
-1.373850000000000071e-02
-1.373850000000000071e-02
-1.373850000000000071e-02
-1.373850000000000071e-02
-1.373850000000000071e-02
-1.373850000000000071e-02
-1.373850000000000071e-02
-1.373850000000000071e-02
-1.373850000000000071e-02
-1.373850000000000071e-02
-1.373850000000000071e-02
-1.373850000000000071e-02
-1.373850000000000071e-02
-1.373850000000000071e-02
-1.373850000000000071e-02
-1.373850000000000071e-02
-1.373850000000000071e-02
-1.373850000000000071e-02
-1.373850000000000071e-02
-1.373850000000000071e-02
-1.373850000000000071e-02
-1.373850000000000071e-02
-1.373850000000000071e-02
-1.373850000000000071e-02
-1.373850000000000071e-02
-1.373850000000000071e-02
-1.373850000000000071e-02
-1.373850000000000071e-02
-1.373850000000000071e-02
-1.373850000000000071e-02
-1.373850000000000071e-02
-1.373850000000000071e-02
-1.373850000000000071e-02
-1.373850000000000071e-02
-1.373850000000000071e-02
-1.373850000000000071e-02
-1.373850000000000071e-02
-1.373850000000000071e-02
-1.373850000000000071e-02
-1.373850000000000071e-02
-1.373850000000000071e-02
-1.373850000000000071e-02
-1.373850000000000071e-02
-1.373850000000000071e-02
-1.373850000000000071e-02
-1.373850000000000071e-02
-1.373850000000000071e-02
-1.373850000000000071e-02
-1.373850000000000071e-02
-1.373850000000000071e-02
-1.373850000000000071e-02
-1.373850000000000071e-02
-1.373850000000000071e-02
-1.373850000000000071e-02
-1.373850000000000071e-02
-1.373850000000000071e-02
-1.373850000000000071e-02
-1.373850000000000071e-02
-1.373850000000000071e-02
-1.373850000000000071e-02
-1.373850000000000071e-02
-1.373850000000000071e-02
-1.373850000000000071e-02
-1.373850000000000071e-02
-1.373850000000000071e-02
-1.373850000000000071e-02
-1.373850000000000071e-02
-1.373850000000000071e-02
-1.373850000000000071e-02
-1.373850000000000071e-02
-1.373850000000000071e-02
-1.373850000000000071e-02
-1.373850000000000071e-02
-1.373850000000000071e-02
-1.373850000000000071e-02
-1.373850000000000071e-02
-1.373850000000000071e-02
-1.373850000000000071e-02
-1.373850000000000071e-02
-1.373850000000000071e-02
-1.373850000000000071e-02
-1.373850000000000071e-02
-1.373850000000000071e-02
-1.373850000000000071e-02
-1.373850000000000071e-02
-1.373850000000000071e-02
-1.373850000000000071e-02
-1.373850000000000071e-02
-1.373850000000000071e-02
-1.373850000000000071e-02
-1.373850000000000071e-02
-1.373850000000000071e-02
-1.373850000000000071e-02
-1.373850000000000071e-02
-1.373850000000000071e-02
-1.373850000000000071e-02
-1.373850000000000071e-02
-1.373850000000000071e-02
-1.373850000000000071e-02
-1.373850000000000071e-02
-1.373850000000000071e-02
-1.373850000000000071e-02
-1.373850000000000071e-02
-1.373850000000000071e-02
-1.373850000000000071e-02
-1.373850000000000071e-02
-1.373850000000000071e-02
-1.372800000000000062e-02
-1.372800000000000062e-02
-1.372800000000000062e-02
-1.372800000000000062e-02
-1.372750000000000012e-02
-1.372149999999999932e-02
-1.372149999999999932e-02
-1.372149999999999932e-02
-1.372149999999999932e-02
-1.372149999999999932e-02
-1.372149999999999932e-02
-1.371750000000000053e-02
-1.371750000000000053e-02
-1.371499999999999976e-02
-1.370799999999999970e-02
-1.370799999999999970e-02
-1.370799999999999970e-02
-1.370799999999999970e-02
-1.370799999999999970e-02
-1.370799999999999970e-02
-1.370799999999999970e-02
-1.370350000000000040e-02
-1.370299999999999990e-02
-1.369899999999999937e-02
-1.369749999999999961e-02
-1.369749999999999961e-02
-1.369749999999999961e-02
-1.369749999999999961e-02
-1.369749999999999961e-02
-1.369749999999999961e-02
-1.369749999999999961e-02
-1.369749999999999961e-02
-1.369199999999999931e-02
-1.369199999999999931e-02
-1.369199999999999931e-02
-1.369199999999999931e-02
-1.369199999999999931e-02
-1.369199999999999931e-02
-1.369100000000000004e-02
-1.369100000000000004e-02
-1.369100000000000004e-02
-1.369100000000000004e-02
-1.369100000000000004e-02
-1.369100000000000004e-02
-1.369049999999999954e-02
-1.369049999999999954e-02
-1.369049999999999954e-02
-1.369049999999999954e-02
-1.369049999999999954e-02
-1.369049999999999954e-02
-1.369049999999999954e-02
-1.369049999999999954e-02
-1.369049999999999954e-02
-1.369049999999999954e-02
-1.369049999999999954e-02
-1.367100000000000086e-02
-1.367100000000000086e-02
-1.367100000000000086e-02
-1.367100000000000086e-02
-1.367100000000000086e-02
-1.367100000000000086e-02
-1.367100000000000086e-02
-1.367100000000000086e-02
-1.367100000000000086e-02
-1.366999999999999986e-02
-1.366999999999999986e-02
-1.366999999999999986e-02
-1.366900000000000059e-02
-1.366900000000000059e-02
-1.366900000000000059e-02
-1.366900000000000059e-02
-1.366900000000000059e-02
-1.366900000000000059e-02
-1.366900000000000059e-02
-1.366900000000000059e-02
-1.366900000000000059e-02
-1.366900000000000059e-02
-1.366900000000000059e-02
-1.366900000000000059e-02
-1.366900000000000059e-02
-1.366900000000000059e-02
-1.366900000000000059e-02
-1.366900000000000059e-02
-1.366900000000000059e-02
-1.366900000000000059e-02
-1.366900000000000059e-02
-1.366900000000000059e-02
-1.366900000000000059e-02
-1.366900000000000059e-02
-1.366900000000000059e-02
-1.366900000000000059e-02
-1.366900000000000059e-02
-1.366900000000000059e-02
-1.366900000000000059e-02
-1.366900000000000059e-02
