-3.321199999999999847e-02
-2.384800000000000114e-02
-2.384800000000000114e-02
-2.351200000000000165e-02
-2.351200000000000165e-02
-2.186650000000000052e-02
-2.008700000000000069e-02
-1.958750000000000074e-02
-1.958750000000000074e-02
-1.947149999999999923e-02
-1.808500000000000038e-02
-1.808500000000000038e-02
-1.806050000000000016e-02
-1.762350000000000028e-02
-1.762350000000000028e-02
-1.731299999999999853e-02
-1.731299999999999853e-02
-1.731299999999999853e-02
-1.728249999999999925e-02
-1.719000000000000042e-02
-1.709650000000000059e-02
-1.704949999999999868e-02
-1.704050000000000009e-02
-1.704050000000000009e-02
-1.704050000000000009e-02
-1.704050000000000009e-02
-1.703850000000000156e-02
-1.703850000000000156e-02
-1.703850000000000156e-02
-1.703850000000000156e-02
-1.703850000000000156e-02
-1.701300000000000034e-02
-1.701300000000000034e-02
-1.701300000000000034e-02
-1.701300000000000034e-02
-1.701300000000000034e-02
-1.701300000000000034e-02
-1.701300000000000034e-02
-1.701300000000000034e-02
-1.701300000000000034e-02
-1.699900000000000022e-02
-1.699499999999999969e-02
-1.699449999999999919e-02
-1.699449999999999919e-02
-1.699449999999999919e-02
-1.699449999999999919e-02
-1.699350000000000166e-02
-1.699350000000000166e-02
-1.699350000000000166e-02
-1.699350000000000166e-02
-1.699350000000000166e-02
-1.699350000000000166e-02
-1.699350000000000166e-02
-1.699300000000000116e-02
-1.699300000000000116e-02
-1.699300000000000116e-02
-1.699149999999999966e-02
-1.699149999999999966e-02
-1.699049999999999866e-02
-1.699049999999999866e-02
-1.699049999999999866e-02
-1.698399999999999910e-02
-1.698399999999999910e-02
-1.696749999999999994e-02
-1.696749999999999994e-02
-1.696749999999999994e-02
-1.696749999999999994e-02
-1.696699999999999944e-02
-1.696649999999999894e-02
-1.696649999999999894e-02
-1.696649999999999894e-02
-1.696649999999999894e-02
-1.696649999999999894e-02
-1.696649999999999894e-02
-1.696649999999999894e-02
-1.695800000000000085e-02
-1.695800000000000085e-02
-1.695800000000000085e-02
-1.695800000000000085e-02
-1.695800000000000085e-02
-1.695800000000000085e-02
-1.695800000000000085e-02
-1.695800000000000085e-02
-1.695800000000000085e-02
-1.695800000000000085e-02
-1.695800000000000085e-02
-1.695800000000000085e-02
-1.695800000000000085e-02
-1.695800000000000085e-02
-1.691900000000000001e-02
-1.691900000000000001e-02
-1.691900000000000001e-02
-1.691900000000000001e-02
-1.691900000000000001e-02
-1.691849999999999951e-02
-1.691849999999999951e-02
-1.691849999999999951e-02
-1.691849999999999951e-02
-1.691849999999999951e-02
-1.691849999999999951e-02
-1.691849999999999951e-02
-1.691799999999999901e-02
-1.691799999999999901e-02
-1.691199999999999995e-02
-1.691199999999999995e-02
-1.691199999999999995e-02
-1.691199999999999995e-02
-1.691199999999999995e-02
-1.691199999999999995e-02
-1.689699999999999883e-02
-1.689699999999999883e-02
-1.689699999999999883e-02
-1.689699999999999883e-02
-1.689699999999999883e-02
-1.689699999999999883e-02
-1.689250000000000126e-02
-1.689250000000000126e-02
-1.689250000000000126e-02
-1.688550000000000120e-02
-1.688399999999999970e-02
-1.688399999999999970e-02
-1.688399999999999970e-02
-1.688100000000000017e-02
-1.687900000000000164e-02
-1.687550000000000161e-02
-1.687550000000000161e-02
-1.687550000000000161e-02
-1.687550000000000161e-02
-1.687550000000000161e-02
-1.687500000000000111e-02
-1.687500000000000111e-02
-1.687450000000000061e-02
-1.687450000000000061e-02
-1.687450000000000061e-02
-1.687450000000000061e-02
-1.687450000000000061e-02
-1.687450000000000061e-02
-1.687450000000000061e-02
-1.687450000000000061e-02
-1.686949999999999908e-02
-1.686949999999999908e-02
-1.686949999999999908e-02
-1.686949999999999908e-02
-1.686949999999999908e-02
-1.686949999999999908e-02
-1.686599999999999905e-02
-1.686199999999999852e-02
-1.686199999999999852e-02
-1.686199999999999852e-02
-1.685999999999999999e-02
-1.685849999999999849e-02
-1.685849999999999849e-02
-1.685800000000000146e-02
-1.685800000000000146e-02
-1.685800000000000146e-02
-1.685800000000000146e-02
-1.685750000000000096e-02
-1.685750000000000096e-02
-1.685750000000000096e-02
-1.685750000000000096e-02
-1.685750000000000096e-02
-1.685299999999999992e-02
-1.684449999999999836e-02
-1.684449999999999836e-02
-1.684449999999999836e-02
-1.684400000000000133e-02
-1.684400000000000133e-02
-1.684400000000000133e-02
-1.684400000000000133e-02
-1.684400000000000133e-02
-1.684400000000000133e-02
-1.684400000000000133e-02
-1.684400000000000133e-02
-1.684400000000000133e-02
-1.684400000000000133e-02
-1.684400000000000133e-02
-1.684400000000000133e-02
-1.684400000000000133e-02
-1.684400000000000133e-02
-1.684400000000000133e-02
-1.684400000000000133e-02
-1.682449999999999918e-02
-1.682449999999999918e-02
-1.682449999999999918e-02
-1.682449999999999918e-02
-1.682449999999999918e-02
-1.682449999999999918e-02
-1.682449999999999918e-02
-1.682449999999999918e-02
-1.682449999999999918e-02
-1.682449999999999918e-02
-1.682449999999999918e-02
-1.682449999999999918e-02
-1.682449999999999918e-02
-1.682399999999999868e-02
-1.682399999999999868e-02
-1.682399999999999868e-02
-1.682099999999999915e-02
-1.681900000000000062e-02
-1.681500000000000009e-02
-1.681500000000000009e-02
-1.681449999999999959e-02
-1.681449999999999959e-02
-1.681449999999999959e-02
-1.681250000000000105e-02
-1.681250000000000105e-02
-1.681250000000000105e-02
-1.681250000000000105e-02
-1.681250000000000105e-02
-1.681250000000000105e-02
-1.681250000000000105e-02
-1.681250000000000105e-02
-1.681250000000000105e-02
-1.680999999999999855e-02
-1.680999999999999855e-02
-1.680950000000000152e-02
-1.680950000000000152e-02
-1.680099999999999996e-02
-1.680099999999999996e-02
-1.680099999999999996e-02
-1.680099999999999996e-02
-1.680099999999999996e-02
-1.680099999999999996e-02
-1.680049999999999946e-02
-1.680049999999999946e-02
-1.678800000000000084e-02
-1.678800000000000084e-02
-1.678800000000000084e-02
-1.678800000000000084e-02
-1.678800000000000084e-02
-1.678800000000000084e-02
-1.678800000000000084e-02
-1.678800000000000084e-02
-1.678800000000000084e-02
-1.678800000000000084e-02
-1.677899999999999878e-02
-1.677899999999999878e-02
-1.677899999999999878e-02
-1.677750000000000075e-02
-1.677750000000000075e-02
-1.677750000000000075e-02
-1.677750000000000075e-02
-1.677599999999999925e-02
-1.677450000000000122e-02
-1.677450000000000122e-02
-1.677350000000000022e-02
-1.677100000000000118e-02
-1.677100000000000118e-02
-1.677100000000000118e-02
-1.676750000000000115e-02
-1.676750000000000115e-02
-1.676750000000000115e-02
-1.676750000000000115e-02
-1.676750000000000115e-02
-1.676750000000000115e-02
-1.676750000000000115e-02
-1.676750000000000115e-02
-1.676750000000000115e-02
-1.676700000000000065e-02
-1.676700000000000065e-02
-1.676599999999999965e-02
-1.676599999999999965e-02
-1.676400000000000112e-02
-1.676300000000000012e-02
-1.676300000000000012e-02
-1.676300000000000012e-02
-1.676300000000000012e-02
-1.676300000000000012e-02
-1.676300000000000012e-02
-1.676300000000000012e-02
-1.676300000000000012e-02
-1.676300000000000012e-02
-1.676199999999999912e-02
-1.676199999999999912e-02
-1.676199999999999912e-02
-1.676199999999999912e-02
-1.676199999999999912e-02
-1.676199999999999912e-02
-1.676149999999999862e-02
-1.676149999999999862e-02
-1.676149999999999862e-02
-1.676149999999999862e-02
-1.676100000000000159e-02
-1.676100000000000159e-02
-1.676100000000000159e-02
-1.676100000000000159e-02
-1.676100000000000159e-02
-1.676050000000000109e-02
-1.676050000000000109e-02
-1.676050000000000109e-02
-1.676050000000000109e-02
-1.676050000000000109e-02
-1.676050000000000109e-02
-1.676050000000000109e-02
-1.675300000000000053e-02
-1.675199999999999953e-02
-1.675199999999999953e-02
-1.675199999999999953e-02
-1.675199999999999953e-02
-1.675199999999999953e-02
-1.675199999999999953e-02
-1.675199999999999953e-02
-1.675199999999999953e-02
-1.674900000000000000e-02
-1.674799999999999900e-02
-1.674799999999999900e-02
-1.674799999999999900e-02
-1.674749999999999850e-02
-1.674700000000000147e-02
-1.674700000000000147e-02
-1.674700000000000147e-02
-1.674700000000000147e-02
-1.674650000000000097e-02
-1.674650000000000097e-02
-1.674199999999999994e-02
-1.673749999999999891e-02
-1.673749999999999891e-02
-1.673250000000000084e-02
-1.673250000000000084e-02
-1.673250000000000084e-02
-1.673250000000000084e-02
-1.673250000000000084e-02
-1.673250000000000084e-02
-1.673149999999999984e-02
-1.673099999999999934e-02
-1.673049999999999884e-02
-1.673049999999999884e-02
-1.673049999999999884e-02
-1.672799999999999981e-02
-1.672550000000000078e-02
-1.672550000000000078e-02
-1.672550000000000078e-02
-1.672550000000000078e-02
-1.672349999999999878e-02
-1.672349999999999878e-02
-1.672349999999999878e-02
-1.672349999999999878e-02
-1.672349999999999878e-02
-1.671250000000000166e-02
-1.671200000000000116e-02
-1.671200000000000116e-02
-1.671200000000000116e-02
-1.671200000000000116e-02
-1.671200000000000116e-02
-1.671200000000000116e-02
-1.671150000000000066e-02
-1.671150000000000066e-02
-1.669050000000000047e-02
-1.669050000000000047e-02
-1.668450000000000141e-02
-1.668450000000000141e-02
-1.668450000000000141e-02
-1.663699999999999901e-02
-1.661450000000000080e-02
-1.651700000000000043e-02
-1.651700000000000043e-02
-1.651700000000000043e-02
-1.651700000000000043e-02
-1.650099999999999831e-02
-1.644249999999999878e-02
-1.644249999999999878e-02
-1.644249999999999878e-02
-1.644249999999999878e-02
-1.644249999999999878e-02
-1.644249999999999878e-02
-1.644249999999999878e-02
-1.644249999999999878e-02
-1.644249999999999878e-02
-1.644249999999999878e-02
-1.642199999999999910e-02
-1.642199999999999910e-02
-1.642199999999999910e-02
-1.641650000000000054e-02
-1.641350000000000101e-02
-1.641350000000000101e-02
-1.641350000000000101e-02
-1.641300000000000051e-02
-1.641300000000000051e-02
-1.641300000000000051e-02
-1.641300000000000051e-02
-1.641300000000000051e-02
-1.641300000000000051e-02
-1.641300000000000051e-02
-1.641300000000000051e-02
-1.641300000000000051e-02
-1.641300000000000051e-02
-1.641300000000000051e-02
-1.641250000000000001e-02
-1.641250000000000001e-02
-1.641250000000000001e-02
-1.641250000000000001e-02
-1.641250000000000001e-02
-1.641250000000000001e-02
-1.641250000000000001e-02
-1.641250000000000001e-02
-1.641250000000000001e-02
-1.641250000000000001e-02
-1.641250000000000001e-02
-1.641250000000000001e-02
-1.641199999999999951e-02
-1.641199999999999951e-02
-1.641199999999999951e-02
-1.641199999999999951e-02
-1.641199999999999951e-02
-1.641199999999999951e-02
-1.641199999999999951e-02
-1.641199999999999951e-02
-1.641199999999999951e-02
-1.641199999999999951e-02
-1.641199999999999951e-02
-1.641199999999999951e-02
-1.641199999999999951e-02
-1.640600000000000044e-02
-1.640600000000000044e-02
-1.640600000000000044e-02
-1.640600000000000044e-02
-1.640600000000000044e-02
-1.640600000000000044e-02
-1.640600000000000044e-02
-1.640600000000000044e-02
-1.640600000000000044e-02
-1.640600000000000044e-02
-1.640600000000000044e-02
-1.639550000000000035e-02
-1.639349999999999835e-02
-1.638999999999999832e-02
-1.638999999999999832e-02
-1.638950000000000129e-02
-1.638850000000000029e-02
-1.638300000000000173e-02
-1.638300000000000173e-02
-1.637150000000000064e-02
-1.636850000000000110e-02
-1.636800000000000060e-02
-1.636649999999999910e-02
-1.636649999999999910e-02
-1.636400000000000007e-02
-1.636400000000000007e-02
-1.636400000000000007e-02
-1.636400000000000007e-02
-1.636400000000000007e-02
-1.636200000000000154e-02
-1.635899999999999854e-02
-1.635899999999999854e-02
-1.635899999999999854e-02
-1.635899999999999854e-02
-1.635899999999999854e-02
-1.635899999999999854e-02
-1.635850000000000151e-02
-1.635850000000000151e-02
-1.635850000000000151e-02
-1.635750000000000051e-02
-1.633499999999999883e-02
-1.633499999999999883e-02
-1.633499999999999883e-02
-1.633499999999999883e-02
-1.633499999999999883e-02
-1.633499999999999883e-02
-1.633499999999999883e-02
-1.633499999999999883e-02
-1.633499999999999883e-02
-1.633499999999999883e-02
-1.633499999999999883e-02
-1.633499999999999883e-02
-1.633499999999999883e-02
-1.633499999999999883e-02
-1.633449999999999833e-02
-1.633400000000000130e-02
-1.633400000000000130e-02
-1.633400000000000130e-02
-1.633400000000000130e-02
-1.633400000000000130e-02
-1.633400000000000130e-02
-1.633400000000000130e-02
-1.633400000000000130e-02
-1.633400000000000130e-02
-1.633400000000000130e-02
-1.633400000000000130e-02
-1.633400000000000130e-02
-1.633300000000000030e-02
-1.633300000000000030e-02
-1.633300000000000030e-02
-1.633300000000000030e-02
-1.633300000000000030e-02
-1.633300000000000030e-02
-1.632849999999999926e-02
-1.632799999999999876e-02
-1.632799999999999876e-02
-1.632799999999999876e-02
-1.632799999999999876e-02
-1.631950000000000067e-02
-1.631950000000000067e-02
-1.631950000000000067e-02
-1.631950000000000067e-02
-1.631950000000000067e-02
-1.631900000000000017e-02
-1.631900000000000017e-02
-1.631900000000000017e-02
-1.631900000000000017e-02
-1.631900000000000017e-02
-1.631900000000000017e-02
-1.631900000000000017e-02
-1.631900000000000017e-02
-1.631849999999999967e-02
-1.631849999999999967e-02
-1.631300000000000111e-02
-1.631300000000000111e-02
-1.631300000000000111e-02
-1.629950000000000149e-02
-1.629900000000000099e-02
-1.629900000000000099e-02
-1.629900000000000099e-02
-1.629900000000000099e-02
-1.629850000000000049e-02
-1.629850000000000049e-02
-1.629850000000000049e-02
-1.629850000000000049e-02
-1.629850000000000049e-02
-1.629850000000000049e-02
-1.627549999999999830e-02
-1.627549999999999830e-02
-1.627549999999999830e-02
-1.627549999999999830e-02
-1.627549999999999830e-02
-1.627549999999999830e-02
-1.627549999999999830e-02
-1.556800000000000024e-02
-1.556800000000000024e-02
-1.556800000000000024e-02
-1.556800000000000024e-02
-1.556800000000000024e-02
-1.556800000000000024e-02
-1.556800000000000024e-02
-1.556800000000000024e-02
-1.556800000000000024e-02
-1.556800000000000024e-02
-1.556800000000000024e-02
-1.556800000000000024e-02
-1.556800000000000024e-02
-1.556800000000000024e-02
-1.556800000000000024e-02
-1.556800000000000024e-02
-1.556800000000000024e-02
-1.556800000000000024e-02
-1.556800000000000024e-02
-1.556800000000000024e-02
-1.556800000000000024e-02
-1.556800000000000024e-02
-1.553350000000000043e-02
-1.550349999999999992e-02
-1.550349999999999992e-02
-1.550349999999999992e-02
-1.549799999999999962e-02
-1.549099999999999956e-02
-1.547950000000000020e-02
-1.547800000000000044e-02
-1.546950000000000061e-02
-1.546950000000000061e-02
-1.546950000000000061e-02
-1.546950000000000061e-02
-1.546950000000000061e-02
-1.546950000000000061e-02
-1.543950000000000010e-02
-1.543950000000000010e-02
-1.543950000000000010e-02
-1.543549999999999957e-02
-1.543549999999999957e-02
-1.543500000000000080e-02
-1.543500000000000080e-02
-1.543500000000000080e-02
-1.543500000000000080e-02
-1.543450000000000030e-02
-1.543450000000000030e-02
-1.543150000000000077e-02
-1.542950000000000051e-02
-1.542950000000000051e-02
-1.542950000000000051e-02
-1.542950000000000051e-02
-1.542900000000000001e-02
-1.542900000000000001e-02
-1.542900000000000001e-02
-1.542900000000000001e-02
-1.542900000000000001e-02
-1.542900000000000001e-02
-1.542649999999999924e-02
-1.542649999999999924e-02
-1.540350000000000052e-02
-1.540350000000000052e-02
-1.540350000000000052e-02
-1.540350000000000052e-02
-1.539650000000000046e-02
-1.539650000000000046e-02
-1.539650000000000046e-02
-1.539650000000000046e-02
-1.539650000000000046e-02
-1.539650000000000046e-02
-1.539650000000000046e-02
-1.539650000000000046e-02
-1.539650000000000046e-02
-1.539650000000000046e-02
-1.539549999999999946e-02
-1.539549999999999946e-02
-1.539549999999999946e-02
-1.539549999999999946e-02
-1.539549999999999946e-02
-1.539549999999999946e-02
-1.539549999999999946e-02
-1.539399999999999970e-02
-1.539300000000000043e-02
-1.539300000000000043e-02
-1.539300000000000043e-02
-1.539199999999999943e-02
-1.539199999999999943e-02
-1.539199999999999943e-02
-1.539150000000000067e-02
-1.539150000000000067e-02
-1.539100000000000017e-02
-1.539049999999999967e-02
-1.539049999999999967e-02
-1.539049999999999967e-02
-1.539049999999999967e-02
-1.539049999999999967e-02
-1.538999999999999917e-02
-1.538999999999999917e-02
-1.538999999999999917e-02
-1.538999999999999917e-02
-1.538999999999999917e-02
-1.538999999999999917e-02
-1.538999999999999917e-02
-1.538999999999999917e-02
-1.538999999999999917e-02
-1.538999999999999917e-02
-1.538999999999999917e-02
-1.538999999999999917e-02
-1.538999999999999917e-02
-1.538999999999999917e-02
-1.538999999999999917e-02
-1.538999999999999917e-02
-1.538999999999999917e-02
-1.538999999999999917e-02
-1.538999999999999917e-02
-1.538999999999999917e-02
-1.538999999999999917e-02
-1.538999999999999917e-02
-1.538999999999999917e-02
-1.538999999999999917e-02
-1.538750000000000014e-02
-1.538750000000000014e-02
-1.538750000000000014e-02
-1.538750000000000014e-02
-1.538300000000000084e-02
-1.538300000000000084e-02
-1.538300000000000084e-02
-1.538300000000000084e-02
-1.538300000000000084e-02
-1.538300000000000084e-02
-1.538300000000000084e-02
-1.538300000000000084e-02
-1.538300000000000084e-02
-1.538300000000000084e-02
-1.538300000000000084e-02
-1.538300000000000084e-02
-1.538300000000000084e-02
-1.538250000000000034e-02
-1.538050000000000007e-02
-1.538050000000000007e-02
-1.538050000000000007e-02
-1.538050000000000007e-02
-1.538050000000000007e-02
-1.538050000000000007e-02
-1.538050000000000007e-02
-1.538050000000000007e-02
-1.538050000000000007e-02
-1.538050000000000007e-02
-1.538050000000000007e-02
-1.538050000000000007e-02
-1.538050000000000007e-02
-1.538050000000000007e-02
-1.538050000000000007e-02
-1.538050000000000007e-02
-1.537999999999999957e-02
-1.537950000000000081e-02
-1.537950000000000081e-02
-1.537950000000000081e-02
-1.537950000000000081e-02
-1.537950000000000081e-02
-1.537950000000000081e-02
-1.537950000000000081e-02
-1.537950000000000081e-02
-1.537950000000000081e-02
-1.537950000000000081e-02
-1.537900000000000031e-02
-1.537900000000000031e-02
-1.537900000000000031e-02
-1.537900000000000031e-02
-1.537900000000000031e-02
-1.537900000000000031e-02
-1.537900000000000031e-02
-1.537900000000000031e-02
-1.537900000000000031e-02
-1.537900000000000031e-02
-1.537900000000000031e-02
-1.537900000000000031e-02
-1.537900000000000031e-02
-1.537900000000000031e-02
-1.537900000000000031e-02
-1.537900000000000031e-02
-1.537900000000000031e-02
-1.537900000000000031e-02
-1.537900000000000031e-02
-1.537900000000000031e-02
-1.537900000000000031e-02
-1.537900000000000031e-02
-1.537900000000000031e-02
-1.537900000000000031e-02
-1.537900000000000031e-02
-1.537900000000000031e-02
-1.537900000000000031e-02
-1.537900000000000031e-02
-1.537900000000000031e-02
-1.537900000000000031e-02
-1.537900000000000031e-02
-1.536999999999999998e-02
-1.536949999999999948e-02
-1.536949999999999948e-02
-1.536949999999999948e-02
-1.536949999999999948e-02
-1.536949999999999948e-02
-1.536900000000000072e-02
-1.536900000000000072e-02
-1.536900000000000072e-02
-1.536900000000000072e-02
-1.536900000000000072e-02
-1.536900000000000072e-02
-1.536900000000000072e-02
-1.536900000000000072e-02
-1.536900000000000072e-02
-1.536900000000000072e-02
-1.536900000000000072e-02
-1.536900000000000072e-02
-1.536900000000000072e-02
-1.536900000000000072e-02
-1.536900000000000072e-02
-1.536900000000000072e-02
-1.536900000000000072e-02
-1.536900000000000072e-02
-1.536900000000000072e-02
-1.536900000000000072e-02
-1.536900000000000072e-02
-1.536900000000000072e-02
-1.536900000000000072e-02
-1.536900000000000072e-02
-1.536900000000000072e-02
-1.536900000000000072e-02
-1.536900000000000072e-02
-1.536900000000000072e-02
-1.536900000000000072e-02
-1.536900000000000072e-02
-1.536900000000000072e-02
-1.536900000000000072e-02
-1.536900000000000072e-02
-1.536900000000000072e-02
-1.536900000000000072e-02
-1.536900000000000072e-02
-1.536900000000000072e-02
-1.536900000000000072e-02
-1.536900000000000072e-02
-1.536900000000000072e-02
-1.536900000000000072e-02
-1.536900000000000072e-02
-1.536900000000000072e-02
-1.536900000000000072e-02
-1.536900000000000072e-02
-1.536900000000000072e-02
-1.536900000000000072e-02
-1.536900000000000072e-02
-1.536900000000000072e-02
-1.536900000000000072e-02
-1.536900000000000072e-02
-1.536900000000000072e-02
-1.536900000000000072e-02
-1.536900000000000072e-02
-1.531449999999999999e-02
-1.488599999999999993e-02
-1.480249999999999969e-02
-1.478699999999999980e-02
-1.478699999999999980e-02
-1.474450000000000066e-02
-1.469449999999999923e-02
-1.468249999999999937e-02
-1.468249999999999937e-02
-1.468249999999999937e-02
-1.468249999999999937e-02
-1.468150000000000011e-02
-1.468150000000000011e-02
-1.468050000000000084e-02
-1.468050000000000084e-02
-1.468050000000000084e-02
-1.468050000000000084e-02
-1.468050000000000084e-02
-1.468050000000000084e-02
-1.468050000000000084e-02
-1.468050000000000084e-02
-1.468050000000000084e-02
-1.468050000000000084e-02
-1.468000000000000034e-02
-1.468000000000000034e-02
-1.468000000000000034e-02
-1.468000000000000034e-02
-1.468000000000000034e-02
-1.468000000000000034e-02
-1.468000000000000034e-02
-1.468000000000000034e-02
-1.468000000000000034e-02
-1.468000000000000034e-02
-1.467949999999999984e-02
-1.467949999999999984e-02
-1.467949999999999984e-02
-1.467949999999999984e-02
-1.467949999999999984e-02
-1.467549999999999931e-02
-1.467549999999999931e-02
-1.467549999999999931e-02
-1.467549999999999931e-02
-1.467549999999999931e-02
-1.467549999999999931e-02
-1.467549999999999931e-02
-1.467500000000000054e-02
-1.467500000000000054e-02
-1.467500000000000054e-02
-1.467500000000000054e-02
-1.467500000000000054e-02
-1.467450000000000004e-02
-1.467450000000000004e-02
-1.467450000000000004e-02
-1.467450000000000004e-02
-1.467450000000000004e-02
-1.467450000000000004e-02
-1.467450000000000004e-02
-1.467450000000000004e-02
-1.467450000000000004e-02
-1.467450000000000004e-02
-1.467450000000000004e-02
-1.467450000000000004e-02
-1.467450000000000004e-02
-1.467450000000000004e-02
-1.467450000000000004e-02
-1.467450000000000004e-02
-1.467450000000000004e-02
-1.467450000000000004e-02
-1.467450000000000004e-02
-1.467450000000000004e-02
-1.467450000000000004e-02
-1.467450000000000004e-02
-1.467450000000000004e-02
-1.467450000000000004e-02
-1.467450000000000004e-02
-1.467450000000000004e-02
-1.467450000000000004e-02
-1.467450000000000004e-02
-1.467450000000000004e-02
-1.467450000000000004e-02
-1.467450000000000004e-02
-1.467450000000000004e-02
-1.467450000000000004e-02
-1.467450000000000004e-02
-1.467450000000000004e-02
-1.467450000000000004e-02
-1.467450000000000004e-02
-1.467450000000000004e-02
-1.467450000000000004e-02
-1.467450000000000004e-02
-1.467450000000000004e-02
-1.467450000000000004e-02
-1.467450000000000004e-02
-1.467450000000000004e-02
-1.467450000000000004e-02
-1.467450000000000004e-02
-1.467450000000000004e-02
-1.467450000000000004e-02
-1.467450000000000004e-02
-1.467450000000000004e-02
-1.467450000000000004e-02
-1.467450000000000004e-02
-1.467450000000000004e-02
-1.467450000000000004e-02
-1.467450000000000004e-02
-1.467450000000000004e-02
-1.467450000000000004e-02
-1.467450000000000004e-02
-1.467450000000000004e-02
-1.467450000000000004e-02
-1.467450000000000004e-02
-1.467450000000000004e-02
-1.467450000000000004e-02
-1.467450000000000004e-02
-1.467450000000000004e-02
-1.467450000000000004e-02
-1.467450000000000004e-02
-1.467450000000000004e-02
-1.467450000000000004e-02
-1.467450000000000004e-02
-1.467450000000000004e-02
-1.467450000000000004e-02
-1.467450000000000004e-02
-1.467450000000000004e-02
-1.467450000000000004e-02
-1.467450000000000004e-02
-1.467450000000000004e-02
-1.467450000000000004e-02
-1.467450000000000004e-02
-1.467450000000000004e-02
-1.467450000000000004e-02
-1.467450000000000004e-02
-1.467450000000000004e-02
-1.467450000000000004e-02
-1.467450000000000004e-02
-1.467450000000000004e-02
-1.467450000000000004e-02
-1.467450000000000004e-02
-1.467450000000000004e-02
-1.467450000000000004e-02
-1.467450000000000004e-02
-1.467450000000000004e-02
-1.467450000000000004e-02
-1.467450000000000004e-02
-1.467450000000000004e-02
-1.467450000000000004e-02
-1.467450000000000004e-02
-1.467450000000000004e-02
-1.467450000000000004e-02
-1.467450000000000004e-02
-1.467450000000000004e-02
-1.467450000000000004e-02
-1.467450000000000004e-02
-1.467450000000000004e-02
-1.467450000000000004e-02
-1.467450000000000004e-02
-1.467450000000000004e-02
-1.467450000000000004e-02
-1.467450000000000004e-02
-1.467450000000000004e-02
-1.467450000000000004e-02
-1.467450000000000004e-02
-1.467450000000000004e-02
-1.467450000000000004e-02
-1.467450000000000004e-02
-1.467450000000000004e-02
-1.467450000000000004e-02
-1.467450000000000004e-02
-1.467450000000000004e-02
-1.467450000000000004e-02
-1.467450000000000004e-02
-1.467450000000000004e-02
-1.467450000000000004e-02
-1.467450000000000004e-02
-1.467450000000000004e-02
-1.467450000000000004e-02
-1.467450000000000004e-02
-1.467450000000000004e-02
-1.467450000000000004e-02
-1.467450000000000004e-02
-1.467450000000000004e-02
-1.467450000000000004e-02
-1.467450000000000004e-02
-1.467450000000000004e-02
-1.467450000000000004e-02
-1.467450000000000004e-02
-1.467450000000000004e-02
-1.467450000000000004e-02
-1.467450000000000004e-02
-1.467450000000000004e-02
-1.467450000000000004e-02
-1.467450000000000004e-02
-1.467450000000000004e-02
-1.467450000000000004e-02
-1.467450000000000004e-02
-1.467450000000000004e-02
-1.467450000000000004e-02
-1.467450000000000004e-02
-1.467450000000000004e-02
-1.467450000000000004e-02
-1.467450000000000004e-02
-1.467450000000000004e-02
-1.467450000000000004e-02
-1.467450000000000004e-02
-1.467450000000000004e-02
-1.467450000000000004e-02
-1.467450000000000004e-02
-1.467450000000000004e-02
-1.467450000000000004e-02
-1.467450000000000004e-02
-1.467450000000000004e-02
-1.467450000000000004e-02
-1.467450000000000004e-02
-1.467450000000000004e-02
-1.467450000000000004e-02
-1.467450000000000004e-02
-1.467450000000000004e-02
-1.467450000000000004e-02
