3.761694289782190337e-01
3.422124643166514213e-01
4.657065547215843981e-01
7.059315564967352241e-01
3.123106283693162233e-01
2.810538620958907274e-01
2.216414630493044879e-01
2.026112385169687446e-01
6.654411863613776124e-01
1.157336357028546370e-01
6.473081511658341780e-01
8.328046230557237806e-01
7.305227308546233811e-01
4.365363160840607382e-01
2.443245191715575082e-01
5.587231529511282879e-01
4.952400076262715167e-01
1.141131807243037921e-01
4.908077012961143404e-01
4.803787008632388611e-01
4.415769287204380777e-01
3.022358467627559442e-01
5.552677198586686291e-01
1.992229612814097606e-01
1.774689489909646034e-01
6.760644292791686549e-01
5.958262989709651736e-01
3.131681810892106843e-01
9.733486459425566562e-01
7.299846395817362055e-01
4.168073443665448741e-01
5.709682335440545708e-01
3.014349370889468638e-01
4.041915956789396969e-01
6.273653094445517109e-01
2.068307940758312979e-01
2.940558519295788376e-01
4.516304265920754180e-01
6.229080029273923458e-01
3.126856261259783887e-01
3.013703943351329073e-01
5.061731810782436058e-01
1.630733730156611883e-01
7.313478713785320773e-01
7.121412729419633880e-01
4.156807627726522014e-01
3.436668333075943993e-01
7.386919299846164133e-01
4.178611147209605470e-01
5.435683992277478005e-01
3.136512792685214879e-01
4.035617579297825497e-01
7.005507676894999758e-01
2.412477320215983823e-01
5.799308264641844790e-01
6.216845523214309388e-01
5.780501959640531595e-01
7.400484058359639850e-01
8.730926962328107166e-01
8.238154115390170507e-01
