-4.974075000000000024e-01
-4.669174999999999853e-01
-4.355465000000000031e-01
-4.355465000000000031e-01
-4.234474999999999767e-01
-4.069150000000000267e-01
-3.840195000000000136e-01
-3.799719999999999764e-01
-3.648405000000000120e-01
-3.605309999999999904e-01
-3.468605000000000160e-01
-3.254104999999999914e-01
-3.226755000000000040e-01
-3.121280000000000165e-01
-3.121280000000000165e-01
-2.995840000000000169e-01
-2.995840000000000169e-01
-2.949080000000000035e-01
-2.937744999999999940e-01
-2.844880000000000186e-01
-2.786255000000000259e-01
-2.705389999999999739e-01
-2.668955000000000077e-01
-2.653840000000000088e-01
-2.630259999999999820e-01
-2.540859999999999785e-01
-2.535625000000000240e-01
-2.501200000000000090e-01
-2.454534999999999911e-01
-2.427910000000000068e-01
-2.427910000000000068e-01
-2.364654999999999951e-01
-2.360490000000000088e-01
-2.339640000000000053e-01
-2.294069999999999998e-01
-2.268519999999999981e-01
-2.267679999999999974e-01
-2.262115000000000098e-01
-2.255145000000000066e-01
-2.247365000000000057e-01
-2.231914999999999871e-01
-2.222864999999999980e-01
-2.216704999999999925e-01
-2.202679999999999916e-01
-2.202590000000000103e-01
-2.156424999999999870e-01
-2.061304999999999943e-01
-2.017134999999999900e-01
-1.996209999999999929e-01
-1.996209999999999929e-01
-1.995220000000000049e-01
-1.973594999999999933e-01
-1.956664999999999932e-01
-1.956664999999999932e-01
-1.950554999999999928e-01
-1.926519999999999899e-01
-1.926519999999999899e-01
-1.920314999999999939e-01
-1.903444999999999998e-01
-1.903444999999999998e-01
-1.901474999999999971e-01
-1.888529999999999931e-01
-1.883920000000000039e-01
-1.856134999999999868e-01
-1.856134999999999868e-01
-1.852300000000000058e-01
-1.851909999999999945e-01
-1.846170000000000033e-01
-1.837290000000000034e-01
-1.825249999999999928e-01
-1.825249999999999928e-01
-1.816919999999999924e-01
-1.805754999999999999e-01
-1.803184999999999927e-01
-1.786149999999999960e-01
-1.785829999999999917e-01
-1.763824999999999976e-01
-1.753959999999999964e-01
-1.753959999999999964e-01
-1.737829999999999930e-01
-1.737829999999999930e-01
-1.735970000000000013e-01
-1.730329999999999924e-01
-1.721395000000000008e-01
-1.709739999999999871e-01
-1.703639999999999877e-01
-1.703639999999999877e-01
-1.703530000000000044e-01
-1.691054999999999919e-01
-1.691054999999999919e-01
-1.677865000000000051e-01
-1.677865000000000051e-01
-1.673399999999999888e-01
-1.664174999999999960e-01
-1.596899999999999986e-01
-1.585844999999999894e-01
-1.585844999999999894e-01
-1.552554999999999907e-01
-1.540819999999999967e-01
-1.540819999999999967e-01
-1.524399999999999922e-01
-1.524399999999999922e-01
-1.508655000000000135e-01
-1.508655000000000135e-01
-1.505325000000000135e-01
-1.495205000000000006e-01
-1.494445000000000079e-01
-1.491230000000000055e-01
-1.488065000000000082e-01
-1.483260000000000134e-01
-1.480974999999999930e-01
-1.478970000000000007e-01
-1.473285000000000011e-01
-1.472350000000000048e-01
-1.467970000000000108e-01
-1.464854999999999907e-01
-1.463679999999999981e-01
-1.454809999999999992e-01
-1.453899999999999915e-01
-1.450654999999999861e-01
-1.448615000000000042e-01
-1.442730000000000123e-01
-1.441469999999999974e-01
-1.433695000000000108e-01
-1.433695000000000108e-01
-1.429414999999999991e-01
-1.429414999999999991e-01
-1.427285000000000081e-01
-1.422555000000000069e-01
-1.417335000000000123e-01
-1.410704999999999876e-01
-1.410170000000000035e-01
-1.410170000000000035e-01
-1.405274999999999996e-01
-1.401779999999999970e-01
-1.395079999999999931e-01
-1.390089999999999937e-01
-1.390089999999999937e-01
-1.386219999999999952e-01
-1.386219999999999952e-01
-1.382309999999999928e-01
-1.381084999999999952e-01
-1.373695000000000055e-01
-1.370274999999999965e-01
-1.364154999999999951e-01
-1.363675000000000026e-01
-1.362929999999999975e-01
-1.358284999999999909e-01
-1.355375000000000052e-01
-1.347244999999999970e-01
-1.341614999999999891e-01
-1.311720000000000108e-01
-1.291104999999999892e-01
-1.291104999999999892e-01
-1.291104999999999892e-01
-1.291104999999999892e-01
-1.291104999999999892e-01
-1.291104999999999892e-01
-1.291104999999999892e-01
-1.291104999999999892e-01
-1.284029999999999894e-01
-1.281869999999999954e-01
-1.275495000000000101e-01
-1.273094999999999921e-01
-1.273094999999999921e-01
-1.270785000000000109e-01
-1.270785000000000109e-01
-1.268364999999999909e-01
-1.266335000000000099e-01
-1.265685000000000004e-01
-1.261609999999999954e-01
-1.255904999999999938e-01
-1.245109999999999967e-01
-1.245109999999999967e-01
-1.244905000000000039e-01
-1.244905000000000039e-01
-1.244230000000000058e-01
-1.244230000000000058e-01
-1.241249999999999992e-01
-1.240939999999999960e-01
-1.228489999999999999e-01
-1.228489999999999999e-01
-1.228489999999999999e-01
-1.226399999999999990e-01
-1.223739999999999967e-01
-1.222924999999999984e-01
-1.220804999999999946e-01
-1.216710000000000014e-01
-1.215399999999999953e-01
-1.214480000000000004e-01
-1.212680000000000008e-01
-1.210524999999999934e-01
-1.207629999999999953e-01
-1.205090000000000050e-01
-1.205090000000000050e-01
-1.203570000000000056e-01
-1.200340000000000018e-01
-1.198034999999999933e-01
-1.196829999999999977e-01
-1.194189999999999974e-01
-1.193609999999999949e-01
-1.186419999999999975e-01
-1.186419999999999975e-01
-1.186419999999999975e-01
-1.180849999999999955e-01
-1.180849999999999955e-01
-1.180670000000000053e-01
-1.179275000000000045e-01
-1.178669999999999995e-01
-1.177689999999999987e-01
-1.169145000000000045e-01
-1.169145000000000045e-01
-1.169145000000000045e-01
-1.167890000000000039e-01
-1.166050000000000003e-01
-1.162519999999999942e-01
-1.162445000000000006e-01
-1.158050000000000052e-01
-1.158050000000000052e-01
-1.155700000000000061e-01
-1.153384999999999966e-01
-1.153384999999999966e-01
-1.152100000000000068e-01
-1.148944999999999966e-01
-1.145504999999999995e-01
-1.145504999999999995e-01
-1.137254999999999933e-01
-1.134259999999999990e-01
-1.134259999999999990e-01
-1.125390000000000001e-01
-1.125390000000000001e-01
-1.125390000000000001e-01
-1.123465000000000019e-01
-1.121925000000000006e-01
-1.115290000000000031e-01
-1.114394999999999969e-01
-1.114394999999999969e-01
-1.110474999999999934e-01
-1.109384999999999954e-01
-1.109384999999999954e-01
-1.107009999999999939e-01
-1.107009999999999939e-01
-1.105890000000000067e-01
-1.091285000000000033e-01
-1.091285000000000033e-01
-1.091285000000000033e-01
-1.085674999999999973e-01
-1.085674999999999973e-01
-1.084304999999999991e-01
-1.081845000000000029e-01
-1.079944999999999933e-01
-1.072250000000000009e-01
-1.071109999999999979e-01
-1.070175000000000015e-01
-1.069964999999999944e-01
-1.063869999999999955e-01
-1.062494999999999967e-01
-1.062494999999999967e-01
-1.061760000000000065e-01
-1.058400000000000035e-01
-1.058400000000000035e-01
-1.058400000000000035e-01
-1.058285000000000059e-01
-1.054645000000000027e-01
-1.054149999999999948e-01
-1.053695000000000048e-01
-1.052140000000000020e-01
-1.051295000000000007e-01
-1.048235000000000000e-01
-1.047494999999999954e-01
-1.047494999999999954e-01
-1.044174999999999964e-01
-1.044174999999999964e-01
-1.043115000000000014e-01
-1.043115000000000014e-01
-1.043015000000000053e-01
-1.041730000000000017e-01
-1.040895000000000015e-01
-1.038224999999999981e-01
-1.038179999999999936e-01
-1.035085000000000033e-01
-1.031730000000000008e-01
-1.031730000000000008e-01
-1.026900000000000035e-01
-1.026900000000000035e-01
-1.026900000000000035e-01
-1.026900000000000035e-01
-1.026524999999999938e-01
-1.024999999999999939e-01
-1.024999999999999939e-01
-1.023855000000000043e-01
-1.019449999999999940e-01
-1.019375000000000003e-01
-1.019184999999999952e-01
-1.017895000000000050e-01
-1.017139999999999989e-01
-1.015054999999999985e-01
-1.012995000000000007e-01
-1.012195000000000039e-01
-1.011920000000000042e-01
-1.008295000000000025e-01
-1.006775000000000031e-01
-1.006775000000000031e-01
-1.006775000000000031e-01
-1.005049999999999971e-01
-1.004214999999999969e-01
-1.002085000000000059e-01
-1.001309999999999978e-01
-1.001309999999999978e-01
-1.001090000000000035e-01
-1.000805000000000028e-01
-9.979150000000000520e-02
-9.960349999999999759e-02
-9.960349999999999759e-02
-9.946850000000000136e-02
-9.946850000000000136e-02
-9.905500000000000416e-02
-9.905500000000000416e-02
-9.905500000000000416e-02
-9.892850000000000255e-02
-9.866900000000000670e-02
-9.856700000000000184e-02
-9.856700000000000184e-02
-9.847699999999999509e-02
-9.846749999999999947e-02
-9.812250000000000139e-02
-9.801400000000000390e-02
-9.794550000000000478e-02
-9.792649999999999966e-02
-9.777600000000000180e-02
-9.777600000000000180e-02
-9.761949999999999794e-02
-9.754749999999999532e-02
-9.741049999999999709e-02
-9.728249999999999398e-02
-9.684800000000000353e-02
-9.684800000000000353e-02
-9.684800000000000353e-02
-9.681800000000000128e-02
-9.652850000000000319e-02
-9.652850000000000319e-02
-9.650400000000000644e-02
-9.625649999999999484e-02
-9.625649999999999484e-02
-9.588499999999999801e-02
-9.588499999999999801e-02
-9.588499999999999801e-02
-9.569900000000000628e-02
-9.569900000000000628e-02
-9.558800000000000630e-02
-9.558600000000000430e-02
-9.555650000000000255e-02
-9.545750000000000068e-02
-9.532000000000000195e-02
-9.532000000000000195e-02
-9.525250000000000383e-02
-9.520750000000000046e-02
-9.502249999999999586e-02
-9.492250000000000687e-02
-9.477049999999999363e-02
-9.453699999999999604e-02
-9.453699999999999604e-02
-9.453699999999999604e-02
-9.452950000000000241e-02
-9.433149999999999868e-02
-9.431749999999999856e-02
-9.428699999999999581e-02
-9.428699999999999581e-02
-9.408199999999999896e-02
-9.408199999999999896e-02
-9.408199999999999896e-02
-9.389400000000000523e-02
-9.389400000000000523e-02
-9.389400000000000523e-02
-9.382100000000000162e-02
-9.382100000000000162e-02
-9.377800000000000025e-02
-9.371949999999999725e-02
-9.348750000000000115e-02
-9.348750000000000115e-02
-9.348750000000000115e-02
-9.335150000000000392e-02
-9.323499999999999843e-02
-9.315049999999999719e-02
-9.264400000000000412e-02
-9.264400000000000412e-02
-9.264400000000000412e-02
-9.264400000000000412e-02
-9.264400000000000412e-02
-9.264400000000000412e-02
-9.264050000000000062e-02
-9.235350000000000503e-02
-9.235350000000000503e-02
-9.229350000000000054e-02
-9.204950000000000632e-02
-9.204950000000000632e-02
-9.191549999999999720e-02
-9.188150000000000484e-02
-9.188150000000000484e-02
-9.187349999999999683e-02
-9.187349999999999683e-02
-9.167200000000000348e-02
-9.167200000000000348e-02
-9.164849999999999386e-02
-9.144599999999999951e-02
-9.129349999999999965e-02
-9.126549999999999940e-02
-9.126549999999999940e-02
-9.097249999999999781e-02
-9.097249999999999781e-02
-9.078450000000000408e-02
-9.078450000000000408e-02
-9.077599999999999558e-02
-9.074849999999999584e-02
-9.054249999999999798e-02
-9.054249999999999798e-02
-9.054249999999999798e-02
-9.054249999999999798e-02
-9.046099999999999974e-02
-9.038649999999999463e-02
-9.038649999999999463e-02
-9.026349999999999651e-02
-9.026349999999999651e-02
-9.019449999999999690e-02
-9.018249999999999877e-02
-9.008349999999999691e-02
-8.964949999999999308e-02
-8.964949999999999308e-02
-8.954550000000000010e-02
-8.954550000000000010e-02
-8.954550000000000010e-02
-8.954550000000000010e-02
-8.954550000000000010e-02
-8.940249999999999586e-02
-8.934400000000000674e-02
-8.925049999999999650e-02
-8.922199999999999576e-02
-8.922199999999999576e-02
-8.912349999999999439e-02
-8.908800000000000052e-02
-8.892250000000000154e-02
-8.889850000000000529e-02
-8.889850000000000529e-02
-8.888050000000000117e-02
-8.879199999999999593e-02
-8.857700000000000295e-02
-8.855749999999999733e-02
-8.855749999999999733e-02
-8.844849999999999934e-02
-8.824099999999999999e-02
-8.820699999999999374e-02
-8.820699999999999374e-02
-8.817999999999999450e-02
-8.798200000000000465e-02
-8.798200000000000465e-02
-8.798200000000000465e-02
-8.798200000000000465e-02
-8.793149999999999578e-02
-8.730799999999999672e-02
-8.730799999999999672e-02
-8.730799999999999672e-02
-8.730799999999999672e-02
-8.730799999999999672e-02
-8.730799999999999672e-02
-8.713049999999999962e-02
-8.713049999999999962e-02
-8.713049999999999962e-02
-8.693900000000000239e-02
-8.665000000000000480e-02
-8.659849999999999492e-02
-8.659849999999999492e-02
-8.659849999999999492e-02
-8.659849999999999492e-02
-8.606600000000000361e-02
-8.606600000000000361e-02
-8.606600000000000361e-02
-8.606600000000000361e-02
-8.602500000000000424e-02
-8.602500000000000424e-02
-8.601949999999999874e-02
-8.601949999999999874e-02
-8.599900000000000599e-02
-8.588750000000000551e-02
-8.584050000000000014e-02
-8.582499999999999851e-02
-8.582499999999999851e-02
-8.579449999999999577e-02
-8.574750000000000427e-02
-8.572449999999999515e-02
-8.551699999999999580e-02
-8.551449999999999330e-02
-8.518749999999999933e-02
-8.518749999999999933e-02
-8.518749999999999933e-02
-8.513900000000000634e-02
-8.451450000000000629e-02
-8.451450000000000629e-02
-8.451450000000000629e-02
-8.451450000000000629e-02
-8.451450000000000629e-02
-8.451450000000000629e-02
-8.451450000000000629e-02
-8.451450000000000629e-02
-8.420300000000000007e-02
-8.420300000000000007e-02
-8.420300000000000007e-02
-8.419699999999999407e-02
-8.419699999999999407e-02
-8.404949999999999921e-02
-8.398450000000000359e-02
-8.398450000000000359e-02
-8.398450000000000359e-02
-8.390599999999999448e-02
-8.390599999999999448e-02
-8.388049999999999673e-02
-8.384800000000000586e-02
-8.383450000000000624e-02
-8.371349999999999625e-02
-8.362200000000000188e-02
-8.342049999999999466e-02
-8.342049999999999466e-02
-8.342049999999999466e-02
-8.340050000000000241e-02
-8.328449999999999742e-02
-8.328449999999999742e-02
-8.327249999999999930e-02
-8.325549999999999617e-02
-8.315849999999999631e-02
-8.315849999999999631e-02
-8.244450000000000389e-02
-8.244450000000000389e-02
-8.244450000000000389e-02
-8.244450000000000389e-02
-8.244450000000000389e-02
-8.244450000000000389e-02
-8.230999999999999428e-02
-8.230999999999999428e-02
-8.230999999999999428e-02
-8.230999999999999428e-02
-8.228399999999999603e-02
-8.228399999999999603e-02
-8.214000000000000468e-02
-8.207100000000000506e-02
-8.207100000000000506e-02
-8.200799999999999756e-02
-8.191750000000000420e-02
-8.190849999999999520e-02
-8.190849999999999520e-02
-8.186450000000000671e-02
-8.157749999999999724e-02
-8.157749999999999724e-02
-8.157749999999999724e-02
-8.157749999999999724e-02
-8.157749999999999724e-02
-8.157749999999999724e-02
-8.157449999999999424e-02
-8.153699999999999837e-02
-8.143499999999999350e-02
-8.140650000000000663e-02
-8.133949999999999514e-02
-8.133949999999999514e-02
-8.125849999999999740e-02
-8.098049999999999693e-02
-8.098049999999999693e-02
-8.098049999999999693e-02
-8.097300000000000331e-02
-8.095199999999999618e-02
-8.094999999999999418e-02
-8.085599999999999732e-02
-8.075699999999999545e-02
-8.075699999999999545e-02
-8.075300000000000533e-02
-8.072799999999999421e-02
-8.072799999999999421e-02
-8.067699999999999871e-02
-8.056750000000000023e-02
-8.056750000000000023e-02
-8.055149999999999810e-02
-8.044600000000000362e-02
-8.044600000000000362e-02
-8.044600000000000362e-02
-8.043949999999999712e-02
-8.033650000000000513e-02
-8.033650000000000513e-02
-8.033650000000000513e-02
-8.033650000000000513e-02
-8.027199999999999613e-02
-8.018999999999999739e-02
-8.011600000000000665e-02
-8.011600000000000665e-02
-8.010950000000000015e-02
-8.006549999999999778e-02
-7.994850000000000567e-02
-7.994850000000000567e-02
-7.994850000000000567e-02
-7.994500000000000217e-02
-7.983999999999999431e-02
-7.983999999999999431e-02
-7.981299999999999506e-02
-7.979050000000000031e-02
-7.954100000000000059e-02
-7.938149999999999373e-02
-7.938149999999999373e-02
-7.938149999999999373e-02
-7.933600000000000374e-02
-7.932400000000000562e-02
-7.932400000000000562e-02
-7.931249999999999412e-02
-7.926600000000000312e-02
-7.926600000000000312e-02
-7.912700000000000289e-02
-7.904899999999999427e-02
-7.904899999999999427e-02
-7.904899999999999427e-02
-7.904899999999999427e-02
-7.886849999999999417e-02
-7.886849999999999417e-02
-7.886849999999999417e-02
-7.886849999999999417e-02
-7.866449999999999831e-02
-7.866449999999999831e-02
-7.866449999999999831e-02
-7.864250000000000407e-02
-7.859199999999999520e-02
-7.859199999999999520e-02
-7.846400000000000596e-02
-7.844550000000000134e-02
-7.828899999999999748e-02
-7.828899999999999748e-02
-7.819950000000000512e-02
-7.819950000000000512e-02
-7.807450000000000501e-02
-7.807450000000000501e-02
-7.807450000000000501e-02
-7.806649999999999701e-02
-7.806649999999999701e-02
-7.805449999999999888e-02
-7.798149999999999527e-02
-7.794800000000000340e-02
-7.794349999999999890e-02
-7.789450000000000540e-02
-7.786150000000000015e-02
-7.779049999999999854e-02
-7.779049999999999854e-02
-7.775949999999999529e-02
-7.774649999999999617e-02
-7.751049999999999607e-02
-7.751049999999999607e-02
-7.751049999999999607e-02
-7.751049999999999607e-02
-7.751049999999999607e-02
-7.751049999999999607e-02
-7.747950000000000670e-02
-7.745100000000000595e-02
-7.735150000000000359e-02
-7.733099999999999696e-02
-7.730199999999999572e-02
-7.714949999999999586e-02
-7.714949999999999586e-02
-7.706250000000000600e-02
-7.703100000000000225e-02
-7.703100000000000225e-02
-7.697600000000000275e-02
-7.697600000000000275e-02
-7.697600000000000275e-02
-7.697600000000000275e-02
-7.694049999999999501e-02
-7.691699999999999926e-02
-7.691699999999999926e-02
-7.691699999999999926e-02
-7.680249999999999577e-02
-7.680249999999999577e-02
-7.680249999999999577e-02
-7.674350000000000616e-02
-7.669750000000000179e-02
-7.669750000000000179e-02
-7.669750000000000179e-02
-7.668999999999999428e-02
-7.661850000000000604e-02
-7.660050000000000192e-02
-7.660050000000000192e-02
-7.659249999999999392e-02
-7.659249999999999392e-02
-7.659249999999999392e-02
-7.657100000000000017e-02
-7.650650000000000506e-02
-7.650650000000000506e-02
-7.650650000000000506e-02
-7.650650000000000506e-02
-7.646050000000000069e-02
-7.646050000000000069e-02
-7.644149999999999556e-02
-7.643949999999999356e-02
-7.632999999999999508e-02
-7.632999999999999508e-02
-7.631999999999999895e-02
-7.630449999999999733e-02
-7.630449999999999733e-02
-7.622199999999999809e-02
-7.620899999999999896e-02
-7.619149999999999534e-02
-7.617949999999999722e-02
-7.604349999999999998e-02
-7.604349999999999998e-02
-7.600550000000000361e-02
-7.600550000000000361e-02
-7.596700000000000674e-02
-7.593650000000000400e-02
-7.592100000000000237e-02
-7.583449999999999913e-02
-7.583449999999999913e-02
-7.578050000000000064e-02
-7.570649999999999602e-02
-7.570649999999999602e-02
-7.570649999999999602e-02
-7.569349999999999690e-02
-7.567899999999999627e-02
-7.549699999999999467e-02
-7.549699999999999467e-02
-7.549699999999999467e-02
-7.549699999999999467e-02
-7.547249999999999792e-02
-7.537499999999999756e-02
-7.537499999999999756e-02
-7.537499999999999756e-02
-7.537499999999999756e-02
-7.537499999999999756e-02
-7.536600000000000243e-02
-7.536600000000000243e-02
-7.536600000000000243e-02
-7.536550000000000193e-02
-7.526599999999999957e-02
-7.526599999999999957e-02
-7.476900000000000213e-02
-7.476900000000000213e-02
-7.476900000000000213e-02
-7.476900000000000213e-02
-7.476900000000000213e-02
-7.476900000000000213e-02
-7.476900000000000213e-02
-7.476900000000000213e-02
-7.476900000000000213e-02
-7.476900000000000213e-02
-7.476900000000000213e-02
-7.476900000000000213e-02
-7.473549999999999638e-02
-7.468149999999999789e-02
-7.468149999999999789e-02
-7.468149999999999789e-02
-7.465600000000000014e-02
-7.463100000000000289e-02
-7.463100000000000289e-02
-7.460350000000000315e-02
-7.460350000000000315e-02
-7.455199999999999327e-02
-7.452200000000000490e-02
-7.444449999999999679e-02
-7.444449999999999679e-02
-7.444449999999999679e-02
-7.431749999999999468e-02
-7.431749999999999468e-02
-7.424999999999999656e-02
-7.424999999999999656e-02
-7.424999999999999656e-02
-7.424999999999999656e-02
-7.423949999999999994e-02
-7.421850000000000669e-02
-7.410799999999999332e-02
-7.410799999999999332e-02
-7.408750000000000058e-02
-7.408750000000000058e-02
-7.408750000000000058e-02
-7.408750000000000058e-02
-7.392949999999999522e-02
-7.392949999999999522e-02
-7.392949999999999522e-02
-7.392949999999999522e-02
-7.392949999999999522e-02
-7.387699999999999823e-02
-7.383950000000000236e-02
-7.383950000000000236e-02
-7.375600000000000211e-02
-7.371850000000000624e-02
-7.371850000000000624e-02
-7.371850000000000624e-02
-7.371850000000000624e-02
-7.367300000000000237e-02
-7.365449999999999775e-02
-7.365399999999999725e-02
-7.363300000000000400e-02
-7.358000000000000651e-02
-7.357900000000000551e-02
-7.353350000000000164e-02
-7.350500000000000089e-02
-7.350500000000000089e-02
-7.347449999999999815e-02
-7.347449999999999815e-02
-7.344000000000000528e-02
-7.341250000000000553e-02
-7.341250000000000553e-02
-7.341250000000000553e-02
-7.338949999999999640e-02
-7.336950000000000416e-02
-7.327899999999999692e-02
-7.327899999999999692e-02
-7.327899999999999692e-02
-7.327899999999999692e-02
-7.327050000000000229e-02
-7.323949999999999905e-02
-7.323949999999999905e-02
-7.317800000000000693e-02
-7.317800000000000693e-02
-7.313550000000000606e-02
-7.310700000000000531e-02
-7.310700000000000531e-02
-7.306400000000000394e-02
-7.299999999999999545e-02
-7.281700000000000672e-02
-7.281700000000000672e-02
-7.281700000000000672e-02
-7.281700000000000672e-02
-7.281700000000000672e-02
-7.281700000000000672e-02
-7.269799999999999873e-02
-7.269799999999999873e-02
-7.262499999999999512e-02
-7.261950000000000349e-02
-7.261950000000000349e-02
-7.255399999999999350e-02
-7.255399999999999350e-02
-7.255399999999999350e-02
-7.255399999999999350e-02
-7.255150000000000488e-02
-7.250850000000000350e-02
-7.248599999999999488e-02
-7.246800000000000463e-02
-7.246049999999999713e-02
-7.246049999999999713e-02
-7.244399999999999451e-02
-7.243750000000000189e-02
-7.240449999999999664e-02
-7.240249999999999464e-02
-7.234250000000000402e-02
-7.234250000000000402e-02
-7.234250000000000402e-02
-7.232049999999999590e-02
-7.232049999999999590e-02
-7.232049999999999590e-02
-7.230050000000000365e-02
-7.228750000000000453e-02
-7.216749999999999554e-02
-7.212949999999999917e-02
-7.212949999999999917e-02
-7.212949999999999917e-02
-7.212949999999999917e-02
-7.212949999999999917e-02
-7.206899999999999418e-02
-7.200449999999999906e-02
-7.200449999999999906e-02
-7.199099999999999944e-02
-7.188450000000000395e-02
-7.188450000000000395e-02
-7.188450000000000395e-02
-7.188450000000000395e-02
-7.187799999999999745e-02
-7.187799999999999745e-02
-7.171149999999999747e-02
-7.171149999999999747e-02
-7.171149999999999747e-02
-7.156700000000000561e-02
-7.156700000000000561e-02
-7.156700000000000561e-02
-7.156700000000000561e-02
-7.156700000000000561e-02
-7.155350000000000599e-02
-7.155350000000000599e-02
-7.148000000000000187e-02
-7.148000000000000187e-02
-7.148000000000000187e-02
-7.146099999999999675e-02
-7.144749999999999712e-02
-7.134050000000000114e-02
-7.134050000000000114e-02
-7.134050000000000114e-02
-7.134050000000000114e-02
-7.132149999999999601e-02
-7.131200000000000039e-02
-7.129249999999999476e-02
-7.129249999999999476e-02
-7.122950000000000115e-02
-7.122950000000000115e-02
-7.122950000000000115e-02
-7.120049999999999990e-02
-7.117300000000000015e-02
-7.117300000000000015e-02
-7.117300000000000015e-02
-7.115799999999999903e-02
-7.114099999999999591e-02
-7.111750000000000016e-02
-7.111599999999999866e-02
-7.109949999999999604e-02
-7.108349999999999391e-02
-7.107249999999999679e-02
-7.100099999999999467e-02
-7.100099999999999467e-02
-7.100099999999999467e-02
-7.100099999999999467e-02
-7.100099999999999467e-02
-7.098250000000000393e-02
-7.098250000000000393e-02
-7.095849999999999380e-02
-7.095300000000000218e-02
-7.092650000000000343e-02
-7.088800000000000656e-02
-7.088800000000000656e-02
-7.087450000000000694e-02
-7.083399999999999419e-02
-7.083349999999999369e-02
-7.083349999999999369e-02
-7.083349999999999369e-02
-7.078750000000000320e-02
-7.074249999999999983e-02
-7.072100000000000608e-02
-7.072000000000000508e-02
-7.072000000000000508e-02
-7.048450000000000548e-02
-7.048300000000000398e-02
-7.048300000000000398e-02
-7.048300000000000398e-02
-7.048300000000000398e-02
-7.048300000000000398e-02
-7.048300000000000398e-02
-7.048300000000000398e-02
-7.048300000000000398e-02
-7.045700000000000573e-02
-7.045700000000000573e-02
-7.045700000000000573e-02
-7.045700000000000573e-02
-7.045700000000000573e-02
-7.040449999999999486e-02
-7.040449999999999486e-02
-7.039099999999999524e-02
-7.038300000000000112e-02
-7.038250000000000062e-02
-7.032449999999999812e-02
-7.029299999999999438e-02
-7.029299999999999438e-02
-7.029299999999999438e-02
-7.024049999999999738e-02
-7.021099999999999564e-02
-7.021099999999999564e-02
-7.021099999999999564e-02
-7.021099999999999564e-02
-7.015599999999999614e-02
-7.015599999999999614e-02
-7.012649999999999439e-02
-7.012649999999999439e-02
-7.004449999999999565e-02
-7.004449999999999565e-02
-7.004449999999999565e-02
-7.004449999999999565e-02
-7.004449999999999565e-02
-7.004349999999999465e-02
-7.000900000000000178e-02
-7.000900000000000178e-02
-6.997849999999999904e-02
-6.995999999999999441e-02
-6.988999999999999380e-02
-6.987450000000000605e-02
-6.985850000000000393e-02
-6.985500000000000043e-02
-6.979399999999999493e-02
-6.977700000000000569e-02
-6.975599999999999856e-02
-6.969250000000000445e-02
-6.969250000000000445e-02
-6.969250000000000445e-02
-6.966700000000000670e-02
-6.965699999999999670e-02
-6.965699999999999670e-02
-6.965699999999999670e-02
-6.965699999999999670e-02
-6.953249999999999709e-02
-6.953249999999999709e-02
-6.952049999999999896e-02
-6.952049999999999896e-02
-6.950950000000000184e-02
-6.942700000000000260e-02
-6.942700000000000260e-02
-6.942700000000000260e-02
-6.933699999999999586e-02
-6.933499999999999386e-02
-6.933499999999999386e-02
-6.932950000000000224e-02
-6.925349999999999562e-02
-6.925349999999999562e-02
-6.921449999999999825e-02
-6.920850000000000612e-02
-6.918199999999999350e-02
-6.918199999999999350e-02
-6.913149999999999851e-02
-6.913149999999999851e-02
-6.913149999999999851e-02
-6.913149999999999851e-02
-6.907449999999999701e-02
-6.907449999999999701e-02
-6.907000000000000639e-02
-6.904699999999999727e-02
-6.900199999999999390e-02
-6.895350000000000090e-02
-6.895350000000000090e-02
-6.895350000000000090e-02
-6.892049999999999566e-02
-6.892049999999999566e-02
-6.892049999999999566e-02
-6.890200000000000491e-02
-6.887250000000000316e-02
-6.887250000000000316e-02
-6.887150000000000216e-02
-6.883799999999999641e-02
-6.881049999999999667e-02
-6.880799999999999417e-02
-6.879699999999999704e-02
-6.874299999999999855e-02
-6.874299999999999855e-02
-6.868150000000000643e-02
-6.868150000000000643e-02
-6.865699999999999581e-02
-6.865699999999999581e-02
-6.862350000000000394e-02
-6.862350000000000394e-02
-6.857199999999999407e-02
-6.857199999999999407e-02
-6.856750000000000345e-02
-6.856349999999999945e-02
-6.854200000000000570e-02
-6.852450000000000208e-02
-6.849249999999999783e-02
-6.849249999999999783e-02
-6.846199999999999508e-02
-6.846199999999999508e-02
-6.844100000000000183e-02
-6.844100000000000183e-02
-6.844100000000000183e-02
-6.844100000000000183e-02
-6.840350000000000597e-02
-6.839499999999999746e-02
-6.826350000000000473e-02
-6.826350000000000473e-02
-6.819899999999999574e-02
-6.819899999999999574e-02
-6.819899999999999574e-02
-6.817299999999999749e-02
-6.817249999999999699e-02
-6.815999999999999837e-02
-6.814499999999999724e-02
-6.812899999999999512e-02
-6.807549999999999712e-02
-6.807549999999999712e-02
-6.807499999999999662e-02
-6.789449999999999652e-02
-6.789449999999999652e-02
-6.789449999999999652e-02
-6.780849999999999378e-02
-6.764149999999999330e-02
-6.764149999999999330e-02
-6.761649999999999605e-02
-6.761649999999999605e-02
-6.761649999999999605e-02
-6.761649999999999605e-02
-6.761649999999999605e-02
-6.748949999999999394e-02
-6.743699999999999695e-02
-6.743699999999999695e-02
-6.743699999999999695e-02
-6.743699999999999695e-02
-6.743699999999999695e-02
-6.743699999999999695e-02
-6.740400000000000558e-02
-6.739599999999999758e-02
-6.737799999999999345e-02
-6.737799999999999345e-02
-6.737799999999999345e-02
-6.737799999999999345e-02
-6.734049999999999758e-02
-6.733400000000000496e-02
-6.733400000000000496e-02
-6.732499999999999596e-02
-6.732249999999999346e-02
-6.723550000000000360e-02
-6.723550000000000360e-02
-6.723550000000000360e-02
-6.723550000000000360e-02
-6.715999999999999748e-02
-6.715999999999999748e-02
-6.712849999999999373e-02
-6.712849999999999373e-02
-6.707449999999999524e-02
-6.707449999999999524e-02
-6.707449999999999524e-02
-6.707449999999999524e-02
-6.703149999999999387e-02
-6.703149999999999387e-02
-6.703149999999999387e-02
-6.702099999999999724e-02
-6.702099999999999724e-02
-6.702099999999999724e-02
-6.701899999999999524e-02
-6.695249999999999813e-02
-6.695249999999999813e-02
-6.694650000000000600e-02
-6.693599999999999550e-02
-6.692549999999999888e-02
-6.689649999999999763e-02
-6.688049999999999551e-02
-6.687150000000000039e-02
-6.681249999999999689e-02
-6.681249999999999689e-02
-6.680800000000000627e-02
-6.680800000000000627e-02
-6.680200000000000027e-02
-6.676849999999999452e-02
-6.676400000000000390e-02
-6.676400000000000390e-02
-6.673949999999999327e-02
-6.673949999999999327e-02
-6.673250000000000015e-02
-6.673250000000000015e-02
-6.670900000000000440e-02
-6.670900000000000440e-02
-6.670249999999999790e-02
-6.666099999999999803e-02
-6.666099999999999803e-02
-6.666099999999999803e-02
-6.666099999999999803e-02
-6.665849999999999553e-02
-6.665849999999999553e-02
-6.665849999999999553e-02
-6.652900000000000480e-02
-6.652900000000000480e-02
-6.652900000000000480e-02
-6.652900000000000480e-02
-6.652900000000000480e-02
-6.641750000000000431e-02
-6.641750000000000431e-02
-6.641750000000000431e-02
-6.640100000000000169e-02
-6.640100000000000169e-02
-6.640100000000000169e-02
-6.640100000000000169e-02
-6.640100000000000169e-02
-6.640100000000000169e-02
-6.638149999999999606e-02
-6.627249999999999808e-02
-6.627249999999999808e-02
-6.627249999999999808e-02
-6.627249999999999808e-02
-6.627249999999999808e-02
-6.624900000000000233e-02
-6.623350000000000071e-02
-6.623350000000000071e-02
-6.623350000000000071e-02
-6.622799999999999521e-02
-6.620049999999999546e-02
-6.620049999999999546e-02
-6.620049999999999546e-02
-6.616950000000000609e-02
-6.616950000000000609e-02
-6.616350000000000009e-02
-6.615250000000000297e-02
-6.614200000000000634e-02
-6.614150000000000584e-02
-6.612899999999999334e-02
-6.612899999999999334e-02
-6.612899999999999334e-02
-6.612899999999999334e-02
-6.609500000000000097e-02
-6.609500000000000097e-02
-6.609199999999999797e-02
-6.608949999999999547e-02
-6.607349999999999335e-02
-6.607349999999999335e-02
-6.607349999999999335e-02
-6.603349999999999498e-02
-6.603349999999999498e-02
-6.603349999999999498e-02
-6.601450000000000373e-02
-6.601100000000000023e-02
-6.601100000000000023e-02
-6.601100000000000023e-02
-6.596899999999999986e-02
-6.596899999999999986e-02
-6.594800000000000662e-02
-6.594800000000000662e-02
-6.589299999999999324e-02
-6.588349999999999762e-02
-6.585950000000000137e-02
-6.585950000000000137e-02
-6.585950000000000137e-02
-6.585950000000000137e-02
-6.584349999999999925e-02
-6.582749999999999713e-02
-6.582749999999999713e-02
-6.575250000000000539e-02
-6.573199999999999876e-02
-6.573199999999999876e-02
-6.569099999999999939e-02
-6.569099999999999939e-02
-6.569099999999999939e-02
-6.568450000000000677e-02
-6.567199999999999427e-02
-6.566750000000000365e-02
-6.565150000000000152e-02
-6.565150000000000152e-02
-6.562149999999999928e-02
-6.559450000000000003e-02
-6.559450000000000003e-02
-6.559450000000000003e-02
-6.558150000000000091e-02
-6.558150000000000091e-02
-6.557799999999999740e-02
-6.554699999999999416e-02
-6.550250000000000516e-02
-6.550250000000000516e-02
-6.550250000000000516e-02
-6.550250000000000516e-02
-6.550250000000000516e-02
-6.549850000000000116e-02
-6.545950000000000379e-02
-6.545950000000000379e-02
-6.540400000000000380e-02
-6.539300000000000668e-02
-6.539300000000000668e-02
-6.539300000000000668e-02
-6.539300000000000668e-02
-6.539300000000000668e-02
-6.537350000000000105e-02
-6.537350000000000105e-02
-6.535799999999999943e-02
-6.535799999999999943e-02
-6.535799999999999943e-02
-6.522650000000000670e-02
-6.522650000000000670e-02
-6.522650000000000670e-02
-6.519300000000000095e-02
-6.519300000000000095e-02
-6.519300000000000095e-02
-6.519300000000000095e-02
-6.519300000000000095e-02
-6.519300000000000095e-02
-6.519300000000000095e-02
-6.518500000000000683e-02
-6.511350000000000471e-02
-6.511350000000000471e-02
-6.511350000000000471e-02
-6.511350000000000471e-02
-6.511350000000000471e-02
-6.511350000000000471e-02
-6.511100000000000221e-02
-6.510349999999999471e-02
-6.510050000000000558e-02
-6.509550000000000058e-02
-6.509299999999999808e-02
-6.508250000000000146e-02
-6.508250000000000146e-02
-6.504799999999999471e-02
-6.504799999999999471e-02
-6.504799999999999471e-02
-6.504799999999999471e-02
-6.501600000000000434e-02
-6.501600000000000434e-02
-6.501600000000000434e-02
-6.501300000000000134e-02
-6.501099999999999934e-02
-6.499050000000000660e-02
-6.499050000000000660e-02
-6.499050000000000660e-02
-6.499050000000000660e-02
-6.497100000000000097e-02
-6.497100000000000097e-02
-6.497100000000000097e-02
-6.494700000000000473e-02
-6.491900000000000448e-02
-6.489849999999999786e-02
-6.489849999999999786e-02
-6.489849999999999786e-02
-6.489849999999999786e-02
-6.489849999999999786e-02
-6.486350000000000449e-02
-6.486350000000000449e-02
-6.486350000000000449e-02
-6.481049999999999311e-02
-6.473950000000000538e-02
-6.471000000000000363e-02
-6.467799999999999938e-02
-6.467799999999999938e-02
-6.462550000000000239e-02
-6.462550000000000239e-02
-6.439200000000000479e-02
-6.439200000000000479e-02
-6.439200000000000479e-02
-6.439200000000000479e-02
-6.439200000000000479e-02
-6.417699999999999794e-02
-6.417299999999999394e-02
-6.417299999999999394e-02
-6.417299999999999394e-02
-6.416750000000000231e-02
-6.412400000000000044e-02
-6.412400000000000044e-02
-6.408450000000000257e-02
-6.408450000000000257e-02
-6.406749999999999945e-02
-6.406749999999999945e-02
-6.404849999999999433e-02
-6.404849999999999433e-02
-6.401999999999999358e-02
-6.401750000000000496e-02
-6.401750000000000496e-02
-6.395399999999999696e-02
-6.395399999999999696e-02
-6.395399999999999696e-02
-6.395399999999999696e-02
-6.395399999999999696e-02
-6.393350000000000422e-02
-6.391199999999999659e-02
-6.391199999999999659e-02
-6.390350000000000197e-02
-6.390350000000000197e-02
-6.390350000000000197e-02
-6.390149999999999997e-02
-6.390149999999999997e-02
-6.389549999999999397e-02
-6.388199999999999434e-02
-6.388000000000000622e-02
-6.388000000000000622e-02
-6.385699999999999710e-02
-6.385649999999999660e-02
-6.383999999999999397e-02
-6.383900000000000685e-02
-6.382200000000000373e-02
-6.382100000000000273e-02
-6.380900000000000460e-02
-6.375849999999999573e-02
-6.375849999999999573e-02
-6.375849999999999573e-02
-6.375849999999999573e-02
-6.371499999999999386e-02
-6.371499999999999386e-02
-6.371499999999999386e-02
-6.371499999999999386e-02
-6.371499999999999386e-02
-6.370299999999999574e-02
-6.370299999999999574e-02
-6.370299999999999574e-02
-6.370299999999999574e-02
-6.369750000000000412e-02
-6.360150000000000525e-02
-6.360150000000000525e-02
-6.360150000000000525e-02
-6.360150000000000525e-02
-6.358850000000000613e-02
-6.358850000000000613e-02
-6.338000000000000578e-02
-6.334549999999999903e-02
-6.334549999999999903e-02
-6.334549999999999903e-02
-6.334549999999999903e-02
-6.334549999999999903e-02
-6.334549999999999903e-02
-6.334549999999999903e-02
-6.334199999999999553e-02
-6.333099999999999841e-02
-6.333099999999999841e-02
-6.332150000000000278e-02
-6.325500000000000567e-02
-6.324399999999999467e-02
-6.324399999999999467e-02
-6.320549999999999780e-02
-6.318899999999999517e-02
-6.318899999999999517e-02
-6.318899999999999517e-02
-6.318899999999999517e-02
-6.316249999999999643e-02
-6.316249999999999643e-02
-6.311350000000000293e-02
-6.311350000000000293e-02
-6.311350000000000293e-02
-6.311350000000000293e-02
-6.310350000000000681e-02
-6.310350000000000681e-02
-6.309900000000000231e-02
-6.309299999999999631e-02
-6.309299999999999631e-02
-6.307599999999999318e-02
-6.304999999999999494e-02
-6.304999999999999494e-02
-6.304999999999999494e-02
-6.304949999999999444e-02
-6.295649999999999857e-02
-6.295649999999999857e-02
-6.295649999999999857e-02
-6.295649999999999857e-02
-6.294550000000000145e-02
-6.291449999999999820e-02
-6.285350000000000659e-02
-6.280449999999999922e-02
-6.280449999999999922e-02
-6.280449999999999922e-02
-6.280449999999999922e-02
-6.278250000000000497e-02
-6.277449999999999697e-02
-6.274499999999999522e-02
-6.274499999999999522e-02
-6.270399999999999585e-02
-6.270399999999999585e-02
-6.270199999999999385e-02
-6.265099999999999836e-02
-6.261949999999999461e-02
-6.261949999999999461e-02
-6.255349999999999799e-02
-6.255349999999999799e-02
-6.255349999999999799e-02
-6.255349999999999799e-02
-6.255349999999999799e-02
-6.255349999999999799e-02
-6.255349999999999799e-02
-6.255349999999999799e-02
-6.255349999999999799e-02
-6.254300000000000137e-02
-6.254300000000000137e-02
-6.253599999999999437e-02
-6.253599999999999437e-02
-6.253250000000000475e-02
-6.253250000000000475e-02
-6.252850000000000075e-02
-6.237150000000000333e-02
-6.237150000000000333e-02
-6.237150000000000333e-02
-6.237150000000000333e-02
-6.237150000000000333e-02
-6.237150000000000333e-02
-6.237150000000000333e-02
-6.237150000000000333e-02
-6.237150000000000333e-02
-6.230700000000000127e-02
-6.230700000000000127e-02
-6.230700000000000127e-02
-6.229350000000000165e-02
-6.229350000000000165e-02
-6.228700000000000209e-02
-6.228700000000000209e-02
-6.228700000000000209e-02
-6.228700000000000209e-02
-6.228700000000000209e-02
-6.224450000000000122e-02
-6.224199999999999872e-02
-6.223599999999999965e-02
-6.222300000000000053e-02
-6.222300000000000053e-02
-6.222300000000000053e-02
-6.222300000000000053e-02
-6.219999999999999835e-02
-6.219999999999999835e-02
-6.219999999999999835e-02
-6.219849999999999685e-02
-6.215049999999999741e-02
-6.215049999999999741e-02
-6.213799999999999879e-02
-6.211749999999999911e-02
-6.211749999999999911e-02
-6.211749999999999911e-02
-6.211749999999999911e-02
-6.211749999999999911e-02
-6.211450000000000304e-02
-6.211250000000000104e-02
-6.209150000000000086e-02
-6.209150000000000086e-02
-6.209150000000000086e-02
-6.206699999999999717e-02
-6.206699999999999717e-02
-6.206699999999999717e-02
-6.206699999999999717e-02
-6.206199999999999911e-02
-6.203550000000000036e-02
-6.203499999999999986e-02
-6.201249999999999818e-02
-6.201249999999999818e-02
-6.201249999999999818e-02
-6.201249999999999818e-02
-6.198000000000000037e-02
-6.197899999999999937e-02
-6.197899999999999937e-02
-6.197099999999999831e-02
-6.197099999999999831e-02
-6.197099999999999831e-02
-6.197099999999999831e-02
-6.196399999999999825e-02
-6.195799999999999919e-02
-6.195699999999999819e-02
-6.194899999999999712e-02
-6.194899999999999712e-02
-6.194750000000000256e-02
-6.194750000000000256e-02
-6.192700000000000288e-02
-6.187499999999999944e-02
-6.187499999999999944e-02
-6.187499999999999944e-02
-6.187499999999999944e-02
-6.187499999999999944e-02
-6.187399999999999844e-02
-6.187399999999999844e-02
-6.187399999999999844e-02
-6.187000000000000138e-02
-6.185949999999999782e-02
-6.185949999999999782e-02
-6.184150000000000064e-02
-6.182950000000000251e-02
-6.182950000000000251e-02
-6.182950000000000251e-02
-6.181999999999999995e-02
-6.175400000000000333e-02
-6.175400000000000333e-02
-6.172949999999999965e-02
-6.172949999999999965e-02
-6.172949999999999965e-02
-6.172949999999999965e-02
-6.172949999999999965e-02
-6.172949999999999965e-02
-6.172949999999999965e-02
-6.172049999999999759e-02
-6.171700000000000103e-02
-6.171399999999999803e-02
-6.166900000000000159e-02
-6.166900000000000159e-02
-6.155299999999999661e-02
-6.155299999999999661e-02
-6.155299999999999661e-02
-6.155299999999999661e-02
-6.155299999999999661e-02
-6.155299999999999661e-02
-6.153600000000000042e-02
-6.153600000000000042e-02
-6.153600000000000042e-02
-6.131700000000000345e-02
-6.131700000000000345e-02
-6.131700000000000345e-02
-6.131700000000000345e-02
-6.131700000000000345e-02
-6.131700000000000345e-02
-6.131700000000000345e-02
-6.131700000000000345e-02
-6.131700000000000345e-02
-6.131700000000000345e-02
-6.131000000000000338e-02
-6.131000000000000338e-02
-6.131000000000000338e-02
-6.131000000000000338e-02
-6.129849999999999882e-02
-6.114300000000000290e-02
-6.114300000000000290e-02
-6.114300000000000290e-02
-6.114300000000000290e-02
-6.114300000000000290e-02
-6.110600000000000059e-02
-6.110600000000000059e-02
-6.102099999999999885e-02
-6.102099999999999885e-02
-6.102099999999999885e-02
-6.102099999999999885e-02
-6.102099999999999885e-02
-6.102099999999999885e-02
-6.102099999999999885e-02
-6.101499999999999979e-02
-6.100649999999999823e-02
-6.099399999999999961e-02
-6.099399999999999961e-02
-6.099099999999999661e-02
-6.097999999999999948e-02
-6.097999999999999948e-02
-6.094249999999999667e-02
-6.077099999999999863e-02
-6.077099999999999863e-02
-6.077099999999999863e-02
-6.077099999999999863e-02
-6.077099999999999863e-02
-6.075300000000000145e-02
-6.073699999999999932e-02
-6.073699999999999932e-02
-6.073699999999999932e-02
-6.072600000000000220e-02
-6.072600000000000220e-02
-6.070350000000000051e-02
-6.068599999999999689e-02
-6.068599999999999689e-02
-6.068350000000000133e-02
-6.065550000000000108e-02
-6.065550000000000108e-02
-6.065550000000000108e-02
-6.064599999999999852e-02
-6.063199999999999840e-02
-6.062000000000000027e-02
-6.061099999999999821e-02
-6.060999999999999721e-02
-6.055699999999999972e-02
-6.055599999999999872e-02
-6.055599999999999872e-02
-6.055599999999999872e-02
-6.055150000000000116e-02
-6.055150000000000116e-02
-6.054550000000000209e-02
-6.054550000000000209e-02
-6.052949999999999997e-02
-6.052799999999999847e-02
-6.052799999999999847e-02
-6.052450000000000191e-02
-6.047399999999999998e-02
-6.047399999999999998e-02
-6.044900000000000273e-02
-6.042499999999999954e-02
-6.042499999999999954e-02
-6.042050000000000198e-02
-6.041649999999999798e-02
-6.038199999999999817e-02
-6.038199999999999817e-02
-6.038199999999999817e-02
-6.035750000000000143e-02
-6.032350000000000212e-02
-6.032350000000000212e-02
-6.032350000000000212e-02
-6.032350000000000212e-02
-6.032350000000000212e-02
-6.032300000000000162e-02
-6.029999999999999943e-02
-6.029999999999999943e-02
-6.028300000000000325e-02
-6.028300000000000325e-02
-6.028300000000000325e-02
-6.028300000000000325e-02
-6.028150000000000175e-02
-6.028150000000000175e-02
-6.026750000000000163e-02
-6.026449999999999863e-02
-6.026449999999999863e-02
-6.026449999999999863e-02
-6.025549999999999656e-02
-6.022899999999999782e-02
-6.022899999999999782e-02
-6.022899999999999782e-02
-6.022899999999999782e-02
-6.022899999999999782e-02
-6.016900000000000026e-02
-6.015849999999999670e-02
-6.014900000000000108e-02
-6.008449999999999902e-02
-6.008449999999999902e-02
-6.008449999999999902e-02
-6.008449999999999902e-02
-6.005049999999999971e-02
-6.003850000000000159e-02
-6.003850000000000159e-02
-6.003649999999999959e-02
-6.002199999999999896e-02
-6.002199999999999896e-02
-6.002199999999999896e-02
-6.002099999999999796e-02
-6.001200000000000284e-02
-6.001200000000000284e-02
-6.000550000000000328e-02
-6.000300000000000078e-02
-6.000099999999999878e-02
-5.998049999999999909e-02
-5.996049999999999991e-02
-5.996049999999999991e-02
-5.990550000000000042e-02
-5.989250000000000129e-02
-5.986799999999999761e-02
-5.986799999999999761e-02
-5.986799999999999761e-02
-5.985449999999999798e-02
-5.985449999999999798e-02
-5.985449999999999798e-02
-5.977249999999999924e-02
-5.976750000000000118e-02
-5.976750000000000118e-02
-5.975250000000000006e-02
-5.975250000000000006e-02
-5.975250000000000006e-02
-5.970249999999999863e-02
-5.970249999999999863e-02
-5.968149999999999844e-02
-5.968099999999999794e-02
-5.968099999999999794e-02
-5.968099999999999794e-02
-5.966749999999999832e-02
-5.961700000000000332e-02
-5.961700000000000332e-02
-5.961600000000000232e-02
-5.961600000000000232e-02
-5.961600000000000232e-02
-5.961450000000000082e-02
-5.961450000000000082e-02
-5.960050000000000070e-02
-5.957799999999999901e-02
-5.957699999999999801e-02
-5.955900000000000083e-02
-5.954399999999999971e-02
-5.954399999999999971e-02
-5.953449999999999714e-02
-5.953449999999999714e-02
-5.950949999999999990e-02
-5.949249999999999677e-02
-5.949249999999999677e-02
-5.949249999999999677e-02
-5.949249999999999677e-02
-5.943999999999999978e-02
-5.943999999999999978e-02
-5.943999999999999978e-02
-5.943999999999999978e-02
-5.943999999999999978e-02
-5.943999999999999978e-02
-5.941749999999999809e-02
-5.941749999999999809e-02
-5.941749999999999809e-02
-5.940800000000000247e-02
-5.940800000000000247e-02
-5.940800000000000247e-02
-5.940499999999999947e-02
-5.938249999999999779e-02
-5.938249999999999779e-02
-5.938249999999999779e-02
-5.938249999999999779e-02
-5.938249999999999779e-02
-5.938249999999999779e-02
-5.938249999999999779e-02
-5.936450000000000060e-02
-5.936450000000000060e-02
-5.936450000000000060e-02
-5.935549999999999854e-02
-5.931449999999999917e-02
-5.928499999999999742e-02
-5.928499999999999742e-02
-5.926950000000000274e-02
-5.926900000000000224e-02
-5.926349999999999674e-02
-5.925400000000000111e-02
-5.925400000000000111e-02
-5.924750000000000155e-02
-5.924399999999999805e-02
-5.924399999999999805e-02
-5.923450000000000243e-02
-5.923450000000000243e-02
-5.923450000000000243e-02
-5.920099999999999668e-02
-5.920099999999999668e-02
-5.920099999999999668e-02
-5.920099999999999668e-02
-5.920099999999999668e-02
-5.920099999999999668e-02
-5.920099999999999668e-02
-5.918450000000000100e-02
-5.916849999999999887e-02
-5.916849999999999887e-02
-5.915549999999999975e-02
-5.915549999999999975e-02
-5.914149999999999963e-02
-5.914149999999999963e-02
-5.914149999999999963e-02
-5.913800000000000306e-02
-5.913800000000000306e-02
-5.910800000000000082e-02
-5.910800000000000082e-02
-5.910800000000000082e-02
-5.910800000000000082e-02
-5.908700000000000063e-02
-5.907950000000000007e-02
-5.904849999999999682e-02
-5.904849999999999682e-02
-5.904849999999999682e-02
-5.904249999999999776e-02
-5.904249999999999776e-02
-5.904249999999999776e-02
-5.904249999999999776e-02
-5.901950000000000252e-02
-5.901900000000000202e-02
-5.900899999999999895e-02
-5.900899999999999895e-02
-5.900899999999999895e-02
-5.897899999999999671e-02
-5.895600000000000146e-02
-5.895600000000000146e-02
-5.895600000000000146e-02
-5.895600000000000146e-02
-5.895600000000000146e-02
-5.895600000000000146e-02
-5.895600000000000146e-02
-5.895600000000000146e-02
-5.894400000000000334e-02
-5.893999999999999934e-02
-5.891699999999999715e-02
-5.890750000000000153e-02
-5.888600000000000084e-02
-5.888600000000000084e-02
-5.888199999999999684e-02
-5.886399999999999966e-02
-5.886399999999999966e-02
-5.886399999999999966e-02
-5.886399999999999966e-02
-5.884999999999999953e-02
-5.884999999999999953e-02
-5.884999999999999953e-02
-5.884149999999999797e-02
-5.884149999999999797e-02
-5.884149999999999797e-02
-5.884049999999999697e-02
-5.882949999999999985e-02
-5.882949999999999985e-02
-5.882949999999999985e-02
-5.882500000000000229e-02
-5.881200000000000316e-02
-5.881200000000000316e-02
-5.881200000000000316e-02
-5.875849999999999823e-02
-5.875849999999999823e-02
-5.875849999999999823e-02
-5.875849999999999823e-02
-5.872399999999999842e-02
-5.872399999999999842e-02
-5.872399999999999842e-02
-5.871450000000000280e-02
-5.870050000000000268e-02
-5.870050000000000268e-02
-5.868949999999999861e-02
-5.868949999999999861e-02
-5.857300000000000006e-02
-5.857300000000000006e-02
-5.857300000000000006e-02
-5.856600000000000000e-02
-5.855500000000000288e-02
-5.854949999999999738e-02
-5.853950000000000126e-02
-5.849549999999999889e-02
-5.849549999999999889e-02
-5.849549999999999889e-02
-5.849549999999999889e-02
-5.849549999999999889e-02
-5.849549999999999889e-02
-5.847449999999999870e-02
-5.847449999999999870e-02
-5.845700000000000202e-02
-5.845700000000000202e-02
-5.845700000000000202e-02
-5.845700000000000202e-02
-5.845700000000000202e-02
-5.845700000000000202e-02
-5.845700000000000202e-02
-5.845700000000000202e-02
-5.845050000000000245e-02
-5.844850000000000045e-02
-5.844850000000000045e-02
-5.844850000000000045e-02
-5.844850000000000045e-02
-5.844699999999999895e-02
-5.844450000000000339e-02
-5.844450000000000339e-02
-5.843399999999999983e-02
-5.843399999999999983e-02
-5.843399999999999983e-02
-5.838399999999999840e-02
-5.838399999999999840e-02
-5.835350000000000259e-02
-5.835350000000000259e-02
-5.835350000000000259e-02
-5.835350000000000259e-02
-5.835350000000000259e-02
-5.835350000000000259e-02
-5.835350000000000259e-02
-5.834849999999999759e-02
-5.834849999999999759e-02
-5.834849999999999759e-02
-5.834149999999999753e-02
-5.832949999999999940e-02
-5.831349999999999728e-02
-5.830899999999999972e-02
-5.827750000000000291e-02
-5.827750000000000291e-02
-5.827750000000000291e-02
-5.826300000000000229e-02
-5.824750000000000066e-02
-5.824750000000000066e-02
-5.822700000000000098e-02
-5.822700000000000098e-02
-5.822700000000000098e-02
-5.819350000000000217e-02
-5.817699999999999955e-02
-5.817699999999999955e-02
-5.816400000000000042e-02
-5.815599999999999936e-02
-5.814199999999999924e-02
-5.812849999999999961e-02
-5.811050000000000243e-02
-5.810950000000000143e-02
-5.810950000000000143e-02
-5.810900000000000093e-02
-5.808750000000000024e-02
-5.808750000000000024e-02
-5.808750000000000024e-02
-5.808750000000000024e-02
-5.807099999999999762e-02
-5.807049999999999712e-02
-5.807049999999999712e-02
-5.807049999999999712e-02
-5.807049999999999712e-02
-5.806700000000000056e-02
-5.791999999999999926e-02
-5.791999999999999926e-02
-5.791999999999999926e-02
-5.791999999999999926e-02
-5.791999999999999926e-02
-5.791999999999999926e-02
-5.791999999999999926e-02
-5.791999999999999926e-02
-5.791600000000000220e-02
-5.791600000000000220e-02
-5.791600000000000220e-02
-5.790599999999999914e-02
-5.790599999999999914e-02
-5.790599999999999914e-02
-5.790599999999999914e-02
-5.789350000000000052e-02
-5.789199999999999902e-02
-5.788299999999999695e-02
-5.787950000000000039e-02
-5.786150000000000321e-02
-5.785599999999999771e-02
-5.785599999999999771e-02
-5.785599999999999771e-02
-5.785400000000000265e-02
-5.785150000000000015e-02
-5.785150000000000015e-02
-5.784949999999999815e-02
-5.784949999999999815e-02
-5.784450000000000008e-02
-5.784450000000000008e-02
-5.784050000000000302e-02
-5.783499999999999752e-02
-5.783499999999999752e-02
-5.783449999999999702e-02
-5.782700000000000340e-02
-5.781200000000000228e-02
-5.781200000000000228e-02
-5.777199999999999697e-02
-5.777199999999999697e-02
-5.774549999999999822e-02
-5.772850000000000203e-02
-5.772850000000000203e-02
-5.772000000000000047e-02
-5.767850000000000060e-02
-5.767850000000000060e-02
-5.767850000000000060e-02
-5.766999999999999904e-02
-5.766199999999999798e-02
-5.764400000000000079e-02
-5.764400000000000079e-02
-5.764400000000000079e-02
-5.764249999999999929e-02
-5.763299999999999673e-02
-5.763100000000000167e-02
-5.762699999999999767e-02
-5.762500000000000261e-02
-5.762199999999999961e-02
-5.762049999999999811e-02
-5.756750000000000062e-02
-5.756750000000000062e-02
-5.756200000000000205e-02
-5.756200000000000205e-02
-5.756200000000000205e-02
-5.756200000000000205e-02
-5.754999999999999699e-02
-5.754599999999999993e-02
-5.754549999999999943e-02
-5.754100000000000187e-02
-5.753950000000000037e-02
-5.752700000000000174e-02
-5.752700000000000174e-02
-5.752550000000000024e-02
-5.751649999999999818e-02
-5.751649999999999818e-02
-5.751649999999999818e-02
-5.751450000000000312e-02
-5.749150000000000094e-02
-5.749150000000000094e-02
-5.748899999999999844e-02
-5.748899999999999844e-02
-5.748899999999999844e-02
-5.748299999999999937e-02
-5.747449999999999781e-02
-5.747250000000000275e-02
-5.746849999999999875e-02
-5.741899999999999782e-02
