3.630293098481948699e-01
5.000447599994695125e-01
2.343211122775134270e-01
9.749474172155319085e-01
7.979942018526291481e-01
4.491525255598129429e-01
9.605364060697534345e-01
7.779658289481623523e-01
5.072941517396394318e-01
9.519975387578043513e-01
6.699618346203024544e-01
5.264528799776863055e-01
9.646441285105258334e-01
7.888108714016266454e-01
3.935068309575387446e-01
9.815780499225641442e-01
7.420828051899850397e-01
4.792972686750206490e-01
9.840220762405327282e-01
7.564113123901182734e-01
6.213057748128739677e-01
9.590977075789455242e-01
7.368001704758861958e-01
5.568788046358144062e-01
9.813794091072103321e-01
6.832625659767104231e-01
5.733919625303677270e-01
9.716259764577566127e-01
7.267302086290099439e-01
1.508774236632333121e-01
9.614591684185975762e-01
7.559197782856892367e-01
6.171565443170781151e-01
9.704089617167312998e-01
8.750014311777096765e-01
4.248501547119839516e-01
9.640667923085375346e-01
7.443179792479016621e-01
5.209840615838958744e-01
9.854052820662889678e-01
7.582044324485428533e-01
7.049380909242672910e-01
9.707683960669090117e-01
7.782016944697134342e-01
6.297197454048377718e-01
9.682854732235366413e-01
8.021496188533723259e-01
5.610561500829109871e-01
9.571276737389402545e-01
8.258228807984968611e-01
4.968871773464059727e-01
9.769681049355507518e-01
7.470005915223854043e-01
3.457862882980617947e-01
9.526163128678193370e-01
9.021473766660599303e-01
3.561237798856322634e-01
9.637303728714858853e-01
7.944143059293419240e-01
4.869279186803184833e-01
9.849858083923990204e-01
8.499122976489010828e-01
6.687436034262468354e-01
9.612571028425135333e-01
7.664813471139177992e-01
5.981522575476631021e-01
9.694465394768121413e-01
7.397025046222880373e-01
5.001196943890340307e-01
9.694547558421910960e-01
7.337373984737582955e-01
5.493799861709152133e-01
9.765781889979181507e-01
7.114151869579687926e-01
5.653754474441420319e-01
9.747462133401971762e-01
7.846314414082677935e-01
7.940148103844265615e-01
9.696836075127979182e-01
8.070436879826718979e-01
6.905712432055624017e-01
9.572136088312950264e-01
6.676649763929034531e-01
5.721222786189092968e-01
9.529692841843298012e-01
6.501695844445791739e-01
5.963083140148168759e-01
9.583878563734788969e-01
6.483797490966726196e-01
5.995303785572984046e-01
9.876625019050295773e-01
6.852231963802271064e-01
6.453688685324905361e-01
9.854446928263265182e-01
7.872283513656568310e-01
5.822909900374649839e-01
9.588684450043971630e-01
6.901996006083566115e-01
6.180887337588389929e-01
9.821537494048738770e-01
7.288673415840023484e-01
7.284143132367597584e-01
9.742885359652890820e-01
6.463592036265498608e-01
6.952464709399492904e-01
9.848487639296543694e-01
6.752103347840050507e-01
7.302233360411229945e-01
9.648644578568905672e-01
7.276094512024584571e-01
8.058941804893988703e-01
9.848816708970578038e-01
6.911142925316338115e-01
7.385475405962198536e-01
9.934229980176366714e-01
6.613986584221702714e-01
8.076804529584147296e-01
9.896510675628622522e-01
6.702069053293917555e-01
2.219156604105933517e-01
9.685085378645865717e-01
6.383790600567100793e-01
7.892819880047196035e-01
9.797559341928712140e-01
6.848556344568179632e-01
2.836772327499844093e-01
9.767882454465011133e-01
6.685569678325364862e-01
2.592927264797994513e-01
9.836084759301015890e-01
7.202390867290144882e-01
2.572070461337908065e-01
9.821285194112894246e-01
7.139695987903342811e-01
2.822442521529964221e-01
9.750438695188071714e-01
6.594648874691189100e-01
2.681659471853666821e-01
9.676865328783579301e-01
6.538304467216069504e-01
3.214275354467197587e-01
9.716706287895136018e-01
6.806832672340391577e-01
3.689190401023118016e-01
9.728601985886167203e-01
7.060434524585896821e-01
3.266563841186755357e-01
9.801745159339283475e-01
7.121282880252091108e-01
2.166979618868757895e-01
9.882189507559873132e-01
6.667017548869906829e-01
1.090911969973679119e-01
9.879320456363227532e-01
6.346629149960173466e-01
4.824355735244714172e-01
9.775086474534950831e-01
7.052796818624169628e-01
4.059670444849993176e-01
9.740563189428745883e-01
7.335911077244967604e-01
4.040162692043911541e-01
9.735464499462518351e-01
6.993080048067127352e-01
3.789480462613260547e-01
9.789160460992880619e-01
6.080017211747368311e-01
5.424296258731136078e-01
9.751471925390766682e-01
6.561521388368100061e-01
5.415828931474908625e-01
9.853010359181051392e-01
6.697757324457700445e-01
4.644818741993843592e-01
9.956956378380016348e-01
6.387777179349179990e-01
5.255607478776898045e-01
9.842290544955949461e-01
6.093283630097949821e-01
6.333523369436488970e-01
9.919048841184896492e-01
6.910859666911005617e-01
5.135845774367926442e-01
9.858411603466248341e-01
5.673932488945656605e-01
3.555470338210081072e-01
9.911405464939317955e-01
5.722230693603698182e-01
3.829514434801668532e-01
9.866332485928421825e-01
5.864733438488728412e-01
6.907210896130658861e-01
9.875598911962499837e-01
5.830970400240784723e-01
4.242244121750231023e-01
9.865550580322695051e-01
6.295297816899418919e-01
5.819274792780528838e-01
9.941612991269666022e-01
5.774468986289263972e-01
4.513999012505865993e-01
9.983829558615830990e-01
5.756225878878764579e-01
7.929354925544750410e-01
9.966080090996771723e-01
6.059782026766437069e-01
6.934013892449342187e-01
9.933983726519657331e-01
5.700659005524768563e-01
5.138849659853643725e-01
9.804536862401944664e-01
5.417376301643084258e-01
5.265146273462384396e-01
9.969080625596207224e-01
5.526628327330902479e-01
5.356323888992229332e-01
9.952204705425797826e-01
5.478781924904234657e-01
5.343208734477142841e-01
9.955903726209085480e-01
5.357062689003603273e-01
5.307537041123260302e-01
