-6.522525000000000128e-01
-6.007299999999999862e-01
-6.007299999999999862e-01
-5.825799999999999867e-01
-5.346754999999999702e-01
-5.346754999999999702e-01
-5.001200000000000090e-01
-4.767575000000000007e-01
-4.767575000000000007e-01
-4.641020000000000145e-01
-4.605230000000000157e-01
-4.385850000000000026e-01
-4.348839999999999928e-01
-4.322845000000000160e-01
-4.302250000000000241e-01
-4.251429999999999931e-01
-4.224924999999999931e-01
-4.224924999999999931e-01
-4.202449999999999797e-01
-4.192155000000000187e-01
-4.155895000000000006e-01
-4.139455000000000218e-01
-4.104869999999999908e-01
-4.104869999999999908e-01
-4.104869999999999908e-01
-4.104869999999999908e-01
-4.091480000000000117e-01
-4.084935000000000094e-01
-4.075670000000000126e-01
-4.067959999999999909e-01
-4.062545000000000184e-01
-4.056255000000000277e-01
-3.923960000000000226e-01
-3.923960000000000226e-01
-3.923960000000000226e-01
-3.923960000000000226e-01
-3.923960000000000226e-01
-3.915120000000000267e-01
-3.900104999999999822e-01
-3.895044999999999757e-01
-3.888785000000000158e-01
-3.875394999999999812e-01
-3.875394999999999812e-01
-3.853019999999999778e-01
-3.853019999999999778e-01
-3.842130000000000267e-01
-3.820244999999999891e-01
-3.820244999999999891e-01
-3.818245000000000111e-01
-3.786745000000000250e-01
-3.785994999999999777e-01
-3.771590000000000220e-01
-3.771590000000000220e-01
-3.751444999999999919e-01
-3.751444999999999919e-01
-3.726214999999999944e-01
-3.715674999999999950e-01
-3.704160000000000230e-01
-3.704160000000000230e-01
-3.684275000000000189e-01
-3.684275000000000189e-01
-3.675714999999999955e-01
-3.675714999999999955e-01
-3.662004999999999844e-01
-3.660645000000000149e-01
-3.651114999999999777e-01
-3.634155000000000024e-01
-3.620645000000000113e-01
-3.620645000000000113e-01
-3.619344999999999923e-01
-3.607744999999999980e-01
-3.604984999999999995e-01
-3.592639999999999723e-01
-3.580869999999999886e-01
-3.569244999999999779e-01
-3.569244999999999779e-01
-3.563014999999999932e-01
-3.560470000000000024e-01
-3.552354999999999818e-01
-3.547890000000000210e-01
-3.531630000000000047e-01
-3.531630000000000047e-01
-3.529740000000000100e-01
-3.518935000000000257e-01
-3.518935000000000257e-01
-3.501150000000000095e-01
-3.501150000000000095e-01
-3.491374999999999895e-01
-3.265255000000000241e-01
-3.265255000000000241e-01
-3.265255000000000241e-01
-3.184265000000000012e-01
-3.184265000000000012e-01
-3.184265000000000012e-01
-3.184265000000000012e-01
-3.184265000000000012e-01
-3.148020000000000262e-01
-3.143905000000000172e-01
-3.125585000000000169e-01
-3.088739999999999819e-01
-3.088739999999999819e-01
-3.088739999999999819e-01
-3.067385000000000250e-01
-3.067385000000000250e-01
-3.064895000000000258e-01
-3.054775000000000129e-01
-3.045194999999999985e-01
-3.044115000000000015e-01
-3.008460000000000023e-01
-3.008460000000000023e-01
-3.008460000000000023e-01
-3.008460000000000023e-01
-2.991705000000000059e-01
-2.981374999999999997e-01
-2.950984999999999858e-01
-2.950984999999999858e-01
-2.950984999999999858e-01
-2.939229999999999898e-01
-2.939229999999999898e-01
-2.918835000000000179e-01
-2.918835000000000179e-01
-2.918835000000000179e-01
-2.915460000000000274e-01
-2.903215000000000101e-01
-2.897120000000000251e-01
-2.873970000000000136e-01
-2.868694999999999995e-01
-2.845004999999999895e-01
-2.845004999999999895e-01
-2.845004999999999895e-01
-2.844380000000000241e-01
-2.834054999999999769e-01
-2.830314999999999914e-01
-2.829749999999999766e-01
-2.813100000000000045e-01
-2.802430000000000199e-01
-2.792990000000000195e-01
-2.792990000000000195e-01
-2.789749999999999730e-01
-2.773599999999999954e-01
-2.759119999999999906e-01
-2.757474999999999787e-01
-2.747229999999999950e-01
-2.733499999999999819e-01
-2.733499999999999819e-01
-2.733499999999999819e-01
-2.732459999999999889e-01
-2.718754999999999922e-01
-2.700489999999999835e-01
-2.700130000000000030e-01
-2.700130000000000030e-01
-2.648170000000000246e-01
-2.638604999999999978e-01
-2.638604999999999978e-01
-2.632515000000000271e-01
-2.601080000000000059e-01
-2.601080000000000059e-01
-2.582780000000000076e-01
-2.564790000000000125e-01
-2.557185000000000152e-01
-2.557185000000000152e-01
-2.539850000000000163e-01
-2.539850000000000163e-01
-2.539850000000000163e-01
-2.512334999999999985e-01
-2.512334999999999985e-01
-2.512334999999999985e-01
-2.512334999999999985e-01
-2.510140000000000149e-01
-2.479159999999999975e-01
-2.479159999999999975e-01
-2.477600000000000080e-01
-2.477600000000000080e-01
-2.472705000000000042e-01
-2.462654999999999983e-01
-2.454024999999999956e-01
-2.435519999999999907e-01
-2.431554999999999966e-01
-2.431180000000000008e-01
-2.418369999999999964e-01
-2.418369999999999964e-01
-2.413869999999999905e-01
-2.413869999999999905e-01
-2.406699999999999950e-01
-2.406699999999999950e-01
-2.400690000000000046e-01
-2.391089999999999882e-01
-2.391089999999999882e-01
-2.379819999999999991e-01
-2.367074999999999874e-01
-2.367074999999999874e-01
-2.353445000000000120e-01
-2.353445000000000120e-01
-2.353445000000000120e-01
-2.352339999999999987e-01
-2.341270000000000018e-01
-2.324785000000000046e-01
-2.324785000000000046e-01
-2.324785000000000046e-01
-2.310029999999999861e-01
-2.306324999999999903e-01
-2.305184999999999873e-01
-2.287440000000000029e-01
-2.287440000000000029e-01
-2.287009999999999876e-01
-2.280560000000000087e-01
-2.269760000000000111e-01
-2.269760000000000111e-01
-2.261529999999999929e-01
-2.254855000000000054e-01
-2.248694999999999999e-01
-2.248515000000000097e-01
-2.246680000000000066e-01
-2.230604999999999949e-01
-2.230604999999999949e-01
-2.226160000000000083e-01
-2.226160000000000083e-01
-2.218350000000000044e-01
-2.216005000000000058e-01
-2.216005000000000058e-01
-2.206559999999999910e-01
-2.197280000000000066e-01
-2.197280000000000066e-01
-2.197280000000000066e-01
-2.184439999999999993e-01
-2.184439999999999993e-01
-2.184439999999999993e-01
-2.178239999999999899e-01
-2.174405000000000088e-01
-2.160150000000000126e-01
-2.146879999999999900e-01
-2.146879999999999900e-01
-2.146879999999999900e-01
-2.144884999999999986e-01
-2.143259999999999887e-01
-2.137944999999999984e-01
-2.125974999999999948e-01
-2.125974999999999948e-01
-2.113889999999999936e-01
-2.113889999999999936e-01
-2.113889999999999936e-01
-2.113889999999999936e-01
-2.093095000000000094e-01
-2.093095000000000094e-01
-2.093095000000000094e-01
-2.088099999999999956e-01
-2.088099999999999956e-01
-2.064390000000000114e-01
-2.064390000000000114e-01
-2.064390000000000114e-01
-2.064390000000000114e-01
-2.052480000000000138e-01
-2.052480000000000138e-01
-2.052480000000000138e-01
-2.036789999999999989e-01
-2.036789999999999989e-01
-2.036789999999999989e-01
-2.036789999999999989e-01
-2.031824999999999881e-01
-2.015305000000000013e-01
-2.015305000000000013e-01
-2.015305000000000013e-01
-2.015305000000000013e-01
-2.013044999999999973e-01
-2.007909999999999973e-01
-1.999904999999999877e-01
-1.999904999999999877e-01
-1.999904999999999877e-01
-1.999354999999999882e-01
-1.994329999999999992e-01
-1.983910000000000118e-01
-1.981670000000000098e-01
-1.981670000000000098e-01
-1.973834999999999895e-01
-1.973804999999999865e-01
-1.963675000000000004e-01
-1.963675000000000004e-01
-1.960645000000000027e-01
-1.956904999999999895e-01
-1.937395000000000089e-01
-1.937395000000000089e-01
-1.937395000000000089e-01
-1.932089999999999919e-01
-1.923495000000000066e-01
-1.921785000000000021e-01
-1.921785000000000021e-01
-1.913215000000000054e-01
-1.913215000000000054e-01
-1.912965000000000082e-01
-1.909500000000000086e-01
-1.909500000000000086e-01
-1.897224999999999884e-01
-1.897224999999999884e-01
-1.897224999999999884e-01
-1.897224999999999884e-01
-1.897224999999999884e-01
-1.897224999999999884e-01
-1.882884999999999975e-01
-1.882884999999999975e-01
-1.882884999999999975e-01
-1.872709999999999930e-01
-1.872709999999999930e-01
-1.871849999999999903e-01
-1.871849999999999903e-01
-1.866790000000000116e-01
-1.866790000000000116e-01
-1.850884999999999891e-01
-1.850884999999999891e-01
-1.850884999999999891e-01
-1.847524999999999862e-01
-1.839754999999999863e-01
-1.839754999999999863e-01
-1.839754999999999863e-01
-1.833555000000000046e-01
-1.833555000000000046e-01
-1.832620000000000082e-01
-1.822719999999999896e-01
-1.822719999999999896e-01
-1.822719999999999896e-01
-1.815605000000000135e-01
-1.815605000000000135e-01
-1.811860000000000137e-01
-1.806810000000000083e-01
-1.804590000000000083e-01
-1.792134999999999978e-01
-1.783835000000000004e-01
-1.783835000000000004e-01
-1.781520000000000048e-01
-1.779735000000000067e-01
-1.779735000000000067e-01
-1.779340000000000088e-01
-1.772040000000000004e-01
-1.769219999999999959e-01
-1.769219999999999959e-01
-1.768085000000000073e-01
-1.756074999999999997e-01
-1.756074999999999997e-01
-1.745444999999999913e-01
-1.745444999999999913e-01
-1.745224999999999971e-01
-1.744400000000000117e-01
-1.738474999999999882e-01
-1.738474999999999882e-01
-1.738474999999999882e-01
-1.735089999999999966e-01
-1.735089999999999966e-01
-1.735089999999999966e-01
-1.733834999999999960e-01
-1.716314999999999924e-01
-1.716314999999999924e-01
-1.716314999999999924e-01
-1.716314999999999924e-01
-1.715849999999999875e-01
-1.712519999999999876e-01
-1.712039999999999951e-01
-1.697039999999999937e-01
-1.697039999999999937e-01
-1.697039999999999937e-01
-1.680085000000000051e-01
-1.680085000000000051e-01
-1.680085000000000051e-01
-1.680085000000000051e-01
-1.680085000000000051e-01
-1.678014999999999923e-01
-1.678014999999999923e-01
-1.669825000000000059e-01
-1.665800000000000058e-01
-1.665615000000000012e-01
-1.659845000000000070e-01
-1.659845000000000070e-01
-1.653989999999999905e-01
-1.651970000000000105e-01
-1.647484999999999922e-01
-1.647484999999999922e-01
-1.641094999999999915e-01
-1.641094999999999915e-01
-1.636239999999999917e-01
-1.636239999999999917e-01
-1.636239999999999917e-01
-1.635344999999999993e-01
-1.635344999999999993e-01
-1.635290000000000077e-01
-1.635274999999999923e-01
-1.632820000000000105e-01
-1.629259999999999875e-01
-1.628979999999999873e-01
-1.626434999999999964e-01
-1.624780000000000113e-01
-1.623545000000000127e-01
-1.621479999999999866e-01
-1.612075000000000036e-01
-1.612075000000000036e-01
-1.608519999999999950e-01
-1.608519999999999950e-01
-1.596640000000000004e-01
-1.596640000000000004e-01
-1.596640000000000004e-01
-1.596640000000000004e-01
-1.588455000000000006e-01
-1.588455000000000006e-01
-1.588455000000000006e-01
-1.588455000000000006e-01
-1.583035000000000136e-01
-1.583035000000000136e-01
-1.583035000000000136e-01
-1.578904999999999892e-01
-1.576390000000000013e-01
-1.575409999999999866e-01
-1.570950000000000124e-01
-1.570950000000000124e-01
-1.570950000000000124e-01
-1.568475000000000008e-01
-1.561770000000000103e-01
-1.561770000000000103e-01
-1.559889999999999888e-01
-1.557800000000000018e-01
-1.557205000000000117e-01
-1.557205000000000117e-01
-1.552090000000000136e-01
-1.552090000000000136e-01
-1.550310000000000021e-01
-1.542465000000000086e-01
-1.540785000000000071e-01
-1.536240000000000105e-01
-1.536240000000000105e-01
-1.535920000000000063e-01
-1.535370000000000068e-01
-1.534119999999999928e-01
-1.534119999999999928e-01
-1.525700000000000112e-01
-1.525700000000000112e-01
-1.525700000000000112e-01
-1.512969999999999871e-01
-1.512969999999999871e-01
-1.512969999999999871e-01
-1.512969999999999871e-01
-1.509155000000000080e-01
-1.509155000000000080e-01
-1.508299999999999919e-01
-1.504070000000000129e-01
-1.504070000000000129e-01
-1.504070000000000129e-01
-1.501939999999999942e-01
-1.501939999999999942e-01
-1.496500000000000052e-01
-1.494814999999999894e-01
-1.494405000000000039e-01
-1.490829999999999933e-01
-1.487050000000000038e-01
-1.487050000000000038e-01
-1.486540000000000084e-01
-1.484169999999999934e-01
-1.480495000000000005e-01
-1.480380000000000029e-01
-1.480380000000000029e-01
-1.478869999999999907e-01
-1.478869999999999907e-01
-1.471320000000000128e-01
-1.471105000000000051e-01
-1.467640000000000056e-01
-1.467110000000000081e-01
-1.464159999999999906e-01
-1.462025000000000130e-01
-1.457334999999999881e-01
-1.457334999999999881e-01
-1.455184999999999951e-01
-1.447469999999999868e-01
-1.447469999999999868e-01
-1.445404999999999884e-01
-1.445404999999999884e-01
-1.445404999999999884e-01
-1.439715000000000023e-01
-1.439715000000000023e-01
-1.439715000000000023e-01
-1.432384999999999908e-01
-1.432384999999999908e-01
-1.432384999999999908e-01
-1.432384999999999908e-01
-1.429789999999999950e-01
-1.429789999999999950e-01
-1.424950000000000105e-01
-1.424404999999999977e-01
-1.416920000000000124e-01
-1.416920000000000124e-01
-1.414650000000000074e-01
-1.414019999999999999e-01
-1.404809999999999948e-01
-1.404809999999999948e-01
-1.404809999999999948e-01
-1.399600000000000011e-01
-1.399600000000000011e-01
-1.399600000000000011e-01
-1.399600000000000011e-01
-1.398060000000000136e-01
-1.398060000000000136e-01
-1.394404999999999950e-01
-1.393435000000000090e-01
-1.392799999999999871e-01
-1.386590000000000045e-01
-1.381110000000000115e-01
-1.380075000000000052e-01
-1.380075000000000052e-01
-1.377164999999999917e-01
-1.377164999999999917e-01
-1.377164999999999917e-01
-1.376120000000000121e-01
-1.372259999999999869e-01
-1.368649999999999867e-01
-1.368649999999999867e-01
-1.368649999999999867e-01
-1.367750000000000077e-01
-1.367484999999999951e-01
-1.364180000000000115e-01
-1.364180000000000115e-01
-1.356134999999999979e-01
-1.356134999999999979e-01
-1.356134999999999979e-01
-1.356134999999999979e-01
-1.353370000000000128e-01
-1.348304999999999920e-01
-1.346189999999999887e-01
-1.346189999999999887e-01
-1.346189999999999887e-01
-1.346189999999999887e-01
-1.346189999999999887e-01
-1.345379999999999909e-01
-1.339404999999999901e-01
-1.339404999999999901e-01
-1.339140000000000053e-01
-1.337720000000000020e-01
-1.337720000000000020e-01
-1.335649999999999893e-01
-1.330135000000000067e-01
-1.330135000000000067e-01
-1.326279999999999959e-01
-1.321354999999999891e-01
-1.321354999999999891e-01
-1.321354999999999891e-01
-1.321354999999999891e-01
-1.318654999999999966e-01
-1.318654999999999966e-01
-1.318195000000000061e-01
-1.316835000000000089e-01
-1.316779999999999895e-01
-1.313084999999999947e-01
-1.313084999999999947e-01
-1.306785000000000030e-01
-1.303285000000000138e-01
-1.303285000000000138e-01
-1.301690000000000069e-01
-1.301690000000000069e-01
-1.296964999999999923e-01
-1.296964999999999923e-01
-1.296964999999999923e-01
-1.296964999999999923e-01
-1.294474999999999931e-01
-1.294474999999999931e-01
-1.291710000000000080e-01
-1.291710000000000080e-01
-1.290149999999999908e-01
-1.287584999999999980e-01
-1.287584999999999980e-01
-1.287085000000000035e-01
-1.282649999999999901e-01
-1.282594999999999985e-01
-1.282419999999999949e-01
-1.281974999999999920e-01
-1.280014999999999903e-01
-1.275249999999999995e-01
-1.275249999999999995e-01
-1.275249999999999995e-01
-1.272159999999999958e-01
-1.270284999999999886e-01
-1.266855000000000064e-01
-1.266855000000000064e-01
-1.264274999999999982e-01
-1.264274999999999982e-01
-1.258394999999999930e-01
-1.258394999999999930e-01
-1.258394999999999930e-01
-1.257935000000000025e-01
-1.257234999999999880e-01
-1.257234999999999880e-01
-1.256929999999999992e-01
-1.254995000000000138e-01
-1.254995000000000138e-01
-1.248755000000000004e-01
-1.248755000000000004e-01
-1.248755000000000004e-01
-1.245480000000000059e-01
-1.245480000000000059e-01
-1.243350000000000011e-01
-1.242599999999999955e-01
-1.242599999999999955e-01
-1.240109999999999962e-01
-1.239834999999999965e-01
-1.238080000000000014e-01
-1.238080000000000014e-01
-1.238080000000000014e-01
-1.238080000000000014e-01
-1.235305000000000014e-01
-1.235004999999999992e-01
-1.235004999999999992e-01
-1.234289999999999971e-01
-1.220900000000000041e-01
-1.220900000000000041e-01
-1.220900000000000041e-01
-1.220900000000000041e-01
-1.220900000000000041e-01
-1.220900000000000041e-01
-1.220900000000000041e-01
-1.219309999999999977e-01
-1.213029999999999942e-01
-1.213029999999999942e-01
-1.213029999999999942e-01
-1.213029999999999942e-01
-1.211354999999999932e-01
-1.210564999999999974e-01
-1.205075000000000035e-01
-1.200220000000000037e-01
-1.200220000000000037e-01
-1.200220000000000037e-01
-1.200220000000000037e-01
-1.200220000000000037e-01
-1.198794999999999999e-01
-1.196114999999999956e-01
-1.196114999999999956e-01
-1.196114999999999956e-01
-1.196114999999999956e-01
-1.196114999999999956e-01
-1.192789999999999961e-01
-1.192789999999999961e-01
-1.192789999999999961e-01
-1.191315000000000013e-01
-1.189614999999999978e-01
-1.189614999999999978e-01
-1.189614999999999978e-01
-1.189024999999999943e-01
-1.185360000000000025e-01
-1.185360000000000025e-01
-1.185360000000000025e-01
-1.184960000000000041e-01
-1.183244999999999991e-01
-1.182074999999999931e-01
-1.181895000000000029e-01
-1.178130000000000011e-01
-1.178130000000000011e-01
-1.176384999999999931e-01
-1.176384999999999931e-01
-1.174820000000000031e-01
-1.168585000000000040e-01
-1.168585000000000040e-01
-1.168585000000000040e-01
-1.168585000000000040e-01
-1.168585000000000040e-01
-1.166790000000000049e-01
-1.166790000000000049e-01
-1.163224999999999953e-01
-1.163224999999999953e-01
-1.161930000000000046e-01
-1.161930000000000046e-01
-1.158099999999999963e-01
-1.158099999999999963e-01
-1.158099999999999963e-01
-1.158099999999999963e-01
-1.157585000000000003e-01
-1.157585000000000003e-01
-1.156714999999999965e-01
-1.150545000000000040e-01
-1.150545000000000040e-01
-1.150545000000000040e-01
-1.150545000000000040e-01
-1.150545000000000040e-01
-1.150545000000000040e-01
-1.149410000000000015e-01
-1.148575000000000013e-01
-1.147905000000000036e-01
-1.144325000000000064e-01
-1.144325000000000064e-01
-1.144325000000000064e-01
-1.139904999999999946e-01
-1.139904999999999946e-01
-1.139904999999999946e-01
-1.139904999999999946e-01
-1.139254999999999990e-01
-1.135705000000000048e-01
-1.135705000000000048e-01
-1.133104999999999946e-01
-1.132834999999999953e-01
-1.131589999999999957e-01
-1.131334999999999980e-01
-1.131334999999999980e-01
-1.131334999999999980e-01
-1.131334999999999980e-01
-1.129995000000000027e-01
-1.129995000000000027e-01
-1.129544999999999993e-01
-1.128689999999999971e-01
-1.127554999999999946e-01
-1.125064999999999954e-01
-1.124644999999999950e-01
-1.124340000000000062e-01
-1.124340000000000062e-01
-1.124340000000000062e-01
-1.122240000000000043e-01
-1.119210000000000066e-01
-1.115870000000000056e-01
-1.115870000000000056e-01
-1.115870000000000056e-01
-1.115870000000000056e-01
-1.115870000000000056e-01
-1.114279999999999993e-01
-1.114279999999999993e-01
-1.112255000000000049e-01
-1.112255000000000049e-01
-1.110835000000000017e-01
-1.110835000000000017e-01
-1.110835000000000017e-01
-1.110759999999999942e-01
-1.110759999999999942e-01
-1.109814999999999968e-01
-1.109040000000000026e-01
-1.109040000000000026e-01
-1.107350000000000001e-01
-1.103444999999999981e-01
-1.103444999999999981e-01
-1.103444999999999981e-01
-1.103444999999999981e-01
-1.098225000000000035e-01
-1.098225000000000035e-01
-1.098225000000000035e-01
-1.098225000000000035e-01
-1.098225000000000035e-01
-1.095595000000000041e-01
-1.095595000000000041e-01
-1.095595000000000041e-01
-1.095595000000000041e-01
-1.095595000000000041e-01
-1.095595000000000041e-01
-1.090384999999999965e-01
-1.090384999999999965e-01
-1.090384999999999965e-01
-1.090310000000000029e-01
-1.090310000000000029e-01
-1.088395000000000057e-01
-1.086740000000000067e-01
-1.086634999999999962e-01
-1.084220000000000045e-01
-1.084220000000000045e-01
-1.084220000000000045e-01
-1.082879999999999954e-01
-1.082879999999999954e-01
-1.082499999999999990e-01
-1.082499999999999990e-01
-1.081410000000000010e-01
-1.081300000000000039e-01
-1.081300000000000039e-01
-1.078714999999999952e-01
-1.075969999999999982e-01
-1.075969999999999982e-01
-1.075969999999999982e-01
-1.073329999999999979e-01
-1.073329999999999979e-01
-1.067730000000000068e-01
-1.067730000000000068e-01
-1.067730000000000068e-01
-1.066620000000000068e-01
-1.066620000000000068e-01
-1.066620000000000068e-01
-1.065839999999999982e-01
-1.065839999999999982e-01
-1.065839999999999982e-01
-1.065839999999999982e-01
-1.061524999999999969e-01
-1.060765000000000041e-01
-1.060765000000000041e-01
-1.060765000000000041e-01
-1.060765000000000041e-01
-1.056929999999999953e-01
-1.053034999999999943e-01
-1.053034999999999943e-01
-1.053034999999999943e-01
-1.052939999999999987e-01
-1.052939999999999987e-01
-1.052040000000000058e-01
-1.051359999999999933e-01
-1.051359999999999933e-01
-1.048739999999999950e-01
-1.047885000000000066e-01
-1.047885000000000066e-01
-1.047614999999999935e-01
-1.047425000000000023e-01
-1.044410000000000061e-01
-1.044410000000000061e-01
-1.044410000000000061e-01
-1.042575000000000029e-01
-1.042575000000000029e-01
-1.042575000000000029e-01
-1.042575000000000029e-01
-1.042575000000000029e-01
-1.038015000000000049e-01
-1.038015000000000049e-01
-1.038015000000000049e-01
-1.038015000000000049e-01
-1.038015000000000049e-01
-1.037509999999999960e-01
-1.036305000000000004e-01
-1.036305000000000004e-01
-1.034334999999999977e-01
-1.034334999999999977e-01
-1.032195000000000057e-01
-1.032195000000000057e-01
-1.032195000000000057e-01
-1.030335000000000001e-01
-1.030335000000000001e-01
-1.029069999999999985e-01
-1.029069999999999985e-01
-1.029069999999999985e-01
-1.028040000000000065e-01
-1.025149999999999950e-01
-1.025149999999999950e-01
-1.024999999999999939e-01
-1.024565000000000059e-01
-1.024565000000000059e-01
-1.024479999999999974e-01
-1.024349999999999983e-01
-1.022850000000000009e-01
-1.022850000000000009e-01
-1.021974999999999967e-01
-1.020630000000000009e-01
-1.020444999999999963e-01
-1.019400000000000028e-01
-1.018870000000000053e-01
-1.018130000000000007e-01
-1.011984999999999968e-01
-1.011984999999999968e-01
-1.011984999999999968e-01
-1.011984999999999968e-01
-1.010154999999999942e-01
-1.010154999999999942e-01
-1.010154999999999942e-01
-1.010154999999999942e-01
-1.010154999999999942e-01
-1.008239999999999970e-01
-1.006299999999999972e-01
-1.006299999999999972e-01
-1.006299999999999972e-01
-1.006299999999999972e-01
-1.003555000000000003e-01
-1.002514999999999934e-01
-1.002514999999999934e-01
-1.001775000000000027e-01
-1.001775000000000027e-01
-1.001775000000000027e-01
-9.990749999999999631e-02
-9.920199999999999851e-02
-9.920199999999999851e-02
-9.920199999999999851e-02
-9.920199999999999851e-02
-9.920199999999999851e-02
-9.920199999999999851e-02
-9.920199999999999851e-02
-9.910399999999999765e-02
-9.899750000000000216e-02
-9.899750000000000216e-02
-9.882849999999999968e-02
-9.882849999999999968e-02
-9.882849999999999968e-02
-9.833899999999999586e-02
-9.812200000000000089e-02
-9.812200000000000089e-02
-9.812200000000000089e-02
-9.812200000000000089e-02
-9.812200000000000089e-02
-9.796100000000000640e-02
-9.796100000000000640e-02
-9.796100000000000640e-02
-9.796100000000000640e-02
-9.795249999999999790e-02
-9.786400000000000654e-02
-9.770600000000000118e-02
-9.770600000000000118e-02
-9.760800000000000032e-02
-9.760800000000000032e-02
-9.745600000000000096e-02
-9.745600000000000096e-02
-9.729100000000000248e-02
-9.729100000000000248e-02
-9.729100000000000248e-02
-9.714499999999999524e-02
-9.714499999999999524e-02
-9.701600000000000501e-02
-9.701600000000000501e-02
-9.695750000000000202e-02
-9.690600000000000602e-02
-9.687300000000000078e-02
-9.672899999999999554e-02
-9.667050000000000642e-02
-9.667050000000000642e-02
-9.623900000000000510e-02
-9.623900000000000510e-02
-9.623900000000000510e-02
-9.623900000000000510e-02
-9.623900000000000510e-02
-9.615849999999999398e-02
-9.605299999999999949e-02
-9.605299999999999949e-02
-9.605299999999999949e-02
-9.603150000000000575e-02
-9.535699999999999732e-02
-9.535699999999999732e-02
-9.535699999999999732e-02
-9.535699999999999732e-02
-9.535699999999999732e-02
-9.535699999999999732e-02
-9.532599999999999407e-02
-9.531900000000000095e-02
-9.531900000000000095e-02
-9.531900000000000095e-02
-9.519800000000000484e-02
-9.519249999999999934e-02
-9.495299999999999574e-02
-9.493799999999999462e-02
-9.493799999999999462e-02
-9.493799999999999462e-02
-9.468849999999999489e-02
-9.468849999999999489e-02
-9.459800000000000153e-02
-9.459800000000000153e-02
-9.459800000000000153e-02
-9.459800000000000153e-02
-9.459800000000000153e-02
-9.459800000000000153e-02
-9.440199999999999980e-02
-9.440199999999999980e-02
-9.393550000000000511e-02
-9.393550000000000511e-02
-9.393550000000000511e-02
-9.393550000000000511e-02
-9.393550000000000511e-02
-9.393550000000000511e-02
-9.368250000000000188e-02
-9.359549999999999814e-02
-9.359549999999999814e-02
-9.359549999999999814e-02
-9.357500000000000540e-02
-9.355299999999999727e-02
-9.340249999999999941e-02
-9.340249999999999941e-02
-9.340249999999999941e-02
-9.340249999999999941e-02
-9.340249999999999941e-02
-9.322700000000000431e-02
-9.322700000000000431e-02
-9.318949999999999456e-02
-9.318949999999999456e-02
-9.318949999999999456e-02
-9.306599999999999595e-02
-9.252249999999999364e-02
-9.252249999999999364e-02
-9.252249999999999364e-02
-9.247450000000000114e-02
-9.224499999999999367e-02
-9.213599999999999568e-02
-9.213599999999999568e-02
-9.213599999999999568e-02
-9.213599999999999568e-02
-9.213599999999999568e-02
-9.213599999999999568e-02
-9.213599999999999568e-02
-9.213599999999999568e-02
-9.213599999999999568e-02
-9.213549999999999518e-02
-9.208950000000000469e-02
-9.205950000000000244e-02
-9.192500000000000671e-02
-9.192500000000000671e-02
-9.190049999999999608e-02
-9.190049999999999608e-02
-9.190049999999999608e-02
-9.188849999999999796e-02
-9.184449999999999559e-02
-9.180800000000000072e-02
-9.171350000000000335e-02
-9.171350000000000335e-02
-9.168800000000000561e-02
-9.120499999999999441e-02
-9.120499999999999441e-02
-9.120499999999999441e-02
-9.120499999999999441e-02
-9.120499999999999441e-02
-9.120499999999999441e-02
-9.120499999999999441e-02
-9.119549999999999879e-02
-9.119549999999999879e-02
-9.101950000000000318e-02
-9.101950000000000318e-02
-9.101950000000000318e-02
-9.091399999999999482e-02
-9.091399999999999482e-02
-9.088350000000000595e-02
-9.077699999999999658e-02
-9.059899999999999898e-02
-9.059899999999999898e-02
-9.059899999999999898e-02
-9.059899999999999898e-02
-9.059649999999999648e-02
-9.028100000000000014e-02
-9.028100000000000014e-02
-9.017999999999999627e-02
-9.017999999999999627e-02
-9.017999999999999627e-02
-9.017999999999999627e-02
-9.017999999999999627e-02
-9.017999999999999627e-02
-8.984200000000000519e-02
-8.984200000000000519e-02
-8.984200000000000519e-02
-8.984200000000000519e-02
-8.982350000000000056e-02
-8.969100000000000683e-02
-8.969100000000000683e-02
-8.969100000000000683e-02
-8.969100000000000683e-02
-8.948449999999999460e-02
-8.948449999999999460e-02
-8.948449999999999460e-02
-8.948449999999999460e-02
-8.948449999999999460e-02
-8.946550000000000336e-02
-8.941849999999999798e-02
-8.928250000000000075e-02
-8.928250000000000075e-02
-8.894249999999999379e-02
-8.894249999999999379e-02
-8.893900000000000416e-02
-8.893900000000000416e-02
-8.880050000000000443e-02
-8.880050000000000443e-02
-8.880050000000000443e-02
-8.880050000000000443e-02
-8.872099999999999431e-02
-8.872099999999999431e-02
-8.867500000000000382e-02
-8.862849999999999895e-02
-8.859100000000000308e-02
-8.852699999999999458e-02
-8.852699999999999458e-02
-8.852699999999999458e-02
-8.851349999999999496e-02
-8.851349999999999496e-02
-8.827599999999999336e-02
-8.827599999999999336e-02
-8.823499999999999399e-02
-8.822199999999999487e-02
-8.798699999999999577e-02
-8.798699999999999577e-02
-8.773300000000000542e-02
-8.773300000000000542e-02
-8.773300000000000542e-02
-8.773300000000000542e-02
-8.771700000000000330e-02
-8.771700000000000330e-02
-8.771700000000000330e-02
-8.771700000000000330e-02
-8.742400000000000171e-02
-8.742400000000000171e-02
-8.742400000000000171e-02
-8.737000000000000322e-02
-8.731500000000000372e-02
-8.724500000000000310e-02
-8.721600000000000186e-02
-8.721600000000000186e-02
-8.721049999999999636e-02
-8.712449999999999362e-02
-8.712449999999999362e-02
-8.687200000000000477e-02
-8.687200000000000477e-02
-8.664650000000000130e-02
-8.664650000000000130e-02
-8.663150000000000017e-02
-8.663150000000000017e-02
-8.659699999999999342e-02
-8.659699999999999342e-02
-8.653049999999999631e-02
-8.653049999999999631e-02
-8.644699999999999607e-02
-8.644699999999999607e-02
-8.644649999999999557e-02
-8.630799999999999583e-02
-8.629199999999999371e-02
-8.629199999999999371e-02
-8.629199999999999371e-02
-8.627350000000000296e-02
-8.606600000000000361e-02
-8.606600000000000361e-02
-8.606600000000000361e-02
-8.606600000000000361e-02
-8.606600000000000361e-02
-8.606600000000000361e-02
-8.606600000000000361e-02
-8.602100000000000024e-02
-8.593549999999999800e-02
-8.583999999999999964e-02
-8.582449999999999801e-02
-8.563300000000000078e-02
-8.563300000000000078e-02
-8.563300000000000078e-02
-8.557950000000000279e-02
-8.557950000000000279e-02
-8.553149999999999642e-02
-8.550349999999999617e-02
-8.540799999999999781e-02
-8.536549999999999694e-02
-8.536549999999999694e-02
-8.536549999999999694e-02
-8.536549999999999694e-02
-8.536549999999999694e-02
-8.536549999999999694e-02
-8.524850000000000483e-02
-8.524850000000000483e-02
-8.522150000000000558e-02
-8.522150000000000558e-02
-8.494999999999999774e-02
-8.494949999999999724e-02
-8.494949999999999724e-02
-8.494949999999999724e-02
-8.494949999999999724e-02
-8.494949999999999724e-02
-8.494949999999999724e-02
-8.475349999999999551e-02
-8.475349999999999551e-02
-8.475349999999999551e-02
-8.471149999999999514e-02
-8.465999999999999914e-02
-8.461399999999999477e-02
-8.461399999999999477e-02
-8.461399999999999477e-02
-8.461399999999999477e-02
-8.458749999999999603e-02
-8.458749999999999603e-02
-8.453900000000000303e-02
-8.453900000000000303e-02
-8.453900000000000303e-02
-8.452350000000000141e-02
-8.443150000000000654e-02
-8.417199999999999682e-02
-8.417199999999999682e-02
-8.417199999999999682e-02
-8.416250000000000120e-02
-8.416250000000000120e-02
-8.416250000000000120e-02
-8.392449999999999910e-02
-8.392449999999999910e-02
-8.392449999999999910e-02
-8.392449999999999910e-02
-8.392449999999999910e-02
-8.392449999999999910e-02
-8.391550000000000398e-02
-8.385950000000000348e-02
-8.372400000000000675e-02
-8.372400000000000675e-02
-8.372400000000000675e-02
-8.359750000000000514e-02
-8.359750000000000514e-02
-8.337999999999999579e-02
-8.337999999999999579e-02
-8.337999999999999579e-02
-8.337999999999999579e-02
-8.337999999999999579e-02
-8.337999999999999579e-02
-8.332399999999999529e-02
-8.332399999999999529e-02
-8.318899999999999906e-02
-8.318899999999999906e-02
-8.311599999999999544e-02
-8.311599999999999544e-02
-8.299549999999999983e-02
-8.293949999999999934e-02
-8.293949999999999934e-02
-8.293949999999999934e-02
-8.293949999999999934e-02
-8.293949999999999934e-02
-8.282449999999999535e-02
-8.282449999999999535e-02
-8.279200000000000448e-02
-8.279200000000000448e-02
-8.261899999999999800e-02
-8.261899999999999800e-02
-8.255899999999999350e-02
-8.255899999999999350e-02
-8.252249999999999863e-02
-8.239100000000000590e-02
-8.239100000000000590e-02
-8.239100000000000590e-02
-8.235549999999999815e-02
-8.235549999999999815e-02
-8.230450000000000266e-02
-8.221599999999999742e-02
-8.221599999999999742e-02
-8.212049999999999905e-02
-8.212049999999999905e-02
-8.208500000000000518e-02
-8.208450000000000468e-02
-8.202800000000000369e-02
-8.202800000000000369e-02
-8.202149999999999719e-02
-8.157300000000000662e-02
-8.157300000000000662e-02
-8.157300000000000662e-02
-8.157300000000000662e-02
-8.157300000000000662e-02
-8.157300000000000662e-02
-8.157300000000000662e-02
-8.157300000000000662e-02
-8.157300000000000662e-02
-8.155199999999999949e-02
-8.155199999999999949e-02
-8.155199999999999949e-02
-8.142950000000000188e-02
-8.142950000000000188e-02
-8.122000000000000053e-02
-8.122000000000000053e-02
-8.122000000000000053e-02
-8.120600000000000041e-02
-8.120600000000000041e-02
-8.101949999999999430e-02
-8.101949999999999430e-02
-8.091299999999999881e-02
-8.091299999999999881e-02
-8.091299999999999881e-02
-8.091299999999999881e-02
-8.077199999999999658e-02
-8.077199999999999658e-02
-8.060249999999999360e-02
-8.060249999999999360e-02
-8.060249999999999360e-02
-8.059800000000000297e-02
-8.059800000000000297e-02
-8.059800000000000297e-02
-8.059800000000000297e-02
-8.059800000000000297e-02
-8.059800000000000297e-02
-8.059800000000000297e-02
-8.050599999999999423e-02
-8.032000000000000250e-02
-8.032000000000000250e-02
-8.022500000000000464e-02
-8.022500000000000464e-02
-8.022500000000000464e-02
-8.022500000000000464e-02
-8.022500000000000464e-02
-8.022500000000000464e-02
-8.011200000000000265e-02
-8.000050000000000217e-02
-8.000050000000000217e-02
-7.999499999999999666e-02
-7.989599999999999480e-02
-7.989599999999999480e-02
-7.963499999999999746e-02
-7.963499999999999746e-02
-7.963499999999999746e-02
-7.963499999999999746e-02
-7.963499999999999746e-02
-7.963499999999999746e-02
-7.958400000000000196e-02
-7.909700000000000064e-02
-7.909700000000000064e-02
-7.909700000000000064e-02
-7.905800000000000327e-02
-7.905800000000000327e-02
-7.905800000000000327e-02
-7.905800000000000327e-02
-7.905800000000000327e-02
-7.905650000000000177e-02
-7.903399999999999315e-02
-7.903399999999999315e-02
-7.889200000000000379e-02
-7.877549999999999830e-02
-7.877549999999999830e-02
-7.877549999999999830e-02
-7.877549999999999830e-02
-7.872200000000000031e-02
-7.872200000000000031e-02
-7.872200000000000031e-02
-7.853150000000000408e-02
-7.853150000000000408e-02
-7.835200000000000498e-02
-7.835200000000000498e-02
-7.835200000000000498e-02
-7.835200000000000498e-02
-7.835200000000000498e-02
-7.835200000000000498e-02
-7.835200000000000498e-02
-7.835200000000000498e-02
-7.809000000000000663e-02
-7.809000000000000663e-02
-7.809000000000000663e-02
-7.809000000000000663e-02
-7.809000000000000663e-02
-7.808450000000000113e-02
-7.804850000000000676e-02
-7.788050000000000528e-02
-7.788050000000000528e-02
-7.784499999999999753e-02
-7.784499999999999753e-02
-7.772999999999999354e-02
-7.772999999999999354e-02
-7.772999999999999354e-02
-7.761500000000000343e-02
-7.754450000000000232e-02
-7.754450000000000232e-02
-7.754450000000000232e-02
-7.754350000000000132e-02
-7.754350000000000132e-02
-7.740400000000000058e-02
-7.740400000000000058e-02
-7.740400000000000058e-02
-7.740400000000000058e-02
-7.740400000000000058e-02
-7.740400000000000058e-02
-7.734649999999999859e-02
-7.713599999999999624e-02
-7.713599999999999624e-02
-7.713599999999999624e-02
-7.713599999999999624e-02
-7.713599999999999624e-02
-7.711500000000000299e-02
-7.711500000000000299e-02
-7.711500000000000299e-02
-7.709549999999999736e-02
-7.709549999999999736e-02
-7.707050000000000012e-02
-7.707050000000000012e-02
-7.690950000000000564e-02
-7.690950000000000564e-02
-7.690950000000000564e-02
-7.690950000000000564e-02
-7.690950000000000564e-02
-7.690950000000000564e-02
-7.690950000000000564e-02
-7.690950000000000564e-02
-7.675750000000000628e-02
-7.675750000000000628e-02
-7.675750000000000628e-02
-7.675750000000000628e-02
-7.675750000000000628e-02
-7.675750000000000628e-02
-7.663899999999999879e-02
-7.652749999999999830e-02
-7.652749999999999830e-02
-7.645849999999999869e-02
-7.645849999999999869e-02
-7.645849999999999869e-02
-7.645849999999999869e-02
-7.645849999999999869e-02
-7.645050000000000456e-02
-7.639650000000000607e-02
-7.639650000000000607e-02
-7.639650000000000607e-02
-7.631449999999999345e-02
-7.631449999999999345e-02
-7.631449999999999345e-02
-7.631100000000000383e-02
-7.628500000000000558e-02
-7.626900000000000346e-02
-7.624250000000000471e-02
-7.623199999999999421e-02
-7.610599999999999310e-02
-7.610599999999999310e-02
-7.610599999999999310e-02
-7.609050000000000535e-02
-7.609050000000000535e-02
-7.609050000000000535e-02
-7.595799999999999774e-02
-7.595799999999999774e-02
-7.595799999999999774e-02
-7.592000000000000137e-02
-7.578699999999999326e-02
-7.578000000000000014e-02
-7.578000000000000014e-02
-7.578000000000000014e-02
-7.560699999999999366e-02
-7.560699999999999366e-02
-7.560699999999999366e-02
-7.560699999999999366e-02
-7.558800000000000241e-02
-7.558800000000000241e-02
-7.558800000000000241e-02
-7.529299999999999882e-02
-7.529299999999999882e-02
-7.529299999999999882e-02
-7.529299999999999882e-02
-7.529299999999999882e-02
-7.529299999999999882e-02
-7.529299999999999882e-02
-7.523150000000000670e-02
-7.523150000000000670e-02
-7.512549999999999784e-02
-7.512549999999999784e-02
-7.512549999999999784e-02
-7.512549999999999784e-02
-7.512399999999999634e-02
-7.512399999999999634e-02
-7.506300000000000472e-02
-7.493500000000000161e-02
-7.493500000000000161e-02
-7.483650000000000024e-02
-7.483650000000000024e-02
-7.483650000000000024e-02
-7.483650000000000024e-02
-7.478999999999999537e-02
-7.478999999999999537e-02
-7.475149999999999850e-02
-7.474250000000000338e-02
-7.465800000000000214e-02
-7.465349999999999764e-02
-7.465149999999999564e-02
-7.432099999999999818e-02
-7.432099999999999818e-02
-7.432099999999999818e-02
-7.432099999999999818e-02
-7.432099999999999818e-02
-7.432099999999999818e-02
-7.432099999999999818e-02
-7.432099999999999818e-02
-7.432099999999999818e-02
-7.432099999999999818e-02
-7.432099999999999818e-02
-7.391349999999999310e-02
-7.391349999999999310e-02
-7.387100000000000610e-02
-7.387100000000000610e-02
-7.387100000000000610e-02
-7.387100000000000610e-02
-7.386750000000000260e-02
-7.381749999999999423e-02
-7.378650000000000486e-02
-7.378650000000000486e-02
-7.378650000000000486e-02
-7.377649999999999486e-02
-7.377400000000000624e-02
-7.374749999999999361e-02
-7.370999999999999774e-02
-7.368099999999999650e-02
-7.368099999999999650e-02
-7.340900000000000203e-02
-7.340900000000000203e-02
-7.338400000000000478e-02
-7.338400000000000478e-02
-7.338400000000000478e-02
-7.338400000000000478e-02
-7.338400000000000478e-02
-7.338400000000000478e-02
-7.320200000000000318e-02
-7.320200000000000318e-02
-7.320200000000000318e-02
-7.319349999999999468e-02
-7.309400000000000619e-02
-7.298549999999999482e-02
-7.298549999999999482e-02
-7.298549999999999482e-02
-7.298549999999999482e-02
-7.298549999999999482e-02
-7.289500000000000146e-02
-7.289500000000000146e-02
-7.289500000000000146e-02
-7.289500000000000146e-02
-7.289500000000000146e-02
-7.289500000000000146e-02
-7.289500000000000146e-02
-7.289500000000000146e-02
-7.287000000000000421e-02
-7.287000000000000421e-02
-7.281749999999999334e-02
-7.265449999999999686e-02
-7.265449999999999686e-02
-7.265449999999999686e-02
-7.265449999999999686e-02
-7.265449999999999686e-02
-7.264700000000000324e-02
-7.264600000000000224e-02
-7.264600000000000224e-02
-7.264600000000000224e-02
-7.264600000000000224e-02
-7.259599999999999387e-02
-7.259599999999999387e-02
-7.259599999999999387e-02
-7.256050000000000000e-02
-7.251599999999999713e-02
-7.251599999999999713e-02
-7.246299999999999963e-02
-7.246299999999999963e-02
-7.246299999999999963e-02
-7.235700000000000465e-02
-7.235700000000000465e-02
-7.235700000000000465e-02
-7.235700000000000465e-02
-7.235700000000000465e-02
-7.235700000000000465e-02
-7.235700000000000465e-02
-7.222299999999999554e-02
-7.222299999999999554e-02
-7.222149999999999403e-02
-7.220250000000000279e-02
-7.207900000000000418e-02
-7.207900000000000418e-02
-7.207900000000000418e-02
-7.207900000000000418e-02
-7.207900000000000418e-02
-7.204099999999999393e-02
-7.204099999999999393e-02
-7.197249999999999481e-02
-7.197249999999999481e-02
-7.197249999999999481e-02
-7.196049999999999669e-02
-7.196049999999999669e-02
-7.194150000000000544e-02
-7.193599999999999994e-02
-7.193599999999999994e-02
-7.187649999999999595e-02
-7.179099999999999371e-02
-7.178800000000000459e-02
-7.178800000000000459e-02
-7.175800000000000234e-02
-7.175800000000000234e-02
-7.175800000000000234e-02
-7.175800000000000234e-02
-7.167500000000000260e-02
-7.167500000000000260e-02
-7.167500000000000260e-02
-7.167500000000000260e-02
-7.162499999999999423e-02
-7.161599999999999910e-02
-7.161599999999999910e-02
-7.161599999999999910e-02
-7.141550000000000675e-02
-7.141550000000000675e-02
-7.141550000000000675e-02
-7.141550000000000675e-02
-7.141550000000000675e-02
-7.132199999999999651e-02
-7.132199999999999651e-02
-7.121700000000000252e-02
-7.117400000000000115e-02
-7.117400000000000115e-02
-7.117400000000000115e-02
-7.117400000000000115e-02
-7.115399999999999503e-02
-7.115399999999999503e-02
-7.107800000000000229e-02
-7.107800000000000229e-02
-7.107800000000000229e-02
-7.107800000000000229e-02
-7.107800000000000229e-02
-7.107800000000000229e-02
-7.103900000000000492e-02
-7.103900000000000492e-02
-7.102899999999999492e-02
-7.098000000000000143e-02
-7.095100000000000018e-02
-7.094999999999999918e-02
-7.094999999999999918e-02
-7.060850000000000459e-02
-7.060850000000000459e-02
-7.060850000000000459e-02
-7.060850000000000459e-02
-7.060850000000000459e-02
-7.045999999999999486e-02
-7.045999999999999486e-02
-7.045999999999999486e-02
-7.033949999999999925e-02
-7.033949999999999925e-02
-7.033949999999999925e-02
-7.031750000000000500e-02
-7.013700000000000490e-02
-7.013700000000000490e-02
-7.013700000000000490e-02
-7.013700000000000490e-02
-7.008150000000000490e-02
-6.965899999999999870e-02
-6.965899999999999870e-02
-6.965200000000000558e-02
-6.965200000000000558e-02
-6.959500000000000408e-02
-6.959500000000000408e-02
-6.959500000000000408e-02
-6.955000000000000071e-02
-6.955000000000000071e-02
-6.952350000000000196e-02
-6.945600000000000385e-02
-6.941949999999999510e-02
-6.941949999999999510e-02
-6.931199999999999861e-02
-6.931199999999999861e-02
-6.931199999999999861e-02
-6.931199999999999861e-02
-6.924249999999999849e-02
-6.924249999999999849e-02
-6.924249999999999849e-02
-6.924249999999999849e-02
-6.923650000000000637e-02
-6.920550000000000312e-02
-6.920550000000000312e-02
-6.920550000000000312e-02
-6.917550000000000088e-02
-6.912849999999999551e-02
-6.912849999999999551e-02
-6.912849999999999551e-02
-6.912849999999999551e-02
-6.912849999999999551e-02
-6.911150000000000626e-02
-6.909650000000000514e-02
-6.907000000000000639e-02
-6.907000000000000639e-02
-6.907000000000000639e-02
-6.900299999999999490e-02
-6.900299999999999490e-02
-6.898100000000000065e-02
-6.898100000000000065e-02
-6.897849999999999815e-02
-6.897849999999999815e-02
-6.895199999999999940e-02
-6.895199999999999940e-02
-6.882149999999999379e-02
-6.874249999999999805e-02
-6.874249999999999805e-02
-6.874249999999999805e-02
-6.874249999999999805e-02
-6.874249999999999805e-02
-6.870850000000000568e-02
-6.870199999999999918e-02
-6.863350000000000006e-02
-6.863350000000000006e-02
-6.863049999999999706e-02
-6.863049999999999706e-02
-6.863049999999999706e-02
-6.863049999999999706e-02
-6.856850000000000445e-02
-6.856850000000000445e-02
-6.856850000000000445e-02
-6.856850000000000445e-02
-6.855550000000000532e-02
-6.855550000000000532e-02
-6.854150000000000520e-02
-6.854150000000000520e-02
-6.854150000000000520e-02
-6.850499999999999645e-02
-6.850499999999999645e-02
-6.834300000000000097e-02
-6.834300000000000097e-02
-6.834300000000000097e-02
-6.834300000000000097e-02
-6.834300000000000097e-02
-6.834300000000000097e-02
-6.834300000000000097e-02
-6.833300000000000485e-02
-6.833300000000000485e-02
-6.833100000000000285e-02
-6.828750000000000098e-02
-6.828750000000000098e-02
-6.828750000000000098e-02
-6.828750000000000098e-02
-6.818849999999999911e-02
-6.818849999999999911e-02
-6.818849999999999911e-02
-6.818849999999999911e-02
-6.818849999999999911e-02
-6.818849999999999911e-02
-6.816200000000000037e-02
-6.813400000000000012e-02
-6.813400000000000012e-02
-6.793449999999999489e-02
-6.793449999999999489e-02
-6.793449999999999489e-02
-6.793449999999999489e-02
-6.793449999999999489e-02
-6.793449999999999489e-02
-6.793449999999999489e-02
-6.788900000000000490e-02
-6.786799999999999777e-02
-6.786799999999999777e-02
-6.779200000000000503e-02
-6.779200000000000503e-02
-6.779200000000000503e-02
-6.757950000000000068e-02
-6.757950000000000068e-02
-6.757950000000000068e-02
-6.757950000000000068e-02
-6.757950000000000068e-02
-6.747400000000000619e-02
-6.747400000000000619e-02
-6.747400000000000619e-02
-6.747400000000000619e-02
-6.747400000000000619e-02
-6.747400000000000619e-02
-6.747400000000000619e-02
-6.747300000000000519e-02
-6.740849999999999620e-02
-6.740849999999999620e-02
-6.740849999999999620e-02
-6.727249999999999897e-02
-6.727249999999999897e-02
-6.727249999999999897e-02
-6.727249999999999897e-02
-6.727249999999999897e-02
-6.727249999999999897e-02
-6.723400000000000210e-02
-6.723400000000000210e-02
-6.718599999999999572e-02
-6.717700000000000060e-02
-6.717700000000000060e-02
-6.717700000000000060e-02
-6.717700000000000060e-02
-6.714499999999999635e-02
-6.711499999999999411e-02
-6.711499999999999411e-02
-6.711300000000000598e-02
-6.699449999999999850e-02
-6.699449999999999850e-02
-6.699449999999999850e-02
-6.699449999999999850e-02
-6.699449999999999850e-02
-6.696900000000000075e-02
-6.691400000000000126e-02
-6.691400000000000126e-02
-6.687650000000000539e-02
-6.687650000000000539e-02
-6.687650000000000539e-02
-6.685099999999999376e-02
-6.676949999999999552e-02
-6.676949999999999552e-02
-6.676949999999999552e-02
-6.676949999999999552e-02
-6.676600000000000590e-02
-6.676350000000000340e-02
-6.675749999999999740e-02
-6.675499999999999490e-02
-6.675250000000000627e-02
-6.675100000000000477e-02
-6.671299999999999453e-02
-6.658650000000000679e-02
-6.658650000000000679e-02
-6.658650000000000679e-02
-6.658550000000000579e-02
-6.658550000000000579e-02
-6.658550000000000579e-02
-6.658550000000000579e-02
-6.658550000000000579e-02
-6.657699999999999729e-02
-6.645249999999999768e-02
-6.645249999999999768e-02
-6.645249999999999768e-02
-6.644849999999999368e-02
-6.644849999999999368e-02
-6.644849999999999368e-02
-6.643899999999999806e-02
-6.643899999999999806e-02
-6.640799999999999481e-02
-6.640799999999999481e-02
-6.640799999999999481e-02
-6.638800000000000257e-02
-6.638800000000000257e-02
-6.631249999999999645e-02
-6.631249999999999645e-02
-6.631249999999999645e-02
-6.631249999999999645e-02
-6.631249999999999645e-02
-6.626849999999999408e-02
-6.626849999999999408e-02
-6.626849999999999408e-02
-6.625000000000000333e-02
-6.623750000000000471e-02
-6.617800000000000071e-02
-6.617800000000000071e-02
-6.614599999999999647e-02
-6.614599999999999647e-02
-6.611849999999999672e-02
-6.610199999999999410e-02
-6.607899999999999885e-02
-6.607899999999999885e-02
-6.607899999999999885e-02
-6.605900000000000660e-02
-6.605900000000000660e-02
-6.588099999999999512e-02
-6.578549999999999676e-02
-6.578549999999999676e-02
-6.578549999999999676e-02
-6.567199999999999427e-02
-6.567199999999999427e-02
-6.567199999999999427e-02
-6.567199999999999427e-02
-6.567199999999999427e-02
-6.567199999999999427e-02
-6.567199999999999427e-02
-6.567199999999999427e-02
-6.558049999999999990e-02
-6.558049999999999990e-02
-6.558049999999999990e-02
-6.558049999999999990e-02
-6.558049999999999990e-02
-6.556800000000000128e-02
-6.556800000000000128e-02
-6.553849999999999953e-02
-6.551849999999999341e-02
-6.551849999999999341e-02
-6.551849999999999341e-02
-6.551849999999999341e-02
-6.551849999999999341e-02
-6.551250000000000129e-02
-6.547400000000000442e-02
-6.536450000000000593e-02
-6.536450000000000593e-02
-6.536450000000000593e-02
-6.536450000000000593e-02
-6.536450000000000593e-02
-6.533550000000000468e-02
-6.533550000000000468e-02
-6.533550000000000468e-02
-6.533550000000000468e-02
-6.532999999999999918e-02
-6.528200000000000669e-02
-6.528200000000000669e-02
-6.528200000000000669e-02
-6.522100000000000120e-02
-6.522100000000000120e-02
-6.522100000000000120e-02
-6.522100000000000120e-02
-6.519999999999999407e-02
-6.519999999999999407e-02
-6.516099999999999670e-02
-6.516099999999999670e-02
-6.514349999999999308e-02
-6.504400000000000459e-02
-6.504400000000000459e-02
-6.504400000000000459e-02
-6.504400000000000459e-02
-6.501899999999999347e-02
-6.474950000000000150e-02
-6.474950000000000150e-02
-6.474950000000000150e-02
-6.474950000000000150e-02
-6.474950000000000150e-02
-6.474950000000000150e-02
-6.474950000000000150e-02
-6.473750000000000338e-02
-6.473750000000000338e-02
-6.473750000000000338e-02
-6.473750000000000338e-02
-6.473750000000000338e-02
-6.472949999999999537e-02
-6.466500000000000026e-02
-6.466500000000000026e-02
-6.466500000000000026e-02
-6.464499999999999413e-02
-6.464499999999999413e-02
-6.459299999999999764e-02
-6.459299999999999764e-02
-6.459299999999999764e-02
-6.459299999999999764e-02
-6.459299999999999764e-02
-6.459299999999999764e-02
-6.459299999999999764e-02
-6.458899999999999364e-02
-6.458899999999999364e-02
-6.445850000000000191e-02
-6.445850000000000191e-02
-6.445850000000000191e-02
-6.445850000000000191e-02
-6.445850000000000191e-02
-6.445850000000000191e-02
-6.445850000000000191e-02
-6.445850000000000191e-02
-6.445800000000000141e-02
-6.444350000000000078e-02
-6.440450000000000341e-02
-6.440450000000000341e-02
-6.435849999999999904e-02
-6.430550000000000155e-02
-6.430550000000000155e-02
-6.430550000000000155e-02
-6.430550000000000155e-02
-6.430550000000000155e-02
-6.428549999999999542e-02
-6.428549999999999542e-02
-6.427149999999999530e-02
-6.427149999999999530e-02
-6.425899999999999668e-02
-6.425899999999999668e-02
-6.425899999999999668e-02
-6.425899999999999668e-02
-6.425899999999999668e-02
-6.424699999999999855e-02
-6.424699999999999855e-02
-6.408899999999999320e-02
-6.408899999999999320e-02
-6.408899999999999320e-02
-6.408899999999999320e-02
-6.408899999999999320e-02
-6.407949999999999757e-02
-6.407949999999999757e-02
-6.407949999999999757e-02
-6.407949999999999757e-02
-6.407949999999999757e-02
-6.406900000000000095e-02
-6.406399999999999595e-02
-6.405349999999999933e-02
-6.405349999999999933e-02
-6.404899999999999483e-02
-6.403100000000000458e-02
-6.392050000000000509e-02
-6.392050000000000509e-02
-6.392050000000000509e-02
-6.392050000000000509e-02
-6.392050000000000509e-02
-6.392050000000000509e-02
-6.392050000000000509e-02
-6.376450000000000173e-02
-6.376450000000000173e-02
-6.376450000000000173e-02
-6.376450000000000173e-02
-6.376450000000000173e-02
-6.376450000000000173e-02
-6.373499999999999999e-02
-6.373499999999999999e-02
-6.373499999999999999e-02
-6.373499999999999999e-02
-6.369149999999999812e-02
-6.356249999999999400e-02
-6.354350000000000276e-02
-6.354350000000000276e-02
-6.349349999999999439e-02
-6.349349999999999439e-02
-6.349349999999999439e-02
-6.340049999999999852e-02
-6.340049999999999852e-02
-6.340049999999999852e-02
-6.340049999999999852e-02
-6.331950000000000078e-02
-6.331950000000000078e-02
-6.331950000000000078e-02
-6.319750000000000367e-02
-6.319750000000000367e-02
-6.319750000000000367e-02
-6.319750000000000367e-02
-6.319750000000000367e-02
-6.319750000000000367e-02
-6.315199999999999980e-02
-6.314300000000000468e-02
-6.314300000000000468e-02
-6.314300000000000468e-02
-6.312650000000000206e-02
-6.309900000000000231e-02
-6.306599999999999706e-02
-6.306599999999999706e-02
-6.306599999999999706e-02
-6.306100000000000594e-02
-6.306100000000000594e-02
-6.306100000000000594e-02
-6.302599999999999869e-02
-6.298950000000000382e-02
-6.298950000000000382e-02
-6.298950000000000382e-02
-6.298950000000000382e-02
-6.294750000000000345e-02
-6.294750000000000345e-02
-6.294750000000000345e-02
-6.293150000000000133e-02
-6.289699999999999458e-02
-6.289699999999999458e-02
-6.289699999999999458e-02
-6.285100000000000409e-02
-6.282699999999999396e-02
-6.282699999999999396e-02
-6.282350000000000434e-02
-6.281150000000000622e-02
-6.280449999999999922e-02
-6.280449999999999922e-02
-6.280449999999999922e-02
-6.278749999999999609e-02
-6.277699999999999947e-02
-6.274100000000000510e-02
-6.260200000000000486e-02
-6.260200000000000486e-02
-6.260200000000000486e-02
-6.260200000000000486e-02
-6.260200000000000486e-02
-6.260200000000000486e-02
-6.260200000000000486e-02
-6.259950000000000236e-02
-6.258249999999999924e-02
-6.257799999999999474e-02
-6.236400000000000277e-02
-6.236400000000000277e-02
-6.235999999999999877e-02
-6.235999999999999877e-02
-6.235999999999999877e-02
-6.235999999999999877e-02
-6.228199999999999709e-02
-6.227350000000000246e-02
-6.221249999999999697e-02
-6.221249999999999697e-02
-6.221249999999999697e-02
-6.221249999999999697e-02
-6.212550000000000017e-02
-6.212550000000000017e-02
-6.212550000000000017e-02
-6.212550000000000017e-02
-6.211900000000000061e-02
-6.211900000000000061e-02
-6.208199999999999830e-02
-6.208199999999999830e-02
-6.208000000000000324e-02
-6.205700000000000105e-02
-6.200150000000000106e-02
-6.194899999999999712e-02
-6.194899999999999712e-02
-6.194899999999999712e-02
-6.194449999999999956e-02
-6.194449999999999956e-02
-6.194449999999999956e-02
-6.191950000000000232e-02
-6.191150000000000125e-02
-6.191150000000000125e-02
-6.188699999999999757e-02
-6.186300000000000132e-02
-6.186300000000000132e-02
-6.186300000000000132e-02
-6.186300000000000132e-02
-6.185750000000000276e-02
-6.185750000000000276e-02
-6.185750000000000276e-02
-6.181299999999999989e-02
-6.177400000000000252e-02
-6.177400000000000252e-02
-6.177049999999999902e-02
-6.176650000000000196e-02
-6.172400000000000109e-02
-6.161900000000000016e-02
-6.161900000000000016e-02
-6.161900000000000016e-02
-6.161900000000000016e-02
-6.161900000000000016e-02
-6.161900000000000016e-02
-6.161099999999999910e-02
-6.161099999999999910e-02
-6.161099999999999910e-02
-6.160949999999999760e-02
-6.158750000000000335e-02
-6.157549999999999829e-02
-6.157549999999999829e-02
-6.145450000000000218e-02
-6.145450000000000218e-02
-6.145450000000000218e-02
-6.145450000000000218e-02
-6.145450000000000218e-02
-6.145450000000000218e-02
-6.145450000000000218e-02
-6.145450000000000218e-02
-6.145350000000000118e-02
-6.145350000000000118e-02
-6.141049999999999981e-02
-6.141049999999999981e-02
-6.141049999999999981e-02
-6.141049999999999981e-02
-6.139349999999999669e-02
-6.139349999999999669e-02
-6.133399999999999963e-02
-6.133399999999999963e-02
-6.133399999999999963e-02
-6.133399999999999963e-02
-6.133399999999999963e-02
-6.133399999999999963e-02
-6.133399999999999963e-02
-6.133399999999999963e-02
-6.133399999999999963e-02
-6.123950000000000227e-02
-6.123950000000000227e-02
-6.123950000000000227e-02
-6.123950000000000227e-02
-6.123950000000000227e-02
-6.123950000000000227e-02
-6.123950000000000227e-02
-6.121250000000000302e-02
-6.121250000000000302e-02
-6.121250000000000302e-02
-6.121250000000000302e-02
-6.121250000000000302e-02
-6.121250000000000302e-02
-6.119800000000000240e-02
-6.112399999999999778e-02
-6.112399999999999778e-02
-6.112399999999999778e-02
-6.112399999999999778e-02
-6.112399999999999778e-02
-6.110899999999999666e-02
-6.110449999999999909e-02
-6.110449999999999909e-02
-6.110449999999999909e-02
-6.109649999999999803e-02
-6.109649999999999803e-02
-6.107049999999999979e-02
-6.107049999999999979e-02
-6.107049999999999979e-02
-6.107049999999999979e-02
-6.107049999999999979e-02
-6.107049999999999979e-02
-6.101850000000000329e-02
-6.101850000000000329e-02
-6.101850000000000329e-02
-6.101850000000000329e-02
-6.101750000000000229e-02
-6.101349999999999829e-02
-6.093799999999999911e-02
-6.093799999999999911e-02
-6.093799999999999911e-02
-6.093799999999999911e-02
-6.093799999999999911e-02
-6.093799999999999911e-02
-6.093799999999999911e-02
-6.093799999999999911e-02
-6.093799999999999911e-02
-6.093799999999999911e-02
-6.093799999999999911e-02
-6.093799999999999911e-02
-6.090399999999999980e-02
-6.090399999999999980e-02
-6.090399999999999980e-02
-6.090399999999999980e-02
-6.090399999999999980e-02
-6.090399999999999980e-02
-6.088650000000000312e-02
-6.086749999999999799e-02
-6.086749999999999799e-02
-6.086400000000000143e-02
-6.086400000000000143e-02
-6.085000000000000131e-02
-6.083249999999999769e-02
-6.074899999999999745e-02
-6.074899999999999745e-02
-6.074899999999999745e-02
-6.074899999999999745e-02
-6.068699999999999789e-02
-6.068699999999999789e-02
-6.068699999999999789e-02
-6.068699999999999789e-02
-6.064699999999999952e-02
-6.064699999999999952e-02
-6.064699999999999952e-02
-6.061899999999999927e-02
-6.058199999999999696e-02
-6.058199999999999696e-02
-6.058199999999999696e-02
-6.054699999999999666e-02
-6.053399999999999753e-02
-6.048599999999999810e-02
-6.047899999999999804e-02
-6.047899999999999804e-02
-6.046900000000000192e-02
-6.046900000000000192e-02
-6.046900000000000192e-02
-6.045299999999999979e-02
-6.045299999999999979e-02
-6.043300000000000061e-02
-6.043300000000000061e-02
-6.043300000000000061e-02
-6.043300000000000061e-02
-6.040100000000000330e-02
-6.040100000000000330e-02
-6.038400000000000017e-02
-6.038400000000000017e-02
-6.036949999999999955e-02
-6.031500000000000056e-02
-6.031500000000000056e-02
-6.027699999999999725e-02
-6.027699999999999725e-02
-6.027699999999999725e-02
-6.027699999999999725e-02
-6.027699999999999725e-02
-6.013799999999999701e-02
-6.013799999999999701e-02
-6.013799999999999701e-02
-6.013799999999999701e-02
-6.013799999999999701e-02
-6.013799999999999701e-02
-6.004899999999999821e-02
-6.004899999999999821e-02
-6.004899999999999821e-02
-6.004899999999999821e-02
-6.004899999999999821e-02
-6.004899999999999821e-02
-6.004899999999999821e-02
-6.004899999999999821e-02
-6.000550000000000328e-02
-6.000450000000000228e-02
-6.000450000000000228e-02
-6.000450000000000228e-02
-5.997399999999999953e-02
-5.981800000000000311e-02
-5.981800000000000311e-02
-5.981800000000000311e-02
-5.981800000000000311e-02
-5.981800000000000311e-02
-5.976950000000000318e-02
-5.976950000000000318e-02
-5.976950000000000318e-02
-5.976950000000000318e-02
-5.975099999999999856e-02
-5.973799999999999943e-02
-5.973549999999999693e-02
-5.970249999999999863e-02
-5.970249999999999863e-02
-5.970249999999999863e-02
-5.970049999999999663e-02
-5.969100000000000100e-02
-5.969100000000000100e-02
-5.968699999999999700e-02
-5.960250000000000270e-02
-5.960250000000000270e-02
-5.960250000000000270e-02
-5.960250000000000270e-02
-5.958100000000000201e-02
-5.958100000000000201e-02
-5.942399999999999766e-02
-5.942399999999999766e-02
-5.942399999999999766e-02
-5.942399999999999766e-02
-5.942399999999999766e-02
-5.942399999999999766e-02
-5.942399999999999766e-02
-5.942399999999999766e-02
-5.942299999999999666e-02
-5.941550000000000303e-02
-5.941550000000000303e-02
-5.940999999999999753e-02
-5.940999999999999753e-02
-5.940999999999999753e-02
-5.940999999999999753e-02
-5.940999999999999753e-02
-5.940999999999999753e-02
-5.940999999999999753e-02
-5.940999999999999753e-02
-5.932799999999999879e-02
-5.932799999999999879e-02
-5.932799999999999879e-02
-5.932799999999999879e-02
-5.932799999999999879e-02
-5.932799999999999879e-02
-5.930649999999999811e-02
-5.930649999999999811e-02
-5.930649999999999811e-02
-5.930649999999999811e-02
-5.930649999999999811e-02
-5.930300000000000155e-02
-5.930300000000000155e-02
-5.930150000000000005e-02
-5.930150000000000005e-02
-5.927749999999999686e-02
-5.926750000000000074e-02
-5.926750000000000074e-02
-5.926599999999999924e-02
-5.926449999999999774e-02
-5.916699999999999737e-02
-5.916699999999999737e-02
-5.916699999999999737e-02
-5.916699999999999737e-02
-5.916699999999999737e-02
-5.916699999999999737e-02
-5.916699999999999737e-02
-5.916699999999999737e-02
-5.916699999999999737e-02
-5.916699999999999737e-02
-5.916699999999999737e-02
-5.916699999999999737e-02
-5.914900000000000019e-02
-5.914900000000000019e-02
-5.912549999999999750e-02
-5.911899999999999794e-02
-5.911899999999999794e-02
-5.911550000000000138e-02
-5.911550000000000138e-02
-5.910150000000000126e-02
-5.905350000000000182e-02
-5.905250000000000082e-02
-5.905250000000000082e-02
-5.903900000000000120e-02
-5.903900000000000120e-02
-5.903900000000000120e-02
-5.903900000000000120e-02
-5.902450000000000058e-02
-5.902450000000000058e-02
-5.901350000000000345e-02
-5.901300000000000295e-02
-5.901300000000000295e-02
-5.899349999999999733e-02
-5.899349999999999733e-02
-5.899349999999999733e-02
-5.899349999999999733e-02
-5.897700000000000164e-02
-5.897700000000000164e-02
-5.897700000000000164e-02
-5.897700000000000164e-02
-5.897700000000000164e-02
-5.897700000000000164e-02
-5.895500000000000046e-02
-5.895399999999999946e-02
-5.894400000000000334e-02
-5.894400000000000334e-02
-5.893349999999999977e-02
-5.893349999999999977e-02
-5.893349999999999977e-02
-5.892599999999999921e-02
-5.884000000000000341e-02
-5.884000000000000341e-02
-5.884000000000000341e-02
-5.878400000000000292e-02
-5.878400000000000292e-02
-5.878400000000000292e-02
-5.878250000000000142e-02
-5.878250000000000142e-02
-5.874900000000000261e-02
-5.874900000000000261e-02
-5.874900000000000261e-02
-5.874900000000000261e-02
-5.874900000000000261e-02
-5.874900000000000261e-02
-5.874900000000000261e-02
-5.873049999999999798e-02
-5.873049999999999798e-02
-5.873049999999999798e-02
-5.873049999999999798e-02
-5.871649999999999786e-02
-5.871649999999999786e-02
-5.871649999999999786e-02
-5.867850000000000149e-02
-5.864749999999999824e-02
-5.864749999999999824e-02
-5.863050000000000206e-02
-5.863050000000000206e-02
-5.863050000000000206e-02
-5.862049999999999900e-02
-5.861050000000000287e-02
-5.858750000000000069e-02
-5.858750000000000069e-02
-5.858750000000000069e-02
-5.858750000000000069e-02
-5.856050000000000144e-02
-5.856050000000000144e-02
-5.855950000000000044e-02
-5.855950000000000044e-02
-5.850000000000000339e-02
-5.849549999999999889e-02
-5.849549999999999889e-02
-5.849549999999999889e-02
-5.847850000000000270e-02
-5.847850000000000270e-02
-5.846599999999999714e-02
-5.846599999999999714e-02
-5.846599999999999714e-02
-5.846599999999999714e-02
-5.846599999999999714e-02
-5.846599999999999714e-02
-5.846350000000000158e-02
-5.839649999999999702e-02
-5.839649999999999702e-02
-5.822549999999999948e-02
-5.817649999999999905e-02
-5.817649999999999905e-02
-5.817649999999999905e-02
-5.817649999999999905e-02
-5.817649999999999905e-02
-5.817449999999999705e-02
-5.814199999999999924e-02
-5.814199999999999924e-02
-5.813949999999999674e-02
-5.813050000000000161e-02
-5.811299999999999799e-02
-5.811299999999999799e-02
-5.810900000000000093e-02
-5.810900000000000093e-02
-5.806700000000000056e-02
-5.806700000000000056e-02
-5.806700000000000056e-02
-5.806700000000000056e-02
-5.802800000000000319e-02
-5.802800000000000319e-02
-5.802800000000000319e-02
-5.802800000000000319e-02
-5.800050000000000344e-02
-5.800050000000000344e-02
-5.800050000000000344e-02
-5.800050000000000344e-02
-5.800050000000000344e-02
-5.799200000000000188e-02
-5.799200000000000188e-02
-5.799050000000000038e-02
-5.799050000000000038e-02
-5.799050000000000038e-02
-5.799050000000000038e-02
-5.798699999999999688e-02
-5.798699999999999688e-02
-5.798550000000000232e-02
-5.798550000000000232e-02
-5.798149999999999832e-02
-5.791600000000000220e-02
-5.791600000000000220e-02
-5.791600000000000220e-02
-5.791600000000000220e-02
-5.788800000000000195e-02
-5.788349999999999745e-02
-5.788349999999999745e-02
-5.788349999999999745e-02
-5.788100000000000189e-02
-5.788100000000000189e-02
-5.788100000000000189e-02
-5.788050000000000139e-02
-5.778799999999999909e-02
-5.777199999999999697e-02
-5.777199999999999697e-02
-5.777199999999999697e-02
-5.777199999999999697e-02
-5.774150000000000116e-02
-5.774150000000000116e-02
-5.774150000000000116e-02
-5.774150000000000116e-02
-5.774150000000000116e-02
-5.773749999999999716e-02
-5.773099999999999760e-02
-5.773099999999999760e-02
-5.772050000000000097e-02
-5.772050000000000097e-02
-5.770900000000000335e-02
-5.770900000000000335e-02
-5.770650000000000085e-02
-5.770650000000000085e-02
-5.769450000000000273e-02
-5.769450000000000273e-02
-5.769450000000000273e-02
-5.759199999999999736e-02
-5.759199999999999736e-02
-5.759199999999999736e-02
-5.759199999999999736e-02
-5.759199999999999736e-02
-5.759199999999999736e-02
-5.759199999999999736e-02
-5.759199999999999736e-02
-5.759199999999999736e-02
-5.759199999999999736e-02
-5.759199999999999736e-02
-5.756649999999999961e-02
-5.755849999999999855e-02
-5.755550000000000249e-02
-5.755550000000000249e-02
-5.752100000000000268e-02
-5.752100000000000268e-02
-5.752100000000000268e-02
-5.751549999999999718e-02
-5.749950000000000200e-02
-5.749950000000000200e-02
-5.749950000000000200e-02
-5.749950000000000200e-02
-5.749950000000000200e-02
-5.749950000000000200e-02
-5.746450000000000169e-02
-5.746450000000000169e-02
-5.746450000000000169e-02
-5.746450000000000169e-02
-5.746450000000000169e-02
-5.746450000000000169e-02
-5.746450000000000169e-02
-5.745499999999999913e-02
-5.745499999999999913e-02
-5.745499999999999913e-02
-5.745499999999999913e-02
-5.745499999999999913e-02
-5.745499999999999913e-02
-5.745499999999999913e-02
-5.743299999999999794e-02
-5.738999999999999657e-02
-5.730899999999999883e-02
-5.730899999999999883e-02
-5.730899999999999883e-02
-5.730899999999999883e-02
-5.726099999999999940e-02
-5.715049999999999991e-02
-5.715049999999999991e-02
-5.715049999999999991e-02
-5.712199999999999916e-02
-5.711549999999999960e-02
-5.711549999999999960e-02
-5.711549999999999960e-02
-5.711549999999999960e-02
-5.709349999999999842e-02
-5.709349999999999842e-02
-5.709349999999999842e-02
-5.709349999999999842e-02
-5.707650000000000223e-02
-5.704000000000000042e-02
-5.703949999999999992e-02
-5.703949999999999992e-02
-5.700299999999999812e-02
-5.700299999999999812e-02
-5.699549999999999755e-02
-5.699549999999999755e-02
-5.699549999999999755e-02
-5.699549999999999755e-02
-5.694799999999999862e-02
-5.694799999999999862e-02
-5.694799999999999862e-02
-5.694799999999999862e-02
-5.694799999999999862e-02
-5.694799999999999862e-02
-5.694799999999999862e-02
-5.694699999999999762e-02
-5.694699999999999762e-02
-5.694699999999999762e-02
-5.689299999999999913e-02
-5.689299999999999913e-02
-5.689299999999999913e-02
-5.689299999999999913e-02
-5.689299999999999913e-02
-5.689299999999999913e-02
-5.689299999999999913e-02
-5.680299999999999933e-02
-5.680299999999999933e-02
-5.680299999999999933e-02
-5.680299999999999933e-02
-5.680299999999999933e-02
-5.680299999999999933e-02
-5.679700000000000026e-02
-5.679700000000000026e-02
-5.675949999999999745e-02
-5.675949999999999745e-02
-5.675550000000000039e-02
-5.673949999999999827e-02
-5.673949999999999827e-02
-5.673650000000000221e-02
-5.673650000000000221e-02
-5.671949999999999908e-02
-5.671699999999999658e-02
-5.671699999999999658e-02
-5.656499999999999723e-02
-5.656499999999999723e-02
-5.656499999999999723e-02
-5.656499999999999723e-02
-5.656499999999999723e-02
-5.656499999999999723e-02
-5.651350000000000123e-02
-5.651350000000000123e-02
-5.646949999999999886e-02
-5.643000000000000099e-02
-5.643000000000000099e-02
-5.642849999999999949e-02
-5.635450000000000181e-02
-5.635450000000000181e-02
-5.635450000000000181e-02
-5.635450000000000181e-02
-5.635450000000000181e-02
-5.635450000000000181e-02
-5.635400000000000131e-02
-5.630750000000000338e-02
-5.630750000000000338e-02
-5.630750000000000338e-02
-5.630750000000000338e-02
-5.626049999999999801e-02
-5.625750000000000195e-02
-5.625750000000000195e-02
-5.625750000000000195e-02
-5.623999999999999833e-02
-5.621749999999999664e-02
-5.621749999999999664e-02
-5.621049999999999658e-02
-5.619350000000000039e-02
-5.619350000000000039e-02
-5.618850000000000233e-02
-5.612349999999999978e-02
-5.612349999999999978e-02
-5.612349999999999978e-02
-5.611700000000000021e-02
-5.611700000000000021e-02
-5.611700000000000021e-02
-5.611700000000000021e-02
-5.611700000000000021e-02
-5.611700000000000021e-02
-5.608950000000000047e-02
-5.608950000000000047e-02
-5.608950000000000047e-02
-5.608950000000000047e-02
-5.608950000000000047e-02
-5.608950000000000047e-02
-5.608950000000000047e-02
-5.608500000000000291e-02
-5.602750000000000091e-02
-5.602750000000000091e-02
-5.602750000000000091e-02
-5.602750000000000091e-02
-5.602750000000000091e-02
-5.601049999999999779e-02
-5.600299999999999723e-02
-5.597499999999999698e-02
-5.596500000000000086e-02
-5.596050000000000330e-02
-5.596050000000000330e-02
-5.596050000000000330e-02
-5.594949999999999923e-02
-5.594949999999999923e-02
-5.594550000000000217e-02
-5.592749999999999805e-02
-5.592749999999999805e-02
-5.592749999999999805e-02
-5.592749999999999805e-02
-5.592099999999999849e-02
-5.592099999999999849e-02
-5.591499999999999942e-02
-5.591499999999999942e-02
-5.591499999999999942e-02
-5.591499999999999942e-02
-5.591499999999999942e-02
-5.591050000000000186e-02
-5.590300000000000130e-02
-5.586250000000000243e-02
-5.586250000000000243e-02
-5.585350000000000037e-02
-5.585350000000000037e-02
-5.585350000000000037e-02
-5.585350000000000037e-02
-5.585350000000000037e-02
-5.585350000000000037e-02
-5.585049999999999737e-02
-5.583149999999999918e-02
-5.583149999999999918e-02
-5.583149999999999918e-02
-5.583149999999999918e-02
-5.582800000000000262e-02
-5.582800000000000262e-02
-5.582199999999999662e-02
-5.582199999999999662e-02
-5.582199999999999662e-02
-5.582199999999999662e-02
-5.582199999999999662e-02
-5.582199999999999662e-02
-5.581950000000000106e-02
-5.581350000000000200e-02
-5.578550000000000175e-02
-5.578550000000000175e-02
-5.578249999999999875e-02
-5.578049999999999675e-02
-5.578049999999999675e-02
-5.575250000000000344e-02
-5.575250000000000344e-02
-5.575250000000000344e-02
-5.575250000000000344e-02
-5.575050000000000144e-02
-5.575050000000000144e-02
-5.572099999999999970e-02
-5.571099999999999663e-02
-5.568200000000000233e-02
-5.568200000000000233e-02
-5.564249999999999752e-02
-5.564249999999999752e-02
-5.564249999999999752e-02
-5.564249999999999752e-02
-5.564249999999999752e-02
-5.564249999999999752e-02
-5.564249999999999752e-02
-5.564249999999999752e-02
-5.564249999999999752e-02
-5.563649999999999846e-02
-5.562949999999999839e-02
-5.562750000000000333e-02
-5.561750000000000027e-02
-5.558899999999999952e-02
-5.558899999999999952e-02
-5.558899999999999952e-02
-5.558849999999999902e-02
-5.558849999999999902e-02
-5.555050000000000265e-02
-5.555050000000000265e-02
-5.555050000000000265e-02
-5.552549999999999847e-02
-5.552549999999999847e-02
-5.552549999999999847e-02
-5.552549999999999847e-02
-5.552549999999999847e-02
-5.552549999999999847e-02
-5.552549999999999847e-02
-5.552549999999999847e-02
-5.552549999999999847e-02
-5.551299999999999985e-02
-5.550100000000000172e-02
-5.548449999999999910e-02
-5.548449999999999910e-02
-5.548449999999999910e-02
-5.546750000000000291e-02
-5.546750000000000291e-02
-5.546750000000000291e-02
-5.545649999999999885e-02
-5.545649999999999885e-02
-5.544500000000000123e-02
-5.544500000000000123e-02
-5.544500000000000123e-02
-5.544500000000000123e-02
-5.543200000000000210e-02
-5.543200000000000210e-02
-5.542600000000000304e-02
-5.542600000000000304e-02
-5.542600000000000304e-02
-5.542600000000000304e-02
-5.541349999999999748e-02
-5.540550000000000336e-02
-5.539600000000000080e-02
-5.539600000000000080e-02
-5.539600000000000080e-02
-5.539600000000000080e-02
-5.539600000000000080e-02
-5.534300000000000330e-02
-5.534300000000000330e-02
-5.534300000000000330e-02
-5.534300000000000330e-02
-5.534300000000000330e-02
-5.534300000000000330e-02
-5.533699999999999730e-02
-5.533699999999999730e-02
-5.533699999999999730e-02
-5.531799999999999912e-02
-5.530949999999999755e-02
-5.530949999999999755e-02
-5.530949999999999755e-02
-5.530600000000000099e-02
-5.530600000000000099e-02
-5.530600000000000099e-02
-5.529649999999999843e-02
-5.528949999999999837e-02
-5.525100000000000150e-02
-5.525100000000000150e-02
-5.525100000000000150e-02
-5.525100000000000150e-02
-5.525100000000000150e-02
-5.524500000000000244e-02
-5.524450000000000194e-02
-5.524300000000000044e-02
-5.523100000000000231e-02
-5.523100000000000231e-02
-5.523100000000000231e-02
-5.523000000000000131e-02
-5.516050000000000120e-02
-5.516050000000000120e-02
-5.513099999999999945e-02
-5.513099999999999945e-02
-5.513099999999999945e-02
-5.511800000000000033e-02
-5.506199999999999983e-02
-5.506199999999999983e-02
-5.506199999999999983e-02
-5.503500000000000059e-02
-5.503500000000000059e-02
-5.503450000000000009e-02
-5.503450000000000009e-02
-5.501249999999999890e-02
-5.498999999999999722e-02
-5.498999999999999722e-02
-5.494550000000000128e-02
-5.494550000000000128e-02
-5.494550000000000128e-02
-5.494550000000000128e-02
-5.494550000000000128e-02
-5.494550000000000128e-02
-5.494550000000000128e-02
-5.493950000000000222e-02
-5.493050000000000016e-02
-5.493050000000000016e-02
-5.484900000000000192e-02
-5.483450000000000130e-02
-5.483450000000000130e-02
-5.483450000000000130e-02
-5.479950000000000099e-02
-5.479950000000000099e-02
-5.479950000000000099e-02
-5.479950000000000099e-02
-5.479950000000000099e-02
-5.479950000000000099e-02
-5.479950000000000099e-02
-5.479350000000000193e-02
-5.478199999999999736e-02
-5.478199999999999736e-02
-5.477400000000000324e-02
-5.477400000000000324e-02
-5.474400000000000099e-02
-5.474400000000000099e-02
-5.474400000000000099e-02
-5.473800000000000193e-02
-5.473800000000000193e-02
-5.473800000000000193e-02
-5.473800000000000193e-02
-5.473700000000000093e-02
-5.473700000000000093e-02
-5.472099999999999881e-02
-5.471800000000000275e-02
-5.471199999999999675e-02
-5.470699999999999869e-02
-5.470250000000000112e-02
-5.469650000000000206e-02
-5.469650000000000206e-02
-5.468300000000000244e-02
-5.468300000000000244e-02
-5.466850000000000181e-02
-5.466850000000000181e-02
-5.466850000000000181e-02
-5.466850000000000181e-02
-5.466850000000000181e-02
-5.466700000000000031e-02
-5.466700000000000031e-02
-5.466700000000000031e-02
-5.466700000000000031e-02
-5.466150000000000175e-02
-5.466050000000000075e-02
-5.465849999999999875e-02
-5.465849999999999875e-02
-5.465749999999999775e-02
-5.465749999999999775e-02
-5.465749999999999775e-02
-5.465749999999999775e-02
-5.460149999999999726e-02
-5.460149999999999726e-02
-5.460149999999999726e-02
-5.460149999999999726e-02
-5.460149999999999726e-02
-5.460149999999999726e-02
-5.460149999999999726e-02
-5.460149999999999726e-02
-5.460149999999999726e-02
-5.460149999999999726e-02
-5.460149999999999726e-02
-5.460149999999999726e-02
-5.458299999999999957e-02
-5.437249999999999722e-02
-5.411500000000000338e-02
-5.411400000000000238e-02
-5.411400000000000238e-02
-5.409400000000000319e-02
-5.409400000000000319e-02
-5.409400000000000319e-02
-5.409400000000000319e-02
-5.404049999999999826e-02
-5.392349999999999921e-02
-5.392349999999999921e-02
-5.392349999999999921e-02
-5.392349999999999921e-02
-5.392349999999999921e-02
-5.386950000000000072e-02
-5.386950000000000072e-02
-5.386950000000000072e-02
-5.386950000000000072e-02
-5.386950000000000072e-02
-5.386950000000000072e-02
-5.386950000000000072e-02
-5.386450000000000266e-02
-5.386450000000000266e-02
-5.386450000000000266e-02
-5.380750000000000116e-02
-5.380750000000000116e-02
-5.380750000000000116e-02
-5.380750000000000116e-02
-5.380750000000000116e-02
-5.380750000000000116e-02
-5.380750000000000116e-02
-5.380299999999999666e-02
-5.380250000000000310e-02
-5.377849999999999991e-02
-5.374999999999999917e-02
-5.374999999999999917e-02
-5.374999999999999917e-02
-5.373349999999999654e-02
-5.373349999999999654e-02
-5.373349999999999654e-02
-5.373349999999999654e-02
-5.373349999999999654e-02
-5.373349999999999654e-02
-5.373349999999999654e-02
-5.373349999999999654e-02
-5.373349999999999654e-02
-5.373349999999999654e-02
-5.372600000000000292e-02
-5.372600000000000292e-02
-5.369499999999999967e-02
-5.369499999999999967e-02
-5.368099999999999955e-02
-5.366800000000000043e-02
-5.366350000000000287e-02
-5.365149999999999780e-02
-5.364900000000000224e-02
-5.362999999999999712e-02
-5.359400000000000275e-02
-5.359400000000000275e-02
-5.359400000000000275e-02
-5.359400000000000275e-02
-5.359400000000000275e-02
-5.359400000000000275e-02
-5.357549999999999812e-02
-5.357549999999999812e-02
-5.357549999999999812e-02
-5.357549999999999812e-02
-5.357549999999999812e-02
-5.357549999999999812e-02
-5.357449999999999712e-02
-5.357150000000000106e-02
-5.356949999999999906e-02
-5.356650000000000300e-02
-5.356650000000000300e-02
-5.356400000000000050e-02
-5.356400000000000050e-02
-5.355649999999999994e-02
-5.355649999999999994e-02
-5.354249999999999982e-02
-5.354249999999999982e-02
-5.354249999999999982e-02
-5.354249999999999982e-02
-5.351399999999999907e-02
-5.351399999999999907e-02
-5.351349999999999857e-02
-5.351349999999999857e-02
-5.350900000000000101e-02
-5.350900000000000101e-02
-5.350350000000000245e-02
-5.349299999999999888e-02
-5.347899999999999876e-02
-5.330900000000000222e-02
-5.330900000000000222e-02
-5.330900000000000222e-02
-5.330900000000000222e-02
-5.330900000000000222e-02
-5.330900000000000222e-02
-5.330900000000000222e-02
-5.330900000000000222e-02
-5.330250000000000266e-02
-5.330100000000000116e-02
-5.329199999999999909e-02
-5.326299999999999785e-02
-5.326299999999999785e-02
-5.325799999999999979e-02
-5.325799999999999979e-02
-5.324750000000000316e-02
-5.321700000000000041e-02
-5.321700000000000041e-02
-5.321700000000000041e-02
-5.321050000000000085e-02
-5.316150000000000042e-02
-5.316150000000000042e-02
-5.316150000000000042e-02
-5.316150000000000042e-02
-5.316150000000000042e-02
-5.316150000000000042e-02
-5.316150000000000042e-02
-5.316150000000000042e-02
-5.313650000000000317e-02
-5.313650000000000317e-02
-5.313650000000000317e-02
-5.313650000000000317e-02
-5.311350000000000099e-02
-5.306600000000000206e-02
-5.306600000000000206e-02
-5.306600000000000206e-02
-5.304400000000000087e-02
-5.304400000000000087e-02
-5.304400000000000087e-02
-5.297299999999999925e-02
-5.297299999999999925e-02
-5.297299999999999925e-02
-5.297299999999999925e-02
-5.297299999999999925e-02
-5.297299999999999925e-02
-5.297299999999999925e-02
-5.296549999999999869e-02
-5.296549999999999869e-02
-5.296549999999999869e-02
-5.295400000000000107e-02
-5.294549999999999951e-02
-5.293149999999999938e-02
-5.293149999999999938e-02
-5.292949999999999738e-02
-5.292949999999999738e-02
-5.289549999999999808e-02
-5.289549999999999808e-02
-5.289549999999999808e-02
-5.289549999999999808e-02
-5.289549999999999808e-02
-5.289549999999999808e-02
-5.287599999999999939e-02
-5.287150000000000183e-02
-5.287150000000000183e-02
-5.287150000000000183e-02
-5.287150000000000183e-02
-5.287150000000000183e-02
-5.286949999999999983e-02
-5.286500000000000227e-02
-5.286500000000000227e-02
-5.286350000000000077e-02
-5.286249999999999977e-02
-5.285900000000000321e-02
-5.285750000000000171e-02
