4.729915468910327880e-01
8.882828084285121495e-01
4.159277807718091413e-01
9.855808090239728259e-01
7.330514375102029634e-01
4.438926757258675471e-01
9.892667851334102647e-01
7.249612105376825877e-01
3.740101104633226647e-01
9.912582825936235853e-01
7.405853229253338554e-01
5.216226943551638406e-01
9.736518865415861868e-01
7.072737206037644775e-01
4.538619927557309142e-01
9.772868217290208159e-01
7.442673239785191353e-01
4.233901414245709316e-01
9.944009109084983589e-01
8.242053699873557182e-01
6.891919067141096811e-01
9.884414501842616607e-01
7.365754881605207638e-01
7.134998188834646982e-01
9.868652586399000448e-01
7.200434405080948785e-01
2.745482271517775130e-01
9.730971142798162665e-01
8.193499858943713576e-01
3.513251004309568826e-01
9.905951686641234488e-01
7.506948737784270298e-01
3.161285020531530154e-01
9.752402188981301734e-01
7.771012290303800363e-01
6.998752925470961284e-01
9.741679596400054653e-01
7.998569772969827962e-01
3.369324285759679460e-01
9.840215854881341206e-01
7.824560693170357073e-01
4.443171880796398243e-01
9.779804632440025625e-01
7.589910074386769789e-01
3.483324473446096636e-01
9.902921251450402806e-01
7.378301961919329077e-01
4.817291460351800225e-01
9.787421771341293653e-01
7.439111038609987903e-01
4.575727434836514007e-01
9.781322843285478186e-01
7.766166987096633223e-01
4.443865117604287596e-01
9.877358878673129228e-01
7.313878362364607533e-01
5.308488017526795666e-01
9.850048897990696384e-01
7.945386220972645575e-01
4.990515257582122666e-01
9.899717977293848170e-01
7.420728196836365864e-01
4.188693476084743850e-01
9.906407539540640350e-01
7.269741792462404151e-01
5.465597380248574666e-01
9.836345583871758391e-01
7.430348674152849053e-01
5.333945096032872701e-01
9.776718196934524041e-01
7.308671325704246824e-01
5.662531217920161453e-01
9.840413882339080764e-01
7.229482918411548331e-01
4.995949545808652248e-01
9.925753744025090919e-01
7.105833895566262548e-01
5.131694924683489756e-01
9.945939419588779584e-01
6.948735702948697357e-01
5.950704281132042084e-01
9.741623465928497261e-01
6.871608967640772114e-01
5.907667839616778105e-01
9.821104908441704584e-01
6.876585143667863775e-01
6.784248081255773721e-01
9.692564997777672886e-01
7.094506865714313992e-01
6.521913444743345778e-01
9.930366710036855338e-01
6.783986113830673403e-01
7.088708191618195986e-01
9.945945499150152802e-01
6.493058224190212391e-01
7.456529713055985997e-01
9.852164474842201036e-01
7.134663294151472046e-01
7.590414742015079153e-01
9.917864409828669459e-01
6.646154456815255296e-01
7.301002896469852566e-01
9.757071159743100353e-01
6.725688245425551770e-01
8.555552238223256278e-01
9.918865563258730811e-01
6.677697858495501571e-01
8.643248418776310338e-01
9.874016714438852427e-01
6.743730110952557144e-01
8.172442040518661521e-01
9.932547049880885437e-01
7.551528586867670700e-01
1.989521956920438095e-01
9.847967856540009723e-01
7.185573469952408754e-01
3.159918094730072013e-01
9.899317913198485419e-01
7.948169323679730169e-01
3.596510558372066901e-01
9.835418666869040205e-01
7.406286865088338445e-01
2.926509665951169126e-01
9.887790682714665547e-01
7.444488477097861434e-01
2.626289572378386894e-01
9.854998878459153566e-01
7.134695116856686337e-01
3.654662147622987911e-01
9.861264853917026674e-01
7.732528241212743847e-01
2.450905767313933392e-01
9.954722430351226059e-01
7.451014113347547152e-01
1.359914267037063973e-01
9.951372160091735974e-01
7.628657044827236167e-01
4.659462401222652095e-01
9.873919428452040403e-01
7.310910853403802534e-01
4.383751942987086925e-01
9.908639257810101242e-01
7.888224945635434748e-01
4.432605948960666176e-01
9.963118703426225853e-01
6.939595223571890514e-01
2.626387449254332651e-01
9.726102851187055087e-01
7.892995094047078330e-01
4.959831133005532244e-01
9.927248602845530900e-01
6.935017373526930484e-01
6.471772849364574309e-01
9.972587723529521275e-01
7.106309666730340480e-01
6.952249537758523612e-01
9.933654939730287570e-01
7.529405299874828428e-01
2.804867238210371205e-01
9.865985520928901575e-01
6.337006215850780055e-01
7.632494215020161343e-01
9.954283929648914953e-01
9.224389969804864808e-01
2.519627833059800981e-01
9.933635967325991079e-01
7.784939865684690208e-01
3.098986102395553388e-01
9.841054063611707203e-01
7.576746379171903634e-01
3.127317612183271311e-01
9.981054324299141189e-01
7.181172680558334243e-01
3.398932358401245413e-01
9.944475337648267521e-01
7.343954482548717966e-01
3.483374550493187893e-01
9.899564875532209651e-01
7.344249199196462019e-01
6.372795465969119388e-02
9.848235197323740309e-01
7.380884152981432855e-01
3.425430641539330967e-01
9.880814139322680045e-01
6.845414250517490862e-01
3.788498799977639830e-01
9.876590162342825385e-01
6.679129373331131880e-01
4.473310154191664223e-01
9.893211819040499400e-01
6.121686419140960345e-01
4.776665989227542042e-01
9.845975418702652693e-01
6.401109290216738801e-01
4.714361234004033618e-01
9.738725591592900521e-01
6.094948490154521448e-01
5.134091633612150041e-01
9.836410881370571957e-01
5.939339236227184626e-01
5.291463440978669830e-01
9.949633944970825983e-01
5.764520789693295955e-01
5.742143558089667366e-01
9.947068485965806506e-01
5.999529275187953647e-01
5.021597937283620583e-01
9.925265624768029316e-01
5.607331637273091918e-01
6.064412531389316019e-01
9.919640858084843860e-01
5.529836555127811693e-01
6.669625294074914557e-01
9.980471583714078943e-01
5.335373682594853895e-01
6.941850148466253145e-01
9.846395891668306977e-01
5.319473756843995371e-01
6.894570669019700615e-01
