-4.513710000000000222e-01
-4.513710000000000222e-01
-4.513710000000000222e-01
-4.223835000000000228e-01
-4.223835000000000228e-01
-3.805359999999999854e-01
-3.805359999999999854e-01
-3.645760000000000112e-01
-3.612184999999999979e-01
-3.590834999999999999e-01
-3.500030000000000086e-01
-3.399719999999999964e-01
-3.355110000000000037e-01
-3.285759999999999792e-01
-3.163020000000000276e-01
-3.145324999999999926e-01
-3.047750000000000181e-01
-2.990185000000000204e-01
-2.990185000000000204e-01
-2.900535000000000196e-01
-2.765929999999999778e-01
-2.722459999999999880e-01
-2.697970000000000090e-01
-2.606519999999999948e-01
-2.536260000000000181e-01
-2.533515000000000073e-01
-2.478084999999999871e-01
-2.430849999999999955e-01
-2.349769999999999914e-01
-2.294519999999999893e-01
-2.245495000000000130e-01
-2.227459999999999996e-01
-2.196720000000000061e-01
-2.122684999999999989e-01
-2.121039999999999870e-01
-2.047229999999999883e-01
-2.032805000000000029e-01
-2.020635000000000070e-01
-2.008040000000000103e-01
-1.982909999999999950e-01
-1.982909999999999950e-01
-1.953475000000000072e-01
-1.915725000000000067e-01
-1.915725000000000067e-01
-1.860850000000000004e-01
-1.841385000000000105e-01
-1.840680000000000094e-01
-1.831194999999999906e-01
-1.808414999999999884e-01
-1.808414999999999884e-01
-1.805609999999999993e-01
-1.802330000000000043e-01
-1.799469999999999958e-01
-1.789650000000000130e-01
-1.787150000000000127e-01
-1.775839999999999919e-01
-1.760925000000000129e-01
-1.760925000000000129e-01
-1.752299999999999969e-01
-1.752299999999999969e-01
-1.738155000000000117e-01
-1.726334999999999953e-01
-1.726334999999999953e-01
-1.721020000000000050e-01
-1.711689999999999878e-01
-1.703139999999999932e-01
-1.703139999999999932e-01
-1.690554999999999974e-01
-1.689434999999999965e-01
-1.685510000000000064e-01
-1.678294999999999926e-01
-1.675319999999999865e-01
-1.671594999999999887e-01
-1.656080000000000052e-01
-1.656080000000000052e-01
-1.656080000000000052e-01
-1.650179999999999980e-01
-1.648479999999999945e-01
-1.642089999999999939e-01
-1.641350000000000031e-01
-1.635874999999999968e-01
-1.633689999999999864e-01
-1.631315000000000126e-01
-1.624285000000000034e-01
-1.612264999999999948e-01
-1.612264999999999948e-01
-1.600479999999999958e-01
-1.587794999999999901e-01
-1.578710000000000113e-01
-1.574220000000000064e-01
-1.572445000000000093e-01
-1.568960000000000077e-01
-1.560425000000000006e-01
-1.559995000000000132e-01
-1.521490000000000065e-01
-1.503714999999999913e-01
-1.482225000000000070e-01
-1.482225000000000070e-01
-1.474360000000000115e-01
-1.474360000000000115e-01
-1.472600000000000020e-01
-1.468484999999999929e-01
-1.455889999999999962e-01
-1.453790000000000082e-01
-1.449699999999999878e-01
-1.449699999999999878e-01
-1.440279999999999894e-01
-1.437525000000000053e-01
-1.435980000000000034e-01
-1.435980000000000034e-01
-1.432104999999999906e-01
-1.427779999999999883e-01
-1.427569999999999950e-01
-1.423554999999999959e-01
-1.422055000000000125e-01
-1.416989999999999916e-01
-1.412265000000000048e-01
-1.411844999999999906e-01
-1.406660000000000132e-01
-1.405490000000000073e-01
-1.402315000000000089e-01
-1.400609999999999911e-01
-1.396640000000000104e-01
-1.396570000000000034e-01
-1.388780000000000014e-01
-1.388780000000000014e-01
-1.384799999999999920e-01
-1.380639999999999923e-01
-1.380639999999999923e-01
-1.378304999999999947e-01
-1.378304999999999947e-01
-1.375750000000000028e-01
-1.370194999999999885e-01
-1.370194999999999885e-01
-1.367569999999999897e-01
-1.363350000000000117e-01
-1.361249999999999960e-01
-1.359529999999999905e-01
-1.357754999999999934e-01
-1.354084999999999872e-01
-1.352585000000000037e-01
-1.351849999999999996e-01
-1.348070000000000102e-01
-1.345355000000000023e-01
-1.345355000000000023e-01
-1.340010000000000090e-01
-1.335385000000000044e-01
-1.333409999999999873e-01
-1.326799999999999924e-01
-1.326799999999999924e-01
-1.324414999999999898e-01
-1.315715000000000079e-01
-1.315715000000000079e-01
-1.315715000000000079e-01
-1.315715000000000079e-01
-1.313725000000000032e-01
-1.313725000000000032e-01
-1.312055000000000027e-01
-1.310244999999999882e-01
-1.306805000000000050e-01
-1.306805000000000050e-01
-1.306670000000000054e-01
-1.301374999999999893e-01
-1.299440000000000039e-01
-1.299134999999999873e-01
-1.295290000000000052e-01
-1.291704999999999937e-01
-1.289129999999999998e-01
-1.286609999999999976e-01
-1.285530000000000006e-01
-1.284724999999999895e-01
-1.277594999999999981e-01
-1.277594999999999981e-01
-1.277594999999999981e-01
-1.276380000000000015e-01
-1.269099999999999950e-01
-1.269099999999999950e-01
-1.268289999999999973e-01
-1.266954999999999887e-01
-1.264484999999999915e-01
-1.260145000000000015e-01
-1.259504999999999930e-01
-1.257395000000000040e-01
-1.252884999999999971e-01
-1.252884999999999971e-01
-1.252085000000000004e-01
-1.247894999999999976e-01
-1.247359999999999997e-01
-1.244075000000000042e-01
-1.232359999999999983e-01
-1.232359999999999983e-01
-1.229024999999999979e-01
-1.228744999999999976e-01
-1.228130000000000055e-01
-1.227115000000000011e-01
-1.225104999999999944e-01
-1.219395000000000062e-01
-1.219395000000000062e-01
-1.219395000000000062e-01
-1.218130000000000046e-01
-1.216010000000000008e-01
-1.214314999999999978e-01
-1.212749999999999939e-01
-1.211944999999999967e-01
-1.207400000000000001e-01
-1.207400000000000001e-01
-1.206490000000000062e-01
-1.204839999999999939e-01
-1.204839999999999939e-01
-1.204554999999999931e-01
-1.202354999999999952e-01
-1.198219999999999980e-01
-1.197695000000000010e-01
-1.194199999999999984e-01
-1.191720000000000002e-01
-1.190424999999999955e-01
-1.190350000000000019e-01
-1.190220000000000028e-01
-1.187554999999999999e-01
-1.187554999999999999e-01
-1.187129999999999991e-01
-1.186585000000000001e-01
-1.184810000000000030e-01
-1.184390000000000026e-01
-1.183659999999999990e-01
-1.182509999999999950e-01
-1.182384999999999964e-01
-1.181804999999999939e-01
-1.164369999999999988e-01
-1.161930000000000046e-01
-1.161930000000000046e-01
-1.161930000000000046e-01
-1.161225000000000035e-01
-1.161225000000000035e-01
-1.158740000000000048e-01
-1.157284999999999980e-01
-1.155140000000000056e-01
-1.155140000000000056e-01
-1.154924999999999979e-01
-1.152045000000000013e-01
-1.152045000000000013e-01
-1.150909999999999989e-01
-1.149425000000000030e-01
-1.149425000000000030e-01
-1.149425000000000030e-01
-1.149359999999999965e-01
-1.147429999999999978e-01
-1.147180000000000005e-01
-1.147180000000000005e-01
-1.143969999999999987e-01
-1.143559999999999993e-01
-1.143514999999999948e-01
-1.142849999999999977e-01
-1.140174999999999939e-01
-1.140094999999999997e-01
-1.140094999999999997e-01
-1.139160000000000034e-01
-1.138310000000000016e-01
-1.137070000000000025e-01
-1.136930000000000024e-01
-1.135410000000000030e-01
-1.134639999999999954e-01
-1.131049999999999972e-01
-1.131049999999999972e-01
-1.131049999999999972e-01
-1.131049999999999972e-01
-1.130800000000000000e-01
-1.129499999999999948e-01
-1.129499999999999948e-01
-1.125084999999999974e-01
-1.125084999999999974e-01
-1.125084999999999974e-01
-1.125084999999999974e-01
-1.125084999999999974e-01
-1.125015000000000043e-01
-1.124710000000000015e-01
-1.123404999999999959e-01
-1.122324999999999989e-01
-1.121754999999999974e-01
-1.117765000000000009e-01
-1.117765000000000009e-01
-1.117765000000000009e-01
-1.117265000000000064e-01
-1.117194999999999994e-01
-1.114030000000000020e-01
-1.114030000000000020e-01
-1.114030000000000020e-01
-1.113834999999999964e-01
-1.113389999999999935e-01
-1.113389999999999935e-01
-1.111489999999999978e-01
-1.111359999999999987e-01
-1.108745000000000008e-01
-1.107859999999999956e-01
-1.106084999999999985e-01
-1.105264999999999997e-01
-1.104490000000000055e-01
-1.103414999999999951e-01
-1.102459999999999968e-01
-1.102459999999999968e-01
-1.101499999999999979e-01
-1.100165000000000032e-01
-1.100114999999999982e-01
-1.097859999999999947e-01
-1.094630000000000047e-01
-1.093694999999999945e-01
-1.091324999999999934e-01
-1.091265000000000013e-01
-1.090409999999999990e-01
-1.089500000000000052e-01
-1.089024999999999993e-01
-1.088405000000000067e-01
-1.088105000000000044e-01
-1.086875000000000063e-01
-1.086239999999999983e-01
-1.085389999999999966e-01
-1.084849999999999981e-01
-1.082874999999999949e-01
-1.082084999999999991e-01
-1.081214999999999954e-01
-1.079225000000000045e-01
-1.078174999999999967e-01
-1.077540000000000026e-01
-1.077540000000000026e-01
-1.076415000000000011e-01
-1.074964999999999948e-01
-1.074844999999999967e-01
-1.074190000000000006e-01
-1.073925000000000018e-01
-1.073569999999999941e-01
-1.070129999999999970e-01
-1.070129999999999970e-01
-1.070129999999999970e-01
-1.070129999999999970e-01
-1.066700000000000009e-01
-1.065789999999999932e-01
-1.064314999999999983e-01
-1.063795000000000018e-01
-1.061629999999999935e-01
-1.060745000000000021e-01
-1.059604999999999991e-01
-1.059144999999999948e-01
-1.049599999999999977e-01
-1.040760000000000018e-01
-1.040760000000000018e-01
-1.040760000000000018e-01
-1.036569999999999991e-01
-1.036569999999999991e-01
-1.036569999999999991e-01
-1.036569999999999991e-01
-1.032875000000000043e-01
-1.032875000000000043e-01
-1.032875000000000043e-01
-1.030709999999999960e-01
-1.030630000000000018e-01
-1.030144999999999950e-01
-1.029194999999999971e-01
-1.029034999999999950e-01
-1.026925000000000060e-01
-1.024579999999999935e-01
-1.024579999999999935e-01
-1.024579999999999935e-01
-1.024530000000000024e-01
-1.024240000000000012e-01
-1.023825000000000013e-01
-1.023825000000000013e-01
-1.023089999999999972e-01
-1.022870000000000029e-01
-1.022325000000000039e-01
-1.021905000000000036e-01
-1.021500000000000047e-01
-1.019145000000000051e-01
-1.019145000000000051e-01
-1.018504999999999966e-01
-1.017264999999999975e-01
-1.017264999999999975e-01
-1.016814999999999941e-01
-1.015989999999999949e-01
-1.015989999999999949e-01
-1.015115000000000045e-01
-1.013435000000000030e-01
-1.013435000000000030e-01
-1.013435000000000030e-01
-1.010795000000000027e-01
-1.010415000000000063e-01
-1.009619999999999962e-01
-1.008254999999999985e-01
-1.008254999999999985e-01
-1.007205000000000045e-01
-1.006380000000000052e-01
-1.006380000000000052e-01
-1.005034999999999956e-01
-1.005034999999999956e-01
-1.004690000000000027e-01
-1.004354999999999970e-01
-1.003760000000000069e-01
-1.001709999999999962e-01
-1.001709999999999962e-01
-1.001039999999999985e-01
-9.994799999999999518e-02
-9.994799999999999518e-02
-9.991300000000000181e-02
-9.988550000000000206e-02
-9.979549999999999532e-02
-9.963750000000000384e-02
-9.960850000000000259e-02
-9.960850000000000259e-02
-9.959850000000000647e-02
-9.956399999999999972e-02
-9.947699999999999598e-02
-9.942299999999999749e-02
-9.936300000000000687e-02
-9.924800000000000288e-02
-9.919999999999999651e-02
-9.906349999999999878e-02
-9.906349999999999878e-02
-9.904150000000000453e-02
-9.882950000000000068e-02
-9.882950000000000068e-02
-9.879350000000000631e-02
-9.879350000000000631e-02
-9.864649999999999808e-02
-9.864649999999999808e-02
-9.843549999999999522e-02
-9.843549999999999522e-02
-9.842650000000000010e-02
-9.828549999999999787e-02
-9.827450000000000074e-02
-9.824700000000000100e-02
-9.813449999999999951e-02
-9.808300000000000352e-02
-9.786949999999999816e-02
-9.786649999999999516e-02
-9.783699999999999342e-02
-9.775349999999999318e-02
-9.768449999999999356e-02
-9.749649999999999983e-02
-9.725949999999999873e-02
-9.655149999999999844e-02
-9.638449999999999795e-02
-9.624649999999999872e-02
-9.618200000000000360e-02
-9.611550000000000649e-02
-9.606399999999999662e-02
-9.598199999999999787e-02
-9.598199999999999787e-02
-9.576999999999999402e-02
-9.563000000000000667e-02
-9.555650000000000255e-02
-9.552449999999999830e-02
-9.551450000000000218e-02
-9.548099999999999643e-02
-9.543400000000000494e-02
-9.536100000000000132e-02
-9.532250000000000445e-02
-9.527249999999999608e-02
-9.520599999999999896e-02
-9.487299999999999900e-02
-9.482799999999999563e-02
-9.482799999999999563e-02
-9.459049999999999403e-02
-9.459049999999999403e-02
-9.456950000000000078e-02
-9.456900000000000028e-02
-9.450799999999999479e-02
-9.438249999999999418e-02
-9.430399999999999894e-02
-9.425749999999999407e-02
-9.413249999999999396e-02
-9.413249999999999396e-02
-9.409499999999999809e-02
-9.397149999999999948e-02
-9.394249999999999823e-02
-9.384950000000000236e-02
-9.384699999999999986e-02
-9.384549999999999836e-02
-9.378050000000000275e-02
-9.365600000000000314e-02
-9.364949999999999664e-02
-9.357100000000000140e-02
-9.357100000000000140e-02
-9.354400000000000215e-02
-9.352549999999999752e-02
-9.343899999999999428e-02
-9.315099999999999769e-02
-9.315099999999999769e-02
-9.315099999999999769e-02
-9.311500000000000332e-02
-9.311500000000000332e-02
-9.306150000000000533e-02
-9.299599999999999533e-02
-9.291449999999999709e-02
-9.291449999999999709e-02
-9.289300000000000335e-02
-9.283149999999999735e-02
-9.283149999999999735e-02
-9.281799999999999773e-02
-9.280950000000000311e-02
-9.255399999999999738e-02
-9.255399999999999738e-02
-9.255399999999999738e-02
-9.246000000000000052e-02
-9.246000000000000052e-02
-9.245549999999999602e-02
-9.221999999999999642e-02
-9.221999999999999642e-02
-9.221999999999999642e-02
-9.217250000000000443e-02
-9.207200000000000106e-02
-9.203949999999999632e-02
-9.203949999999999632e-02
-9.191900000000000071e-02
-9.191449999999999620e-02
-9.173299999999999510e-02
-9.173199999999999410e-02
-9.146100000000000063e-02
-9.146100000000000063e-02
-9.146100000000000063e-02
-9.143700000000000438e-02
-9.141549999999999676e-02
-9.136550000000000227e-02
-9.128200000000000203e-02
-9.123850000000000016e-02
-9.123850000000000016e-02
-9.111149999999999805e-02
-9.111149999999999805e-02
-9.111149999999999805e-02
-9.086700000000000332e-02
-9.086700000000000332e-02
-9.086700000000000332e-02
-9.086700000000000332e-02
-9.085000000000000020e-02
-9.081549999999999345e-02
-9.077399999999999358e-02
-9.075149999999999884e-02
-9.071400000000000297e-02
-9.070100000000000384e-02
-9.063999999999999835e-02
-9.052300000000000624e-02
-9.052300000000000624e-02
-9.041799999999999837e-02
-9.029500000000000026e-02
-9.026649999999999952e-02
-9.026649999999999952e-02
-9.018600000000000227e-02
-9.018600000000000227e-02
-9.003150000000000042e-02
-9.003150000000000042e-02
-9.003150000000000042e-02
-9.003150000000000042e-02
-9.003150000000000042e-02
-9.003150000000000042e-02
-8.989350000000000118e-02
-8.989350000000000118e-02
-8.989350000000000118e-02
-8.989350000000000118e-02
-8.983700000000000019e-02
-8.981200000000000294e-02
-8.981200000000000294e-02
-8.976399999999999657e-02
-8.966000000000000358e-02
-8.952350000000000585e-02
-8.950049999999999673e-02
-8.944549999999999723e-02
-8.942949999999999511e-02
-8.942949999999999511e-02
-8.941449999999999398e-02
-8.930150000000000587e-02
-8.919100000000000639e-02
-8.919100000000000639e-02
-8.915750000000000064e-02
-8.913300000000000389e-02
-8.906200000000000228e-02
-8.906200000000000228e-02
-8.906200000000000228e-02
-8.897499999999999853e-02
-8.897149999999999503e-02
-8.896700000000000441e-02
-8.892500000000000404e-02
-8.887499999999999567e-02
-8.886149999999999605e-02
-8.884350000000000580e-02
-8.879449999999999843e-02
-8.858950000000000158e-02
-8.855699999999999683e-02
-8.852899999999999658e-02
-8.831999999999999573e-02
-8.831999999999999573e-02
-8.828450000000000186e-02
-8.826749999999999874e-02
-8.816799999999999637e-02
-8.801399999999999502e-02
-8.801399999999999502e-02
-8.796400000000000052e-02
-8.788749999999999341e-02
-8.783699999999999841e-02
-8.783699999999999841e-02
-8.777600000000000680e-02
-8.771349999999999980e-02
-8.767600000000000393e-02
-8.767600000000000393e-02
-8.767600000000000393e-02
-8.762599999999999556e-02
-8.758249999999999369e-02
-8.758249999999999369e-02
-8.751799999999999857e-02
-8.744250000000000633e-02
-8.741400000000000559e-02
-8.728950000000000597e-02
-8.724999999999999423e-02
-8.724999999999999423e-02
-8.724750000000000560e-02
-8.723050000000000248e-02
-8.718199999999999561e-02
-8.717800000000000549e-02
-8.712799999999999712e-02
-8.711800000000000099e-02
-8.697199999999999376e-02
-8.697199999999999376e-02
-8.697199999999999376e-02
-8.691200000000000314e-02
-8.683050000000000490e-02
-8.671950000000000491e-02
-8.671950000000000491e-02
-8.670200000000000129e-02
-8.669050000000000367e-02
-8.667400000000000104e-02
-8.665749999999999842e-02
-8.665749999999999842e-02
-8.657499999999999918e-02
-8.657399999999999818e-02
-8.649400000000000144e-02
-8.649400000000000144e-02
-8.648500000000000631e-02
-8.643699999999999994e-02
-8.643449999999999744e-02
-8.641050000000000120e-02
-8.639249999999999707e-02
-8.631099999999999883e-02
-8.631099999999999883e-02
-8.629449999999999621e-02
-8.621299999999999797e-02
-8.621299999999999797e-02
-8.621299999999999797e-02
-8.621299999999999797e-02
-8.619449999999999334e-02
-8.617099999999999760e-02
-8.611599999999999810e-02
-8.610850000000000448e-02
-8.603800000000000336e-02
-8.588750000000000551e-02
-8.580400000000000527e-02
-8.561000000000000554e-02
-8.561000000000000554e-02
-8.561000000000000554e-02
-8.554950000000000054e-02
-8.544699999999999518e-02
-8.531900000000000595e-02
-8.526300000000000545e-02
-8.526300000000000545e-02
-8.521650000000000058e-02
-8.517399999999999971e-02
-8.513900000000000634e-02
-8.512100000000000222e-02
-8.508200000000000485e-02
-8.503499999999999948e-02
-8.498849999999999461e-02
-8.492299999999999849e-02
-8.491350000000000287e-02
-8.483799999999999675e-02
-8.483799999999999675e-02
-8.483799999999999675e-02
-8.481099999999999750e-02
-8.481099999999999750e-02
-8.479599999999999638e-02
-8.477750000000000563e-02
-8.475050000000000638e-02
-8.472000000000000364e-02
-8.472000000000000364e-02
-8.472000000000000364e-02
-8.467550000000000077e-02
-8.462550000000000627e-02
-8.461399999999999477e-02
-8.451749999999999541e-02
-8.446499999999999841e-02
-8.446499999999999841e-02
-8.446299999999999641e-02
-8.441400000000000292e-02
-8.434550000000000380e-02
-8.433899999999999730e-02
-8.431450000000000056e-02
-8.429449999999999443e-02
-8.429449999999999443e-02
-8.422849999999999782e-02
-8.415350000000000608e-02
-8.414249999999999508e-02
-8.414249999999999508e-02
-8.411549999999999583e-02
-8.407599999999999796e-02
-8.400699999999999834e-02
-8.392199999999999660e-02
-8.389349999999999585e-02
-8.369899999999999562e-02
-8.369899999999999562e-02
-8.367099999999999538e-02
-8.361349999999999338e-02
-8.356850000000000389e-02
-8.356449999999999989e-02
-8.356449999999999989e-02
-8.355049999999999977e-02
-8.353499999999999814e-02
-8.344849999999999490e-02
-8.342249999999999666e-02
-8.339399999999999591e-02
-8.339399999999999591e-02
-8.338049999999999629e-02
-8.336399999999999366e-02
-8.332749999999999879e-02
-8.331399999999999917e-02
-8.320299999999999918e-02
-8.313049999999999606e-02
-8.309999999999999332e-02
-8.309999999999999332e-02
-8.309999999999999332e-02
-8.309999999999999332e-02
-8.304250000000000520e-02
-8.303149999999999420e-02
-8.291300000000000059e-02
-8.283050000000000135e-02
-8.283050000000000135e-02
-8.281900000000000373e-02
-8.279799999999999660e-02
-8.271100000000000674e-02
-8.271100000000000674e-02
-8.268399999999999361e-02
-8.268399999999999361e-02
-8.261200000000000487e-02
-8.261200000000000487e-02
-8.257649999999999713e-02
-8.254999999999999838e-02
-8.253800000000000026e-02
-8.253549999999999776e-02
-8.246399999999999564e-02
-8.246399999999999564e-02
-8.242800000000000127e-02
-8.242800000000000127e-02
-8.234099999999999753e-02
-8.234099999999999753e-02
-8.233600000000000640e-02
-8.229400000000000603e-02
-8.227249999999999841e-02
-8.226150000000000129e-02
-8.219650000000000567e-02
-8.219650000000000567e-02
-8.217399999999999705e-02
-8.213449999999999918e-02
-8.211549999999999405e-02
-8.209650000000000281e-02
-8.204300000000000481e-02
-8.204300000000000481e-02
-8.198999999999999344e-02
-8.191700000000000370e-02
-8.191700000000000370e-02
-8.191700000000000370e-02
-8.187650000000000483e-02
-8.186949999999999783e-02
-8.181349999999999734e-02
-8.172500000000000597e-02
-8.172500000000000597e-02
-8.169650000000000523e-02
-8.169650000000000523e-02
-8.162300000000000111e-02
-8.162049999999999861e-02
-8.161300000000000499e-02
-8.159550000000000136e-02
-8.155550000000000299e-02
-8.154250000000000387e-02
-8.153050000000000574e-02
-8.153050000000000574e-02
-8.152600000000000124e-02
-8.124950000000000228e-02
-8.124950000000000228e-02
-8.124950000000000228e-02
-8.124950000000000228e-02
-8.124950000000000228e-02
-8.119550000000000378e-02
-8.116850000000000454e-02
-8.116299999999999903e-02
-8.116299999999999903e-02
-8.106149999999999467e-02
-8.106149999999999467e-02
-8.106149999999999467e-02
-8.101800000000000668e-02
-8.097949999999999593e-02
-8.097300000000000331e-02
-8.097300000000000331e-02
-8.097300000000000331e-02
-8.095950000000000368e-02
-8.089050000000000407e-02
-8.082150000000000445e-02
-8.069600000000000384e-02
-8.066850000000000409e-02
-8.065899999999999459e-02
-8.058150000000000035e-02
-8.057699999999999585e-02
-8.057699999999999585e-02
-8.053150000000000586e-02
-8.051300000000000123e-02
-8.035849999999999937e-02
-8.033049999999999913e-02
-8.028449999999999476e-02
-8.019400000000000139e-02
-8.019400000000000139e-02
-8.019400000000000139e-02
-8.019400000000000139e-02
-8.019400000000000139e-02
-8.015250000000000152e-02
-8.011949999999999628e-02
-8.011949999999999628e-02
-8.008800000000000641e-02
-8.006549999999999778e-02
-8.002049999999999441e-02
-8.002049999999999441e-02
-7.999599999999999766e-02
-7.999599999999999766e-02
-7.988249999999999518e-02
-7.981699999999999906e-02
-7.981699999999999906e-02
-7.981699999999999906e-02
-7.978399999999999381e-02
-7.978399999999999381e-02
-7.977499999999999869e-02
-7.973600000000000132e-02
-7.969550000000000245e-02
-7.969299999999999995e-02
-7.958450000000000246e-02
-7.955049999999999621e-02
-7.946949999999999847e-02
-7.945349999999999635e-02
-7.945349999999999635e-02
-7.944249999999999923e-02
-7.943100000000000160e-02
-7.942200000000000648e-02
-7.937249999999999861e-02
-7.937249999999999861e-02
-7.935949999999999949e-02
-7.934800000000000186e-02
-7.919049999999999701e-02
-7.908049999999999802e-02
-7.888799999999999979e-02
-7.884900000000000242e-02
-7.872850000000000681e-02
-7.872850000000000681e-02
-7.872850000000000681e-02
-7.872850000000000681e-02
-7.867250000000000631e-02
-7.865750000000000519e-02
-7.863950000000000107e-02
-7.861600000000000532e-02
-7.857899999999999607e-02
-7.854899999999999383e-02
-7.849299999999999333e-02
-7.849299999999999333e-02
-7.849299999999999333e-02
-7.848650000000000071e-02
-7.840949999999999309e-02
-7.837049999999999572e-02
-7.832250000000000323e-02
-7.824349999999999361e-02
-7.824349999999999361e-02
-7.819299999999999862e-02
-7.819299999999999862e-02
-7.814450000000000562e-02
-7.813950000000000062e-02
-7.813950000000000062e-02
-7.813449999999999562e-02
-7.810400000000000675e-02
-7.802549999999999764e-02
-7.802549999999999764e-02
-7.769349999999999867e-02
-7.769349999999999867e-02
-7.769349999999999867e-02
-7.769349999999999867e-02
-7.769349999999999867e-02
-7.769349999999999867e-02
-7.769349999999999867e-02
-7.765099999999999780e-02
-7.763849999999999918e-02
-7.759900000000000131e-02
-7.759299999999999531e-02
-7.754600000000000382e-02
-7.754600000000000382e-02
-7.750999999999999557e-02
-7.749300000000000632e-02
-7.748499999999999832e-02
-7.747099999999999820e-02
-7.745050000000000545e-02
-7.745050000000000545e-02
-7.739899999999999558e-02
-7.739899999999999558e-02
-7.739899999999999558e-02
-7.739200000000000246e-02
-7.723099999999999410e-02
-7.721150000000000235e-02
-7.720899999999999985e-02
-7.720899999999999985e-02
-7.713549999999999573e-02
-7.713549999999999573e-02
-7.711199999999999999e-02
-7.708900000000000474e-02
-7.708900000000000474e-02
-7.698699999999999988e-02
-7.697650000000000325e-02
-7.695849999999999913e-02
-7.691950000000000176e-02
-7.691950000000000176e-02
-7.683249999999999802e-02
-7.683249999999999802e-02
-7.683249999999999802e-02
-7.683249999999999802e-02
-7.683249999999999802e-02
-7.682500000000000440e-02
-7.679199999999999915e-02
-7.679199999999999915e-02
-7.675750000000000628e-02
-7.675750000000000628e-02
-7.666449999999999654e-02
-7.656050000000000355e-02
-7.656050000000000355e-02
-7.656050000000000355e-02
-7.652849999999999930e-02
-7.648399999999999643e-02
-7.648349999999999593e-02
-7.648349999999999593e-02
-7.647299999999999931e-02
-7.642549999999999344e-02
-7.641549999999999732e-02
-7.640700000000000269e-02
-7.640299999999999869e-02
-7.640299999999999869e-02
-7.639250000000000207e-02
-7.637499999999999845e-02
-7.637499999999999845e-02
-7.635699999999999432e-02
-7.632300000000000195e-02
-7.628500000000000558e-02
-7.625949999999999396e-02
-7.620899999999999896e-02
-7.620250000000000634e-02
-7.613449999999999385e-02
-7.607500000000000373e-02
-7.607500000000000373e-02
-7.606999999999999873e-02
-7.605199999999999461e-02
-7.603550000000000586e-02
-7.597750000000000337e-02
-7.597149999999999737e-02
-7.596350000000000324e-02
-7.594349999999999712e-02
-7.589150000000000063e-02
-7.589150000000000063e-02
-7.586149999999999838e-02
-7.586149999999999838e-02
-7.586149999999999838e-02
-7.584749999999999825e-02
-7.578749999999999376e-02
-7.578749999999999376e-02
-7.575300000000000089e-02
-7.575300000000000089e-02
-7.575300000000000089e-02
-7.574200000000000377e-02
-7.570250000000000590e-02
-7.565800000000000303e-02
-7.564049999999999940e-02
-7.564049999999999940e-02
-7.562049999999999328e-02
-7.562049999999999328e-02
-7.560450000000000503e-02
-7.552799999999999792e-02
-7.549450000000000605e-02
-7.543199999999999905e-02
-7.543199999999999905e-02
-7.543199999999999905e-02
-7.539800000000000668e-02
-7.539800000000000668e-02
-7.539800000000000668e-02
-7.531899999999999706e-02
-7.524699999999999445e-02
-7.524699999999999445e-02
-7.523399999999999532e-02
-7.521550000000000458e-02
-7.520849999999999758e-02
-7.518450000000000133e-02
-7.517200000000000271e-02
-7.514550000000000396e-02
-7.514350000000000196e-02
-7.508950000000000347e-02
-7.507650000000000434e-02
-7.502150000000000485e-02
-7.502150000000000485e-02
-7.500350000000000072e-02
-7.492899999999999561e-02
-7.492899999999999561e-02
-7.492899999999999561e-02
-7.492699999999999361e-02
-7.489700000000000524e-02
-7.486149999999999749e-02
-7.485749999999999349e-02
-7.482450000000000212e-02
-7.477399999999999325e-02
-7.477399999999999325e-02
-7.477150000000000463e-02
-7.467749999999999388e-02
-7.466150000000000564e-02
-7.461700000000000277e-02
-7.447700000000000153e-02
-7.446949999999999403e-02
-7.442899999999999516e-02
-7.439900000000000679e-02
-7.431799999999999518e-02
-7.428400000000000281e-02
-7.428400000000000281e-02
-7.410799999999999332e-02
-7.410799999999999332e-02
-7.410799999999999332e-02
-7.410799999999999332e-02
-7.410799999999999332e-02
-7.410799999999999332e-02
-7.410750000000000670e-02
-7.407550000000000245e-02
-7.407550000000000245e-02
-7.407550000000000245e-02
-7.405050000000000521e-02
-7.399999999999999634e-02
-7.396199999999999997e-02
-7.395300000000000484e-02
-7.395300000000000484e-02
-7.390900000000000247e-02
-7.390900000000000247e-02
-7.390199999999999547e-02
-7.388949999999999685e-02
-7.385049999999999948e-02
-7.378800000000000636e-02
-7.378400000000000236e-02
-7.376499999999999724e-02
-7.375950000000000562e-02
-7.374600000000000599e-02
-7.367150000000000087e-02
-7.365850000000000175e-02
-7.364350000000000063e-02
-7.360800000000000676e-02
-7.357350000000000001e-02
-7.356650000000000689e-02
-7.356650000000000689e-02
-7.354499999999999926e-02
-7.349350000000000327e-02
-7.349350000000000327e-02
-7.344249999999999390e-02
-7.340700000000000003e-02
-7.340099999999999403e-02
-7.338400000000000478e-02
-7.334350000000000591e-02
-7.328450000000000242e-02
-7.328450000000000242e-02
-7.326549999999999729e-02
-7.326399999999999579e-02
-7.326399999999999579e-02
-7.325850000000000417e-02
-7.323300000000000642e-02
-7.321049999999999780e-02
-7.312100000000000544e-02
-7.307099999999999707e-02
-7.306699999999999307e-02
-7.306150000000000144e-02
-7.305549999999999544e-02
-7.305549999999999544e-02
-7.303500000000000270e-02
-7.300149999999999695e-02
-7.298150000000000470e-02
-7.298150000000000470e-02
-7.298150000000000470e-02
-7.294599999999999695e-02
-7.294599999999999695e-02
-7.294599999999999695e-02
-7.292949999999999433e-02
-7.290099999999999358e-02
-7.287899999999999934e-02
-7.287449999999999484e-02
-7.285999999999999421e-02
-7.285250000000000059e-02
-7.283199999999999397e-02
-7.280849999999999822e-02
-7.280849999999999822e-02
-7.279900000000000260e-02
-7.279900000000000260e-02
-7.268299999999999761e-02
-7.268299999999999761e-02
-7.268299999999999761e-02
-7.268299999999999761e-02
-7.268299999999999761e-02
-7.268299999999999761e-02
-7.264099999999999724e-02
-7.262299999999999311e-02
-7.258799999999999975e-02
-7.258799999999999975e-02
-7.258799999999999975e-02
-7.257149999999999712e-02
-7.254499999999999837e-02
-7.251649999999999763e-02
-7.251649999999999763e-02
-7.249049999999999938e-02
-7.247900000000000176e-02
-7.247900000000000176e-02
-7.247049999999999326e-02
-7.244349999999999401e-02
-7.243449999999999889e-02
-7.243249999999999689e-02
-7.214199999999999779e-02
-7.214199999999999779e-02
-7.214199999999999779e-02
-7.214199999999999779e-02
-7.214199999999999779e-02
-7.214049999999999629e-02
-7.214049999999999629e-02
-7.213749999999999329e-02
-7.208900000000000030e-02
-7.208000000000000518e-02
-7.207049999999999568e-02
-7.206650000000000555e-02
-7.195000000000000007e-02
-7.179800000000000071e-02
-7.179800000000000071e-02
-7.179800000000000071e-02
-7.179800000000000071e-02
-7.179800000000000071e-02
-7.179800000000000071e-02
-7.178299999999999959e-02
-7.178299999999999959e-02
-7.176100000000000534e-02
-7.161499999999999810e-02
-7.161499999999999810e-02
-7.161499999999999810e-02
-7.161499999999999810e-02
-7.160800000000000498e-02
-7.158950000000000036e-02
-7.157449999999999923e-02
-7.149550000000000349e-02
-7.149550000000000349e-02
-7.148450000000000637e-02
-7.146550000000000125e-02
-7.144349999999999312e-02
-7.144349999999999312e-02
-7.142600000000000338e-02
-7.141749999999999488e-02
-7.140249999999999375e-02
-7.137949999999999851e-02
-7.137949999999999851e-02
-7.137849999999999751e-02
-7.137849999999999751e-02
-7.137849999999999751e-02
-7.135800000000000476e-02
-7.135750000000000426e-02
-7.132299999999999751e-02
-7.131099999999999939e-02
-7.131099999999999939e-02
-7.131099999999999939e-02
-7.131099999999999939e-02
-7.128099999999999714e-02
-7.127250000000000252e-02
-7.125950000000000339e-02
-7.125800000000000189e-02
-7.122499999999999665e-02
-7.122499999999999665e-02
-7.122499999999999665e-02
-7.122249999999999415e-02
-7.121349999999999902e-02
-7.117850000000000565e-02
-7.116999999999999715e-02
-7.116999999999999715e-02
-7.115900000000000003e-02
-7.115100000000000591e-02
-7.114049999999999541e-02
-7.112749999999999628e-02
-7.110900000000000554e-02
-7.106149999999999967e-02
-7.106149999999999967e-02
-7.101150000000000517e-02
-7.100349999999999717e-02
-7.100249999999999617e-02
-7.098350000000000493e-02
-7.095450000000000368e-02
-7.095450000000000368e-02
-7.095150000000000068e-02
-7.094549999999999468e-02
-7.091150000000000231e-02
-7.091150000000000231e-02
-7.089600000000000068e-02
-7.086349999999999594e-02
-7.086349999999999594e-02
-7.086349999999999594e-02
-7.085199999999999831e-02
-7.085199999999999831e-02
-7.078550000000000120e-02
-7.078550000000000120e-02
-7.075900000000000245e-02
-7.074950000000000683e-02
-7.074099999999999833e-02
-7.074099999999999833e-02
-7.069649999999999546e-02
-7.069250000000000533e-02
-7.068199999999999483e-02
-7.068199999999999483e-02
-7.067850000000000521e-02
-7.064750000000000196e-02
-7.064399999999999846e-02
-7.060950000000000559e-02
-7.059100000000000097e-02
-7.056300000000000072e-02
-7.054499999999999660e-02
-7.051899999999999835e-02
-7.049700000000000411e-02
-7.047200000000000686e-02
-7.047200000000000686e-02
-7.045099999999999973e-02
-7.044050000000000311e-02
-7.040849999999999886e-02
-7.039349999999999774e-02
-7.036050000000000637e-02
-7.035800000000000387e-02
-7.035800000000000387e-02
-7.033399999999999375e-02
-7.033250000000000612e-02
-7.033000000000000362e-02
-7.031850000000000600e-02
-7.030899999999999650e-02
-7.030899999999999650e-02
-7.029900000000000038e-02
-7.029900000000000038e-02
-7.023350000000000426e-02
-7.023350000000000426e-02
-7.021600000000000064e-02
-7.018749999999999989e-02
-7.017049999999999677e-02
-7.016600000000000614e-02
-7.013149999999999940e-02
-7.011900000000000077e-02
-7.011549999999999727e-02
-7.008549999999999502e-02
-7.008549999999999502e-02
-7.008549999999999502e-02
-7.008549999999999502e-02
-7.007700000000000040e-02
-7.006900000000000628e-02
-7.006900000000000628e-02
-7.005150000000000265e-02
-7.004399999999999515e-02
-6.998899999999999566e-02
-6.995750000000000579e-02
-6.994649999999999479e-02
-6.994649999999999479e-02
-6.994250000000000467e-02
-6.992950000000000554e-02
-6.990549999999999542e-02
-6.987699999999999467e-02
-6.987699999999999467e-02
-6.976799999999999669e-02
-6.976799999999999669e-02
-6.976799999999999669e-02
-6.976799999999999669e-02
-6.976799999999999669e-02
-6.976699999999999569e-02
-6.971600000000000019e-02
-6.971600000000000019e-02
-6.971600000000000019e-02
-6.967450000000000032e-02
-6.965699999999999670e-02
-6.964049999999999407e-02
-6.961900000000000033e-02
-6.961900000000000033e-02
-6.961150000000000670e-02
-6.960099999999999620e-02
-6.958000000000000296e-02
-6.957599999999999896e-02
-6.957599999999999896e-02
-6.956800000000000483e-02
-6.954699999999999771e-02
-6.954100000000000559e-02
-6.952400000000000246e-02
-6.952400000000000246e-02
-6.952200000000000046e-02
-6.948849999999999472e-02
-6.948849999999999472e-02
-6.948849999999999472e-02
-6.943549999999999722e-02
-6.943549999999999722e-02
-6.943549999999999722e-02
-6.941100000000000048e-02
-6.932649999999999924e-02
-6.929749999999999799e-02
-6.929749999999999799e-02
-6.926649999999999474e-02
-6.912849999999999551e-02
-6.912849999999999551e-02
-6.912849999999999551e-02
-6.912100000000000188e-02
-6.909700000000000564e-02
-6.908899999999999764e-02
-6.904000000000000414e-02
-6.904000000000000414e-02
-6.904000000000000414e-02
-6.901350000000000540e-02
-6.901350000000000540e-02
-6.901350000000000540e-02
-6.901350000000000540e-02
-6.900100000000000677e-02
-6.900100000000000677e-02
-6.900100000000000677e-02
-6.898150000000000115e-02
-6.897649999999999615e-02
-6.890300000000000591e-02
-6.887649999999999328e-02
-6.887300000000000366e-02
-6.883250000000000479e-02
-6.878499999999999892e-02
-6.878499999999999892e-02
-6.876400000000000567e-02
-6.874349999999999905e-02
-6.872649999999999593e-02
-6.872649999999999593e-02
-6.872649999999999593e-02
-6.869450000000000556e-02
-6.869450000000000556e-02
-6.868349999999999456e-02
-6.864000000000000656e-02
-6.864000000000000656e-02
-6.863199999999999856e-02
-6.863199999999999856e-02
-6.862500000000000544e-02
-6.862500000000000544e-02
-6.861050000000000482e-02
-6.859750000000000569e-02
-6.859650000000000469e-02
-6.858949999999999769e-02
-6.858250000000000457e-02
-6.855300000000000282e-02
-6.855300000000000282e-02
-6.855300000000000282e-02
-6.850100000000000633e-02
-6.850100000000000633e-02
-6.850100000000000633e-02
-6.848650000000000571e-02
-6.848650000000000571e-02
-6.846850000000000158e-02
-6.840899999999999759e-02
-6.840899999999999759e-02
-6.840699999999999559e-02
-6.839399999999999646e-02
-6.839099999999999346e-02
-6.839050000000000684e-02
-6.837100000000000122e-02
-6.836200000000000609e-02
-6.828549999999999898e-02
-6.828399999999999748e-02
-6.828399999999999748e-02
-6.824750000000000261e-02
-6.824750000000000261e-02
-6.820600000000000274e-02
-6.820600000000000274e-02
-6.819450000000000511e-02
-6.819350000000000411e-02
-6.818499999999999561e-02
-6.817600000000000049e-02
-6.815050000000000274e-02
-6.812749999999999362e-02
-6.810750000000000137e-02
-6.809400000000000175e-02
-6.809400000000000175e-02
-6.809400000000000175e-02
-6.809400000000000175e-02
-6.808949999999999725e-02
-6.806550000000000100e-02
-6.806550000000000100e-02
-6.798500000000000376e-02
-6.798500000000000376e-02
-6.798500000000000376e-02
-6.798500000000000376e-02
-6.798099999999999976e-02
-6.796699999999999964e-02
-6.794150000000000189e-02
-6.793399999999999439e-02
-6.793000000000000427e-02
-6.792549999999999977e-02
-6.791949999999999377e-02
-6.788349999999999940e-02
-6.788349999999999940e-02
-6.788349999999999940e-02
-6.779499999999999416e-02
-6.779499999999999416e-02
-6.779499999999999416e-02
-6.778599999999999903e-02
-6.777750000000000441e-02
-6.774049999999999516e-02
-6.774049999999999516e-02
-6.772949999999999804e-02
-6.770299999999999929e-02
-6.769200000000000217e-02
-6.737250000000000183e-02
-6.737250000000000183e-02
-6.737250000000000183e-02
-6.737250000000000183e-02
-6.737250000000000183e-02
-6.737250000000000183e-02
-6.737250000000000183e-02
-6.736799999999999733e-02
-6.736799999999999733e-02
-6.725050000000000472e-02
-6.725050000000000472e-02
-6.725050000000000472e-02
-6.725050000000000472e-02
-6.719050000000000022e-02
-6.714900000000000035e-02
-6.713449999999999973e-02
-6.710950000000000248e-02
-6.710950000000000248e-02
-6.705700000000000549e-02
-6.705700000000000549e-02
-6.703249999999999487e-02
-6.703249999999999487e-02
-6.702149999999999774e-02
-6.697500000000000675e-02
-6.697500000000000675e-02
-6.690849999999999576e-02
-6.690849999999999576e-02
-6.690849999999999576e-02
-6.690849999999999576e-02
-6.690250000000000363e-02
-6.689050000000000551e-02
-6.687350000000000239e-02
-6.682299999999999351e-02
-6.676100000000000090e-02
-6.676100000000000090e-02
-6.670850000000000390e-02
-6.670850000000000390e-02
-6.666149999999999853e-02
-6.666149999999999853e-02
-6.659349999999999992e-02
-6.659349999999999992e-02
-6.659349999999999992e-02
-6.656650000000000067e-02
-6.656650000000000067e-02
-6.656650000000000067e-02
-6.652349999999999930e-02
-6.652349999999999930e-02
-6.652349999999999930e-02
-6.652349999999999930e-02
-6.650399999999999368e-02
-6.649549999999999905e-02
-6.647300000000000431e-02
-6.642149999999999443e-02
-6.633650000000000657e-02
-6.630750000000000532e-02
-6.630750000000000532e-02
-6.622999999999999721e-02
-6.622999999999999721e-02
-6.620499999999999996e-02
-6.620499999999999996e-02
-6.619999999999999496e-02
-6.617299999999999571e-02
-6.615550000000000597e-02
-6.612899999999999334e-02
-6.612899999999999334e-02
-6.612300000000000122e-02
-6.610399999999999610e-02
-6.604999999999999760e-02
-6.604999999999999760e-02
-6.604999999999999760e-02
-6.603299999999999448e-02
-6.602399999999999936e-02
-6.601849999999999385e-02
-6.600849999999999773e-02
-6.599700000000000011e-02
-6.598850000000000549e-02
-6.598850000000000549e-02
-6.597450000000000536e-02
-6.593899999999999761e-02
-6.593599999999999461e-02
-6.592149999999999399e-02
-6.592149999999999399e-02
-6.591850000000000487e-02
-6.590749999999999387e-02
-6.588049999999999462e-02
-6.588049999999999462e-02
-6.588049999999999462e-02
-6.588049999999999462e-02
-6.587400000000000200e-02
-6.586799999999999600e-02
-6.585000000000000575e-02
-6.582250000000000600e-02
-6.581499999999999850e-02
-6.581499999999999850e-02
-6.580450000000000188e-02
-6.578449999999999576e-02
-6.578449999999999576e-02
-6.578449999999999576e-02
-6.577149999999999663e-02
-6.577149999999999663e-02
-6.576300000000000201e-02
-6.575649999999999551e-02
-6.574249999999999539e-02
-6.574249999999999539e-02
-6.574249999999999539e-02
-6.571950000000000014e-02
-6.571299999999999364e-02
-6.571299999999999364e-02
-6.569650000000000489e-02
-6.569650000000000489e-02
-6.567699999999999927e-02
-6.567599999999999827e-02
-6.567299999999999527e-02
-6.560449999999999615e-02
-6.560449999999999615e-02
-6.559049999999999603e-02
-6.557499999999999440e-02
-6.554350000000000454e-02
-6.553499999999999603e-02
-6.552550000000000041e-02
-6.549099999999999366e-02
-6.546200000000000629e-02
-6.546050000000000479e-02
-6.542850000000000055e-02
-6.540400000000000380e-02
-6.539949999999999930e-02
-6.539949999999999930e-02
-6.536649999999999405e-02
-6.535649999999999793e-02
-6.535649999999999793e-02
-6.532350000000000656e-02
-6.532350000000000656e-02
-6.531900000000000206e-02
-6.530800000000000494e-02
-6.529000000000000081e-02
-6.528050000000000519e-02
-6.528050000000000519e-02
-6.526949999999999419e-02
-6.525949999999999807e-02
-6.525749999999999607e-02
-6.525499999999999357e-02
-6.525250000000000494e-02
-6.524349999999999594e-02
-6.522500000000000520e-02
-6.522500000000000520e-02
-6.520299999999999707e-02
-6.520299999999999707e-02
-6.519450000000000245e-02
-6.518649999999999445e-02
-6.518649999999999445e-02
-6.507699999999999596e-02
-6.507699999999999596e-02
-6.507699999999999596e-02
-6.504050000000000109e-02
-6.504050000000000109e-02
-6.504050000000000109e-02
-6.503000000000000447e-02
-6.503000000000000447e-02
-6.502399999999999847e-02
-6.501450000000000284e-02
-6.493500000000000660e-02
-6.493500000000000660e-02
-6.493200000000000360e-02
-6.492249999999999410e-02
-6.492249999999999410e-02
-6.487650000000000361e-02
-6.486000000000000099e-02
-6.482699999999999574e-02
-6.482100000000000362e-02
-6.482100000000000362e-02
-6.473399999999999987e-02
-6.473399999999999987e-02
-6.469149999999999900e-02
-6.469149999999999900e-02
-6.464849999999999763e-02
-6.464849999999999763e-02
-6.463649999999999951e-02
-6.459199999999999664e-02
-6.454650000000000665e-02
-6.451949999999999352e-02
-6.451099999999999890e-02
-6.450849999999999640e-02
-6.450050000000000228e-02
-6.445649999999999991e-02
-6.441550000000000054e-02
-6.441550000000000054e-02
-6.440450000000000341e-02
-6.439250000000000529e-02
-6.437900000000000567e-02
-6.435899999999999954e-02
-6.435899999999999954e-02
-6.435899999999999954e-02
-6.435449999999999504e-02
-6.433550000000000380e-02
-6.432400000000000617e-02
-6.431399999999999617e-02
-6.431399999999999617e-02
-6.431199999999999417e-02
-6.430199999999999805e-02
-6.429500000000000492e-02
-6.427049999999999430e-02
-6.427049999999999430e-02
-6.426450000000000218e-02
-6.420499999999999818e-02
-6.420499999999999818e-02
-6.419199999999999906e-02
-6.419199999999999906e-02
-6.415600000000000469e-02
-6.413850000000000107e-02
-6.412950000000000594e-02
-6.412049999999999694e-02
-6.412049999999999694e-02
-6.406399999999999595e-02
-6.406399999999999595e-02
-6.400599999999999346e-02
-6.400599999999999346e-02
-6.400599999999999346e-02
-6.400599999999999346e-02
-6.400599999999999346e-02
-6.399699999999999833e-02
-6.397450000000000359e-02
-6.396899999999999809e-02
-6.395049999999999346e-02
-6.392699999999999771e-02
-6.391700000000000159e-02
-6.390899999999999359e-02
-6.390550000000000397e-02
-6.389300000000000535e-02
-6.388149999999999384e-02
-6.386849999999999472e-02
-6.386849999999999472e-02
-6.386849999999999472e-02
-6.384049999999999447e-02
-6.384049999999999447e-02
-6.384049999999999447e-02
-6.384049999999999447e-02
-6.384049999999999447e-02
-6.382300000000000473e-02
-6.382300000000000473e-02
-6.380750000000000310e-02
-6.380049999999999610e-02
-6.380049999999999610e-02
-6.379899999999999460e-02
-6.376149999999999873e-02
-6.376149999999999873e-02
-6.376149999999999873e-02
-6.375899999999999623e-02
-6.370099999999999374e-02
-6.370099999999999374e-02
-6.370099999999999374e-02
-6.370099999999999374e-02
-6.370099999999999374e-02
-6.370099999999999374e-02
-6.368699999999999362e-02
-6.368699999999999362e-02
-6.368649999999999312e-02
-6.368200000000000249e-02
-6.365700000000000525e-02
-6.359199999999999575e-02
-6.359199999999999575e-02
-6.359199999999999575e-02
-6.359199999999999575e-02
-6.359199999999999575e-02
-6.357549999999999313e-02
-6.356900000000000051e-02
-6.356900000000000051e-02
-6.356349999999999500e-02
-6.355550000000000088e-02
-6.352800000000000114e-02
-6.352800000000000114e-02
-6.352649999999999963e-02
-6.352299999999999613e-02
-6.351850000000000551e-02
-6.351199999999999901e-02
-6.349399999999999489e-02
-6.349399999999999489e-02
-6.348600000000000076e-02
-6.347350000000000214e-02
-6.346949999999999814e-02
-6.346250000000000502e-02
-6.342000000000000415e-02
-6.339450000000000640e-02
-6.337149999999999728e-02
-6.327199999999999491e-02
-6.327199999999999491e-02
-6.327199999999999491e-02
-6.327199999999999491e-02
-6.327199999999999491e-02
-6.327199999999999491e-02
-6.327199999999999491e-02
-6.327199999999999491e-02
-6.326800000000000479e-02
-6.325749999999999429e-02
-6.324799999999999867e-02
-6.324799999999999867e-02
-6.321400000000000630e-02
-6.321400000000000630e-02
-6.321400000000000630e-02
-6.321100000000000330e-02
-6.318500000000000505e-02
-6.317899999999999905e-02
-6.317200000000000593e-02
-6.316349999999999743e-02
-6.316349999999999743e-02
-6.315750000000000530e-02
-6.312800000000000356e-02
-6.312800000000000356e-02
-6.312800000000000356e-02
-6.310649999999999593e-02
-6.310649999999999593e-02
-6.310549999999999493e-02
-6.310549999999999493e-02
-6.305550000000000044e-02
-6.305550000000000044e-02
-6.304049999999999931e-02
-6.304049999999999931e-02
-6.304049999999999931e-02
-6.303300000000000569e-02
-6.301850000000000507e-02
-6.301850000000000507e-02
-6.299599999999999644e-02
-6.299599999999999644e-02
-6.297149999999999970e-02
-6.296350000000000557e-02
-6.295299999999999507e-02
-6.295299999999999507e-02
-6.293500000000000483e-02
-6.293500000000000483e-02
-6.292749999999999733e-02
-6.291750000000000120e-02
-6.290800000000000558e-02
-6.290800000000000558e-02
-6.290300000000000058e-02
-6.287249999999999783e-02
-6.287249999999999783e-02
-6.287249999999999783e-02
-6.286849999999999383e-02
-6.285599999999999521e-02
-6.284900000000000209e-02
-6.284099999999999409e-02
-6.281349999999999434e-02
-6.280950000000000422e-02
-6.278050000000000297e-02
-6.278050000000000297e-02
-6.278050000000000297e-02
-6.274100000000000510e-02
-6.274100000000000510e-02
-6.273750000000000160e-02
-6.271899999999999697e-02
-6.270699999999999885e-02
-6.270549999999999735e-02
-6.270549999999999735e-02
-6.269700000000000273e-02
-6.268450000000000411e-02
-6.268450000000000411e-02
-6.268100000000000060e-02
-6.266950000000000298e-02
-6.265900000000000636e-02
-6.265900000000000636e-02
-6.265900000000000636e-02
-6.264899999999999636e-02
-6.264899999999999636e-02
-6.264599999999999336e-02
-6.262349999999999861e-02
-6.262349999999999861e-02
-6.262349999999999861e-02
-6.262099999999999611e-02
-6.261049999999999949e-02
-6.261049999999999949e-02
-6.260699999999999599e-02
-6.259399999999999686e-02
-6.257899999999999574e-02
-6.257300000000000362e-02
-6.257050000000000112e-02
-6.256349999999999412e-02
-6.254850000000000687e-02
-6.254450000000000287e-02
-6.251950000000000562e-02
-6.251950000000000562e-02
-6.249550000000000244e-02
-6.244149999999999701e-02
-6.244149999999999701e-02
-6.244149999999999701e-02
-6.243800000000000044e-02
-6.242650000000000282e-02
-6.238250000000000045e-02
-6.236499999999999683e-02
-6.235149999999999720e-02
-6.232649999999999996e-02
-6.226050000000000334e-02
-6.215350000000000041e-02
-6.215350000000000041e-02
-6.212000000000000161e-02
-6.209950000000000192e-02
-6.209950000000000192e-02
-6.208400000000000030e-02
-6.207349999999999673e-02
-6.202099999999999974e-02
-6.202049999999999924e-02
-6.201999999999999874e-02
-6.201099999999999668e-02
-6.199949999999999906e-02
-6.193450000000000344e-02
-6.192450000000000038e-02
-6.192450000000000038e-02
-6.192450000000000038e-02
-6.192450000000000038e-02
-6.191549999999999832e-02
-6.191549999999999832e-02
-6.190849999999999825e-02
-6.190149999999999819e-02
-6.189050000000000107e-02
-6.189050000000000107e-02
-6.188250000000000001e-02
-6.188250000000000001e-02
-6.188250000000000001e-02
-6.188250000000000001e-02
-6.187900000000000345e-02
-6.187900000000000345e-02
-6.186400000000000232e-02
-6.186300000000000132e-02
-6.186300000000000132e-02
-6.186200000000000032e-02
-6.185149999999999676e-02
-6.185149999999999676e-02
-6.184250000000000164e-02
-6.184250000000000164e-02
-6.183049999999999657e-02
-6.178349999999999814e-02
-6.178349999999999814e-02
-6.178349999999999814e-02
-6.178349999999999814e-02
-6.176050000000000290e-02
-6.176050000000000290e-02
-6.174600000000000227e-02
-6.174299999999999927e-02
-6.173100000000000115e-02
-6.173000000000000015e-02
-6.171050000000000146e-02
-6.169600000000000084e-02
-6.169600000000000084e-02
-6.169199999999999684e-02
-6.168200000000000072e-02
-6.168200000000000072e-02
-6.167249999999999815e-02
-6.167249999999999815e-02
-6.163949999999999985e-02
-6.163949999999999985e-02
-6.159200000000000091e-02
-6.157750000000000029e-02
-6.157750000000000029e-02
-6.157750000000000029e-02
-6.157750000000000029e-02
-6.157750000000000029e-02
-6.157750000000000029e-02
-6.157750000000000029e-02
-6.157750000000000029e-02
-6.156600000000000267e-02
-6.152400000000000230e-02
-6.152400000000000230e-02
-6.152400000000000230e-02
-6.152400000000000230e-02
-6.148499999999999799e-02
-6.145699999999999774e-02
-6.145199999999999968e-02
-6.144150000000000306e-02
-6.142199999999999743e-02
-6.142199999999999743e-02
-6.142199999999999743e-02
-6.138450000000000156e-02
-6.138450000000000156e-02
-6.138300000000000006e-02
-6.136250000000000038e-02
-6.135000000000000175e-02
-6.129400000000000126e-02
-6.129400000000000126e-02
-6.129300000000000026e-02
-6.124149999999999733e-02
-6.124000000000000277e-02
-6.122350000000000014e-02
-6.120550000000000296e-02
-6.120550000000000296e-02
-6.120300000000000046e-02
-6.118649999999999783e-02
-6.118649999999999783e-02
-6.118649999999999783e-02
-6.118099999999999927e-02
-6.117399999999999921e-02
-6.117399999999999921e-02
-6.117100000000000315e-02
-6.116649999999999865e-02
-6.112150000000000222e-02
-6.110800000000000259e-02
-6.109799999999999953e-02
-6.109749999999999903e-02
-6.109599999999999753e-02
-6.107900000000000135e-02
-6.107850000000000085e-02
-6.107250000000000179e-02
-6.106600000000000222e-02
-6.106500000000000122e-02
-6.105050000000000060e-02
-6.095350000000000074e-02
-6.095350000000000074e-02
-6.095350000000000074e-02
-6.095350000000000074e-02
-6.095199999999999924e-02
-6.094150000000000261e-02
-6.093500000000000305e-02
-6.089599999999999874e-02
-6.089599999999999874e-02
-6.089599999999999874e-02
-6.087650000000000006e-02
-6.087250000000000300e-02
-6.086749999999999799e-02
-6.086350000000000093e-02
-6.085000000000000131e-02
-6.084599999999999731e-02
-6.084599999999999731e-02
-6.083750000000000269e-02
-6.083550000000000069e-02
-6.082649999999999862e-02
-6.082350000000000256e-02
-6.077799999999999869e-02
-6.077799999999999869e-02
-6.077799999999999869e-02
-6.077799999999999869e-02
-6.077799999999999869e-02
-6.076100000000000251e-02
-6.075049999999999895e-02
-6.073649999999999882e-02
-6.073649999999999882e-02
-6.073649999999999882e-02
-6.073649999999999882e-02
-6.073400000000000326e-02
-6.072500000000000120e-02
-6.071649999999999964e-02
-6.071050000000000058e-02
-6.070899999999999908e-02
-6.070600000000000301e-02
-6.069800000000000195e-02
-6.069800000000000195e-02
-6.067999999999999783e-02
-6.067050000000000221e-02
-6.067050000000000221e-02
-6.065349999999999908e-02
-6.065349999999999908e-02
-6.064150000000000096e-02
-6.064150000000000096e-02
-6.064150000000000096e-02
-6.064150000000000096e-02
-6.063149999999999790e-02
-6.063149999999999790e-02
-6.063149999999999790e-02
-6.061649999999999677e-02
-6.057150000000000034e-02
-6.057150000000000034e-02
-6.057150000000000034e-02
-6.057150000000000034e-02
-6.057150000000000034e-02
-6.057150000000000034e-02
-6.057150000000000034e-02
-6.056849999999999734e-02
-6.054899999999999866e-02
-6.054899999999999866e-02
-6.054899999999999866e-02
-6.053650000000000003e-02
-6.053349999999999703e-02
-6.049999999999999822e-02
-6.049999999999999822e-02
-6.047550000000000148e-02
-6.045400000000000079e-02
-6.044750000000000123e-02
-6.044449999999999823e-02
-6.043550000000000311e-02
-6.041749999999999898e-02
-6.041549999999999698e-02
-6.040149999999999686e-02
-6.040149999999999686e-02
-6.040149999999999686e-02
-6.039850000000000080e-02
-6.038799999999999724e-02
-6.038249999999999867e-02
-6.037100000000000105e-02
-6.036699999999999705e-02
-6.036699999999999705e-02
-6.036699999999999705e-02
-6.030800000000000050e-02
-6.028800000000000131e-02
-6.028800000000000131e-02
-6.028000000000000025e-02
-6.023350000000000232e-02
-6.022450000000000025e-02
-6.021599999999999869e-02
-6.021599999999999869e-02
-6.020550000000000207e-02
-6.018350000000000088e-02
-6.015750000000000264e-02
-6.015750000000000264e-02
-6.014850000000000058e-02
-6.014850000000000058e-02
-6.014850000000000058e-02
-6.014100000000000001e-02
-6.010000000000000064e-02
-6.010000000000000064e-02
-6.010000000000000064e-02
-6.010000000000000064e-02
-6.008999999999999758e-02
-6.008550000000000002e-02
-6.007699999999999846e-02
-6.006800000000000334e-02
-6.006550000000000084e-02
-6.004049999999999665e-02
-6.004049999999999665e-02
-6.004049999999999665e-02
-6.003250000000000253e-02
-5.998950000000000116e-02
-5.998950000000000116e-02
-5.998950000000000116e-02
-5.998950000000000116e-02
-5.998950000000000116e-02
-5.998699999999999866e-02
-5.998549999999999716e-02
-5.997600000000000153e-02
-5.996699999999999947e-02
-5.996549999999999797e-02
-5.996549999999999797e-02
-5.996549999999999797e-02
-5.995799999999999741e-02
-5.995799999999999741e-02
-5.994850000000000179e-02
-5.994850000000000179e-02
-5.994750000000000079e-02
-5.994449999999999779e-02
-5.994250000000000272e-02
-5.994250000000000272e-02
-5.992999999999999716e-02
-5.992200000000000304e-02
-5.991649999999999754e-02
-5.990899999999999698e-02
-5.990299999999999792e-02
-5.988050000000000317e-02
-5.985549999999999898e-02
-5.985549999999999898e-02
-5.984649999999999692e-02
-5.972700000000000231e-02
-5.972700000000000231e-02
-5.971900000000000125e-02
-5.970049999999999663e-02
-5.968699999999999700e-02
-5.968600000000000294e-02
-5.967700000000000088e-02
-5.964499999999999663e-02
-5.963349999999999901e-02
-5.963349999999999901e-02
-5.961899999999999838e-02
-5.959350000000000064e-02
-5.958949999999999664e-02
-5.956700000000000189e-02
-5.956700000000000189e-02
-5.956700000000000189e-02
-5.956700000000000189e-02
-5.955450000000000327e-02
-5.955200000000000077e-02
-5.954650000000000221e-02
-5.949900000000000327e-02
-5.949900000000000327e-02
-5.949900000000000327e-02
-5.949449999999999877e-02
-5.949449999999999877e-02
-5.949449999999999877e-02
-5.949349999999999777e-02
-5.947800000000000309e-02
-5.947800000000000309e-02
-5.946450000000000347e-02
-5.946450000000000347e-02
-5.943600000000000272e-02
-5.943600000000000272e-02
-5.943600000000000272e-02
-5.943600000000000272e-02
-5.942499999999999866e-02
-5.939099999999999935e-02
-5.939099999999999935e-02
-5.939099999999999935e-02
-5.939099999999999935e-02
-5.936899999999999816e-02
-5.936899999999999816e-02
-5.935250000000000248e-02
-5.935250000000000248e-02
-5.933700000000000085e-02
-5.933599999999999985e-02
-5.933549999999999935e-02
-5.930799999999999961e-02
-5.930799999999999961e-02
-5.929249999999999798e-02
-5.928850000000000092e-02
-5.927849999999999786e-02
-5.925649999999999668e-02
-5.925500000000000211e-02
-5.925500000000000211e-02
-5.919750000000000012e-02
-5.919449999999999712e-02
-5.919449999999999712e-02
-5.909500000000000169e-02
-5.909500000000000169e-02
-5.909500000000000169e-02
-5.907550000000000301e-02
-5.903049999999999964e-02
-5.903049999999999964e-02
-5.902149999999999758e-02
-5.899100000000000177e-02
-5.899100000000000177e-02
-5.897800000000000264e-02
-5.897800000000000264e-02
-5.896150000000000002e-02
-5.896150000000000002e-02
-5.896150000000000002e-02
-5.895600000000000146e-02
-5.895399999999999946e-02
-5.894900000000000140e-02
-5.894900000000000140e-02
-5.894350000000000284e-02
-5.893000000000000321e-02
-5.893000000000000321e-02
-5.893000000000000321e-02
-5.892599999999999921e-02
-5.892599999999999921e-02
-5.891550000000000259e-02
-5.891199999999999909e-02
-5.891199999999999909e-02
-5.890850000000000253e-02
-5.889250000000000040e-02
-5.888550000000000034e-02
-5.887749999999999928e-02
-5.881800000000000223e-02
-5.881800000000000223e-02
-5.881800000000000223e-02
-5.881800000000000223e-02
-5.881600000000000023e-02
-5.880599999999999716e-02
-5.880500000000000310e-02
-5.879299999999999804e-02
-5.879299999999999804e-02
-5.876950000000000229e-02
-5.876950000000000229e-02
-5.876950000000000229e-02
-5.876950000000000229e-02
-5.876350000000000323e-02
-5.874999999999999667e-02
-5.874999999999999667e-02
-5.874999999999999667e-02
-5.873849999999999905e-02
-5.873849999999999905e-02
-5.873400000000000148e-02
-5.868199999999999805e-02
-5.868199999999999805e-02
-5.868199999999999805e-02
-5.866099999999999787e-02
-5.866099999999999787e-02
-5.866099999999999787e-02
-5.865000000000000074e-02
-5.865000000000000074e-02
-5.865000000000000074e-02
-5.865000000000000074e-02
-5.865000000000000074e-02
-5.865000000000000074e-02
-5.864699999999999774e-02
-5.863650000000000112e-02
-5.863499999999999962e-02
-5.863299999999999762e-02
-5.862699999999999856e-02
-5.860900000000000137e-02
-5.860900000000000137e-02
-5.860699999999999937e-02
-5.858200000000000213e-02
-5.858200000000000213e-02
-5.858200000000000213e-02
-5.858200000000000213e-02
-5.856900000000000300e-02
-5.856900000000000300e-02
-5.856850000000000250e-02
-5.856850000000000250e-02
-5.856250000000000344e-02
-5.855400000000000188e-02
-5.854249999999999732e-02
-5.854249999999999732e-02
-5.853950000000000126e-02
-5.852799999999999669e-02
-5.850999999999999951e-02
-5.850999999999999951e-02
-5.850999999999999951e-02
-5.850899999999999851e-02
-5.850450000000000095e-02
-5.850450000000000095e-02
-5.850450000000000095e-02
-5.850249999999999895e-02
-5.849599999999999939e-02
-5.848400000000000126e-02
-5.848249999999999976e-02
-5.845700000000000202e-02
-5.845700000000000202e-02
-5.845399999999999902e-02
-5.845399999999999902e-02
-5.845399999999999902e-02
-5.844799999999999995e-02
-5.844150000000000039e-02
-5.844150000000000039e-02
-5.843450000000000033e-02
-5.843450000000000033e-02
-5.843450000000000033e-02
-5.840299999999999658e-02
-5.839500000000000246e-02
-5.838549999999999990e-02
-5.837200000000000027e-02
-5.837200000000000027e-02
-5.837200000000000027e-02
-5.836750000000000271e-02
-5.835300000000000209e-02
-5.835300000000000209e-02
-5.833850000000000147e-02
-5.833200000000000190e-02
-5.830350000000000116e-02
-5.829700000000000160e-02
-5.827550000000000091e-02
-5.827050000000000285e-02
-5.827050000000000285e-02
-5.823949999999999960e-02
-5.823949999999999960e-02
-5.823849999999999860e-02
-5.823849999999999860e-02
-5.822949999999999654e-02
-5.822200000000000292e-02
-5.819900000000000073e-02
-5.819900000000000073e-02
-5.818199999999999761e-02
-5.818199999999999761e-02
-5.818199999999999761e-02
-5.817300000000000249e-02
-5.816749999999999698e-02
-5.816749999999999698e-02
-5.815050000000000080e-02
-5.814249999999999974e-02
-5.814249999999999974e-02
-5.813299999999999718e-02
-5.813299999999999718e-02
-5.813200000000000311e-02
-5.813200000000000311e-02
-5.808250000000000218e-02
-5.808250000000000218e-02
-5.808250000000000218e-02
-5.803950000000000081e-02
-5.803950000000000081e-02
-5.803950000000000081e-02
-5.802949999999999775e-02
-5.802399999999999919e-02
-5.801049999999999957e-02
-5.801049999999999957e-02
-5.799150000000000138e-02
-5.797750000000000126e-02
-5.797750000000000126e-02
-5.797750000000000126e-02
-5.797750000000000126e-02
-5.797250000000000320e-02
-5.796599999999999669e-02
-5.796099999999999863e-02
-5.796049999999999813e-02
-5.796049999999999813e-02
-5.794250000000000095e-02
-5.794250000000000095e-02
-5.789600000000000302e-02
-5.789350000000000052e-02
-5.784600000000000158e-02
-5.783950000000000202e-02
-5.783950000000000202e-02
-5.783950000000000202e-02
-5.783950000000000202e-02
-5.782849999999999796e-02
-5.782849999999999796e-02
-5.781850000000000184e-02
-5.781850000000000184e-02
-5.778799999999999909e-02
-5.769049999999999873e-02
-5.769049999999999873e-02
-5.769049999999999873e-02
-5.769049999999999873e-02
-5.769049999999999873e-02
-5.769049999999999873e-02
-5.768849999999999673e-02
-5.768849999999999673e-02
-5.767850000000000060e-02
-5.767850000000000060e-02
-5.767850000000000060e-02
-5.765900000000000192e-02
-5.764699999999999686e-02
-5.764699999999999686e-02
-5.764699999999999686e-02
-5.763150000000000217e-02
-5.763100000000000167e-02
-5.763000000000000067e-02
-5.762300000000000061e-02
-5.762099999999999861e-02
-5.761550000000000005e-02
-5.761249999999999705e-02
-5.759800000000000336e-02
-5.759800000000000336e-02
-5.759800000000000336e-02
-5.759050000000000280e-02
-5.758300000000000224e-02
-5.757999999999999924e-02
-5.756649999999999961e-02
-5.756649999999999961e-02
-5.756649999999999961e-02
-5.755749999999999755e-02
-5.755199999999999899e-02
-5.754700000000000093e-02
-5.752000000000000168e-02
-5.748299999999999937e-02
-5.747950000000000281e-02
-5.747200000000000225e-02
-5.744200000000000000e-02
-5.743650000000000144e-02
-5.740200000000000163e-02
-5.740200000000000163e-02
-5.739550000000000207e-02
-5.739550000000000207e-02
-5.738800000000000151e-02
-5.736800000000000233e-02
-5.736800000000000233e-02
-5.736800000000000233e-02
-5.736800000000000233e-02
-5.736349999999999782e-02
-5.736349999999999782e-02
-5.732899999999999802e-02
-5.732899999999999802e-02
-5.732849999999999752e-02
-5.732399999999999995e-02
-5.732249999999999845e-02
-5.730949999999999933e-02
-5.729349999999999721e-02
-5.729100000000000165e-02
-5.728950000000000015e-02
-5.728599999999999665e-02
-5.727850000000000302e-02
-5.726699999999999846e-02
-5.726350000000000190e-02
-5.726350000000000190e-02
-5.724649999999999878e-02
-5.722100000000000103e-02
-5.721199999999999897e-02
-5.721199999999999897e-02
-5.720599999999999991e-02
-5.720599999999999991e-02
-5.720599999999999991e-02
-5.720599999999999991e-02
-5.716199999999999753e-02
-5.712199999999999916e-02
-5.712199999999999916e-02
-5.712199999999999916e-02
-5.711150000000000254e-02
-5.710749999999999854e-02
-5.710749999999999854e-02
-5.709700000000000192e-02
-5.709650000000000142e-02
-5.704499999999999849e-02
-5.704499999999999849e-02
-5.704499999999999849e-02
-5.704499999999999849e-02
-5.702850000000000280e-02
-5.699400000000000299e-02
-5.697549999999999837e-02
-5.697549999999999837e-02
-5.696450000000000125e-02
-5.694149999999999906e-02
-5.693800000000000250e-02
-5.693800000000000250e-02
-5.693349999999999800e-02
-5.693000000000000144e-02
-5.691600000000000131e-02
-5.691349999999999881e-02
-5.690749999999999975e-02
-5.690599999999999825e-02
-5.689600000000000213e-02
-5.685149999999999926e-02
-5.685149999999999926e-02
-5.685149999999999926e-02
-5.684499999999999970e-02
-5.684499999999999970e-02
-5.684499999999999970e-02
-5.684499999999999970e-02
-5.684399999999999870e-02
-5.681900000000000145e-02
-5.681900000000000145e-02
-5.681900000000000145e-02
-5.681900000000000145e-02
-5.681900000000000145e-02
-5.681749999999999995e-02
-5.680899999999999839e-02
-5.680899999999999839e-02
-5.680299999999999933e-02
-5.678550000000000264e-02
-5.678550000000000264e-02
-5.678550000000000264e-02
-5.678550000000000264e-02
-5.678550000000000264e-02
-5.678300000000000014e-02
-5.677399999999999808e-02
-5.677150000000000252e-02
-5.677150000000000252e-02
-5.675899999999999695e-02
-5.675050000000000233e-02
-5.675050000000000233e-02
-5.675050000000000233e-02
-5.674850000000000033e-02
-5.674250000000000127e-02
-5.674099999999999977e-02
-5.666449999999999959e-02
-5.664949999999999847e-02
-5.664949999999999847e-02
-5.663150000000000128e-02
-5.663150000000000128e-02
-5.663150000000000128e-02
-5.663150000000000128e-02
-5.662199999999999872e-02
-5.662199999999999872e-02
-5.662199999999999872e-02
-5.661900000000000266e-02
-5.659850000000000297e-02
-5.659850000000000297e-02
-5.659549999999999997e-02
-5.659549999999999997e-02
-5.659549999999999997e-02
-5.659349999999999797e-02
-5.658649999999999791e-02
-5.658649999999999791e-02
-5.657500000000000029e-02
-5.657399999999999929e-02
-5.657149999999999679e-02
-5.652750000000000136e-02
-5.652750000000000136e-02
-5.652750000000000136e-02
-5.651099999999999873e-02
-5.651099999999999873e-02
-5.651099999999999873e-02
-5.651099999999999873e-02
-5.651099999999999873e-02
-5.651099999999999873e-02
-5.651099999999999873e-02
-5.651099999999999873e-02
-5.651099999999999873e-02
-5.650449999999999917e-02
-5.648650000000000199e-02
-5.646949999999999886e-02
-5.646700000000000330e-02
-5.646700000000000330e-02
-5.646700000000000330e-02
-5.646000000000000324e-02
-5.644350000000000062e-02
-5.643800000000000205e-02
-5.643800000000000205e-02
-5.641750000000000237e-02
-5.641750000000000237e-02
-5.639299999999999868e-02
-5.639299999999999868e-02
-5.638549999999999812e-02
-5.638549999999999812e-02
-5.637299999999999950e-02
-5.637099999999999750e-02
-5.636599999999999944e-02
-5.636599999999999944e-02
-5.634050000000000169e-02
-5.632600000000000107e-02
-5.632149999999999657e-02
-5.631450000000000344e-02
-5.630349999999999938e-02
-5.627750000000000113e-02
-5.627750000000000113e-02
-5.625349999999999795e-02
-5.625349999999999795e-02
-5.625249999999999695e-02
-5.625249999999999695e-02
-5.624549999999999689e-02
-5.622950000000000170e-02
-5.622549999999999770e-02
-5.622549999999999770e-02
-5.621949999999999864e-02
-5.619400000000000089e-02
-5.619400000000000089e-02
-5.619400000000000089e-02
-5.619400000000000089e-02
-5.619400000000000089e-02
-5.618150000000000227e-02
-5.618150000000000227e-02
-5.618150000000000227e-02
-5.618150000000000227e-02
