6.048063493543180957e-01
2.693015178039404045e-01
4.983275642752935664e-01
5.048874015989250896e-01
8.526482667445089980e-01
4.917259387375169655e-01
7.437005085791592585e-01
4.973401564033272937e-01
4.895809074126227789e-01
5.735439880935292445e-01
2.971440631927491083e-01
4.531061646759065864e-01
5.134155278839357406e-01
9.053852070722696599e-01
4.727360143751431765e-01
7.430338673552968620e-01
4.277966551739587064e-01
6.740379880416967895e-01
8.905981062102963364e-01
4.223779404992836772e-01
8.650632009132565026e-01
4.758234118548106961e-01
7.362585567293634670e-01
6.899058399263321428e-01
6.409992740686241142e-01
3.171783313683466110e-01
3.736091666681865542e-01
6.792021336403679665e-01
2.637698204506538358e-01
5.127818277141962255e-01
5.244933593250747927e-01
7.545145442398338842e-01
3.563552368705338314e-01
3.133925344207517671e-01
1.626756619216248589e-01
1.863251236040542325e-01
3.378626495895959425e-01
4.791018939281331268e-01
2.539546251132269727e-01
6.062178638974091704e-01
5.153930384279603594e-01
5.254021328412288305e-01
4.439556528813699554e-01
4.659698894153547211e-01
5.214355075707310938e-01
4.735483564352667152e-01
7.392790576914884948e-01
7.223588846919251072e-01
8.383911306034442790e-01
1.989852198128360117e-01
7.604066370799766883e-01
5.674240780491576208e-01
2.346509757008248265e-01
5.241074256005062715e-01
4.765491555946645419e-01
6.487767286309522596e-01
4.845423313562183809e-01
3.253485383627627847e-01
1.973145533705805699e-01
4.429572655119106139e-01
8.916341001319620929e-01
5.172827711450957988e-01
4.798473456666368930e-01
5.385135220601817707e-01
2.632516370797329253e-01
7.363556345280444226e-01
2.806399175333371687e-01
7.027867813934505214e-01
2.520576258692261984e-01
4.808586441171276427e-01
7.232022811997661504e-01
5.325705985596603798e-01
5.535660315654119534e-01
4.589222482610976206e-01
1.439785779756471706e-01
4.584403141173134522e-01
4.621309678398615728e-01
4.853175203356409062e-01
5.394045002473040196e-01
3.485012553856440265e-01
7.038284660071727483e-01
5.510430451453987022e-01
1.544243362724813662e-01
6.040054426969289070e-01
8.082001831544989301e-01
4.788874315973680185e-01
7.082334460356589645e-01
7.721280924733586737e-01
3.532838008106879979e-01
5.823323901252721591e-01
2.274217923243141426e-01
4.061287752311567578e-01
6.648419541588059811e-01
4.746739924666278920e-01
5.127510324051955948e-01
2.749034614621939099e-01
7.621663825533323555e-01
7.536601210966402675e-01
3.409414005602533493e-01
5.906143852939257366e-01
6.200280637317920895e-01
5.116432615016195395e-01
4.984223053935040726e-01
4.170856340381863814e-01
6.848771966433589986e-01
8.022916630767287227e-01
3.695513459489097041e-01
5.930858353348716916e-01
5.698211844049266839e-01
5.294629816029658986e-01
2.483122798299289280e-01
9.276544803968496122e-01
8.155614306531276947e-01
1.820274068536888168e-01
3.830584003459726050e-01
6.529728103809235851e-01
2.473285098620507938e-01
4.966484957460406413e-01
4.907949776377943940e-01
7.765480569690437207e-01
6.405754954146487545e-01
6.162642425936324386e-01
4.214193932422453104e-01
8.191863273718706928e-01
6.087073237610813869e-01
5.185645561217113730e-01
7.370907402851876178e-01
3.135515207949224337e-01
7.509667094459869796e-01
6.037903006990510413e-01
2.357783959678285690e-01
6.338399159680514483e-01
1.465444389124972713e-01
4.939459362850222579e-01
7.525729236326671456e-01
6.221983395916943493e-01
6.839785790293169132e-01
4.666720476435867182e-01
3.011452442595990986e-01
3.909982518553402064e-01
2.101440503497442602e-01
5.066903912139881783e-01
7.312830013590485567e-01
2.502965284798280843e-01
5.904863718447798115e-01
5.698744300974313282e-01
2.864537586226231780e-01
4.453468772930772590e-01
3.691212564283147257e-01
4.854907541593692089e-01
7.335218659027507027e-01
4.030723983082541984e-01
5.206222714420436493e-01
3.848078054319439278e-01
2.497674536748270557e-01
5.421440014737137769e-01
4.180444398947731899e-01
4.779122345974574637e-01
2.502925343881926556e-01
6.195703248811330610e-01
9.100080655808949759e-01
2.910830362001128879e-01
7.565344171488375125e-01
2.761686209535632042e-01
2.750929402754866415e-01
5.234034202818144133e-01
5.090209707877575429e-01
3.648639598908158810e-01
9.573900904327061756e-01
6.365152092191860289e-01
5.881287689005457731e-01
4.731186157750937871e-01
6.676066602217525237e-01
5.242364601855415973e-01
2.922833130104494082e-01
6.900076044359649829e-01
4.302748365838355848e-01
4.463149087074024246e-01
1.880680400106921057e-01
5.703273720763133436e-01
5.907296079734998262e-01
3.983350134576053858e-02
2.536268274078902207e-01
2.124155822286149520e-01
8.614443339299152069e-02
6.119211869003096105e-01
7.449499024844383754e-01
6.961534695023160468e-01
1.528158275979524805e-01
5.189886062132371691e-01
7.365461095695136073e-01
6.643640147156498754e-01
6.234246604569011474e-01
3.421209507054409071e-01
2.780496073629136755e-01
6.530332773601841279e-01
3.766814243032987619e-01
5.053103569812908979e-01
2.661674633971472526e-01
3.150453147901278728e-01
8.217747392343752733e-01
6.295173739025374804e-01
4.258152024828451010e-01
4.150914130946818936e-01
2.119788262838708803e-01
5.295614922867160068e-01
7.632538703478000119e-01
3.975373860651300606e-01
7.525580062631020972e-01
2.743199323805833867e-01
4.078468036948015296e-01
5.931628519782317088e-01
2.789269849460196404e-01
5.098789074712578584e-01
4.827455644009192026e-01
6.617060503308166419e-01
6.911708496751713948e-01
8.314688122200497578e-01
3.418300660148439474e-01
6.103275951284179435e-01
6.261753380691583715e-01
4.907748104402529510e-01
2.567916269905708981e-01
5.841801599588165583e-01
5.810419687650464349e-01
5.929389078984304007e-01
3.557347127531831354e-01
4.609500400365638129e-01
3.869945632106506772e-01
4.829284673831487629e-01
2.801440657840854054e-01
6.156530543288296631e-01
4.417407013104411861e-01
6.503607649584721706e-01
2.856585336186780455e-01
3.355142961403330126e-01
5.725285718050352468e-01
5.313182657966873945e-01
4.843463859436041852e-01
3.640686278917113494e-01
7.872077588786147162e-01
2.466650981870355253e-01
5.575757930165585741e-01
6.607074386689848478e-01
7.875843179093334756e-01
4.933521352645985347e-01
5.007739634549441821e-01
2.768834080777271556e-01
8.106395187735755403e-01
3.766215054625490222e-01
4.968179636651982589e-01
2.965284929074365472e-01
6.867836550585253441e-01
5.145848456220287748e-01
7.409971808310711339e-01
4.226593004274760146e-01
7.928522722059245798e-01
5.187510530789676277e-01
4.134834361663550784e-01
2.879631989327783304e-01
2.629744954876956919e-01
9.230255468643892014e-01
7.629174567107275262e-01
3.538933768989544482e-01
1.561178833915727315e-01
6.858404837331051329e-01
7.115567563295315257e-01
6.646951827653675426e-01
1.610303261132166042e-01
8.636878609223466730e-02
7.245675482031402881e-01
3.896428436839184384e-01
4.811322758900143937e-01
5.064614683856327737e-01
8.864975273420108159e-01
2.467229199654587535e-01
2.066178474296411771e-01
5.187904815942512293e-01
5.337135384951650074e-01
3.048422245755889604e-01
7.195947210004853822e-01
2.556686777011075717e-01
1.555883020197689759e-01
3.620938484733526308e-01
5.207266393284321060e-01
2.031911038580511697e-01
7.706489375713438950e-01
4.086058966174205276e-01
3.774204343812951334e-01
3.814499966807301523e-01
8.229385933725126279e-01
2.326589076789248312e-01
1.211785243885984131e-01
4.563931630265615769e-01
9.851267927211337927e-01
4.882657086716724604e-01
6.822054002513199267e-01
2.720807486189554814e-01
6.875549963499186790e-01
6.790067000468404945e-01
8.325401488040964360e-01
4.893144793150199234e-01
4.822606495761090351e-01
5.484779321599552171e-01
5.833419791219131012e-01
9.175002034318473498e-01
3.096647953685569554e-01
5.071367769958877725e-01
5.180125396110064617e-01
6.542285682590301965e-01
5.051189906651747386e-01
6.518036819151391548e-01
7.156886319943357444e-01
6.501926388223522313e-01
8.581233963896484074e-01
3.750471877963337253e-01
8.146723423029471611e-01
5.212282534880505747e-01
7.431381482405243766e-01
6.655976611595121328e-01
7.644630904568143759e-01
6.621851277800794300e-01
4.706715944805297536e-01
2.210457067080411064e-01
3.778089075757128379e-01
2.218909024905666161e-01
7.497979965903764921e-01
5.492348676443981059e-01
3.647142180779547882e-01
6.690998638048859526e-01
8.550854438497599297e-01
6.990616381771314058e-01
1.235305625572489796e-01
9.721894712805771999e-01
4.884816943028579272e-01
6.531718554011887168e-01
1.323585891477550847e-01
7.392933917003079447e-01
7.260461150643817696e-01
4.070163273881638455e-01
6.186572699172546708e-01
5.408111481648163466e-01
2.580061267066446895e-01
5.775716709053565490e-01
8.668510408827283520e-01
1.769757786557164814e-01
8.359574623900094537e-01
3.047810016437685343e-01
1.947184420149656314e-01
5.171798421627411546e-01
5.186553896071341985e-01
5.064285533637082892e-01
7.101628053133997032e-01
3.578261712316524457e-01
4.528586581030169533e-01
4.234195558736136844e-01
8.286732171573939487e-01
5.188284095728201706e-01
5.082779621632746991e-01
5.465435264295730455e-01
8.046971800050308765e-01
4.923319131918066915e-01
5.520147592390283187e-01
3.963375824145312087e-01
7.584986163640898837e-01
4.846483518891959719e-01
5.185484688235206807e-01
4.688263066257337686e-01
4.962835873857662783e-01
1.820078311800811810e-01
2.945847505294270641e-01
3.379492593465477368e-01
4.276477138271734812e-01
4.958755318518671684e-01
5.287140522407622889e-01
3.792605438396521866e-01
2.527240227605553335e-01
2.749645111531001107e-01
1.211119921693466772e-01
4.311924924183604402e-01
2.535812507391551618e-01
1.020422744959160466e-01
5.015168244046650514e-01
4.916915911774948356e-01
2.042692284993209983e-01
5.883593971015135260e-01
7.879941017186228303e-01
3.727213833860051340e-01
8.758271335831612214e-01
3.773065273127041985e-01
4.864088223451774051e-01
8.018680962761794984e-01
7.033837025246083563e-01
5.316269359726507604e-01
8.246550706378612539e-01
4.145933560926832184e-01
7.977779268670349699e-01
4.848985222606940759e-01
4.975138527132640376e-01
7.571066722078784172e-01
6.394051688895725505e-01
5.548770788195178660e-01
2.331727597131219576e-01
4.615253070786307643e-01
7.178981008797822305e-01
3.971179416175364685e-02
5.301599349015313489e-01
4.757322950023835650e-01
1.911340710788715924e-01
6.159166343012308920e-01
7.851461220363895599e-01
3.725413456525938916e-01
6.794630862450872222e-01
4.563309171525048447e-01
2.468292393636831727e-01
2.622648912870975124e-01
7.413352895020174360e-01
8.306005423570792523e-01
7.576200847369680691e-01
4.130769274892247545e-01
2.481758313091798618e-01
4.896664514068514995e-01
5.186267321428326138e-01
4.715684182106004707e-01
6.442028733104931959e-01
2.692125172320262716e-01
2.863792037322027695e-01
4.356360529490370115e-01
6.006971137405991978e-01
5.313231474079842531e-01
5.099706570379323178e-01
7.877562887042508510e-01
7.053157213610061760e-01
4.580249417411380586e-01
6.450801528863294720e-01
3.658676143048998908e-01
7.592032098138798979e-01
5.137948442344046907e-01
7.390771487053849897e-01
4.173926596448861437e-01
3.175464762731948776e-01
5.321154757074386676e-01
3.175301950624511704e-01
4.281619207597157084e-01
7.492474418304577721e-01
4.647257995056264246e-01
5.036820401420886162e-01
5.914054800763504094e-01
6.762649541664476072e-01
3.736791161984336362e-01
5.633067462958386562e-01
3.596129036161352377e-01
6.921887314619077358e-01
5.197861048791418970e-01
2.558970314433889337e-01
3.338448395643712763e-01
5.745693618261829005e-01
4.895659945582599426e-01
4.456574669872276906e-01
5.195607383244595923e-01
4.787359918963403072e-01
5.188555418027930299e-01
2.599399857488359222e-01
5.412934713159407440e-01
7.547249053176767752e-01
3.947335897306598618e-01
6.161060585958746394e-01
5.711570048078904449e-01
3.726118145865936482e-01
5.721535160534394482e-01
4.899872917455886379e-01
8.647319418172835226e-01
5.438477601117621685e-01
5.369748834861129971e-01
7.976844481266119891e-01
3.623789598693893943e-01
8.275879603732041456e-01
4.921530008253213184e-01
2.707582390046554544e-01
2.151133282198167684e-01
6.479878891286110498e-01
4.689199535634204219e-01
4.064225561836800615e-01
4.409274775721131467e-01
3.995949998924905877e-01
5.141412705562070640e-01
5.206169221644014744e-01
6.381197742198998490e-01
5.827954705933418023e-01
3.256406419364689664e-01
4.488527484912545606e-01
3.622533980936887277e-01
6.450327230685184432e-01
5.141807829266678009e-01
2.740138272262183650e-01
3.905693686839029066e-01
2.882486865597494452e-01
4.477606912430258101e-01
3.427764327145015333e-01
5.772394810772047968e-01
5.746920377535615909e-01
4.814218668906524723e-01
5.041231748945391722e-01
6.812780054089206949e-01
3.901476744518561635e-01
2.789386216512154681e-01
3.149112997024573479e-01
1.624974440597268255e-01
2.706622995551479782e-01
4.872160546055302466e-01
2.600588022363023999e-01
6.102180065810989262e-01
3.673245934817207514e-01
6.127969084493903873e-01
3.569822186602789049e-01
4.112562676407144346e-01
7.097780761815880579e-01
4.875869348809928061e-01
4.913525377840803898e-01
3.370975727745216810e-01
3.107830696196498543e-01
3.226022109536151872e-01
4.140980212030609398e-01
1.764937517866724537e-01
2.691880995328337356e-01
5.131855023964295714e-01
2.609673922838552373e-01
6.091673631666897348e-01
6.182153680363943193e-01
4.414709996951140525e-01
4.146723165449980320e-01
4.243960590025205315e-01
5.461565181636162114e-01
4.976657466233428417e-01
2.583534593884480035e-01
4.063836685424067063e-01
6.784089896869412994e-01
4.467160325462767867e-01
6.155009916774027978e-01
6.026184032206338692e-01
4.727609061207873054e-01
4.856097929673591773e-01
5.037152041418722082e-01
4.614287652360637981e-01
5.093388310747857251e-01
2.260064428791332403e-01
5.307202347749635507e-01
2.567148612751405379e-01
4.065689301407658940e-01
5.147375271121087392e-01
2.562598734572357762e-01
7.736640257015531263e-01
6.960418527242206999e-01
5.662358598458945291e-01
6.072034439341835732e-01
3.592397701893334516e-01
5.077998689973473034e-01
5.033335140724121137e-01
2.584080668797933411e-01
3.389959877015873424e-01
5.141556179721342712e-01
5.570567881754799888e-01
5.194735544769586433e-01
4.425037139622298721e-01
5.919421867462498765e-01
4.895332116533729350e-01
7.466994080288419378e-01
4.160843751732113960e-01
4.847628701184332201e-01
5.207113950409814063e-01
4.812698416756176489e-01
5.001874562081721765e-01
6.282858215169371263e-01
4.995867899829340431e-01
4.894422402112172943e-01
4.622084433691161509e-01
4.686088716746883431e-01
5.962604528722305064e-01
3.978696924747345820e-01
7.308123742049983385e-01
3.966653009212630088e-01
4.864289408975017714e-01
2.597679639933371254e-01
4.813827282967423349e-01
3.766301595380033285e-01
4.107346719328508478e-01
4.754354311533022237e-01
5.829699902329055217e-01
7.048280055910356445e-01
4.878099277388489030e-01
7.375648678102992850e-01
5.514910703075062148e-01
3.280875802005842612e-01
4.060040604014537591e-01
4.627209104929028705e-01
6.026501688494576570e-01
7.542299817193474087e-01
4.865535440349630925e-01
7.432233973020470064e-01
2.397033017466543847e-01
8.770602262460314158e-01
5.910308617746427018e-01
8.559240069267100015e-01
3.759336875699040847e-01
4.373383859286982256e-01
4.969718112028125301e-01
4.979944793511887902e-01
3.809844299872175988e-01
6.178234857832798355e-01
6.374541764286427714e-01
6.191366200016634735e-01
8.886030300345226784e-01
4.676452526662842057e-01
4.927965284447041183e-01
5.072323426517413303e-01
6.930748287758616843e-01
4.352802936741222428e-01
2.783749542149979161e-01
5.221450682293964363e-01
2.303987037927356374e-01
3.344731968374302644e-01
5.088695606701716390e-01
2.551054585642074102e-01
2.836302059596257363e-01
6.414389786016263528e-01
7.475752426069095513e-01
6.278868881422157155e-01
2.733092056735494380e-01
5.467680765781384178e-01
5.046373485276065551e-01
2.536480326461238999e-01
4.050386323579379111e-01
7.982149963269804527e-01
7.874305657288587224e-01
7.649180746252315366e-01
3.179577995990617856e-01
4.835115437135020233e-01
5.072560916544306409e-01
2.475840431753022486e-01
4.893276848128594869e-01
2.019939071836974187e-01
5.246439801982264450e-01
4.630965588595151172e-01
5.119278244972335079e-01
8.335559397964592554e-01
5.089369702817134744e-01
7.484957347692740015e-01
3.647502867753859013e-01
5.349630553288446944e-01
6.583064134271174872e-01
5.673916544084456337e-01
3.520171233770692520e-01
6.135968620354714798e-01
5.133839049359008033e-01
2.550276293635451719e-01
4.374493557366320728e-01
5.529021693584937891e-01
2.559988302656155401e-01
2.829679658557896493e-01
3.714946701629296411e-01
4.386840088021582984e-01
5.040439384380424048e-01
7.541027067711651988e-01
2.356133455503000573e-01
6.898984398462960910e-02
8.253822889854265377e-01
4.450026000680178395e-01
2.477801842474851302e-01
9.661483933430152771e-01
4.907964933789173978e-01
9.953900441453034098e-01
1.824437823598203945e-01
9.609632312072187155e-01
2.943928510675012378e-01
9.593171249115455268e-01
9.073530127263318423e-01
5.496012936741575539e-01
