-1.489409999999999901e-01
-1.489409999999999901e-01
-1.489409999999999901e-01
-1.489409999999999901e-01
-1.489409999999999901e-01
-1.408014999999999961e-01
-1.309049999999999936e-01
-1.309049999999999936e-01
-1.193310000000000065e-01
-1.193310000000000065e-01
-1.188010000000000038e-01
-1.073260000000000047e-01
-9.697350000000000414e-02
-9.697350000000000414e-02
-9.697350000000000414e-02
-9.205950000000000244e-02
-8.787250000000000616e-02
-8.738400000000000334e-02
-8.738400000000000334e-02
-8.645799999999999319e-02
-8.394849999999999535e-02
-8.394849999999999535e-02
-7.590049999999999575e-02
-7.590049999999999575e-02
-7.590049999999999575e-02
-7.408149999999999458e-02
-7.408149999999999458e-02
-7.408149999999999458e-02
-7.397900000000000309e-02
-6.591900000000000537e-02
-6.591900000000000537e-02
-6.591900000000000537e-02
-6.591900000000000537e-02
-5.560749999999999721e-02
-5.560749999999999721e-02
-5.560749999999999721e-02
-5.560749999999999721e-02
-5.560749999999999721e-02
-5.560749999999999721e-02
-5.560749999999999721e-02
-5.560749999999999721e-02
-5.269999999999999685e-02
-5.269999999999999685e-02
-5.269999999999999685e-02
-5.197750000000000287e-02
-5.197750000000000287e-02
-5.197299999999999837e-02
-5.197299999999999837e-02
-5.174299999999999733e-02
-4.774099999999999872e-02
-4.774099999999999872e-02
-4.774099999999999872e-02
-4.767099999999999810e-02
-4.767099999999999810e-02
-4.742099999999999788e-02
-4.434049999999999797e-02
-4.434049999999999797e-02
-4.434049999999999797e-02
-4.434049999999999797e-02
-4.122599999999999876e-02
-4.102250000000000341e-02
-3.866900000000000198e-02
-3.638399999999999967e-02
-3.638399999999999967e-02
-3.638399999999999967e-02
-3.638399999999999967e-02
-3.638399999999999967e-02
-3.638399999999999967e-02
-3.638399999999999967e-02
-3.638399999999999967e-02
-3.638399999999999967e-02
-3.581100000000000255e-02
-3.581100000000000255e-02
-3.455149999999999888e-02
-3.455149999999999888e-02
-3.455149999999999888e-02
-3.455149999999999888e-02
-3.455149999999999888e-02
-3.455149999999999888e-02
-3.334000000000000158e-02
-3.334000000000000158e-02
-3.334000000000000158e-02
-3.334000000000000158e-02
-3.334000000000000158e-02
-3.130999999999999756e-02
-3.130999999999999756e-02
-3.130999999999999756e-02
-3.130999999999999756e-02
-3.130999999999999756e-02
-3.130999999999999756e-02
-3.089300000000000032e-02
-3.089300000000000032e-02
-3.089300000000000032e-02
-3.089300000000000032e-02
-2.958099999999999966e-02
-2.958099999999999966e-02
-2.958099999999999966e-02
-2.958099999999999966e-02
-2.958099999999999966e-02
-2.958099999999999966e-02
-2.956900000000000153e-02
-2.956900000000000153e-02
-2.956900000000000153e-02
-2.956900000000000153e-02
-2.956900000000000153e-02
-2.956249999999999850e-02
-2.940200000000000105e-02
-2.940200000000000105e-02
-2.938299999999999940e-02
-2.936849999999999877e-02
-2.916449999999999945e-02
-2.916449999999999945e-02
-2.908200000000000021e-02
-2.907850000000000018e-02
-2.907699999999999868e-02
-2.898500000000000035e-02
-2.898500000000000035e-02
-2.776199999999999848e-02
-2.776199999999999848e-02
-2.776199999999999848e-02
-2.770900000000000099e-02
-2.770900000000000099e-02
-2.770900000000000099e-02
-2.764549999999999993e-02
-2.764549999999999993e-02
-2.764549999999999993e-02
-2.764549999999999993e-02
-2.764549999999999993e-02
-2.764549999999999993e-02
-2.764549999999999993e-02
-2.761649999999999869e-02
-2.730250000000000038e-02
-2.730250000000000038e-02
-2.730250000000000038e-02
-2.715650000000000008e-02
-2.715650000000000008e-02
-2.715650000000000008e-02
-2.715650000000000008e-02
-2.715650000000000008e-02
-2.715650000000000008e-02
-2.715650000000000008e-02
-2.715650000000000008e-02
-2.707100000000000131e-02
-2.707100000000000131e-02
-2.707100000000000131e-02
-2.707100000000000131e-02
-2.707100000000000131e-02
-2.704600000000000060e-02
-2.704600000000000060e-02
-2.703950000000000103e-02
-2.703950000000000103e-02
-2.695399999999999879e-02
-2.687550000000000008e-02
-2.687550000000000008e-02
-2.687550000000000008e-02
-2.687550000000000008e-02
-2.684349999999999931e-02
-2.684150000000000078e-02
-2.684150000000000078e-02
-2.684150000000000078e-02
-2.684150000000000078e-02
-2.684150000000000078e-02
-2.683599999999999874e-02
-2.643200000000000063e-02
-2.621050000000000116e-02
-2.621050000000000116e-02
-2.551650000000000099e-02
-2.551650000000000099e-02
-2.551650000000000099e-02
-2.551650000000000099e-02
-2.551650000000000099e-02
-2.551650000000000099e-02
-2.551650000000000099e-02
-2.551650000000000099e-02
-2.551650000000000099e-02
-2.551650000000000099e-02
-2.551650000000000099e-02
-2.551650000000000099e-02
-2.551650000000000099e-02
-2.551650000000000099e-02
-2.551650000000000099e-02
-2.551650000000000099e-02
-2.508849999999999969e-02
-2.508849999999999969e-02
-2.508849999999999969e-02
-2.462999999999999912e-02
-2.462999999999999912e-02
-2.461949999999999902e-02
-2.461949999999999902e-02
-2.461949999999999902e-02
-2.458099999999999868e-02
-2.458099999999999868e-02
-2.445050000000000001e-02
-2.429699999999999915e-02
-2.387349999999999889e-02
-2.375700000000000034e-02
-2.375700000000000034e-02
-2.375700000000000034e-02
-2.372149999999999953e-02
-2.368200000000000166e-02
-2.368200000000000166e-02
-2.367850000000000163e-02
-2.367850000000000163e-02
-2.367850000000000163e-02
-2.367850000000000163e-02
-2.324849999999999833e-02
-2.324849999999999833e-02
-2.324849999999999833e-02
-2.324849999999999833e-02
-2.324849999999999833e-02
-2.324849999999999833e-02
-2.317750000000000019e-02
-2.317750000000000019e-02
-2.317750000000000019e-02
-2.317750000000000019e-02
-2.317750000000000019e-02
-2.317750000000000019e-02
-2.313650000000000082e-02
-2.313650000000000082e-02
-2.313650000000000082e-02
-2.313650000000000082e-02
-2.299750000000000058e-02
-2.265599999999999906e-02
-2.265599999999999906e-02
-2.265599999999999906e-02
-2.265599999999999906e-02
-2.265599999999999906e-02
-2.265599999999999906e-02
-2.264000000000000040e-02
-2.252749999999999891e-02
-2.252749999999999891e-02
-2.251999999999999835e-02
-2.251900000000000082e-02
-2.250800000000000023e-02
-2.250800000000000023e-02
-2.250800000000000023e-02
-2.250800000000000023e-02
-2.250800000000000023e-02
-2.250800000000000023e-02
-2.250749999999999973e-02
-2.249200000000000157e-02
-2.249200000000000157e-02
-2.249200000000000157e-02
-2.249200000000000157e-02
-2.249200000000000157e-02
-2.249200000000000157e-02
-2.249150000000000107e-02
-2.248199999999999851e-02
-2.248199999999999851e-02
-2.248199999999999851e-02
-2.248199999999999851e-02
-2.248199999999999851e-02
-2.248199999999999851e-02
-2.247100000000000139e-02
-2.200950000000000129e-02
-2.200950000000000129e-02
-2.200950000000000129e-02
-2.200950000000000129e-02
-2.200950000000000129e-02
-2.200950000000000129e-02
-2.186499999999999902e-02
-2.186499999999999902e-02
-2.186499999999999902e-02
-2.186499999999999902e-02
-2.186499999999999902e-02
-2.186499999999999902e-02
-2.186499999999999902e-02
-2.186499999999999902e-02
-2.186499999999999902e-02
-2.186499999999999902e-02
-2.186499999999999902e-02
-2.186499999999999902e-02
-2.186499999999999902e-02
-2.186499999999999902e-02
-2.186499999999999902e-02
-2.186499999999999902e-02
-2.186499999999999902e-02
-2.186499999999999902e-02
-2.186499999999999902e-02
-2.186499999999999902e-02
-2.186499999999999902e-02
-2.186499999999999902e-02
-2.186499999999999902e-02
-2.179750000000000090e-02
-2.175799999999999956e-02
-2.175799999999999956e-02
-2.174500000000000044e-02
-2.174500000000000044e-02
-2.173999999999999891e-02
-2.173900000000000138e-02
-2.173900000000000138e-02
-2.173900000000000138e-02
-2.171949999999999922e-02
-2.171949999999999922e-02
-2.171949999999999922e-02
-2.171949999999999922e-02
-2.171949999999999922e-02
-2.171949999999999922e-02
-2.171949999999999922e-02
-2.171949999999999922e-02
-2.171949999999999922e-02
-2.171949999999999922e-02
-2.170949999999999963e-02
-2.170949999999999963e-02
-2.139949999999999838e-02
-2.139949999999999838e-02
-2.139949999999999838e-02
-2.139949999999999838e-02
-2.139949999999999838e-02
-2.139949999999999838e-02
-2.139949999999999838e-02
-2.139949999999999838e-02
-2.139949999999999838e-02
-2.139949999999999838e-02
-2.139949999999999838e-02
-2.139949999999999838e-02
-2.136750000000000108e-02
-2.136750000000000108e-02
-2.136750000000000108e-02
-2.136750000000000108e-02
-2.136750000000000108e-02
-2.136750000000000108e-02
-2.136750000000000108e-02
-2.136750000000000108e-02
-2.136750000000000108e-02
-2.136750000000000108e-02
-2.136750000000000108e-02
-2.136750000000000108e-02
-2.136750000000000108e-02
-2.136750000000000108e-02
-2.136750000000000108e-02
-2.136750000000000108e-02
-2.136750000000000108e-02
-2.136750000000000108e-02
-2.136750000000000108e-02
-2.136750000000000108e-02
-2.136750000000000108e-02
-2.136650000000000008e-02
-2.136650000000000008e-02
-2.136650000000000008e-02
-2.096599999999999853e-02
-2.096599999999999853e-02
-2.096599999999999853e-02
-2.096599999999999853e-02
-2.096599999999999853e-02
-2.096599999999999853e-02
-2.096599999999999853e-02
-2.095299999999999940e-02
-2.093149999999999872e-02
-2.093149999999999872e-02
-2.090149999999999994e-02
-2.090149999999999994e-02
-2.090149999999999994e-02
-2.090149999999999994e-02
-2.090149999999999994e-02
-2.090149999999999994e-02
-2.090149999999999994e-02
-2.090149999999999994e-02
-2.090149999999999994e-02
-2.090149999999999994e-02
-2.090149999999999994e-02
-2.090149999999999994e-02
-2.090099999999999944e-02
-2.090099999999999944e-02
-2.090099999999999944e-02
-2.090049999999999894e-02
-2.090049999999999894e-02
-2.089999999999999844e-02
-2.087999999999999926e-02
-2.087999999999999926e-02
-2.087999999999999926e-02
-2.087999999999999926e-02
-2.087999999999999926e-02
-2.087999999999999926e-02
-2.087999999999999926e-02
-2.087999999999999926e-02
-2.087999999999999926e-02
-2.087999999999999926e-02
-2.087999999999999926e-02
-2.087999999999999926e-02
-2.087999999999999926e-02
-2.087999999999999926e-02
-2.087999999999999926e-02
-2.087999999999999926e-02
-2.087999999999999926e-02
-2.087999999999999926e-02
-2.087999999999999926e-02
-2.087999999999999926e-02
-2.087999999999999926e-02
-2.087999999999999926e-02
-2.087949999999999875e-02
-2.087949999999999875e-02
-2.087949999999999875e-02
-2.087949999999999875e-02
-2.067400000000000140e-02
-2.067400000000000140e-02
-2.067400000000000140e-02
-2.067400000000000140e-02
-2.067400000000000140e-02
-2.067400000000000140e-02
-2.067400000000000140e-02
-2.067400000000000140e-02
-2.067400000000000140e-02
-2.067400000000000140e-02
-2.067400000000000140e-02
-2.067400000000000140e-02
-2.067400000000000140e-02
-2.067400000000000140e-02
-2.067400000000000140e-02
-2.067400000000000140e-02
-2.067400000000000140e-02
-2.067400000000000140e-02
-2.067400000000000140e-02
-2.067400000000000140e-02
-2.067400000000000140e-02
-2.067400000000000140e-02
-2.067400000000000140e-02
-2.067400000000000140e-02
-2.067400000000000140e-02
-2.067400000000000140e-02
-2.067400000000000140e-02
-2.067400000000000140e-02
-2.067400000000000140e-02
-2.067400000000000140e-02
-2.067400000000000140e-02
-2.067400000000000140e-02
-2.067400000000000140e-02
-2.067400000000000140e-02
-2.067350000000000090e-02
-2.067350000000000090e-02
-2.067350000000000090e-02
-2.067249999999999990e-02
-2.067149999999999890e-02
-2.067099999999999840e-02
-2.067099999999999840e-02
-2.067099999999999840e-02
-2.067099999999999840e-02
-2.067099999999999840e-02
-2.067099999999999840e-02
-2.067099999999999840e-02
-2.067099999999999840e-02
-2.067099999999999840e-02
-2.067099999999999840e-02
-2.067099999999999840e-02
-2.067099999999999840e-02
-2.067099999999999840e-02
-2.067099999999999840e-02
-2.067099999999999840e-02
-2.067099999999999840e-02
-2.067099999999999840e-02
-2.067099999999999840e-02
-2.067099999999999840e-02
-2.067099999999999840e-02
-2.067099999999999840e-02
-2.065449999999999925e-02
-2.065449999999999925e-02
-2.065449999999999925e-02
-2.065449999999999925e-02
-2.065449999999999925e-02
-2.065449999999999925e-02
-2.065449999999999925e-02
-2.053100000000000064e-02
-2.053100000000000064e-02
-2.041300000000000059e-02
-2.041300000000000059e-02
-2.041300000000000059e-02
-2.041300000000000059e-02
-2.041300000000000059e-02
-2.041300000000000059e-02
-2.041300000000000059e-02
-2.041300000000000059e-02
-2.041300000000000059e-02
-2.040900000000000006e-02
-2.040900000000000006e-02
-2.040900000000000006e-02
-2.040900000000000006e-02
-2.040900000000000006e-02
-2.040900000000000006e-02
-2.040900000000000006e-02
-2.040849999999999956e-02
-2.040849999999999956e-02
-2.040849999999999956e-02
-2.040849999999999956e-02
-2.040700000000000153e-02
-2.040700000000000153e-02
-2.040700000000000153e-02
-2.040700000000000153e-02
-2.040700000000000153e-02
-2.040700000000000153e-02
-2.040700000000000153e-02
-2.040700000000000153e-02
-2.040700000000000153e-02
-2.040700000000000153e-02
-2.040700000000000153e-02
-2.040499999999999953e-02
-2.040499999999999953e-02
-2.040499999999999953e-02
-2.040499999999999953e-02
-2.040499999999999953e-02
-2.040499999999999953e-02
-2.040300000000000100e-02
-2.039699999999999847e-02
-2.039699999999999847e-02
-2.039149999999999990e-02
-2.039149999999999990e-02
-2.039149999999999990e-02
-2.039099999999999940e-02
-2.039099999999999940e-02
-2.039099999999999940e-02
-2.037649999999999878e-02
-2.037649999999999878e-02
-2.033949999999999994e-02
-2.033949999999999994e-02
-2.033949999999999994e-02
-2.033599999999999991e-02
-2.033599999999999991e-02
-2.030449999999999963e-02
-2.030449999999999963e-02
-2.030449999999999963e-02
-2.030449999999999963e-02
-2.030449999999999963e-02
-2.030449999999999963e-02
-2.030349999999999863e-02
-2.030349999999999863e-02
-2.030349999999999863e-02
-2.030150000000000010e-02
-2.030150000000000010e-02
-2.029900000000000107e-02
-2.029900000000000107e-02
-2.029900000000000107e-02
-2.029900000000000107e-02
-2.029900000000000107e-02
-2.029900000000000107e-02
-2.029900000000000107e-02
-2.029900000000000107e-02
-2.029900000000000107e-02
-2.029900000000000107e-02
-2.029900000000000107e-02
-2.029900000000000107e-02
-2.029900000000000107e-02
-2.029900000000000107e-02
-2.029900000000000107e-02
-2.026800000000000129e-02
-2.026800000000000129e-02
-2.026800000000000129e-02
-2.026800000000000129e-02
-2.026800000000000129e-02
-2.026800000000000129e-02
-2.026700000000000029e-02
-2.026700000000000029e-02
-2.026700000000000029e-02
-2.026700000000000029e-02
-2.026700000000000029e-02
-2.019400000000000014e-02
-2.019400000000000014e-02
-2.019400000000000014e-02
-1.995099999999999998e-02
-1.995099999999999998e-02
-1.995099999999999998e-02
-1.995099999999999998e-02
-1.995099999999999998e-02
-1.995099999999999998e-02
-1.995099999999999998e-02
-1.995099999999999998e-02
-1.995099999999999998e-02
-1.995099999999999998e-02
-1.995099999999999998e-02
-1.995099999999999998e-02
-1.995099999999999998e-02
-1.995099999999999998e-02
-1.995099999999999998e-02
-1.995099999999999998e-02
-1.995099999999999998e-02
-1.995099999999999998e-02
-1.995099999999999998e-02
-1.995099999999999998e-02
-1.995099999999999998e-02
-1.995099999999999998e-02
-1.995099999999999998e-02
-1.995099999999999998e-02
-1.995099999999999998e-02
-1.995099999999999998e-02
-1.995099999999999998e-02
-1.995099999999999998e-02
-1.994949999999999848e-02
-1.994900000000000145e-02
-1.994900000000000145e-02
-1.994900000000000145e-02
-1.994500000000000092e-02
-1.993750000000000036e-02
-1.993750000000000036e-02
-1.993750000000000036e-02
-1.993549999999999836e-02
-1.993050000000000030e-02
-1.992800000000000127e-02
-1.991650000000000018e-02
-1.991650000000000018e-02
-1.991650000000000018e-02
-1.991650000000000018e-02
-1.991650000000000018e-02
-1.991650000000000018e-02
-1.991650000000000018e-02
-1.991650000000000018e-02
-1.991650000000000018e-02
-1.991300000000000014e-02
-1.991300000000000014e-02
-1.991300000000000014e-02
-1.991199999999999914e-02
-1.991149999999999864e-02
-1.991149999999999864e-02
-1.990849999999999911e-02
-1.990849999999999911e-02
-1.990849999999999911e-02
-1.990849999999999911e-02
-1.990849999999999911e-02
-1.990750000000000158e-02
-1.990750000000000158e-02
-1.990750000000000158e-02
-1.990750000000000158e-02
-1.990750000000000158e-02
-1.990700000000000108e-02
-1.990700000000000108e-02
-1.990650000000000058e-02
-1.990650000000000058e-02
-1.990650000000000058e-02
-1.990600000000000008e-02
-1.990600000000000008e-02
-1.990549999999999958e-02
-1.990549999999999958e-02
-1.990549999999999958e-02
-1.990549999999999958e-02
-1.990549999999999958e-02
-1.990549999999999958e-02
-1.990549999999999958e-02
-1.990549999999999958e-02
-1.990549999999999958e-02
-1.990549999999999958e-02
-1.990549999999999958e-02
-1.990549999999999958e-02
-1.990549999999999958e-02
-1.990549999999999958e-02
-1.990549999999999958e-02
-1.990549999999999958e-02
-1.990549999999999958e-02
-1.990549999999999958e-02
-1.990549999999999958e-02
-1.990549999999999958e-02
-1.990549999999999958e-02
-1.990549999999999958e-02
-1.990549999999999958e-02
-1.990549999999999958e-02
-1.990549999999999958e-02
-1.990549999999999958e-02
-1.990549999999999958e-02
-1.990549999999999958e-02
-1.990549999999999958e-02
-1.990549999999999958e-02
-1.990549999999999958e-02
-1.990549999999999958e-02
-1.990549999999999958e-02
-1.990549999999999958e-02
-1.981350000000000125e-02
-1.981350000000000125e-02
-1.981350000000000125e-02
-1.981350000000000125e-02
-1.981350000000000125e-02
-1.981350000000000125e-02
-1.981350000000000125e-02
-1.981350000000000125e-02
-1.981350000000000125e-02
-1.981350000000000125e-02
-1.981350000000000125e-02
-1.981350000000000125e-02
-1.981350000000000125e-02
-1.981350000000000125e-02
-1.981350000000000125e-02
-1.981350000000000125e-02
-1.981350000000000125e-02
-1.981350000000000125e-02
-1.981350000000000125e-02
-1.981350000000000125e-02
-1.973199999999999954e-02
-1.973199999999999954e-02
-1.973199999999999954e-02
-1.973199999999999954e-02
-1.973199999999999954e-02
-1.973199999999999954e-02
-1.973199999999999954e-02
-1.973199999999999954e-02
-1.973199999999999954e-02
-1.973199999999999954e-02
-1.973199999999999954e-02
-1.972849999999999951e-02
-1.972849999999999951e-02
-1.972549999999999998e-02
-1.972499999999999948e-02
-1.972000000000000142e-02
-1.972000000000000142e-02
-1.972000000000000142e-02
-1.972000000000000142e-02
-1.972000000000000142e-02
-1.971950000000000092e-02
-1.971900000000000042e-02
-1.971799999999999942e-02
-1.971699999999999842e-02
-1.971699999999999842e-02
-1.971200000000000035e-02
-1.971200000000000035e-02
-1.970250000000000126e-02
-1.970250000000000126e-02
-1.970200000000000076e-02
-1.970049999999999926e-02
-1.970049999999999926e-02
-1.970049999999999926e-02
-1.970049999999999926e-02
-1.970049999999999926e-02
-1.969999999999999876e-02
-1.969900000000000123e-02
-1.969900000000000123e-02
-1.969649999999999873e-02
-1.969649999999999873e-02
-1.969550000000000120e-02
-1.969550000000000120e-02
-1.969550000000000120e-02
-1.969550000000000120e-02
-1.969550000000000120e-02
-1.969550000000000120e-02
-1.969550000000000120e-02
-1.969550000000000120e-02
-1.969550000000000120e-02
-1.969550000000000120e-02
-1.969550000000000120e-02
-1.969550000000000120e-02
-1.969550000000000120e-02
-1.969500000000000070e-02
-1.969500000000000070e-02
-1.969500000000000070e-02
-1.969500000000000070e-02
-1.969500000000000070e-02
-1.969500000000000070e-02
-1.969500000000000070e-02
-1.969500000000000070e-02
-1.969500000000000070e-02
-1.969500000000000070e-02
-1.969500000000000070e-02
-1.969500000000000070e-02
-1.969500000000000070e-02
-1.969500000000000070e-02
-1.969500000000000070e-02
-1.969500000000000070e-02
-1.969500000000000070e-02
-1.969500000000000070e-02
-1.969500000000000070e-02
-1.969500000000000070e-02
-1.969500000000000070e-02
-1.969500000000000070e-02
-1.969500000000000070e-02
-1.969500000000000070e-02
-1.969500000000000070e-02
-1.969500000000000070e-02
-1.969500000000000070e-02
-1.969500000000000070e-02
-1.969500000000000070e-02
-1.969500000000000070e-02
-1.969500000000000070e-02
-1.967549999999999855e-02
-1.967549999999999855e-02
-1.967549999999999855e-02
-1.967549999999999855e-02
-1.967549999999999855e-02
-1.967549999999999855e-02
-1.967549999999999855e-02
-1.967549999999999855e-02
-1.967549999999999855e-02
-1.967549999999999855e-02
-1.967549999999999855e-02
-1.967549999999999855e-02
-1.967549999999999855e-02
-1.967549999999999855e-02
-1.967549999999999855e-02
-1.967549999999999855e-02
-1.967549999999999855e-02
-1.967549999999999855e-02
-1.967549999999999855e-02
-1.967549999999999855e-02
-1.967549999999999855e-02
-1.967549999999999855e-02
-1.967549999999999855e-02
-1.967549999999999855e-02
-1.967549999999999855e-02
-1.967549999999999855e-02
-1.967549999999999855e-02
-1.967549999999999855e-02
-1.967549999999999855e-02
-1.967549999999999855e-02
-1.967549999999999855e-02
-1.967549999999999855e-02
-1.967549999999999855e-02
-1.967549999999999855e-02
-1.967549999999999855e-02
-1.967549999999999855e-02
-1.967549999999999855e-02
-1.967549999999999855e-02
-1.967549999999999855e-02
-1.967549999999999855e-02
-1.967549999999999855e-02
-1.967549999999999855e-02
-1.967549999999999855e-02
-1.967549999999999855e-02
-1.967549999999999855e-02
-1.967549999999999855e-02
-1.967549999999999855e-02
-1.967549999999999855e-02
-1.967549999999999855e-02
-1.967549999999999855e-02
-1.967549999999999855e-02
-1.967549999999999855e-02
-1.967549999999999855e-02
-1.967549999999999855e-02
-1.967549999999999855e-02
-1.967549999999999855e-02
-1.967549999999999855e-02
-1.967549999999999855e-02
-1.967549999999999855e-02
-1.967549999999999855e-02
-1.967549999999999855e-02
-1.967549999999999855e-02
-1.967549999999999855e-02
-1.967549999999999855e-02
-1.967549999999999855e-02
-1.967549999999999855e-02
-1.952749999999999972e-02
-1.952749999999999972e-02
-1.952749999999999972e-02
-1.952749999999999972e-02
-1.952749999999999972e-02
-1.952749999999999972e-02
-1.952749999999999972e-02
-1.952749999999999972e-02
-1.952749999999999972e-02
-1.952749999999999972e-02
-1.952749999999999972e-02
-1.952749999999999972e-02
-1.952749999999999972e-02
-1.952749999999999972e-02
-1.952749999999999972e-02
-1.952749999999999972e-02
-1.952749999999999972e-02
-1.952749999999999972e-02
-1.952749999999999972e-02
-1.952749999999999972e-02
-1.952749999999999972e-02
-1.952749999999999972e-02
-1.952749999999999972e-02
-1.952749999999999972e-02
-1.952749999999999972e-02
-1.952749999999999972e-02
-1.952749999999999972e-02
-1.952749999999999972e-02
-1.952749999999999972e-02
-1.952749999999999972e-02
-1.952749999999999972e-02
-1.952749999999999972e-02
-1.952749999999999972e-02
-1.952749999999999972e-02
-1.952749999999999972e-02
-1.952749999999999972e-02
-1.952749999999999972e-02
-1.952749999999999972e-02
-1.952749999999999972e-02
-1.951900000000000163e-02
-1.951900000000000163e-02
-1.951900000000000163e-02
-1.951900000000000163e-02
-1.951900000000000163e-02
-1.951900000000000163e-02
-1.951900000000000163e-02
-1.951900000000000163e-02
-1.951900000000000163e-02
-1.951900000000000163e-02
-1.951900000000000163e-02
-1.951900000000000163e-02
-1.951900000000000163e-02
-1.951900000000000163e-02
-1.951900000000000163e-02
-1.951900000000000163e-02
-1.951900000000000163e-02
-1.951900000000000163e-02
-1.951900000000000163e-02
-1.951900000000000163e-02
-1.951900000000000163e-02
-1.951900000000000163e-02
-1.951900000000000163e-02
-1.951900000000000163e-02
-1.951900000000000163e-02
-1.951900000000000163e-02
-1.951900000000000163e-02
-1.951900000000000163e-02
-1.951900000000000163e-02
-1.951900000000000163e-02
-1.951900000000000163e-02
-1.951900000000000163e-02
-1.951900000000000163e-02
-1.951900000000000163e-02
-1.951900000000000163e-02
-1.951900000000000163e-02
-1.951900000000000163e-02
-1.951400000000000010e-02
-1.951400000000000010e-02
-1.951400000000000010e-02
-1.951400000000000010e-02
-1.951400000000000010e-02
-1.951400000000000010e-02
-1.951400000000000010e-02
-1.951400000000000010e-02
-1.951400000000000010e-02
-1.951349999999999960e-02
-1.951349999999999960e-02
-1.951349999999999960e-02
-1.951349999999999960e-02
-1.951299999999999910e-02
-1.951200000000000156e-02
-1.951200000000000156e-02
-1.951200000000000156e-02
-1.951200000000000156e-02
-1.951150000000000106e-02
-1.951150000000000106e-02
-1.951100000000000056e-02
-1.951100000000000056e-02
-1.951100000000000056e-02
-1.951100000000000056e-02
-1.951100000000000056e-02
-1.951100000000000056e-02
-1.951100000000000056e-02
-1.951100000000000056e-02
-1.951100000000000056e-02
-1.951100000000000056e-02
-1.951100000000000056e-02
-1.951100000000000056e-02
-1.951100000000000056e-02
-1.951100000000000056e-02
-1.951100000000000056e-02
-1.951100000000000056e-02
-1.951100000000000056e-02
-1.951100000000000056e-02
-1.951100000000000056e-02
-1.951100000000000056e-02
-1.951100000000000056e-02
-1.951100000000000056e-02
-1.951100000000000056e-02
-1.951100000000000056e-02
-1.951100000000000056e-02
-1.951100000000000056e-02
-1.951100000000000056e-02
-1.951100000000000056e-02
-1.951100000000000056e-02
-1.951100000000000056e-02
-1.951100000000000056e-02
-1.951100000000000056e-02
-1.951100000000000056e-02
-1.951100000000000056e-02
-1.951100000000000056e-02
-1.951100000000000056e-02
-1.951100000000000056e-02
-1.951100000000000056e-02
-1.951100000000000056e-02
-1.951100000000000056e-02
-1.951100000000000056e-02
-1.951100000000000056e-02
-1.950999999999999956e-02
-1.950999999999999956e-02
-1.950999999999999956e-02
-1.950999999999999956e-02
-1.950999999999999956e-02
-1.950999999999999956e-02
-1.950999999999999956e-02
-1.950899999999999856e-02
-1.950899999999999856e-02
-1.950899999999999856e-02
-1.950899999999999856e-02
-1.950899999999999856e-02
-1.950899999999999856e-02
-1.950899999999999856e-02
-1.950899999999999856e-02
-1.950899999999999856e-02
-1.950899999999999856e-02
-1.950899999999999856e-02
-1.950899999999999856e-02
-1.950899999999999856e-02
-1.950899999999999856e-02
-1.950899999999999856e-02
-1.950899999999999856e-02
-1.950899999999999856e-02
-1.950899999999999856e-02
-1.950899999999999856e-02
-1.950899999999999856e-02
-1.950899999999999856e-02
-1.950899999999999856e-02
-1.950899999999999856e-02
-1.950899999999999856e-02
