-3.158549999999999969e-01
-3.158549999999999969e-01
-2.691930000000000156e-01
-2.691930000000000156e-01
-2.659110000000000085e-01
-2.659110000000000085e-01
-2.557989999999999986e-01
-2.470529999999999948e-01
-2.341959999999999875e-01
-2.327964999999999895e-01
-2.327964999999999895e-01
-2.304039999999999977e-01
-2.262599999999999889e-01
-2.255719999999999947e-01
-2.160920000000000063e-01
-2.034394999999999953e-01
-1.905534999999999868e-01
-1.900705000000000033e-01
-1.887874999999999970e-01
-1.823855000000000059e-01
-1.795124999999999915e-01
-1.741125000000000034e-01
-1.715039999999999898e-01
-1.678955000000000031e-01
-1.678955000000000031e-01
-1.458585000000000020e-01
-1.458585000000000020e-01
-1.458585000000000020e-01
-1.458585000000000020e-01
-1.458585000000000020e-01
-1.458585000000000020e-01
-1.458585000000000020e-01
-1.458585000000000020e-01
-1.417045000000000110e-01
-1.416745000000000088e-01
-1.407845000000000069e-01
-1.407845000000000069e-01
-1.407845000000000069e-01
-1.342554999999999998e-01
-1.342554999999999998e-01
-1.342554999999999998e-01
-1.342554999999999998e-01
-1.262145000000000072e-01
-1.262145000000000072e-01
-1.262145000000000072e-01
-1.262145000000000072e-01
-1.262145000000000072e-01
-1.237530000000000019e-01
-1.237530000000000019e-01
-1.237530000000000019e-01
-1.237530000000000019e-01
-1.234424999999999967e-01
-1.234424999999999967e-01
-1.228380000000000027e-01
-1.190375000000000044e-01
-1.174914999999999987e-01
-1.174914999999999987e-01
-1.174914999999999987e-01
-1.174914999999999987e-01
-1.167460000000000025e-01
-1.135825000000000029e-01
-1.135825000000000029e-01
-1.135825000000000029e-01
-1.122724999999999973e-01
-1.119440000000000018e-01
-1.097810000000000036e-01
-1.092709999999999931e-01
-1.090020000000000017e-01
-1.086125000000000007e-01
-1.028599999999999931e-01
-1.028599999999999931e-01
-1.028599999999999931e-01
-1.016610000000000014e-01
-1.016610000000000014e-01
-1.016610000000000014e-01
-1.007600000000000023e-01
-1.007600000000000023e-01
-1.000970000000000054e-01
-1.000970000000000054e-01
-1.000970000000000054e-01
-1.000764999999999988e-01
-9.728649999999999798e-02
-9.728649999999999798e-02
-9.728649999999999798e-02
-9.728649999999999798e-02
-9.728649999999999798e-02
-9.728649999999999798e-02
-9.728649999999999798e-02
-9.728649999999999798e-02
-9.573199999999999765e-02
-9.573199999999999765e-02
-9.573199999999999765e-02
-9.493450000000000499e-02
-9.493450000000000499e-02
-9.493450000000000499e-02
-9.493450000000000499e-02
-9.475400000000000489e-02
-9.216649999999999843e-02
-9.216649999999999843e-02
-9.216649999999999843e-02
-9.066549999999999609e-02
-9.066549999999999609e-02
-9.066549999999999609e-02
-9.066549999999999609e-02
-9.066549999999999609e-02
-9.066549999999999609e-02
-9.066549999999999609e-02
-9.066549999999999609e-02
-8.998549999999999605e-02
-8.998549999999999605e-02
-8.998549999999999605e-02
-8.856999999999999595e-02
-8.856999999999999595e-02
-8.856999999999999595e-02
-8.856999999999999595e-02
-8.856999999999999595e-02
-8.847249999999999559e-02
-8.749200000000000033e-02
-8.732700000000000184e-02
-8.596499999999999975e-02
-8.596499999999999975e-02
-8.596499999999999975e-02
-8.596499999999999975e-02
-8.584150000000000114e-02
-8.584150000000000114e-02
-8.494699999999999473e-02
-8.494699999999999473e-02
-8.494699999999999473e-02
-8.494699999999999473e-02
-8.494699999999999473e-02
-8.375100000000000600e-02
-8.375100000000000600e-02
-8.328299999999999592e-02
-8.328299999999999592e-02
-8.311050000000000382e-02
-8.311050000000000382e-02
-8.311050000000000382e-02
-8.311050000000000382e-02
-8.120399999999999840e-02
-8.120399999999999840e-02
-8.120399999999999840e-02
-8.120399999999999840e-02
-8.120399999999999840e-02
-8.120399999999999840e-02
-8.120399999999999840e-02
-8.120399999999999840e-02
-8.120399999999999840e-02
-8.120399999999999840e-02
-8.120399999999999840e-02
-8.120399999999999840e-02
-8.056649999999999923e-02
-8.056649999999999923e-02
-8.056649999999999923e-02
-8.056649999999999923e-02
-7.988349999999999618e-02
-7.988349999999999618e-02
-7.988349999999999618e-02
-7.988349999999999618e-02
-7.988349999999999618e-02
-7.988349999999999618e-02
-7.988349999999999618e-02
-7.988349999999999618e-02
-7.988349999999999618e-02
-7.988349999999999618e-02
-7.988349999999999618e-02
-7.982899999999999718e-02
-7.982899999999999718e-02
-7.981850000000000056e-02
-7.979849999999999444e-02
-7.968050000000000133e-02
-7.968050000000000133e-02
-7.907100000000000239e-02
-7.905900000000000427e-02
-7.905900000000000427e-02
-7.905900000000000427e-02
-7.905750000000000277e-02
-7.905399999999999927e-02
-7.905399999999999927e-02
-7.903999999999999915e-02
-7.894550000000000178e-02
-7.893200000000000216e-02
-7.860599999999999532e-02
-7.860599999999999532e-02
-7.858300000000000007e-02
-7.858300000000000007e-02
-7.858300000000000007e-02
-7.822600000000000386e-02
-7.821749999999999536e-02
-7.821350000000000524e-02
-7.821350000000000524e-02
-7.819550000000000112e-02
-7.819550000000000112e-02
-7.819550000000000112e-02
-7.739000000000000046e-02
-7.739000000000000046e-02
-7.739000000000000046e-02
-7.739000000000000046e-02
-7.739000000000000046e-02
-7.739000000000000046e-02
-7.739000000000000046e-02
-7.739000000000000046e-02
-7.739000000000000046e-02
-7.739000000000000046e-02
-7.739000000000000046e-02
-7.739000000000000046e-02
-7.739000000000000046e-02
-7.739000000000000046e-02
-7.465249999999999664e-02
-7.465249999999999664e-02
-7.465249999999999664e-02
-7.465249999999999664e-02
-7.465249999999999664e-02
-7.465249999999999664e-02
-7.465249999999999664e-02
-7.465249999999999664e-02
-7.465249999999999664e-02
-7.465249999999999664e-02
-7.465249999999999664e-02
-7.465249999999999664e-02
-7.465249999999999664e-02
-7.465249999999999664e-02
-7.417100000000000082e-02
-7.410949999999999482e-02
-7.384649999999999548e-02
-7.382199999999999873e-02
-7.382199999999999873e-02
-7.365800000000000125e-02
-7.343349999999999878e-02
-7.343349999999999878e-02
-7.199850000000000694e-02
-7.199850000000000694e-02
-7.199850000000000694e-02
-7.199850000000000694e-02
-7.199850000000000694e-02
-7.199850000000000694e-02
-7.199850000000000694e-02
-7.199850000000000694e-02
-7.199850000000000694e-02
-7.199850000000000694e-02
-7.142800000000000538e-02
-7.087649999999999506e-02
-7.087649999999999506e-02
-7.087649999999999506e-02
-7.087649999999999506e-02
-7.087649999999999506e-02
-7.004799999999999915e-02
-7.004799999999999915e-02
-7.004799999999999915e-02
-6.990699999999999692e-02
-6.990699999999999692e-02
-6.966400000000000370e-02
-6.966400000000000370e-02
-6.966400000000000370e-02
-6.966400000000000370e-02
-6.966400000000000370e-02
-6.950900000000000134e-02
-6.926549999999999374e-02
-6.926549999999999374e-02
-6.926549999999999374e-02
-6.926549999999999374e-02
-6.925099999999999312e-02
-6.923450000000000437e-02
-6.859049999999999869e-02
-6.859049999999999869e-02
-6.859049999999999869e-02
-6.859049999999999869e-02
-6.859049999999999869e-02
-6.859049999999999869e-02
-6.859049999999999869e-02
-6.849099999999999633e-02
-6.843849999999999933e-02
-6.843849999999999933e-02
-6.843849999999999933e-02
-6.797849999999999726e-02
-6.766099999999999892e-02
-6.766099999999999892e-02
-6.766099999999999892e-02
-6.766099999999999892e-02
-6.766099999999999892e-02
-6.766099999999999892e-02
-6.766099999999999892e-02
-6.766099999999999892e-02
-6.766099999999999892e-02
-6.766099999999999892e-02
-6.766099999999999892e-02
-6.766099999999999892e-02
-6.766099999999999892e-02
-6.766099999999999892e-02
-6.766099999999999892e-02
-6.766099999999999892e-02
-6.766049999999999842e-02
-6.760549999999999893e-02
-6.748400000000000232e-02
-6.748400000000000232e-02
-6.748400000000000232e-02
-6.745600000000000207e-02
-6.540749999999999342e-02
-6.540749999999999342e-02
-6.540749999999999342e-02
-6.540749999999999342e-02
-6.540749999999999342e-02
-6.540749999999999342e-02
-6.540749999999999342e-02
-6.540749999999999342e-02
-6.540749999999999342e-02
-6.540749999999999342e-02
-6.540749999999999342e-02
-6.540749999999999342e-02
-6.540749999999999342e-02
-6.540749999999999342e-02
-6.540749999999999342e-02
-6.540749999999999342e-02
-6.540749999999999342e-02
-6.540749999999999342e-02
-6.537500000000000255e-02
-6.537199999999999955e-02
-6.536100000000000243e-02
-6.535749999999999893e-02
-6.535649999999999793e-02
-6.535649999999999793e-02
-6.529649999999999344e-02
-6.529649999999999344e-02
-6.529649999999999344e-02
-6.529649999999999344e-02
-6.529649999999999344e-02
-6.478299999999999337e-02
-6.478299999999999337e-02
-6.478299999999999337e-02
-6.478299999999999337e-02
-6.478299999999999337e-02
-6.478299999999999337e-02
-6.478299999999999337e-02
-6.478299999999999337e-02
-6.478299999999999337e-02
-6.478299999999999337e-02
-6.478299999999999337e-02
-6.478299999999999337e-02
-6.478299999999999337e-02
-6.478299999999999337e-02
-6.478299999999999337e-02
-6.478299999999999337e-02
-6.478299999999999337e-02
-6.478299999999999337e-02
-6.478299999999999337e-02
-6.478299999999999337e-02
-6.478299999999999337e-02
-6.478299999999999337e-02
-6.478299999999999337e-02
-6.478299999999999337e-02
-6.478299999999999337e-02
-6.457000000000000239e-02
-6.457000000000000239e-02
-6.457000000000000239e-02
-6.457000000000000239e-02
-6.457000000000000239e-02
-6.457000000000000239e-02
-6.457000000000000239e-02
-6.457000000000000239e-02
-6.457000000000000239e-02
-6.457000000000000239e-02
-6.457000000000000239e-02
-6.457000000000000239e-02
-6.457000000000000239e-02
-6.457000000000000239e-02
-6.451450000000000240e-02
-6.451450000000000240e-02
-6.451450000000000240e-02
-6.451450000000000240e-02
-6.451450000000000240e-02
-6.451450000000000240e-02
-6.451450000000000240e-02
-6.451450000000000240e-02
-6.451450000000000240e-02
-6.451450000000000240e-02
-6.450849999999999640e-02
-6.450849999999999640e-02
-6.450849999999999640e-02
-6.447949999999999515e-02
-6.447849999999999415e-02
-6.447600000000000553e-02
-6.447600000000000553e-02
-6.446999999999999953e-02
-6.446999999999999953e-02
-6.446999999999999953e-02
-6.446300000000000641e-02
-6.445750000000000091e-02
-6.445750000000000091e-02
-6.445649999999999991e-02
-6.442349999999999466e-02
-6.441800000000000304e-02
-6.420800000000000118e-02
-6.420800000000000118e-02
-6.420800000000000118e-02
-6.420800000000000118e-02
-6.420800000000000118e-02
-6.420800000000000118e-02
-6.420800000000000118e-02
-6.420800000000000118e-02
-6.420800000000000118e-02
-6.420800000000000118e-02
-6.420800000000000118e-02
-6.420800000000000118e-02
-6.420800000000000118e-02
-6.417050000000000531e-02
-6.417050000000000531e-02
-6.417050000000000531e-02
-6.417050000000000531e-02
-6.417050000000000531e-02
-6.417050000000000531e-02
-6.417050000000000531e-02
-6.417050000000000531e-02
-6.415099999999999969e-02
-6.338149999999999340e-02
-6.338149999999999340e-02
-6.338149999999999340e-02
-6.338149999999999340e-02
-6.338149999999999340e-02
-6.338149999999999340e-02
-6.338149999999999340e-02
-6.338149999999999340e-02
-6.338149999999999340e-02
-6.338149999999999340e-02
-6.338149999999999340e-02
-6.338149999999999340e-02
-6.338149999999999340e-02
-6.338149999999999340e-02
-6.338149999999999340e-02
-6.338149999999999340e-02
-6.338149999999999340e-02
-6.338149999999999340e-02
-6.338149999999999340e-02
-6.338149999999999340e-02
-6.338149999999999340e-02
-6.338149999999999340e-02
-6.338149999999999340e-02
-6.338149999999999340e-02
-6.338149999999999340e-02
-6.338149999999999340e-02
-6.338100000000000678e-02
-6.338100000000000678e-02
-6.338100000000000678e-02
-6.308600000000000319e-02
-6.308600000000000319e-02
-6.308600000000000319e-02
-6.308600000000000319e-02
-6.308600000000000319e-02
-6.308600000000000319e-02
-6.308600000000000319e-02
-6.308600000000000319e-02
-6.308600000000000319e-02
-6.308600000000000319e-02
-6.308600000000000319e-02
-6.308600000000000319e-02
-6.308600000000000319e-02
-6.308600000000000319e-02
-6.308600000000000319e-02
-6.308600000000000319e-02
-6.308600000000000319e-02
-6.308600000000000319e-02
-6.308600000000000319e-02
-6.308600000000000319e-02
-6.308350000000000068e-02
-6.308350000000000068e-02
-6.307599999999999318e-02
-6.306849999999999956e-02
-6.306799999999999906e-02
-6.306799999999999906e-02
-6.306749999999999856e-02
-6.298249999999999682e-02
-6.298249999999999682e-02
-6.298249999999999682e-02
-6.298249999999999682e-02
-6.298249999999999682e-02
-6.298249999999999682e-02
-6.298249999999999682e-02
-6.298249999999999682e-02
-6.298249999999999682e-02
-6.298249999999999682e-02
-6.298249999999999682e-02
-6.298249999999999682e-02
-6.298249999999999682e-02
-6.298249999999999682e-02
-6.298249999999999682e-02
-6.298099999999999532e-02
-6.298099999999999532e-02
-6.298099999999999532e-02
-6.298099999999999532e-02
-6.298099999999999532e-02
-6.298099999999999532e-02
-6.298099999999999532e-02
-6.296999999999999820e-02
-6.296999999999999820e-02
-6.290650000000000408e-02
-6.290650000000000408e-02
-6.290650000000000408e-02
-6.290650000000000408e-02
-6.290650000000000408e-02
-6.290650000000000408e-02
-6.290650000000000408e-02
-6.289899999999999658e-02
-6.289899999999999658e-02
-6.289549999999999308e-02
-6.289350000000000496e-02
-6.289350000000000496e-02
-6.289350000000000496e-02
-6.274299999999999322e-02
-6.274299999999999322e-02
-6.274299999999999322e-02
-6.274299999999999322e-02
-6.274299999999999322e-02
-6.274299999999999322e-02
-6.274299999999999322e-02
-6.274299999999999322e-02
-6.274299999999999322e-02
-6.274299999999999322e-02
-6.274299999999999322e-02
-6.274299999999999322e-02
-6.274299999999999322e-02
-6.274299999999999322e-02
-6.274299999999999322e-02
-6.274299999999999322e-02
-6.274299999999999322e-02
-6.274299999999999322e-02
-6.274299999999999322e-02
-6.274299999999999322e-02
-6.274299999999999322e-02
-6.274299999999999322e-02
-6.274299999999999322e-02
-6.274299999999999322e-02
-6.274299999999999322e-02
-6.274299999999999322e-02
-6.274299999999999322e-02
-6.274299999999999322e-02
-6.274299999999999322e-02
-6.274299999999999322e-02
-6.274299999999999322e-02
-6.274299999999999322e-02
-6.274299999999999322e-02
-6.274299999999999322e-02
-6.274150000000000560e-02
-6.274150000000000560e-02
-6.273249999999999660e-02
-6.273249999999999660e-02
-6.273249999999999660e-02
-6.273249999999999660e-02
-6.273199999999999610e-02
-6.268899999999999473e-02
-6.268899999999999473e-02
-6.268899999999999473e-02
-6.267849999999999810e-02
-6.267849999999999810e-02
-6.267849999999999810e-02
-6.267849999999999810e-02
-6.267849999999999810e-02
-6.267749999999999710e-02
-6.267749999999999710e-02
-6.267749999999999710e-02
-6.267749999999999710e-02
-6.258800000000000474e-02
-6.258800000000000474e-02
-6.258149999999999824e-02
-6.257749999999999424e-02
-6.257749999999999424e-02
-6.257749999999999424e-02
-6.257749999999999424e-02
-6.253200000000000425e-02
-6.252050000000000662e-02
-6.251249999999999862e-02
-6.251249999999999862e-02
-6.251099999999999712e-02
-6.251099999999999712e-02
-6.251099999999999712e-02
-6.251099999999999712e-02
-6.251099999999999712e-02
-6.251099999999999712e-02
-6.251099999999999712e-02
-6.251099999999999712e-02
-6.251099999999999712e-02
-6.250650000000000650e-02
-6.250650000000000650e-02
-6.250650000000000650e-02
-6.249949999999999950e-02
-6.249699999999999700e-02
-6.247149999999999925e-02
-6.247149999999999925e-02
-6.247149999999999925e-02
-6.247149999999999925e-02
-6.247149999999999925e-02
-6.247149999999999925e-02
-6.247149999999999925e-02
-6.246750000000000219e-02
-6.246199999999999669e-02
-6.229900000000000021e-02
-6.227350000000000246e-02
-6.227350000000000246e-02
-6.227350000000000246e-02
-6.227350000000000246e-02
-6.227350000000000246e-02
-6.227350000000000246e-02
-6.227350000000000246e-02
-6.227350000000000246e-02
-6.227350000000000246e-02
-6.227350000000000246e-02
-6.227350000000000246e-02
-6.227350000000000246e-02
-6.227350000000000246e-02
-6.227350000000000246e-02
-6.227350000000000246e-02
-6.222550000000000303e-02
-6.222550000000000303e-02
-6.222550000000000303e-02
-6.220149999999999985e-02
-6.220149999999999985e-02
-6.220149999999999985e-02
-6.220149999999999985e-02
-6.219650000000000178e-02
-6.219650000000000178e-02
-6.219650000000000178e-02
-6.219299999999999828e-02
-6.219299999999999828e-02
-6.219299999999999828e-02
-6.219299999999999828e-02
-6.219299999999999828e-02
-6.219299999999999828e-02
-6.219249999999999778e-02
-6.219249999999999778e-02
-6.208799999999999736e-02
-6.208799999999999736e-02
-6.208749999999999686e-02
-6.208749999999999686e-02
-6.208749999999999686e-02
-6.208749999999999686e-02
-6.208749999999999686e-02
-6.208749999999999686e-02
-6.208749999999999686e-02
-6.208749999999999686e-02
-6.208749999999999686e-02
-6.207599999999999923e-02
-6.207599999999999923e-02
-6.207599999999999923e-02
-6.207399999999999723e-02
-6.207399999999999723e-02
-6.206699999999999717e-02
-6.206249999999999961e-02
-6.205549999999999955e-02
-6.205499999999999905e-02
-6.205499999999999905e-02
-6.205499999999999905e-02
-6.205150000000000249e-02
-6.204849999999999949e-02
-6.204849999999999949e-02
-6.204849999999999949e-02
-6.204849999999999949e-02
-6.204849999999999949e-02
-6.204849999999999949e-02
-6.204849999999999949e-02
-6.204849999999999949e-02
-6.204849999999999949e-02
-6.204849999999999949e-02
-6.204799999999999899e-02
-6.204749999999999849e-02
-6.204749999999999849e-02
-6.204749999999999849e-02
-6.204699999999999799e-02
-6.204599999999999699e-02
-6.204599999999999699e-02
-6.204550000000000343e-02
-6.204550000000000343e-02
-6.204550000000000343e-02
-6.204350000000000143e-02
-6.204350000000000143e-02
-6.204350000000000143e-02
-6.204350000000000143e-02
-6.204350000000000143e-02
-6.203449999999999936e-02
-6.203449999999999936e-02
-6.203449999999999936e-02
-6.203449999999999936e-02
-6.203449999999999936e-02
-6.203449999999999936e-02
-6.203449999999999936e-02
-6.203449999999999936e-02
-6.203449999999999936e-02
-6.203449999999999936e-02
-6.203449999999999936e-02
-6.203449999999999936e-02
-6.203449999999999936e-02
-6.203249999999999736e-02
-6.203249999999999736e-02
-6.203199999999999686e-02
-6.203199999999999686e-02
-6.203199999999999686e-02
-6.203150000000000330e-02
-6.202749999999999930e-02
-6.202749999999999930e-02
-6.202749999999999930e-02
-6.202699999999999880e-02
-6.202699999999999880e-02
-6.202699999999999880e-02
-6.202699999999999880e-02
-6.202699999999999880e-02
-6.202699999999999880e-02
-6.202699999999999880e-02
-6.202699999999999880e-02
-6.202699999999999880e-02
-6.202699999999999880e-02
-6.202699999999999880e-02
-6.202699999999999880e-02
-6.202699999999999880e-02
-6.202699999999999880e-02
-6.202699999999999880e-02
-6.202699999999999880e-02
-6.202699999999999880e-02
-6.202699999999999880e-02
-6.202699999999999880e-02
-6.202599999999999780e-02
-6.202599999999999780e-02
-6.200800000000000062e-02
-6.200800000000000062e-02
-6.200800000000000062e-02
-6.200800000000000062e-02
-6.200800000000000062e-02
-6.200800000000000062e-02
-6.200800000000000062e-02
-6.200750000000000012e-02
-6.200750000000000012e-02
-6.194299999999999806e-02
-6.194299999999999806e-02
-6.194299999999999806e-02
-6.194299999999999806e-02
-6.194299999999999806e-02
-6.194299999999999806e-02
-6.194299999999999806e-02
-6.194299999999999806e-02
-6.194299999999999806e-02
-6.194299999999999806e-02
-6.194299999999999806e-02
-6.193549999999999750e-02
-6.193549999999999750e-02
-6.193549999999999750e-02
-6.193549999999999750e-02
-6.193549999999999750e-02
-6.193549999999999750e-02
-6.193549999999999750e-02
-6.193549999999999750e-02
-6.193549999999999750e-02
-6.193549999999999750e-02
-6.193549999999999750e-02
-6.193549999999999750e-02
-6.193549999999999750e-02
-6.193549999999999750e-02
-6.193549999999999750e-02
-6.193549999999999750e-02
-6.193549999999999750e-02
-6.193549999999999750e-02
-6.193549999999999750e-02
-6.193549999999999750e-02
-6.193549999999999750e-02
-6.193549999999999750e-02
-6.193549999999999750e-02
-6.193549999999999750e-02
-6.193499999999999700e-02
-6.193499999999999700e-02
-6.193499999999999700e-02
-6.193499999999999700e-02
-6.193499999999999700e-02
-6.193499999999999700e-02
-6.193499999999999700e-02
-6.193499999999999700e-02
-6.193499999999999700e-02
-6.193499999999999700e-02
-6.193499999999999700e-02
-6.193499999999999700e-02
-6.193499999999999700e-02
-6.193499999999999700e-02
-6.193499999999999700e-02
-6.193499999999999700e-02
-6.193499999999999700e-02
-6.193499999999999700e-02
-6.193499999999999700e-02
-6.193499999999999700e-02
-6.193499999999999700e-02
-6.193499999999999700e-02
-6.193499999999999700e-02
-6.193499999999999700e-02
-6.193499999999999700e-02
-6.193499999999999700e-02
-6.193499999999999700e-02
-6.193499999999999700e-02
-6.193499999999999700e-02
-6.193499999999999700e-02
-6.193499999999999700e-02
-6.193499999999999700e-02
-6.193499999999999700e-02
-6.193499999999999700e-02
-6.193499999999999700e-02
-6.193499999999999700e-02
-6.193499999999999700e-02
-6.193499999999999700e-02
-6.193499999999999700e-02
-6.193499999999999700e-02
-6.177200000000000052e-02
-6.177200000000000052e-02
-6.177200000000000052e-02
-6.177200000000000052e-02
-6.177200000000000052e-02
-6.177200000000000052e-02
-6.177200000000000052e-02
-6.177200000000000052e-02
-6.177200000000000052e-02
-6.177200000000000052e-02
-6.177200000000000052e-02
-6.177200000000000052e-02
-6.177200000000000052e-02
-6.177200000000000052e-02
-6.177200000000000052e-02
-6.177200000000000052e-02
-6.177200000000000052e-02
-6.177200000000000052e-02
-6.177200000000000052e-02
-6.177200000000000052e-02
-6.177200000000000052e-02
-6.168799999999999978e-02
-6.168799999999999978e-02
-6.168799999999999978e-02
-6.168799999999999978e-02
-6.168799999999999978e-02
-6.168799999999999978e-02
-6.168799999999999978e-02
-6.168799999999999978e-02
-6.168799999999999978e-02
-6.168799999999999978e-02
-6.168799999999999978e-02
-6.168799999999999978e-02
-6.168799999999999978e-02
-6.168799999999999978e-02
-6.168799999999999978e-02
-6.168799999999999978e-02
-6.168799999999999978e-02
-6.166900000000000159e-02
-6.166900000000000159e-02
-6.166850000000000109e-02
-6.166850000000000109e-02
-6.166850000000000109e-02
-6.166649999999999909e-02
-6.166649999999999909e-02
-6.166549999999999809e-02
-6.164100000000000135e-02
-6.164100000000000135e-02
-6.164100000000000135e-02
-6.164100000000000135e-02
-6.164100000000000135e-02
-6.164100000000000135e-02
-6.164100000000000135e-02
-6.164100000000000135e-02
-6.164100000000000135e-02
-6.164100000000000135e-02
-6.164100000000000135e-02
-6.164100000000000135e-02
-6.161549999999999666e-02
-6.161549999999999666e-02
-6.161549999999999666e-02
-6.161549999999999666e-02
-6.161549999999999666e-02
-6.161500000000000310e-02
-6.161500000000000310e-02
-6.161500000000000310e-02
-6.161500000000000310e-02
-6.161500000000000310e-02
-6.161500000000000310e-02
-6.156249999999999917e-02
-6.156249999999999917e-02
-6.156249999999999917e-02
-6.156249999999999917e-02
-6.156249999999999917e-02
-6.156249999999999917e-02
-6.156249999999999917e-02
-6.156249999999999917e-02
-6.156249999999999917e-02
-6.156249999999999917e-02
-6.156249999999999917e-02
-6.156249999999999917e-02
-6.156249999999999917e-02
-6.156249999999999917e-02
-6.156249999999999917e-02
-6.156249999999999917e-02
-6.156249999999999917e-02
-6.155999999999999667e-02
-6.153800000000000242e-02
-6.153800000000000242e-02
-6.153700000000000142e-02
-6.153700000000000142e-02
-6.153700000000000142e-02
-6.152900000000000036e-02
-6.152900000000000036e-02
-6.152900000000000036e-02
-6.152900000000000036e-02
-6.152900000000000036e-02
-6.152900000000000036e-02
-6.152900000000000036e-02
-6.152900000000000036e-02
-6.152900000000000036e-02
-6.152900000000000036e-02
-6.151650000000000174e-02
-6.129149999999999876e-02
-6.129149999999999876e-02
-6.129149999999999876e-02
-6.129149999999999876e-02
-6.129149999999999876e-02
-6.129149999999999876e-02
-6.129149999999999876e-02
-6.129149999999999876e-02
-6.129149999999999876e-02
-6.129149999999999876e-02
-6.129149999999999876e-02
-6.129149999999999876e-02
-6.129149999999999876e-02
-6.129149999999999876e-02
-6.129149999999999876e-02
-6.129149999999999876e-02
-6.129149999999999876e-02
-6.129149999999999876e-02
-6.129149999999999876e-02
-6.129149999999999876e-02
-6.129149999999999876e-02
-6.129149999999999876e-02
-6.129149999999999876e-02
-6.129149999999999876e-02
-6.129149999999999876e-02
-6.129149999999999876e-02
-6.129149999999999876e-02
-6.129149999999999876e-02
-6.129149999999999876e-02
-6.129149999999999876e-02
-6.129149999999999876e-02
-6.127699999999999814e-02
-6.127599999999999714e-02
-6.127599999999999714e-02
-6.127599999999999714e-02
-6.127200000000000008e-02
-6.127200000000000008e-02
-6.127200000000000008e-02
-6.127099999999999907e-02
-6.127099999999999907e-02
-6.125450000000000339e-02
-6.125450000000000339e-02
-6.125300000000000189e-02
-6.125300000000000189e-02
-6.125300000000000189e-02
-6.125300000000000189e-02
-6.125250000000000139e-02
-6.125250000000000139e-02
-6.125250000000000139e-02
-6.125200000000000089e-02
-6.125200000000000089e-02
-6.125200000000000089e-02
-6.125200000000000089e-02
-6.125200000000000089e-02
-6.124849999999999739e-02
-6.124849999999999739e-02
-6.124799999999999689e-02
-6.122299999999999964e-02
-6.122299999999999964e-02
-6.122299999999999964e-02
-6.122299999999999964e-02
-6.122299999999999964e-02
-6.122299999999999964e-02
-6.122299999999999964e-02
-6.122299999999999964e-02
-6.122299999999999964e-02
-6.122299999999999964e-02
-6.122299999999999964e-02
-6.122299999999999964e-02
-6.122299999999999964e-02
-6.122299999999999964e-02
-6.122299999999999964e-02
-6.122299999999999964e-02
-6.122299999999999964e-02
-6.122299999999999964e-02
-6.122249999999999914e-02
-6.122249999999999914e-02
-6.122249999999999914e-02
-6.122249999999999914e-02
-6.122249999999999914e-02
-6.121700000000000058e-02
-6.121700000000000058e-02
-6.121499999999999858e-02
-6.121499999999999858e-02
-6.121499999999999858e-02
-6.121499999999999858e-02
-6.120300000000000046e-02
-6.120300000000000046e-02
-6.120300000000000046e-02
-6.120300000000000046e-02
-6.120300000000000046e-02
-6.120300000000000046e-02
-6.120300000000000046e-02
-6.120300000000000046e-02
-6.120300000000000046e-02
-6.120300000000000046e-02
