-1.805199999999999860e-02
-1.610500000000000126e-02
-1.306099999999999969e-02
-1.216599999999999973e-02
-1.145400000000000064e-02
-1.030900000000000045e-02
-1.030900000000000045e-02
-1.030900000000000045e-02
-1.024850000000000066e-02
-9.355999999999999733e-03
-9.355999999999999733e-03
-9.192499999999999283e-03
-9.176999999999999394e-03
-8.264499999999999277e-03
-8.264499999999999277e-03
-8.264499999999999277e-03
-8.264499999999999277e-03
-8.193000000000000629e-03
-8.083500000000000407e-03
-8.083500000000000407e-03
-8.083500000000000407e-03
-7.249000000000000235e-03
-7.249000000000000235e-03
-7.249000000000000235e-03
-7.249000000000000235e-03
-7.249000000000000235e-03
-7.249000000000000235e-03
-7.249000000000000235e-03
-7.249000000000000235e-03
-7.249000000000000235e-03
-7.249000000000000235e-03
-7.249000000000000235e-03
-7.177000000000000220e-03
-7.177000000000000220e-03
-7.177000000000000220e-03
-7.177000000000000220e-03
-7.119499999999999960e-03
-7.109500000000000368e-03
-7.109500000000000368e-03
-7.109500000000000368e-03
-7.109500000000000368e-03
-7.109500000000000368e-03
-7.109500000000000368e-03
-7.109500000000000368e-03
-7.108999999999999868e-03
-7.108999999999999868e-03
-7.108999999999999868e-03
-7.108999999999999868e-03
-7.108999999999999868e-03
-7.108999999999999868e-03
-7.108999999999999868e-03
-7.108999999999999868e-03
-7.108500000000000235e-03
-7.108500000000000235e-03
-7.108500000000000235e-03
-7.108500000000000235e-03
-7.108500000000000235e-03
-7.108500000000000235e-03
-7.108500000000000235e-03
-7.108500000000000235e-03
-7.108500000000000235e-03
-7.108500000000000235e-03
-7.108500000000000235e-03
-7.108500000000000235e-03
-7.108500000000000235e-03
-7.108500000000000235e-03
-7.108500000000000235e-03
-6.974000000000000164e-03
-6.974000000000000164e-03
-6.974000000000000164e-03
-6.974000000000000164e-03
-6.974000000000000164e-03
-6.974000000000000164e-03
-6.974000000000000164e-03
-6.974000000000000164e-03
-6.953499999999999612e-03
-6.953499999999999612e-03
-6.953499999999999612e-03
-6.953499999999999612e-03
-6.953499999999999612e-03
-6.953499999999999612e-03
-6.953499999999999612e-03
-6.953499999999999612e-03
-6.953499999999999612e-03
-6.953499999999999612e-03
-6.953499999999999612e-03
-6.953499999999999612e-03
-6.953499999999999612e-03
-6.952500000000000346e-03
-6.952500000000000346e-03
-6.952500000000000346e-03
-6.952500000000000346e-03
-6.952500000000000346e-03
-6.952500000000000346e-03
-6.952500000000000346e-03
-6.952500000000000346e-03
-6.952500000000000346e-03
-6.952500000000000346e-03
-6.952500000000000346e-03
-6.952500000000000346e-03
-6.952500000000000346e-03
-6.952500000000000346e-03
-6.952500000000000346e-03
-6.952500000000000346e-03
-6.952500000000000346e-03
-6.952500000000000346e-03
-6.952500000000000346e-03
-6.952500000000000346e-03
-6.952500000000000346e-03
-6.952500000000000346e-03
-6.952500000000000346e-03
-6.952500000000000346e-03
-6.952500000000000346e-03
-6.952500000000000346e-03
-6.952500000000000346e-03
-6.952500000000000346e-03
-6.952500000000000346e-03
-6.952500000000000346e-03
-6.952500000000000346e-03
-6.952500000000000346e-03
-6.952500000000000346e-03
-6.952500000000000346e-03
-6.952500000000000346e-03
-6.952500000000000346e-03
-6.952500000000000346e-03
-6.952500000000000346e-03
-6.952500000000000346e-03
-6.952500000000000346e-03
-6.952500000000000346e-03
-6.952500000000000346e-03
-6.952500000000000346e-03
-6.952500000000000346e-03
-6.952500000000000346e-03
-6.952500000000000346e-03
-6.952500000000000346e-03
-6.952500000000000346e-03
-6.952500000000000346e-03
-6.952500000000000346e-03
-6.952500000000000346e-03
-6.952500000000000346e-03
-6.952500000000000346e-03
-6.952500000000000346e-03
-6.952500000000000346e-03
-6.952500000000000346e-03
-6.952500000000000346e-03
-6.952500000000000346e-03
-6.952500000000000346e-03
-6.952500000000000346e-03
-6.952500000000000346e-03
-6.952500000000000346e-03
-6.952500000000000346e-03
-6.952500000000000346e-03
-6.952500000000000346e-03
-6.952500000000000346e-03
-6.952500000000000346e-03
-6.952500000000000346e-03
-6.952500000000000346e-03
-6.952500000000000346e-03
-6.952500000000000346e-03
-6.952500000000000346e-03
-6.952500000000000346e-03
-6.952500000000000346e-03
-6.952500000000000346e-03
-6.952500000000000346e-03
-6.952500000000000346e-03
-6.952500000000000346e-03
-6.952500000000000346e-03
-6.952500000000000346e-03
-6.952500000000000346e-03
-6.952500000000000346e-03
-6.952500000000000346e-03
-6.952500000000000346e-03
-6.952500000000000346e-03
-6.952500000000000346e-03
-6.952500000000000346e-03
-6.952500000000000346e-03
-6.952500000000000346e-03
-6.952500000000000346e-03
-6.952500000000000346e-03
-6.952500000000000346e-03
-6.952500000000000346e-03
-6.952500000000000346e-03
-6.952500000000000346e-03
-6.952500000000000346e-03
-6.952500000000000346e-03
-6.952500000000000346e-03
-6.952500000000000346e-03
-6.952500000000000346e-03
-6.952500000000000346e-03
-6.952500000000000346e-03
-6.952500000000000346e-03
-6.952500000000000346e-03
-6.952500000000000346e-03
-6.952500000000000346e-03
-6.952500000000000346e-03
-6.952500000000000346e-03
-6.952500000000000346e-03
-6.952500000000000346e-03
-6.952500000000000346e-03
-6.952500000000000346e-03
-6.952500000000000346e-03
-6.952500000000000346e-03
-6.952500000000000346e-03
-6.952500000000000346e-03
-6.952500000000000346e-03
-6.952500000000000346e-03
-6.952500000000000346e-03
-6.952500000000000346e-03
-6.952500000000000346e-03
-6.952500000000000346e-03
-6.952500000000000346e-03
-6.952500000000000346e-03
-6.952500000000000346e-03
-6.952500000000000346e-03
-6.952500000000000346e-03
-6.952500000000000346e-03
-6.952500000000000346e-03
-6.952500000000000346e-03
-6.952500000000000346e-03
-6.952500000000000346e-03
-6.952500000000000346e-03
-6.952500000000000346e-03
-6.952500000000000346e-03
-6.952500000000000346e-03
-6.952500000000000346e-03
-6.952500000000000346e-03
-6.952500000000000346e-03
-6.952500000000000346e-03
-6.952500000000000346e-03
-6.952500000000000346e-03
-6.952500000000000346e-03
-6.952500000000000346e-03
-6.952500000000000346e-03
-6.952500000000000346e-03
-6.952500000000000346e-03
-6.952500000000000346e-03
-6.952500000000000346e-03
-6.952500000000000346e-03
-6.952500000000000346e-03
-6.952500000000000346e-03
-6.952500000000000346e-03
-6.952500000000000346e-03
-6.952500000000000346e-03
-6.952500000000000346e-03
-6.952500000000000346e-03
-6.952500000000000346e-03
-6.952500000000000346e-03
-6.952500000000000346e-03
-6.952500000000000346e-03
-6.952500000000000346e-03
-6.952500000000000346e-03
-6.952500000000000346e-03
-6.921000000000000069e-03
-6.921000000000000069e-03
-6.921000000000000069e-03
-6.921000000000000069e-03
-6.921000000000000069e-03
-6.921000000000000069e-03
-6.921000000000000069e-03
-6.921000000000000069e-03
-6.921000000000000069e-03
-6.921000000000000069e-03
-6.921000000000000069e-03
-6.921000000000000069e-03
-6.921000000000000069e-03
-6.921000000000000069e-03
-6.921000000000000069e-03
-6.921000000000000069e-03
-6.921000000000000069e-03
-6.921000000000000069e-03
-6.689999999999999766e-03
-6.689999999999999766e-03
-6.689999999999999766e-03
-6.689999999999999766e-03
-6.689999999999999766e-03
-6.689999999999999766e-03
-6.689999999999999766e-03
-6.689999999999999766e-03
-6.689999999999999766e-03
-6.689999999999999766e-03
-6.689999999999999766e-03
-6.689999999999999766e-03
-6.689999999999999766e-03
-6.689999999999999766e-03
-6.689999999999999766e-03
-6.688000000000000368e-03
-6.668499999999999948e-03
-6.619500000000000384e-03
-6.616999999999999618e-03
-6.588499999999999739e-03
-6.588499999999999739e-03
-6.588499999999999739e-03
-6.588499999999999739e-03
-6.588499999999999739e-03
-6.588499999999999739e-03
-6.586500000000000341e-03
-6.586500000000000341e-03
-6.586500000000000341e-03
-6.586500000000000341e-03
-6.586500000000000341e-03
-6.586500000000000341e-03
-6.586500000000000341e-03
-6.586500000000000341e-03
-6.586500000000000341e-03
-6.586500000000000341e-03
-6.586500000000000341e-03
-6.586500000000000341e-03
-6.586500000000000341e-03
-6.586500000000000341e-03
-6.586500000000000341e-03
-6.586500000000000341e-03
-6.586500000000000341e-03
-6.586500000000000341e-03
-6.586500000000000341e-03
-6.586500000000000341e-03
-6.586500000000000341e-03
-6.586500000000000341e-03
-6.586500000000000341e-03
-6.586500000000000341e-03
-6.586500000000000341e-03
-6.586500000000000341e-03
-6.586500000000000341e-03
-6.586500000000000341e-03
-6.586500000000000341e-03
-6.586500000000000341e-03
-6.586500000000000341e-03
-6.586500000000000341e-03
-6.586500000000000341e-03
-6.586500000000000341e-03
-6.586500000000000341e-03
-6.586500000000000341e-03
-6.586500000000000341e-03
-6.586500000000000341e-03
-6.586500000000000341e-03
-6.586500000000000341e-03
-6.586500000000000341e-03
-6.586500000000000341e-03
-6.586500000000000341e-03
-6.586500000000000341e-03
-6.586500000000000341e-03
-6.586500000000000341e-03
-6.586500000000000341e-03
-6.586500000000000341e-03
-6.586500000000000341e-03
-6.586500000000000341e-03
-6.586500000000000341e-03
-6.586500000000000341e-03
-6.586500000000000341e-03
-6.586500000000000341e-03
-6.586500000000000341e-03
-6.586500000000000341e-03
-6.586500000000000341e-03
-6.586500000000000341e-03
-6.586500000000000341e-03
-6.586500000000000341e-03
-6.586500000000000341e-03
-6.586500000000000341e-03
-6.586500000000000341e-03
-6.586500000000000341e-03
-6.586500000000000341e-03
-6.586500000000000341e-03
-6.586500000000000341e-03
-6.586500000000000341e-03
-6.586500000000000341e-03
-6.586500000000000341e-03
-6.586500000000000341e-03
-6.586500000000000341e-03
-6.586500000000000341e-03
-6.586500000000000341e-03
-6.586500000000000341e-03
-6.586500000000000341e-03
-6.586500000000000341e-03
-6.586500000000000341e-03
-6.586500000000000341e-03
-6.586500000000000341e-03
-6.586500000000000341e-03
-6.586500000000000341e-03
-6.586500000000000341e-03
-6.586500000000000341e-03
-6.586500000000000341e-03
-6.586500000000000341e-03
-6.586500000000000341e-03
-6.586500000000000341e-03
-6.586500000000000341e-03
-6.586500000000000341e-03
-6.586500000000000341e-03
-6.586500000000000341e-03
-6.586500000000000341e-03
-6.586500000000000341e-03
-6.586500000000000341e-03
-6.586500000000000341e-03
-6.586500000000000341e-03
-6.586500000000000341e-03
-6.586500000000000341e-03
-6.586500000000000341e-03
-6.586500000000000341e-03
-6.586500000000000341e-03
-6.586500000000000341e-03
-6.586500000000000341e-03
-6.586500000000000341e-03
-6.586500000000000341e-03
-6.586500000000000341e-03
-6.586500000000000341e-03
-6.586500000000000341e-03
-6.586500000000000341e-03
-6.586500000000000341e-03
-6.586500000000000341e-03
-6.586500000000000341e-03
-6.586500000000000341e-03
-6.586500000000000341e-03
-6.586500000000000341e-03
-6.586500000000000341e-03
-6.586500000000000341e-03
-6.586500000000000341e-03
-6.586500000000000341e-03
-6.586500000000000341e-03
-6.586500000000000341e-03
-6.586500000000000341e-03
-6.586500000000000341e-03
-6.586500000000000341e-03
-6.586500000000000341e-03
-6.586500000000000341e-03
-6.586500000000000341e-03
-6.586500000000000341e-03
-6.586500000000000341e-03
-6.586500000000000341e-03
-6.586500000000000341e-03
-6.586500000000000341e-03
-6.586500000000000341e-03
-6.586500000000000341e-03
-6.586500000000000341e-03
-6.586500000000000341e-03
-6.586500000000000341e-03
-6.586500000000000341e-03
-6.586500000000000341e-03
-6.586500000000000341e-03
-6.586500000000000341e-03
-6.586500000000000341e-03
-6.586500000000000341e-03
-6.586500000000000341e-03
-6.586500000000000341e-03
-6.586500000000000341e-03
-6.586500000000000341e-03
-6.586500000000000341e-03
-6.586500000000000341e-03
-6.586500000000000341e-03
-6.586500000000000341e-03
-6.586500000000000341e-03
-6.586500000000000341e-03
-6.586500000000000341e-03
-6.586500000000000341e-03
-6.586500000000000341e-03
-6.586500000000000341e-03
-6.586500000000000341e-03
-6.586500000000000341e-03
-6.586500000000000341e-03
-6.586500000000000341e-03
-6.586500000000000341e-03
-6.586500000000000341e-03
-6.586500000000000341e-03
-6.586500000000000341e-03
-6.586500000000000341e-03
-6.586500000000000341e-03
-6.586500000000000341e-03
-6.586500000000000341e-03
-6.586500000000000341e-03
-6.586500000000000341e-03
-6.586500000000000341e-03
-6.586500000000000341e-03
-6.586500000000000341e-03
-6.586500000000000341e-03
-6.586500000000000341e-03
-6.586500000000000341e-03
-6.586500000000000341e-03
-6.586500000000000341e-03
-6.586500000000000341e-03
-6.586500000000000341e-03
-6.586500000000000341e-03
-6.586500000000000341e-03
-6.586500000000000341e-03
-6.586500000000000341e-03
-6.586500000000000341e-03
-6.586500000000000341e-03
-6.586500000000000341e-03
-6.586500000000000341e-03
-6.586500000000000341e-03
-6.586500000000000341e-03
-6.586500000000000341e-03
-6.586500000000000341e-03
-6.586500000000000341e-03
-6.586500000000000341e-03
-6.586500000000000341e-03
-6.586500000000000341e-03
-6.586500000000000341e-03
-6.586500000000000341e-03
-6.586500000000000341e-03
-6.586500000000000341e-03
-6.586500000000000341e-03
-6.586500000000000341e-03
-6.586500000000000341e-03
-6.586500000000000341e-03
-6.586500000000000341e-03
-6.586500000000000341e-03
-6.586500000000000341e-03
-6.586500000000000341e-03
-6.586500000000000341e-03
-6.586500000000000341e-03
-6.586500000000000341e-03
-6.586500000000000341e-03
-6.586500000000000341e-03
-6.586500000000000341e-03
-6.586500000000000341e-03
-6.586500000000000341e-03
-6.586500000000000341e-03
-6.586500000000000341e-03
-6.586500000000000341e-03
-6.586500000000000341e-03
-6.586500000000000341e-03
-6.586500000000000341e-03
-6.586500000000000341e-03
-6.586500000000000341e-03
-6.586500000000000341e-03
-6.586500000000000341e-03
-6.586500000000000341e-03
-6.586500000000000341e-03
-6.586500000000000341e-03
-6.586500000000000341e-03
-6.586500000000000341e-03
-6.586500000000000341e-03
-6.586500000000000341e-03
-6.586500000000000341e-03
-6.586500000000000341e-03
-6.586500000000000341e-03
-6.586500000000000341e-03
-6.586500000000000341e-03
-6.586500000000000341e-03
-6.586500000000000341e-03
-6.586500000000000341e-03
-6.534500000000000378e-03
-6.534500000000000378e-03
-6.534500000000000378e-03
-6.534500000000000378e-03
-6.534500000000000378e-03
-6.534500000000000378e-03
-6.534500000000000378e-03
-6.534500000000000378e-03
-6.534500000000000378e-03
-6.534500000000000378e-03
-6.534500000000000378e-03
-6.534500000000000378e-03
-6.534500000000000378e-03
-6.534500000000000378e-03
-6.534500000000000378e-03
-6.534500000000000378e-03
-6.534500000000000378e-03
-6.534500000000000378e-03
-6.534500000000000378e-03
-6.534500000000000378e-03
-6.534500000000000378e-03
-6.534500000000000378e-03
-6.534500000000000378e-03
-6.534500000000000378e-03
-6.534500000000000378e-03
-6.534500000000000378e-03
-6.534500000000000378e-03
-6.534500000000000378e-03
-6.534500000000000378e-03
-6.505499999999999998e-03
-6.428999999999999819e-03
-6.428999999999999819e-03
-6.428999999999999819e-03
-6.409500000000000267e-03
-6.409500000000000267e-03
-6.388999999999999714e-03
-6.388999999999999714e-03
-6.374999999999999591e-03
-6.374999999999999591e-03
-6.374999999999999591e-03
-6.374999999999999591e-03
-6.374999999999999591e-03
-6.374999999999999591e-03
-6.374999999999999591e-03
-6.374999999999999591e-03
-6.374999999999999591e-03
-6.374999999999999591e-03
-6.374999999999999591e-03
-6.374999999999999591e-03
-6.374999999999999591e-03
-6.374999999999999591e-03
-6.374999999999999591e-03
-6.374999999999999591e-03
-6.374999999999999591e-03
-6.374999999999999591e-03
-6.374999999999999591e-03
-6.374999999999999591e-03
-6.374999999999999591e-03
-6.374999999999999591e-03
-6.374999999999999591e-03
-6.374999999999999591e-03
-6.374999999999999591e-03
-6.374999999999999591e-03
-6.374999999999999591e-03
-6.374999999999999591e-03
-6.374999999999999591e-03
-6.374999999999999591e-03
-6.374999999999999591e-03
-6.374999999999999591e-03
-6.374999999999999591e-03
-6.374999999999999591e-03
-6.374999999999999591e-03
-6.374999999999999591e-03
-6.374999999999999591e-03
-6.374999999999999591e-03
-6.374999999999999591e-03
-6.374999999999999591e-03
-6.374999999999999591e-03
-6.374999999999999591e-03
-6.374999999999999591e-03
-6.374999999999999591e-03
-6.374999999999999591e-03
-6.374999999999999591e-03
-6.374999999999999591e-03
-6.374999999999999591e-03
-6.374999999999999591e-03
-6.374999999999999591e-03
-6.374999999999999591e-03
-6.374999999999999591e-03
-6.374999999999999591e-03
-6.374999999999999591e-03
-6.374999999999999591e-03
-6.374999999999999591e-03
-6.374999999999999591e-03
-6.374999999999999591e-03
-6.374999999999999591e-03
-6.374999999999999591e-03
-6.374999999999999591e-03
-6.374999999999999591e-03
-6.374999999999999591e-03
-6.374999999999999591e-03
-6.374999999999999591e-03
-6.374999999999999591e-03
-6.374999999999999591e-03
-6.374999999999999591e-03
-6.374999999999999591e-03
-6.374999999999999591e-03
-6.374999999999999591e-03
-6.374999999999999591e-03
-6.374999999999999591e-03
-6.374999999999999591e-03
-6.374999999999999591e-03
-6.374999999999999591e-03
-6.374999999999999591e-03
-6.374999999999999591e-03
-6.374999999999999591e-03
-6.374999999999999591e-03
-6.374999999999999591e-03
-6.374999999999999591e-03
-6.374999999999999591e-03
-6.374999999999999591e-03
-6.374999999999999591e-03
-6.374999999999999591e-03
-6.374999999999999591e-03
-6.374999999999999591e-03
-6.374999999999999591e-03
-6.374999999999999591e-03
-6.374999999999999591e-03
-6.374999999999999591e-03
-6.374999999999999591e-03
-6.374999999999999591e-03
-6.374999999999999591e-03
-6.374999999999999591e-03
-6.374999999999999591e-03
-6.374999999999999591e-03
-6.374999999999999591e-03
-6.374999999999999591e-03
-6.374999999999999591e-03
-6.374999999999999591e-03
-6.374999999999999591e-03
-6.374999999999999591e-03
-6.374999999999999591e-03
-6.374999999999999591e-03
-6.374999999999999591e-03
-6.374999999999999591e-03
-6.374999999999999591e-03
-6.374999999999999591e-03
-6.374999999999999591e-03
-6.374999999999999591e-03
-6.374999999999999591e-03
-6.374999999999999591e-03
-6.374999999999999591e-03
-6.374999999999999591e-03
-6.374999999999999591e-03
-6.374999999999999591e-03
-6.374999999999999591e-03
-6.374999999999999591e-03
-6.374999999999999591e-03
-6.374999999999999591e-03
-6.374999999999999591e-03
-6.374999999999999591e-03
-6.374999999999999591e-03
-6.374999999999999591e-03
-6.374999999999999591e-03
-6.374999999999999591e-03
-6.374999999999999591e-03
-6.374999999999999591e-03
-6.374999999999999591e-03
-6.374999999999999591e-03
-6.374999999999999591e-03
-6.374999999999999591e-03
-6.374999999999999591e-03
-6.374999999999999591e-03
-6.374999999999999591e-03
-6.374999999999999591e-03
-6.374999999999999591e-03
-6.374999999999999591e-03
-6.374999999999999591e-03
-6.374999999999999591e-03
-6.374999999999999591e-03
-6.374999999999999591e-03
-6.374999999999999591e-03
-6.374999999999999591e-03
-6.374999999999999591e-03
-6.374999999999999591e-03
-6.374999999999999591e-03
-6.374999999999999591e-03
-6.374999999999999591e-03
-6.374999999999999591e-03
-6.374999999999999591e-03
-6.374999999999999591e-03
-6.374999999999999591e-03
-6.374999999999999591e-03
-6.374999999999999591e-03
-6.374999999999999591e-03
-6.374999999999999591e-03
-6.374999999999999591e-03
-6.374999999999999591e-03
-6.374999999999999591e-03
-6.374999999999999591e-03
-6.374999999999999591e-03
-6.374999999999999591e-03
-6.374999999999999591e-03
-6.374999999999999591e-03
-6.374999999999999591e-03
-6.374999999999999591e-03
-6.374999999999999591e-03
-6.374999999999999591e-03
-6.374999999999999591e-03
-6.348999999999999609e-03
-6.348999999999999609e-03
-6.348999999999999609e-03
-6.348999999999999609e-03
-6.348999999999999609e-03
-6.348999999999999609e-03
-6.348999999999999609e-03
-6.348999999999999609e-03
-6.348999999999999609e-03
-6.348999999999999609e-03
-6.348999999999999609e-03
-6.348999999999999609e-03
-6.348999999999999609e-03
-6.348999999999999609e-03
-6.348999999999999609e-03
-6.348999999999999609e-03
-6.348999999999999609e-03
-6.348999999999999609e-03
-6.348999999999999609e-03
-6.348999999999999609e-03
-6.348999999999999609e-03
-6.348999999999999609e-03
-6.348999999999999609e-03
-6.348999999999999609e-03
-6.348999999999999609e-03
-6.348999999999999609e-03
-6.348999999999999609e-03
-6.348999999999999609e-03
-6.348999999999999609e-03
-6.333000000000000088e-03
-6.330999999999999822e-03
-6.330999999999999822e-03
-6.330500000000000189e-03
-6.330500000000000189e-03
-6.329500000000000057e-03
-6.329500000000000057e-03
-6.329500000000000057e-03
-6.329500000000000057e-03
-6.329500000000000057e-03
-6.329500000000000057e-03
-6.329500000000000057e-03
-6.329500000000000057e-03
-6.329500000000000057e-03
-6.329500000000000057e-03
-6.329500000000000057e-03
-6.329500000000000057e-03
-6.329500000000000057e-03
-6.329500000000000057e-03
-6.329500000000000057e-03
-6.329500000000000057e-03
-6.329500000000000057e-03
-6.329500000000000057e-03
-6.329500000000000057e-03
-6.329500000000000057e-03
-6.329500000000000057e-03
-6.329500000000000057e-03
-6.329500000000000057e-03
-6.329500000000000057e-03
-6.329500000000000057e-03
-6.329500000000000057e-03
-6.329500000000000057e-03
-6.329500000000000057e-03
-6.329500000000000057e-03
-6.329500000000000057e-03
-6.329500000000000057e-03
-6.329500000000000057e-03
-6.329500000000000057e-03
-6.329500000000000057e-03
-6.329500000000000057e-03
-6.329500000000000057e-03
-6.329500000000000057e-03
-6.329500000000000057e-03
-6.329500000000000057e-03
-6.329500000000000057e-03
-6.329500000000000057e-03
-6.329500000000000057e-03
-6.329500000000000057e-03
-6.329500000000000057e-03
-6.329500000000000057e-03
-6.329500000000000057e-03
-6.329500000000000057e-03
-6.329500000000000057e-03
-6.329500000000000057e-03
-6.329500000000000057e-03
-6.329500000000000057e-03
-6.329500000000000057e-03
-6.329500000000000057e-03
-6.329500000000000057e-03
-6.329500000000000057e-03
-6.329500000000000057e-03
-6.329500000000000057e-03
-6.329500000000000057e-03
-6.329500000000000057e-03
-6.329500000000000057e-03
-6.329500000000000057e-03
-6.329500000000000057e-03
-6.329500000000000057e-03
-6.329500000000000057e-03
-6.329500000000000057e-03
-6.329500000000000057e-03
-6.329500000000000057e-03
-6.329500000000000057e-03
-6.329500000000000057e-03
-6.329500000000000057e-03
-6.329500000000000057e-03
-6.329500000000000057e-03
-6.329500000000000057e-03
-6.329500000000000057e-03
-6.329500000000000057e-03
-6.329500000000000057e-03
-6.329500000000000057e-03
-6.329500000000000057e-03
-6.329500000000000057e-03
-6.329500000000000057e-03
-6.329500000000000057e-03
-6.329500000000000057e-03
-6.329500000000000057e-03
-6.329500000000000057e-03
-6.329500000000000057e-03
-6.329500000000000057e-03
-6.329500000000000057e-03
-6.329500000000000057e-03
-6.329500000000000057e-03
-6.329500000000000057e-03
-6.329500000000000057e-03
-6.329500000000000057e-03
-6.329500000000000057e-03
-6.329500000000000057e-03
-6.329500000000000057e-03
-6.329500000000000057e-03
-6.329500000000000057e-03
-6.329500000000000057e-03
-6.329500000000000057e-03
-6.329500000000000057e-03
-6.329500000000000057e-03
-6.329500000000000057e-03
-6.329500000000000057e-03
-6.329500000000000057e-03
-6.329500000000000057e-03
-6.329500000000000057e-03
-6.329500000000000057e-03
-6.329500000000000057e-03
-6.329500000000000057e-03
-6.329500000000000057e-03
-6.329500000000000057e-03
-6.329500000000000057e-03
-6.329500000000000057e-03
-6.329500000000000057e-03
-6.329500000000000057e-03
-6.329500000000000057e-03
-6.329500000000000057e-03
-6.329500000000000057e-03
-6.329500000000000057e-03
-6.329500000000000057e-03
-6.329500000000000057e-03
-6.329500000000000057e-03
-6.329500000000000057e-03
-6.329500000000000057e-03
-6.329500000000000057e-03
-6.329500000000000057e-03
-6.329500000000000057e-03
-6.329500000000000057e-03
-6.329500000000000057e-03
-6.329500000000000057e-03
-6.329500000000000057e-03
-6.329500000000000057e-03
-6.329500000000000057e-03
-6.329500000000000057e-03
-6.329500000000000057e-03
-6.329500000000000057e-03
-6.329500000000000057e-03
-6.329500000000000057e-03
-6.329500000000000057e-03
-6.329500000000000057e-03
-6.329500000000000057e-03
-6.329500000000000057e-03
-6.329500000000000057e-03
-6.329500000000000057e-03
-6.329500000000000057e-03
-6.329500000000000057e-03
-6.329500000000000057e-03
-6.329500000000000057e-03
-6.329500000000000057e-03
-6.329500000000000057e-03
-6.329500000000000057e-03
-6.329500000000000057e-03
-6.329500000000000057e-03
-6.329500000000000057e-03
-6.329500000000000057e-03
-6.329500000000000057e-03
-6.329500000000000057e-03
-6.329500000000000057e-03
-6.329500000000000057e-03
-6.329500000000000057e-03
-6.329500000000000057e-03
-6.329500000000000057e-03
-6.329500000000000057e-03
-6.244000000000000418e-03
-6.244000000000000418e-03
-6.244000000000000418e-03
-6.244000000000000418e-03
-6.244000000000000418e-03
-6.244000000000000418e-03
-6.244000000000000418e-03
-6.244000000000000418e-03
-6.244000000000000418e-03
-6.244000000000000418e-03
-6.244000000000000418e-03
-6.244000000000000418e-03
-6.244000000000000418e-03
-6.244000000000000418e-03
-6.244000000000000418e-03
-6.244000000000000418e-03
-6.244000000000000418e-03
-6.244000000000000418e-03
-6.244000000000000418e-03
-6.244000000000000418e-03
-6.244000000000000418e-03
-6.244000000000000418e-03
-6.244000000000000418e-03
-6.244000000000000418e-03
-6.244000000000000418e-03
-6.244000000000000418e-03
-6.244000000000000418e-03
-6.244000000000000418e-03
-6.244000000000000418e-03
-6.244000000000000418e-03
-6.244000000000000418e-03
-6.244000000000000418e-03
-6.244000000000000418e-03
-6.244000000000000418e-03
-6.244000000000000418e-03
-6.244000000000000418e-03
-6.244000000000000418e-03
-6.244000000000000418e-03
-6.244000000000000418e-03
-6.244000000000000418e-03
-6.244000000000000418e-03
-6.244000000000000418e-03
-6.244000000000000418e-03
-6.244000000000000418e-03
-6.204999999999999578e-03
-6.152999999999999615e-03
-6.152999999999999615e-03
-6.152999999999999615e-03
-6.152999999999999615e-03
-6.088999999999999795e-03
-6.083999999999999998e-03
-6.042999999999999761e-03
-6.037500000000000332e-03
-6.034499999999999933e-03
-6.034499999999999933e-03
-6.034499999999999933e-03
