-3.756734999999999935e-01
-3.756734999999999935e-01
-3.627584999999999837e-01
-3.620099999999999985e-01
-3.366034999999999999e-01
-3.315790000000000126e-01
-3.315790000000000126e-01
-3.247639999999999971e-01
-3.247639999999999971e-01
-3.247639999999999971e-01
-3.009645000000000237e-01
-3.009645000000000237e-01
-2.904605000000000103e-01
-2.811960000000000015e-01
-2.811960000000000015e-01
-2.630799999999999805e-01
-2.630799999999999805e-01
-2.618829999999999769e-01
-2.540155000000000052e-01
-2.540155000000000052e-01
-2.458170000000000077e-01
-2.411760000000000015e-01
-2.411760000000000015e-01
-2.328330000000000122e-01
-2.328330000000000122e-01
-2.264950000000000019e-01
-2.103534999999999988e-01
-2.103534999999999988e-01
-2.094664999999999999e-01
-2.094664999999999999e-01
-2.031959999999999877e-01
-2.010865000000000014e-01
-2.010865000000000014e-01
-1.816784999999999928e-01
-1.794854999999999923e-01
-1.783909999999999940e-01
-1.783909999999999940e-01
-1.761659999999999893e-01
-1.588034999999999863e-01
-1.588034999999999863e-01
-1.533529999999999893e-01
-1.533529999999999893e-01
-1.533529999999999893e-01
-1.533529999999999893e-01
-1.522739999999999927e-01
-1.374055000000000137e-01
-1.374055000000000137e-01
-1.374055000000000137e-01
-1.374055000000000137e-01
-1.374055000000000137e-01
-1.364585000000000103e-01
-1.364585000000000103e-01
-1.257814999999999905e-01
-1.257814999999999905e-01
-1.257814999999999905e-01
-1.255900000000000072e-01
-1.200679999999999942e-01
-1.160194999999999976e-01
-1.160194999999999976e-01
-1.005110000000000031e-01
-1.005110000000000031e-01
-1.005110000000000031e-01
-9.587750000000000439e-02
-9.587750000000000439e-02
-9.552549999999999930e-02
-9.468000000000000027e-02
-8.930749999999999800e-02
-8.930749999999999800e-02
-8.713750000000000662e-02
-8.713750000000000662e-02
-8.713750000000000662e-02
-8.713750000000000662e-02
-8.713750000000000662e-02
-8.713750000000000662e-02
-8.481550000000000200e-02
-8.481550000000000200e-02
-8.273850000000000648e-02
-8.273850000000000648e-02
-8.273850000000000648e-02
-8.273850000000000648e-02
-8.273850000000000648e-02
-8.273850000000000648e-02
-7.945000000000000673e-02
-7.837049999999999572e-02
-7.297249999999999570e-02
-7.297249999999999570e-02
-7.297249999999999570e-02
-7.297249999999999570e-02
-7.297249999999999570e-02
-7.297249999999999570e-02
-7.227600000000000691e-02
-7.227600000000000691e-02
-7.227600000000000691e-02
-7.227600000000000691e-02
-7.168499999999999872e-02
-7.043399999999999661e-02
-7.043399999999999661e-02
-7.043399999999999661e-02
-7.043399999999999661e-02
-6.531299999999999606e-02
-6.440899999999999403e-02
-6.440899999999999403e-02
-6.406549999999999745e-02
-5.957450000000000245e-02
-5.957450000000000245e-02
-5.957450000000000245e-02
-5.701549999999999674e-02
-5.695650000000000018e-02
-5.695650000000000018e-02
-5.576749999999999763e-02
-5.576749999999999763e-02
-5.529699999999999893e-02
-5.519249999999999851e-02
-5.459800000000000070e-02
-5.459800000000000070e-02
-5.357499999999999762e-02
-5.342849999999999683e-02
-5.299449999999999994e-02
-5.146850000000000036e-02
-5.126349999999999657e-02
-5.115100000000000202e-02
-5.066749999999999726e-02
-5.066749999999999726e-02
-5.048099999999999810e-02
-4.613949999999999996e-02
-4.613949999999999996e-02
-4.613949999999999996e-02
-4.613949999999999996e-02
-4.613949999999999996e-02
-4.613949999999999996e-02
-4.613949999999999996e-02
-4.613949999999999996e-02
-4.598850000000000160e-02
-4.533600000000000130e-02
-4.533600000000000130e-02
-4.490949999999999803e-02
-4.451050000000000145e-02
-4.451050000000000145e-02
-4.422249999999999792e-02
-4.412499999999999756e-02
-4.412499999999999756e-02
-4.401349999999999707e-02
-4.151749999999999885e-02
-4.151749999999999885e-02
-4.151749999999999885e-02
-4.151749999999999885e-02
-4.131449999999999706e-02
-4.131449999999999706e-02
-4.051099999999999840e-02
-4.051099999999999840e-02
-4.051099999999999840e-02
-4.051099999999999840e-02
-3.803249999999999686e-02
-3.803249999999999686e-02
-3.803249999999999686e-02
-3.803249999999999686e-02
-3.803249999999999686e-02
-3.803249999999999686e-02
-3.803249999999999686e-02
-3.803249999999999686e-02
-3.708550000000000041e-02
-3.708550000000000041e-02
-3.708550000000000041e-02
-3.708550000000000041e-02
-3.380149999999999821e-02
-3.380149999999999821e-02
-3.358350000000000224e-02
-3.202050000000000035e-02
-3.202050000000000035e-02
-3.139800000000000230e-02
-3.139800000000000230e-02
-3.139800000000000230e-02
-3.139800000000000230e-02
-3.122000000000000122e-02
-3.122000000000000122e-02
-3.122000000000000122e-02
-3.076349999999999918e-02
-3.059450000000000017e-02
-3.059450000000000017e-02
-3.053950000000000067e-02
-3.043150000000000022e-02
-2.953199999999999922e-02
-2.953199999999999922e-02
-2.953199999999999922e-02
-2.912299999999999958e-02
-2.912299999999999958e-02
-2.814250000000000085e-02
-2.814250000000000085e-02
-2.814250000000000085e-02
-2.814250000000000085e-02
-2.814250000000000085e-02
-2.814250000000000085e-02
-2.814250000000000085e-02
-2.814250000000000085e-02
-2.772950000000000068e-02
-2.772950000000000068e-02
-2.583399999999999933e-02
-2.574349999999999902e-02
-2.574349999999999902e-02
-2.530400000000000010e-02
-2.530400000000000010e-02
-2.530400000000000010e-02
-2.530400000000000010e-02
-2.511299999999999991e-02
-2.511299999999999991e-02
-2.511299999999999991e-02
-2.496649999999999911e-02
-2.495100000000000096e-02
-2.495100000000000096e-02
-2.307949999999999932e-02
-2.307949999999999932e-02
-2.307949999999999932e-02
-2.307949999999999932e-02
-2.307949999999999932e-02
-2.307949999999999932e-02
-2.307949999999999932e-02
-2.307949999999999932e-02
-2.307949999999999932e-02
-2.307949999999999932e-02
-2.303699999999999845e-02
-2.303699999999999845e-02
-2.303600000000000092e-02
-2.218399999999999886e-02
-2.218399999999999886e-02
-2.218399999999999886e-02
-2.218399999999999886e-02
-2.218399999999999886e-02
-2.218399999999999886e-02
-2.156100000000000030e-02
-2.156100000000000030e-02
-2.156100000000000030e-02
-2.138299999999999923e-02
-2.138299999999999923e-02
-2.107550000000000048e-02
-2.107550000000000048e-02
-2.037550000000000125e-02
-2.034849999999999853e-02
-2.034849999999999853e-02
-2.014849999999999974e-02
-2.014849999999999974e-02
-2.014849999999999974e-02
-2.013449999999999962e-02
-2.003250000000000169e-02
-2.003250000000000169e-02
-1.909299999999999886e-02
-1.909299999999999886e-02
-1.909299999999999886e-02
-1.909299999999999886e-02
-1.909299999999999886e-02
-1.909299999999999886e-02
-1.909299999999999886e-02
-1.909299999999999886e-02
-1.909299999999999886e-02
-1.909299999999999886e-02
-1.909299999999999886e-02
-1.909299999999999886e-02
-1.909299999999999886e-02
-1.909049999999999983e-02
-1.909049999999999983e-02
-1.908599999999999880e-02
-1.907700000000000021e-02
-1.907549999999999871e-02
-1.907549999999999871e-02
-1.850100000000000008e-02
-1.850100000000000008e-02
-1.850100000000000008e-02
-1.850100000000000008e-02
-1.850100000000000008e-02
-1.850100000000000008e-02
-1.848500000000000143e-02
-1.756999999999999881e-02
-1.756999999999999881e-02
-1.756999999999999881e-02
-1.756999999999999881e-02
-1.756999999999999881e-02
-1.756999999999999881e-02
-1.756999999999999881e-02
-1.742849999999999955e-02
-1.742849999999999955e-02
-1.742849999999999955e-02
-1.742849999999999955e-02
-1.697250000000000147e-02
-1.697250000000000147e-02
-1.697250000000000147e-02
-1.697250000000000147e-02
-1.697250000000000147e-02
-1.688399999999999970e-02
-1.688399999999999970e-02
-1.599849999999999883e-02
-1.599849999999999883e-02
-1.599849999999999883e-02
-1.599849999999999883e-02
-1.599849999999999883e-02
-1.599849999999999883e-02
-1.599849999999999883e-02
-1.599849999999999883e-02
-1.599849999999999883e-02
-1.599849999999999883e-02
-1.599849999999999883e-02
-1.599849999999999883e-02
-1.599849999999999883e-02
-1.599849999999999883e-02
-1.599849999999999883e-02
-1.599849999999999883e-02
-1.599849999999999883e-02
-1.599849999999999883e-02
-1.599849999999999883e-02
-1.599849999999999883e-02
-1.599849999999999883e-02
-1.599849999999999883e-02
-1.599849999999999883e-02
-1.542400000000000021e-02
-1.542400000000000021e-02
-1.542400000000000021e-02
-1.542400000000000021e-02
-1.542400000000000021e-02
-1.541900000000000041e-02
-1.539450000000000020e-02
-1.494299999999999969e-02
-1.494299999999999969e-02
-1.494299999999999969e-02
-1.494299999999999969e-02
-1.494299999999999969e-02
-1.494299999999999969e-02
-1.494299999999999969e-02
-1.494299999999999969e-02
-1.494299999999999969e-02
-1.462500000000000085e-02
-1.462500000000000085e-02
-1.462500000000000085e-02
-1.462500000000000085e-02
-1.462500000000000085e-02
-1.462500000000000085e-02
-1.462500000000000085e-02
-1.447299999999999975e-02
-1.447299999999999975e-02
-1.447299999999999975e-02
-1.445600000000000010e-02
-1.445600000000000010e-02
-1.442300000000000006e-02
-1.442300000000000006e-02
-1.442300000000000006e-02
-1.442300000000000006e-02
-1.442300000000000006e-02
-1.442300000000000006e-02
-1.415699999999999945e-02
-1.386850000000000062e-02
-1.386850000000000062e-02
-1.386850000000000062e-02
-1.386850000000000062e-02
-1.386850000000000062e-02
-1.386850000000000062e-02
-1.386850000000000062e-02
-1.386850000000000062e-02
-1.386850000000000062e-02
-1.386850000000000062e-02
-1.386850000000000062e-02
-1.386850000000000062e-02
-1.386850000000000062e-02
-1.386850000000000062e-02
-1.386850000000000062e-02
-1.386850000000000062e-02
-1.386850000000000062e-02
-1.368750000000000001e-02
-1.368750000000000001e-02
-1.368750000000000001e-02
-1.368750000000000001e-02
-1.368750000000000001e-02
-1.368750000000000001e-02
-1.368750000000000001e-02
-1.368750000000000001e-02
-1.368750000000000001e-02
-1.368750000000000001e-02
-1.368750000000000001e-02
-1.368750000000000001e-02
-1.368750000000000001e-02
-1.368750000000000001e-02
-1.368750000000000001e-02
-1.358350000000000009e-02
-1.358350000000000009e-02
-1.358350000000000009e-02
-1.358350000000000009e-02
-1.358350000000000009e-02
-1.358350000000000009e-02
-1.297199999999999916e-02
-1.297199999999999916e-02
-1.297199999999999916e-02
-1.297199999999999916e-02
-1.297199999999999916e-02
-1.297199999999999916e-02
-1.297199999999999916e-02
-1.297199999999999916e-02
-1.234550000000000057e-02
-1.234550000000000057e-02
-1.225900000000000080e-02
-1.225900000000000080e-02
-1.225900000000000080e-02
-1.225900000000000080e-02
-1.222849999999999979e-02
-1.222849999999999979e-02
-1.222849999999999979e-02
-1.222849999999999979e-02
-1.222849999999999979e-02
-1.222849999999999979e-02
-1.222849999999999979e-02
-1.214800000000000081e-02
-1.214800000000000081e-02
-1.212300000000000010e-02
-1.212300000000000010e-02
-1.209900000000000038e-02
-1.209900000000000038e-02
-1.209900000000000038e-02
-1.207150000000000063e-02
-1.207150000000000063e-02
-1.207150000000000063e-02
-1.207150000000000063e-02
-1.206849999999999937e-02
-1.206849999999999937e-02
-1.206849999999999937e-02
-1.206849999999999937e-02
-1.206849999999999937e-02
-1.170850000000000016e-02
-1.170850000000000016e-02
-1.146649999999999926e-02
-1.146649999999999926e-02
-1.146649999999999926e-02
-1.146649999999999926e-02
-1.146649999999999926e-02
-1.146649999999999926e-02
-1.146649999999999926e-02
-1.146649999999999926e-02
-1.092749999999999971e-02
-1.092749999999999971e-02
-1.092749999999999971e-02
-1.092749999999999971e-02
-1.092749999999999971e-02
-1.092749999999999971e-02
-1.092749999999999971e-02
-1.092749999999999971e-02
-1.092749999999999971e-02
-1.092749999999999971e-02
-1.092749999999999971e-02
-1.087499999999999925e-02
-1.087499999999999925e-02
-1.087499999999999925e-02
-1.087499999999999925e-02
-1.087499999999999925e-02
-1.087499999999999925e-02
-1.087499999999999925e-02
-1.087499999999999925e-02
-1.087499999999999925e-02
-1.087499999999999925e-02
-1.087499999999999925e-02
-1.087499999999999925e-02
-1.087499999999999925e-02
-1.087499999999999925e-02
-1.087499999999999925e-02
-1.078349999999999968e-02
-9.301000000000000240e-03
-9.301000000000000240e-03
-9.301000000000000240e-03
-9.301000000000000240e-03
-9.301000000000000240e-03
-9.301000000000000240e-03
-9.301000000000000240e-03
-9.301000000000000240e-03
-9.301000000000000240e-03
-9.301000000000000240e-03
-9.301000000000000240e-03
-9.301000000000000240e-03
-9.301000000000000240e-03
-9.301000000000000240e-03
-9.301000000000000240e-03
-9.301000000000000240e-03
-9.265499999999999431e-03
-9.265499999999999431e-03
-9.265499999999999431e-03
-9.265499999999999431e-03
-9.265499999999999431e-03
-9.265499999999999431e-03
-9.265499999999999431e-03
-9.265499999999999431e-03
-9.265499999999999431e-03
-9.265499999999999431e-03
-9.258999999999999869e-03
-9.164000000000000271e-03
-9.164000000000000271e-03
-9.164000000000000271e-03
-9.150500000000000647e-03
-9.149499999999999647e-03
-9.149499999999999647e-03
-9.149499999999999647e-03
-9.149499999999999647e-03
-9.149499999999999647e-03
-9.149499999999999647e-03
-9.149499999999999647e-03
-9.135000000000000758e-03
-9.135000000000000758e-03
-9.135000000000000758e-03
-9.135000000000000758e-03
-9.135000000000000758e-03
-9.135000000000000758e-03
-9.135000000000000758e-03
-8.907999999999999252e-03
-8.907999999999999252e-03
-8.907999999999999252e-03
-8.907999999999999252e-03
-8.907999999999999252e-03
-8.907999999999999252e-03
-8.907999999999999252e-03
-8.907999999999999252e-03
-8.907999999999999252e-03
-8.907999999999999252e-03
-8.907999999999999252e-03
-8.821000000000000715e-03
-8.821000000000000715e-03
-8.821000000000000715e-03
-8.821000000000000715e-03
-8.821000000000000715e-03
-8.821000000000000715e-03
-8.821000000000000715e-03
-8.821000000000000715e-03
-8.821000000000000715e-03
-8.821000000000000715e-03
-8.821000000000000715e-03
-8.821000000000000715e-03
-8.821000000000000715e-03
-8.821000000000000715e-03
-8.821000000000000715e-03
-8.821000000000000715e-03
-8.814499999999999419e-03
-8.814499999999999419e-03
-8.814499999999999419e-03
-8.814499999999999419e-03
-8.814499999999999419e-03
-8.814499999999999419e-03
-8.814499999999999419e-03
-8.814499999999999419e-03
-8.795999999999999999e-03
-8.795999999999999999e-03
-8.718500000000000555e-03
-8.718500000000000555e-03
-8.718500000000000555e-03
-8.718500000000000555e-03
-8.718500000000000555e-03
-8.718500000000000555e-03
-8.718500000000000555e-03
-8.718500000000000555e-03
-8.671500000000000388e-03
-8.671500000000000388e-03
-8.671500000000000388e-03
-8.595500000000000709e-03
-8.526000000000000592e-03
-8.526000000000000592e-03
-8.512999999999999734e-03
-8.502499999999999641e-03
-8.502499999999999641e-03
-8.502499999999999641e-03
-8.502499999999999641e-03
-8.502499999999999641e-03
-8.502499999999999641e-03
-8.502499999999999641e-03
-8.502499999999999641e-03
-8.502499999999999641e-03
-8.497499999999999845e-03
-8.489000000000000018e-03
-8.489000000000000018e-03
-8.489000000000000018e-03
-8.489000000000000018e-03
-8.489000000000000018e-03
-8.488000000000000753e-03
-8.488000000000000753e-03
-8.158000000000000321e-03
-8.158000000000000321e-03
-8.158000000000000321e-03
-8.158000000000000321e-03
-8.158000000000000321e-03
-8.158000000000000321e-03
-8.158000000000000321e-03
-8.158000000000000321e-03
-8.158000000000000321e-03
-8.158000000000000321e-03
-8.158000000000000321e-03
-8.158000000000000321e-03
-7.958500000000000296e-03
-7.958500000000000296e-03
-7.958500000000000296e-03
-7.958500000000000296e-03
-7.958500000000000296e-03
-7.958500000000000296e-03
-7.958500000000000296e-03
-7.958500000000000296e-03
-7.958500000000000296e-03
-7.958500000000000296e-03
-7.958500000000000296e-03
-7.958500000000000296e-03
-7.958500000000000296e-03
-7.958500000000000296e-03
-7.958500000000000296e-03
-7.958500000000000296e-03
-7.958500000000000296e-03
-7.958500000000000296e-03
-7.958500000000000296e-03
-7.958500000000000296e-03
-7.958500000000000296e-03
-7.958500000000000296e-03
-7.958500000000000296e-03
-7.863500000000000698e-03
-7.863500000000000698e-03
-7.863500000000000698e-03
-7.863500000000000698e-03
-7.863500000000000698e-03
-7.863500000000000698e-03
-7.863500000000000698e-03
-7.863500000000000698e-03
-7.863500000000000698e-03
-7.863500000000000698e-03
-7.863500000000000698e-03
-7.863500000000000698e-03
-7.863500000000000698e-03
-7.863500000000000698e-03
-7.863500000000000698e-03
-7.832000000000000420e-03
-7.832000000000000420e-03
-7.832000000000000420e-03
-7.832000000000000420e-03
-7.832000000000000420e-03
-7.832000000000000420e-03
-7.832000000000000420e-03
-7.832000000000000420e-03
-7.668000000000000337e-03
-7.668000000000000337e-03
-7.668000000000000337e-03
-7.668000000000000337e-03
-7.668000000000000337e-03
-7.668000000000000337e-03
-7.668000000000000337e-03
-7.668000000000000337e-03
-7.668000000000000337e-03
-7.668000000000000337e-03
-7.668000000000000337e-03
-7.668000000000000337e-03
-7.668000000000000337e-03
-7.668000000000000337e-03
-7.668000000000000337e-03
-7.668000000000000337e-03
-7.668000000000000337e-03
-7.491000000000000263e-03
-7.491000000000000263e-03
-7.491000000000000263e-03
-7.491000000000000263e-03
-7.491000000000000263e-03
-7.491000000000000263e-03
-7.491000000000000263e-03
-7.491000000000000263e-03
-7.491000000000000263e-03
-7.491000000000000263e-03
-7.491000000000000263e-03
-7.491000000000000263e-03
-7.491000000000000263e-03
-7.491000000000000263e-03
-7.491000000000000263e-03
-7.491000000000000263e-03
-7.491000000000000263e-03
-7.491000000000000263e-03
-7.491000000000000263e-03
-7.491000000000000263e-03
-7.491000000000000263e-03
-7.491000000000000263e-03
-7.491000000000000263e-03
-7.432499999999999871e-03
-7.432499999999999871e-03
-7.432499999999999871e-03
-7.432499999999999871e-03
-7.432499999999999871e-03
-7.432499999999999871e-03
-7.432499999999999871e-03
-7.432499999999999871e-03
-7.432499999999999871e-03
-7.432499999999999871e-03
-7.416500000000000349e-03
-7.416500000000000349e-03
-7.416500000000000349e-03
-7.416500000000000349e-03
-7.416500000000000349e-03
-7.416500000000000349e-03
-7.416500000000000349e-03
-7.416500000000000349e-03
-7.416500000000000349e-03
-7.416500000000000349e-03
-7.416500000000000349e-03
-7.416500000000000349e-03
-7.416500000000000349e-03
-7.416500000000000349e-03
-7.416500000000000349e-03
-7.416500000000000349e-03
-7.416500000000000349e-03
-7.416500000000000349e-03
-7.416500000000000349e-03
-7.416500000000000349e-03
-7.416500000000000349e-03
-7.416500000000000349e-03
-7.416500000000000349e-03
-7.416500000000000349e-03
-7.416500000000000349e-03
-7.416500000000000349e-03
-7.416500000000000349e-03
-7.416500000000000349e-03
-7.416500000000000349e-03
-7.416500000000000349e-03
-7.416500000000000349e-03
-7.416500000000000349e-03
-7.416500000000000349e-03
-7.416500000000000349e-03
-7.416500000000000349e-03
-7.416500000000000349e-03
-7.416500000000000349e-03
-7.330500000000000210e-03
-7.330500000000000210e-03
-7.330500000000000210e-03
-7.330500000000000210e-03
-7.330500000000000210e-03
-7.330500000000000210e-03
-7.330500000000000210e-03
-7.330500000000000210e-03
-7.330500000000000210e-03
-7.330500000000000210e-03
-7.330500000000000210e-03
-7.330500000000000210e-03
-7.330500000000000210e-03
-7.330500000000000210e-03
-7.330500000000000210e-03
-7.330500000000000210e-03
-7.330500000000000210e-03
-7.330500000000000210e-03
-7.330500000000000210e-03
-7.330500000000000210e-03
-7.330500000000000210e-03
-7.330500000000000210e-03
-7.330500000000000210e-03
-7.330500000000000210e-03
-7.330500000000000210e-03
-7.330500000000000210e-03
-7.330500000000000210e-03
-7.330500000000000210e-03
-7.330500000000000210e-03
-7.330500000000000210e-03
-7.330500000000000210e-03
-7.330500000000000210e-03
-7.330500000000000210e-03
-7.330500000000000210e-03
-7.330500000000000210e-03
-7.330500000000000210e-03
-7.330500000000000210e-03
-7.330500000000000210e-03
-7.330500000000000210e-03
-7.330500000000000210e-03
-7.330500000000000210e-03
-7.330500000000000210e-03
-7.330500000000000210e-03
-7.182000000000000016e-03
-7.182000000000000016e-03
-7.182000000000000016e-03
-7.182000000000000016e-03
-7.182000000000000016e-03
-7.182000000000000016e-03
-7.182000000000000016e-03
-7.182000000000000016e-03
-7.182000000000000016e-03
-7.182000000000000016e-03
-7.182000000000000016e-03
-7.151000000000000238e-03
-7.151000000000000238e-03
-7.151000000000000238e-03
-7.151000000000000238e-03
-7.151000000000000238e-03
-7.151000000000000238e-03
-7.151000000000000238e-03
-7.151000000000000238e-03
-7.151000000000000238e-03
-7.151000000000000238e-03
-7.151000000000000238e-03
-7.151000000000000238e-03
-7.140500000000000146e-03
-7.139999999999999646e-03
-7.139999999999999646e-03
-7.139999999999999646e-03
-7.139999999999999646e-03
-7.139999999999999646e-03
-7.139999999999999646e-03
-7.139999999999999646e-03
-6.977500000000000195e-03
-6.977500000000000195e-03
-6.977500000000000195e-03
-6.977500000000000195e-03
-6.977500000000000195e-03
-6.977500000000000195e-03
-6.977500000000000195e-03
-6.977500000000000195e-03
-6.977500000000000195e-03
-6.977500000000000195e-03
-6.977500000000000195e-03
-6.977500000000000195e-03
-6.977500000000000195e-03
-6.977500000000000195e-03
-6.977500000000000195e-03
-6.977500000000000195e-03
-6.974499999999999797e-03
-6.974499999999999797e-03
-6.962000000000000306e-03
-6.958999999999999908e-03
-6.936000000000000325e-03
-6.930999999999999661e-03
-6.925999999999999865e-03
-6.918999999999999803e-03
-6.918999999999999803e-03
-6.918999999999999803e-03
-6.918999999999999803e-03
-6.918999999999999803e-03
-6.918999999999999803e-03
-6.918999999999999803e-03
-6.918999999999999803e-03
-6.918999999999999803e-03
-6.896499999999999853e-03
-6.896499999999999853e-03
-6.896499999999999853e-03
-6.896499999999999853e-03
-6.896499999999999853e-03
-6.896499999999999853e-03
-6.896499999999999853e-03
-6.896499999999999853e-03
-6.896499999999999853e-03
-6.896499999999999853e-03
-6.896499999999999853e-03
-6.896499999999999853e-03
-6.896499999999999853e-03
-6.882499999999999729e-03
-6.882499999999999729e-03
-6.882499999999999729e-03
-6.882499999999999729e-03
-6.882499999999999729e-03
-6.882499999999999729e-03
-6.882499999999999729e-03
-6.882499999999999729e-03
-6.882499999999999729e-03
-6.882499999999999729e-03
-6.882499999999999729e-03
-6.882499999999999729e-03
-6.882499999999999729e-03
-6.882000000000000096e-03
-6.882000000000000096e-03
-6.882000000000000096e-03
-6.882000000000000096e-03
-6.882000000000000096e-03
-6.863499999999999809e-03
-6.863499999999999809e-03
-6.830000000000000134e-03
-6.830000000000000134e-03
-6.751000000000000056e-03
-6.751000000000000056e-03
-6.751000000000000056e-03
-6.751000000000000056e-03
-6.751000000000000056e-03
-6.751000000000000056e-03
-6.751000000000000056e-03
-6.751000000000000056e-03
-6.751000000000000056e-03
-6.751000000000000056e-03
-6.751000000000000056e-03
-6.751000000000000056e-03
-6.751000000000000056e-03
-6.751000000000000056e-03
-6.751000000000000056e-03
-6.751000000000000056e-03
-6.751000000000000056e-03
-6.751000000000000056e-03
-6.751000000000000056e-03
-6.751000000000000056e-03
-6.749999999999999924e-03
-6.720000000000000279e-03
-6.720000000000000279e-03
-6.720000000000000279e-03
-6.715500000000000115e-03
-6.715500000000000115e-03
-6.714999999999999615e-03
-6.714000000000000350e-03
-6.714000000000000350e-03
-6.714000000000000350e-03
-6.714000000000000350e-03
-6.714000000000000350e-03
-6.711499999999999584e-03
-6.711499999999999584e-03
-6.696500000000000195e-03
-6.696500000000000195e-03
-6.696500000000000195e-03
-6.694000000000000297e-03
-6.694000000000000297e-03
-6.694000000000000297e-03
-6.693499999999999797e-03
-6.693499999999999797e-03
-6.693499999999999797e-03
-6.693000000000000164e-03
-6.693000000000000164e-03
-6.693000000000000164e-03
-6.693000000000000164e-03
-6.693000000000000164e-03
-6.692499999999999664e-03
-6.692499999999999664e-03
-6.692499999999999664e-03
-6.692499999999999664e-03
-6.692499999999999664e-03
-6.692499999999999664e-03
-6.692499999999999664e-03
-6.692499999999999664e-03
-6.692499999999999664e-03
-6.692499999999999664e-03
-6.664999999999999918e-03
-6.664999999999999918e-03
-6.662000000000000387e-03
-6.662000000000000387e-03
-6.660499999999999754e-03
-6.658500000000000356e-03
-6.658500000000000356e-03
-6.658500000000000356e-03
-6.658500000000000356e-03
-6.658500000000000356e-03
-6.658500000000000356e-03
-6.657999999999999856e-03
-6.657999999999999856e-03
-6.657999999999999856e-03
-6.657999999999999856e-03
-6.657999999999999856e-03
-6.657999999999999856e-03
-6.657999999999999856e-03
-6.657999999999999856e-03
-6.657999999999999856e-03
-6.657999999999999856e-03
-6.657500000000000223e-03
-6.657500000000000223e-03
-6.657500000000000223e-03
-6.657500000000000223e-03
-6.657500000000000223e-03
-6.657500000000000223e-03
-6.657500000000000223e-03
-6.620000000000000016e-03
-6.620000000000000016e-03
-6.611500000000000189e-03
-6.578999999999999779e-03
-6.578999999999999779e-03
-6.569499999999999819e-03
-6.569499999999999819e-03
-6.569499999999999819e-03
-6.569499999999999819e-03
-6.569499999999999819e-03
-6.569499999999999819e-03
-6.569499999999999819e-03
-6.569499999999999819e-03
-6.569499999999999819e-03
-6.569499999999999819e-03
-6.569499999999999819e-03
-6.569499999999999819e-03
-6.569499999999999819e-03
-6.569499999999999819e-03
-6.569499999999999819e-03
-6.569499999999999819e-03
-6.569499999999999819e-03
-6.569499999999999819e-03
-6.569499999999999819e-03
-6.569499999999999819e-03
-6.569499999999999819e-03
-6.569499999999999819e-03
-6.569499999999999819e-03
-6.569499999999999819e-03
-6.568499999999999686e-03
-6.568499999999999686e-03
-6.568499999999999686e-03
-6.568499999999999686e-03
-6.568499999999999686e-03
-6.568499999999999686e-03
-6.438000000000000146e-03
-6.419000000000000226e-03
-6.419000000000000226e-03
-6.419000000000000226e-03
-6.419000000000000226e-03
-6.419000000000000226e-03
-6.419000000000000226e-03
-6.419000000000000226e-03
-6.419000000000000226e-03
-6.419000000000000226e-03
-6.419000000000000226e-03
-6.419000000000000226e-03
-6.419000000000000226e-03
-6.418499999999999726e-03
-6.418499999999999726e-03
-6.418499999999999726e-03
-6.364500000000000365e-03
-6.364500000000000365e-03
-6.364500000000000365e-03
-6.364500000000000365e-03
-6.359499999999999702e-03
