9.950881763568688587e-01
7.732832149726744930e-01
8.039288667987967152e-01
9.983086521169602934e-01
9.079541626101224061e-01
3.703551578481926176e-01
9.974497972949196711e-01
7.923535522430145139e-01
1.763248173392352180e-01
9.996724517363486662e-01
8.462623437197223097e-01
3.689346183652096878e-01
9.978746419668951262e-01
8.229451205566155059e-01
4.015874391936310461e-01
9.983173450313618247e-01
8.491396281463419182e-01
5.022102926210655349e-01
9.994727672237193605e-01
7.627187518934497312e-01
4.054811563262763485e-01
9.990728040063122650e-01
9.218925484720361663e-01
4.086734971168883845e-01
9.998375813851028138e-01
8.253662256020650734e-01
4.090493998444043600e-01
9.988872194226268153e-01
8.412195541383689079e-01
6.515261060382100400e-01
