-3.912999999999999812e-02
-3.574000000000000093e-02
-3.081249999999999961e-02
-3.081249999999999961e-02
-3.008200000000000110e-02
-2.994749999999999843e-02
-2.959250000000000075e-02
-2.653799999999999909e-02
-2.653799999999999909e-02
-2.653799999999999909e-02
-2.645350000000000132e-02
-2.645350000000000132e-02
-2.614850000000000160e-02
-2.614850000000000160e-02
-2.553199999999999914e-02
-2.434800000000000159e-02
-2.434800000000000159e-02
-2.434800000000000159e-02
-2.434800000000000159e-02
-2.434800000000000159e-02
-2.434800000000000159e-02
-2.434800000000000159e-02
-2.434800000000000159e-02
-2.434800000000000159e-02
-2.434800000000000159e-02
-2.426700000000000038e-02
-2.426700000000000038e-02
-2.426700000000000038e-02
-2.426700000000000038e-02
-2.426700000000000038e-02
-2.378550000000000109e-02
-2.378550000000000109e-02
-2.378550000000000109e-02
-2.378550000000000109e-02
-2.378550000000000109e-02
-2.366650000000000004e-02
-2.366650000000000004e-02
-2.364600000000000035e-02
-2.351500000000000118e-02
-2.351500000000000118e-02
-2.343500000000000097e-02
-2.343500000000000097e-02
-2.343500000000000097e-02
-2.343500000000000097e-02
-2.343500000000000097e-02
-2.343500000000000097e-02
-2.343500000000000097e-02
-2.343500000000000097e-02
-2.343500000000000097e-02
-2.338700000000000154e-02
-2.338700000000000154e-02
-2.338700000000000154e-02
-2.333350000000000007e-02
-2.333350000000000007e-02
-2.333350000000000007e-02
-2.328900000000000067e-02
-2.319649999999999837e-02
-2.319649999999999837e-02
-2.319649999999999837e-02
-2.319649999999999837e-02
-2.319649999999999837e-02
-2.317150000000000112e-02
-2.317150000000000112e-02
-2.317150000000000112e-02
-2.316599999999999909e-02
-2.316599999999999909e-02
-2.316599999999999909e-02
-2.316599999999999909e-02
-2.316599999999999909e-02
-2.316599999999999909e-02
-2.309450000000000044e-02
-2.309450000000000044e-02
-2.309450000000000044e-02
-2.309450000000000044e-02
-2.309450000000000044e-02
-2.308299999999999935e-02
-2.308299999999999935e-02
-2.308299999999999935e-02
-2.308299999999999935e-02
-2.305250000000000007e-02
-2.305250000000000007e-02
-2.305250000000000007e-02
-2.305250000000000007e-02
-2.302500000000000033e-02
-2.297300000000000036e-02
-2.297300000000000036e-02
-2.297300000000000036e-02
-2.297300000000000036e-02
-2.297300000000000036e-02
-2.297300000000000036e-02
-2.297300000000000036e-02
-2.297300000000000036e-02
-2.297300000000000036e-02
-2.297300000000000036e-02
-2.297300000000000036e-02
-2.297300000000000036e-02
-2.297300000000000036e-02
-2.294449999999999962e-02
-2.290649999999999978e-02
-2.290649999999999978e-02
-2.290649999999999978e-02
-2.284850000000000075e-02
-2.284850000000000075e-02
-2.284850000000000075e-02
-2.284850000000000075e-02
-2.284850000000000075e-02
-2.280849999999999891e-02
-2.280849999999999891e-02
-2.280849999999999891e-02
-2.280849999999999891e-02
-2.280400000000000135e-02
-2.280400000000000135e-02
-2.280400000000000135e-02
-2.280400000000000135e-02
-2.280400000000000135e-02
-2.280400000000000135e-02
-2.280400000000000135e-02
-2.280400000000000135e-02
-2.280400000000000135e-02
-2.280400000000000135e-02
-2.280400000000000135e-02
-2.280400000000000135e-02
-2.280400000000000135e-02
-2.280400000000000135e-02
-2.280400000000000135e-02
-2.279849999999999932e-02
-2.279849999999999932e-02
-2.279849999999999932e-02
-2.279600000000000029e-02
-2.279600000000000029e-02
-2.279600000000000029e-02
-2.279600000000000029e-02
-2.279600000000000029e-02
-2.279600000000000029e-02
-2.279600000000000029e-02
-2.279600000000000029e-02
-2.278350000000000167e-02
-2.278350000000000167e-02
-2.278350000000000167e-02
-2.278350000000000167e-02
-2.278350000000000167e-02
-2.278350000000000167e-02
-2.278350000000000167e-02
-2.278350000000000167e-02
-2.278350000000000167e-02
-2.278350000000000167e-02
-2.278350000000000167e-02
-2.278350000000000167e-02
-2.278350000000000167e-02
-2.278350000000000167e-02
-2.278350000000000167e-02
-2.278350000000000167e-02
-2.278350000000000167e-02
-2.276250000000000148e-02
-2.276250000000000148e-02
-2.273750000000000077e-02
-2.273750000000000077e-02
-2.273750000000000077e-02
-2.273750000000000077e-02
-2.273750000000000077e-02
-2.273750000000000077e-02
-2.273750000000000077e-02
-2.273750000000000077e-02
-2.273750000000000077e-02
-2.273750000000000077e-02
-2.273750000000000077e-02
-2.273750000000000077e-02
-2.273750000000000077e-02
-2.273750000000000077e-02
-2.273750000000000077e-02
-2.273750000000000077e-02
-2.273750000000000077e-02
-2.273750000000000077e-02
-2.273750000000000077e-02
-2.273750000000000077e-02
-2.273750000000000077e-02
-2.273750000000000077e-02
-2.273750000000000077e-02
-2.273750000000000077e-02
-2.273750000000000077e-02
-2.273750000000000077e-02
-2.273700000000000027e-02
-2.273700000000000027e-02
-2.271250000000000005e-02
-2.271250000000000005e-02
-2.271250000000000005e-02
-2.271250000000000005e-02
-2.271250000000000005e-02
-2.271250000000000005e-02
-2.271250000000000005e-02
-2.271250000000000005e-02
-2.271250000000000005e-02
-2.271250000000000005e-02
-2.271250000000000005e-02
-2.271250000000000005e-02
-2.271250000000000005e-02
-2.265700000000000006e-02
-2.265700000000000006e-02
-2.265700000000000006e-02
-2.265700000000000006e-02
-2.265700000000000006e-02
-2.265700000000000006e-02
-2.265700000000000006e-02
-2.265700000000000006e-02
-2.265700000000000006e-02
-2.265700000000000006e-02
-2.265700000000000006e-02
-2.265700000000000006e-02
-2.265700000000000006e-02
-2.265700000000000006e-02
-2.265700000000000006e-02
-2.265700000000000006e-02
-2.265700000000000006e-02
-2.265700000000000006e-02
-2.265700000000000006e-02
-2.265700000000000006e-02
-2.265700000000000006e-02
-2.265700000000000006e-02
-2.265700000000000006e-02
-2.265700000000000006e-02
-2.265700000000000006e-02
-2.265700000000000006e-02
-2.265700000000000006e-02
-2.264549999999999896e-02
-2.264549999999999896e-02
-2.264549999999999896e-02
-2.264549999999999896e-02
-2.264549999999999896e-02
-2.264549999999999896e-02
-2.264549999999999896e-02
-2.264549999999999896e-02
-2.264549999999999896e-02
-2.264549999999999896e-02
-2.264549999999999896e-02
-2.264549999999999896e-02
-2.264549999999999896e-02
-2.264549999999999896e-02
-2.264549999999999896e-02
-2.264549999999999896e-02
-2.263750000000000137e-02
-2.263750000000000137e-02
-2.263750000000000137e-02
-2.263750000000000137e-02
-2.263750000000000137e-02
-2.263750000000000137e-02
-2.263750000000000137e-02
-2.263750000000000137e-02
-2.263750000000000137e-02
-2.263750000000000137e-02
-2.263750000000000137e-02
-2.263750000000000137e-02
-2.263750000000000137e-02
-2.263750000000000137e-02
-2.263750000000000137e-02
-2.263750000000000137e-02
-2.263750000000000137e-02
-2.263750000000000137e-02
-2.263750000000000137e-02
-2.263750000000000137e-02
-2.263750000000000137e-02
-2.263750000000000137e-02
-2.263750000000000137e-02
-2.263750000000000137e-02
-2.263750000000000137e-02
-2.263750000000000137e-02
-2.263750000000000137e-02
-2.263750000000000137e-02
-2.263750000000000137e-02
-2.263750000000000137e-02
-2.263750000000000137e-02
-2.263750000000000137e-02
-2.263750000000000137e-02
-2.263750000000000137e-02
-2.263750000000000137e-02
-2.263750000000000137e-02
-2.263750000000000137e-02
-2.263750000000000137e-02
-2.263750000000000137e-02
-2.263750000000000137e-02
-2.263750000000000137e-02
-2.263750000000000137e-02
-2.263750000000000137e-02
-2.263750000000000137e-02
-2.263750000000000137e-02
-2.263750000000000137e-02
-2.263750000000000137e-02
-2.262950000000000031e-02
-2.262950000000000031e-02
-2.262950000000000031e-02
-2.262950000000000031e-02
-2.262950000000000031e-02
-2.262950000000000031e-02
-2.262950000000000031e-02
-2.262950000000000031e-02
-2.262950000000000031e-02
-2.262950000000000031e-02
-2.262300000000000075e-02
-2.262300000000000075e-02
-2.262300000000000075e-02
-2.262300000000000075e-02
-2.262300000000000075e-02
-2.262300000000000075e-02
-2.262300000000000075e-02
-2.262300000000000075e-02
-2.262300000000000075e-02
-2.262300000000000075e-02
-2.262300000000000075e-02
-2.262300000000000075e-02
-2.261950000000000072e-02
-2.261950000000000072e-02
-2.261950000000000072e-02
-2.261950000000000072e-02
-2.261950000000000072e-02
-2.261950000000000072e-02
-2.261950000000000072e-02
-2.261950000000000072e-02
-2.261950000000000072e-02
-2.261950000000000072e-02
-2.261950000000000072e-02
-2.261950000000000072e-02
-2.261950000000000072e-02
-2.261950000000000072e-02
-2.261950000000000072e-02
-2.261950000000000072e-02
-2.261950000000000072e-02
-2.261950000000000072e-02
-2.261950000000000072e-02
-2.261950000000000072e-02
-2.261950000000000072e-02
-2.261950000000000072e-02
-2.261950000000000072e-02
-2.261950000000000072e-02
-2.261950000000000072e-02
-2.261950000000000072e-02
-2.261950000000000072e-02
-2.261950000000000072e-02
-2.261950000000000072e-02
-2.261950000000000072e-02
-2.261950000000000072e-02
-2.261950000000000072e-02
-2.261950000000000072e-02
-2.261950000000000072e-02
-2.261950000000000072e-02
-2.261950000000000072e-02
-2.261950000000000072e-02
-2.261950000000000072e-02
-2.261950000000000072e-02
-2.261950000000000072e-02
-2.261950000000000072e-02
-2.261950000000000072e-02
-2.261950000000000072e-02
-2.261950000000000072e-02
-2.261950000000000072e-02
-2.261950000000000072e-02
-2.261950000000000072e-02
-2.261950000000000072e-02
-2.261950000000000072e-02
-2.261950000000000072e-02
-2.261950000000000072e-02
-2.261950000000000072e-02
-2.261950000000000072e-02
-2.261950000000000072e-02
-2.261950000000000072e-02
-2.261950000000000072e-02
-2.261950000000000072e-02
-2.261950000000000072e-02
-2.261950000000000072e-02
-2.261950000000000072e-02
-2.261950000000000072e-02
-2.261950000000000072e-02
-2.261950000000000072e-02
-2.261950000000000072e-02
-2.261950000000000072e-02
-2.261950000000000072e-02
-2.261950000000000072e-02
-2.261950000000000072e-02
-2.261950000000000072e-02
-2.261950000000000072e-02
-2.261950000000000072e-02
-2.261950000000000072e-02
-2.261950000000000072e-02
-2.261950000000000072e-02
-2.261950000000000072e-02
-2.261950000000000072e-02
-2.261950000000000072e-02
-2.261950000000000072e-02
-2.261950000000000072e-02
-2.261950000000000072e-02
-2.261950000000000072e-02
-2.261950000000000072e-02
-2.261950000000000072e-02
-2.261950000000000072e-02
-2.261950000000000072e-02
-2.261950000000000072e-02
-2.261950000000000072e-02
-2.261950000000000072e-02
-2.261950000000000072e-02
-2.261950000000000072e-02
-2.261950000000000072e-02
-2.261950000000000072e-02
-2.261950000000000072e-02
-2.261950000000000072e-02
-2.261950000000000072e-02
-2.261950000000000072e-02
-2.261950000000000072e-02
-2.261950000000000072e-02
-2.261950000000000072e-02
-2.261950000000000072e-02
-2.261950000000000072e-02
-2.261950000000000072e-02
-2.261950000000000072e-02
-2.261950000000000072e-02
-2.261950000000000072e-02
-2.261950000000000072e-02
-2.261950000000000072e-02
-2.261950000000000072e-02
-2.261950000000000072e-02
-2.261950000000000072e-02
-2.261950000000000072e-02
-2.261950000000000072e-02
-2.261950000000000072e-02
-2.261950000000000072e-02
-2.261950000000000072e-02
-2.261950000000000072e-02
-2.261950000000000072e-02
-2.261950000000000072e-02
-2.261950000000000072e-02
-2.261950000000000072e-02
-2.261950000000000072e-02
-2.261950000000000072e-02
-2.261950000000000072e-02
-2.261950000000000072e-02
-2.261950000000000072e-02
-2.261950000000000072e-02
-2.261950000000000072e-02
-2.261950000000000072e-02
-2.261950000000000072e-02
-2.261950000000000072e-02
-2.261950000000000072e-02
-2.261950000000000072e-02
-2.261950000000000072e-02
-2.261950000000000072e-02
-2.261950000000000072e-02
-2.261950000000000072e-02
-2.261950000000000072e-02
-2.261950000000000072e-02
-2.261950000000000072e-02
-2.261950000000000072e-02
-2.261950000000000072e-02
-2.261950000000000072e-02
-2.261950000000000072e-02
-2.261950000000000072e-02
-2.261950000000000072e-02
-2.261950000000000072e-02
-2.261950000000000072e-02
-2.261950000000000072e-02
-2.261950000000000072e-02
-2.261950000000000072e-02
-2.261950000000000072e-02
-2.261950000000000072e-02
-2.261950000000000072e-02
-2.261950000000000072e-02
-2.261950000000000072e-02
-2.261950000000000072e-02
-2.261950000000000072e-02
-2.261950000000000072e-02
-2.261950000000000072e-02
-2.261950000000000072e-02
-2.261950000000000072e-02
-2.261950000000000072e-02
-2.261950000000000072e-02
-2.261950000000000072e-02
-2.261950000000000072e-02
-2.261950000000000072e-02
-2.261950000000000072e-02
-2.261950000000000072e-02
-2.261950000000000072e-02
-2.261950000000000072e-02
-2.261950000000000072e-02
-2.261950000000000072e-02
-2.261950000000000072e-02
-2.261950000000000072e-02
-2.261950000000000072e-02
-2.261950000000000072e-02
-2.261950000000000072e-02
-2.261950000000000072e-02
-2.261950000000000072e-02
-2.261950000000000072e-02
-2.261950000000000072e-02
-2.261950000000000072e-02
-2.261950000000000072e-02
-2.261950000000000072e-02
-2.261950000000000072e-02
-2.261950000000000072e-02
-2.261950000000000072e-02
-2.261950000000000072e-02
-2.261950000000000072e-02
-2.261950000000000072e-02
-2.261950000000000072e-02
-2.261950000000000072e-02
-2.261950000000000072e-02
-2.261950000000000072e-02
-2.261950000000000072e-02
-2.261950000000000072e-02
-2.261799999999999922e-02
-2.261799999999999922e-02
-2.261799999999999922e-02
-2.261799999999999922e-02
-2.261799999999999922e-02
-2.261799999999999922e-02
-2.261799999999999922e-02
-2.261799999999999922e-02
-2.261799999999999922e-02
-2.261799999999999922e-02
-2.261799999999999922e-02
-2.261799999999999922e-02
-2.261749999999999872e-02
-2.261749999999999872e-02
-2.261749999999999872e-02
-2.261749999999999872e-02
-2.261749999999999872e-02
-2.261749999999999872e-02
-2.261749999999999872e-02
-2.261399999999999869e-02
-2.261399999999999869e-02
-2.261399999999999869e-02
-2.261399999999999869e-02
-2.261399999999999869e-02
-2.261399999999999869e-02
-2.261399999999999869e-02
-2.261399999999999869e-02
-2.261399999999999869e-02
-2.261399999999999869e-02
-2.261399999999999869e-02
-2.261399999999999869e-02
-2.261399999999999869e-02
-2.260850000000000012e-02
-2.260850000000000012e-02
-2.260850000000000012e-02
-2.260850000000000012e-02
-2.260850000000000012e-02
-2.260850000000000012e-02
-2.260850000000000012e-02
-2.260850000000000012e-02
-2.260850000000000012e-02
-2.260850000000000012e-02
-2.260850000000000012e-02
-2.260850000000000012e-02
-2.260850000000000012e-02
-2.260850000000000012e-02
-2.260850000000000012e-02
-2.260850000000000012e-02
-2.260850000000000012e-02
-2.260850000000000012e-02
-2.260850000000000012e-02
-2.260850000000000012e-02
-2.260850000000000012e-02
-2.260850000000000012e-02
-2.260850000000000012e-02
-2.260850000000000012e-02
-2.260850000000000012e-02
-2.260850000000000012e-02
-2.260850000000000012e-02
-2.260850000000000012e-02
-2.260850000000000012e-02
-2.260850000000000012e-02
-2.260850000000000012e-02
-2.260850000000000012e-02
-2.260850000000000012e-02
-2.260850000000000012e-02
-2.260850000000000012e-02
-2.260850000000000012e-02
-2.260850000000000012e-02
-2.260850000000000012e-02
-2.260850000000000012e-02
-2.260850000000000012e-02
-2.260850000000000012e-02
-2.260850000000000012e-02
-2.260850000000000012e-02
-2.260850000000000012e-02
-2.260850000000000012e-02
-2.260850000000000012e-02
-2.260850000000000012e-02
-2.260850000000000012e-02
-2.260850000000000012e-02
-2.260850000000000012e-02
-2.260850000000000012e-02
-2.260850000000000012e-02
-2.260850000000000012e-02
-2.260850000000000012e-02
-2.260850000000000012e-02
-2.260850000000000012e-02
-2.260850000000000012e-02
-2.260850000000000012e-02
-2.260850000000000012e-02
-2.260850000000000012e-02
-2.260850000000000012e-02
-2.260850000000000012e-02
-2.260850000000000012e-02
-2.260850000000000012e-02
-2.260850000000000012e-02
-2.260850000000000012e-02
-2.260850000000000012e-02
-2.260850000000000012e-02
-2.260850000000000012e-02
-2.260850000000000012e-02
-2.260850000000000012e-02
-2.260850000000000012e-02
-2.260850000000000012e-02
-2.260850000000000012e-02
-2.260850000000000012e-02
-2.260850000000000012e-02
-2.260850000000000012e-02
-2.260850000000000012e-02
-2.260850000000000012e-02
-2.260850000000000012e-02
-2.260850000000000012e-02
-2.260850000000000012e-02
-2.260850000000000012e-02
-2.260850000000000012e-02
-2.260850000000000012e-02
-2.260850000000000012e-02
-2.260850000000000012e-02
-2.260850000000000012e-02
-2.260850000000000012e-02
-2.260850000000000012e-02
-2.260850000000000012e-02
-2.260850000000000012e-02
-2.260850000000000012e-02
-2.260850000000000012e-02
-2.260850000000000012e-02
-2.260850000000000012e-02
-2.260850000000000012e-02
-2.260850000000000012e-02
-2.260850000000000012e-02
-2.260850000000000012e-02
-2.260850000000000012e-02
-2.260850000000000012e-02
-2.260850000000000012e-02
-2.260850000000000012e-02
-2.260850000000000012e-02
-2.260850000000000012e-02
-2.260850000000000012e-02
-2.260850000000000012e-02
-2.260850000000000012e-02
-2.260850000000000012e-02
-2.260850000000000012e-02
-2.260850000000000012e-02
-2.260850000000000012e-02
-2.260850000000000012e-02
-2.260850000000000012e-02
-2.260850000000000012e-02
-2.260850000000000012e-02
-2.260850000000000012e-02
-2.260850000000000012e-02
-2.260850000000000012e-02
-2.260850000000000012e-02
-2.260850000000000012e-02
-2.260850000000000012e-02
-2.260850000000000012e-02
-2.260850000000000012e-02
-2.260850000000000012e-02
-2.260850000000000012e-02
-2.260850000000000012e-02
-2.260850000000000012e-02
-2.260850000000000012e-02
-2.260850000000000012e-02
-2.260850000000000012e-02
-2.260850000000000012e-02
-2.260850000000000012e-02
-2.260850000000000012e-02
-2.260850000000000012e-02
-2.260850000000000012e-02
-2.260850000000000012e-02
-2.260850000000000012e-02
-2.260850000000000012e-02
-2.260850000000000012e-02
-2.260850000000000012e-02
-2.260850000000000012e-02
-2.260850000000000012e-02
-2.260850000000000012e-02
-2.260850000000000012e-02
-2.260850000000000012e-02
-2.260850000000000012e-02
-2.260850000000000012e-02
-2.260850000000000012e-02
-2.260850000000000012e-02
-2.260850000000000012e-02
-2.260850000000000012e-02
-2.260850000000000012e-02
-2.260850000000000012e-02
-2.260850000000000012e-02
-2.260850000000000012e-02
-2.260850000000000012e-02
-2.260850000000000012e-02
-2.260850000000000012e-02
-2.260850000000000012e-02
-2.260850000000000012e-02
-2.260850000000000012e-02
-2.260850000000000012e-02
-2.260850000000000012e-02
-2.260850000000000012e-02
-2.260850000000000012e-02
-2.260850000000000012e-02
-2.260850000000000012e-02
-2.260850000000000012e-02
-2.260850000000000012e-02
-2.260850000000000012e-02
-2.260850000000000012e-02
-2.260850000000000012e-02
-2.260850000000000012e-02
-2.260850000000000012e-02
-2.260850000000000012e-02
-2.260850000000000012e-02
-2.260850000000000012e-02
-2.260850000000000012e-02
-2.260850000000000012e-02
-2.260850000000000012e-02
-2.260850000000000012e-02
-2.260850000000000012e-02
-2.260850000000000012e-02
-2.260850000000000012e-02
-2.260850000000000012e-02
-2.260850000000000012e-02
-2.260850000000000012e-02
-2.260850000000000012e-02
-2.260850000000000012e-02
-2.260850000000000012e-02
-2.260850000000000012e-02
-2.260850000000000012e-02
-2.260850000000000012e-02
-2.260850000000000012e-02
-2.260850000000000012e-02
-2.260850000000000012e-02
-2.260850000000000012e-02
-2.260850000000000012e-02
-2.260850000000000012e-02
-2.260850000000000012e-02
-2.260850000000000012e-02
-2.260850000000000012e-02
-2.260850000000000012e-02
-2.260850000000000012e-02
-2.260850000000000012e-02
-2.260850000000000012e-02
-2.260850000000000012e-02
-2.260850000000000012e-02
-2.260850000000000012e-02
-2.260850000000000012e-02
-2.260850000000000012e-02
-2.260850000000000012e-02
-2.260850000000000012e-02
-2.260850000000000012e-02
-2.260850000000000012e-02
-2.260850000000000012e-02
-2.260850000000000012e-02
-2.260850000000000012e-02
-2.260850000000000012e-02
-2.260850000000000012e-02
-2.260850000000000012e-02
-2.260850000000000012e-02
-2.260850000000000012e-02
-2.260850000000000012e-02
-2.260850000000000012e-02
-2.260850000000000012e-02
-2.260850000000000012e-02
-2.260850000000000012e-02
-2.260850000000000012e-02
-2.260850000000000012e-02
-2.260850000000000012e-02
-2.260850000000000012e-02
-2.260850000000000012e-02
-2.260850000000000012e-02
-2.260850000000000012e-02
-2.260850000000000012e-02
-2.260850000000000012e-02
-2.260850000000000012e-02
-2.260850000000000012e-02
-2.260850000000000012e-02
-2.260850000000000012e-02
-2.260850000000000012e-02
-2.260850000000000012e-02
-2.260850000000000012e-02
-2.260850000000000012e-02
-2.260850000000000012e-02
-2.260850000000000012e-02
-2.260850000000000012e-02
-2.260850000000000012e-02
-2.260850000000000012e-02
-2.260850000000000012e-02
-2.260850000000000012e-02
-2.260850000000000012e-02
-2.260850000000000012e-02
-2.260850000000000012e-02
-2.260850000000000012e-02
-2.260850000000000012e-02
-2.260850000000000012e-02
-2.260850000000000012e-02
-2.260850000000000012e-02
-2.260850000000000012e-02
-2.260850000000000012e-02
-2.260850000000000012e-02
-2.260850000000000012e-02
-2.260850000000000012e-02
-2.260850000000000012e-02
-2.260850000000000012e-02
-2.260850000000000012e-02
-2.260850000000000012e-02
-2.260850000000000012e-02
-2.260850000000000012e-02
-2.260850000000000012e-02
-2.260850000000000012e-02
-2.260850000000000012e-02
-2.260850000000000012e-02
-2.260850000000000012e-02
-2.260850000000000012e-02
-2.260850000000000012e-02
-2.260850000000000012e-02
-2.260850000000000012e-02
-2.260850000000000012e-02
-2.260850000000000012e-02
-2.260850000000000012e-02
-2.260850000000000012e-02
-2.260850000000000012e-02
-2.260850000000000012e-02
-2.260850000000000012e-02
-2.260850000000000012e-02
-2.260850000000000012e-02
-2.260850000000000012e-02
-2.260850000000000012e-02
-2.260850000000000012e-02
-2.260850000000000012e-02
-2.260850000000000012e-02
-2.260850000000000012e-02
-2.260850000000000012e-02
-2.260850000000000012e-02
-2.260850000000000012e-02
-2.260850000000000012e-02
-2.260600000000000109e-02
-2.260600000000000109e-02
-2.260600000000000109e-02
-2.260600000000000109e-02
-2.260600000000000109e-02
-2.260600000000000109e-02
-2.260600000000000109e-02
-2.260600000000000109e-02
-2.260600000000000109e-02
-2.260600000000000109e-02
-2.260600000000000109e-02
-2.260600000000000109e-02
-2.260600000000000109e-02
-2.260600000000000109e-02
-2.260600000000000109e-02
-2.260600000000000109e-02
-2.260600000000000109e-02
-2.260600000000000109e-02
-2.260600000000000109e-02
-2.260600000000000109e-02
-2.260600000000000109e-02
-2.260600000000000109e-02
-2.260600000000000109e-02
-2.260600000000000109e-02
-2.260600000000000109e-02
-2.260600000000000109e-02
-2.260600000000000109e-02
-2.260600000000000109e-02
-2.260600000000000109e-02
-2.260600000000000109e-02
-2.260600000000000109e-02
-2.260600000000000109e-02
-2.260600000000000109e-02
-2.260600000000000109e-02
-2.260600000000000109e-02
-2.260600000000000109e-02
-2.260600000000000109e-02
-2.260600000000000109e-02
-2.260600000000000109e-02
-2.260600000000000109e-02
-2.260600000000000109e-02
-2.260600000000000109e-02
-2.260600000000000109e-02
-2.260600000000000109e-02
-2.260600000000000109e-02
-2.260600000000000109e-02
-2.260600000000000109e-02
-2.260600000000000109e-02
-2.260600000000000109e-02
-2.260600000000000109e-02
-2.260600000000000109e-02
-2.260600000000000109e-02
-2.260600000000000109e-02
-2.260600000000000109e-02
-2.260600000000000109e-02
-2.260600000000000109e-02
-2.260600000000000109e-02
-2.260600000000000109e-02
-2.260600000000000109e-02
-2.260600000000000109e-02
-2.260600000000000109e-02
-2.260600000000000109e-02
-2.260600000000000109e-02
-2.260600000000000109e-02
-2.260600000000000109e-02
-2.260600000000000109e-02
-2.260600000000000109e-02
-2.260600000000000109e-02
-2.260600000000000109e-02
-2.260600000000000109e-02
-2.260600000000000109e-02
-2.260600000000000109e-02
-2.260600000000000109e-02
-2.260600000000000109e-02
-2.260600000000000109e-02
-2.260600000000000109e-02
-2.260600000000000109e-02
-2.260600000000000109e-02
-2.260600000000000109e-02
-2.260600000000000109e-02
-2.260600000000000109e-02
-2.260600000000000109e-02
-2.260600000000000109e-02
-2.260600000000000109e-02
-2.260600000000000109e-02
-2.260600000000000109e-02
-2.260600000000000109e-02
-2.260600000000000109e-02
-2.260600000000000109e-02
-2.260600000000000109e-02
-2.260600000000000109e-02
-2.260600000000000109e-02
-2.260600000000000109e-02
-2.260600000000000109e-02
-2.260600000000000109e-02
-2.260600000000000109e-02
-2.260600000000000109e-02
-2.260600000000000109e-02
-2.260600000000000109e-02
-2.260600000000000109e-02
-2.260600000000000109e-02
-2.260600000000000109e-02
-2.260600000000000109e-02
-2.260600000000000109e-02
-2.260600000000000109e-02
-2.260600000000000109e-02
-2.260600000000000109e-02
-2.260600000000000109e-02
-2.260600000000000109e-02
-2.260600000000000109e-02
-2.260600000000000109e-02
-2.260600000000000109e-02
-2.260600000000000109e-02
-2.260600000000000109e-02
-2.260600000000000109e-02
-2.260600000000000109e-02
-2.260600000000000109e-02
-2.260600000000000109e-02
-2.260600000000000109e-02
-2.260600000000000109e-02
-2.260600000000000109e-02
-2.260600000000000109e-02
-2.260600000000000109e-02
-2.260600000000000109e-02
-2.260600000000000109e-02
-2.260600000000000109e-02
-2.260600000000000109e-02
-2.260600000000000109e-02
-2.260600000000000109e-02
-2.260600000000000109e-02
-2.260600000000000109e-02
-2.260600000000000109e-02
-2.260600000000000109e-02
-2.260600000000000109e-02
-2.260600000000000109e-02
-2.260600000000000109e-02
-2.260600000000000109e-02
-2.260600000000000109e-02
-2.260600000000000109e-02
-2.260600000000000109e-02
-2.260600000000000109e-02
-2.260600000000000109e-02
-2.260600000000000109e-02
-2.260600000000000109e-02
-2.260600000000000109e-02
-2.260600000000000109e-02
-2.260600000000000109e-02
-2.260600000000000109e-02
-2.260600000000000109e-02
-2.260600000000000109e-02
-2.260600000000000109e-02
-2.260600000000000109e-02
-2.260600000000000109e-02
-2.260600000000000109e-02
-2.260600000000000109e-02
-2.260600000000000109e-02
-2.260600000000000109e-02
-2.260600000000000109e-02
-2.260600000000000109e-02
-2.260600000000000109e-02
-2.260600000000000109e-02
-2.260600000000000109e-02
-2.260600000000000109e-02
