-4.282799999999999802e-02
-3.235749999999999738e-02
-3.235749999999999738e-02
-3.235749999999999738e-02
-2.836750000000000035e-02
-2.836750000000000035e-02
-2.568049999999999847e-02
-2.568049999999999847e-02
-2.568049999999999847e-02
-2.431049999999999878e-02
-2.431049999999999878e-02
-2.384100000000000108e-02
-2.384100000000000108e-02
-2.352900000000000130e-02
-2.352900000000000130e-02
-2.352900000000000130e-02
-2.283850000000000116e-02
-2.283850000000000116e-02
-2.283850000000000116e-02
-2.283850000000000116e-02
-2.261550000000000019e-02
-2.261550000000000019e-02
-2.261550000000000019e-02
-2.261550000000000019e-02
-2.261550000000000019e-02
-2.261550000000000019e-02
-2.261550000000000019e-02
-2.261550000000000019e-02
-2.261550000000000019e-02
-2.261550000000000019e-02
-2.261550000000000019e-02
-2.261550000000000019e-02
-2.261550000000000019e-02
-2.261550000000000019e-02
-2.261550000000000019e-02
-2.261550000000000019e-02
-2.261550000000000019e-02
-2.261550000000000019e-02
-2.261550000000000019e-02
-2.261550000000000019e-02
-2.261550000000000019e-02
-2.261550000000000019e-02
-2.261550000000000019e-02
-2.261550000000000019e-02
-2.261550000000000019e-02
-2.261550000000000019e-02
-2.261550000000000019e-02
-2.261550000000000019e-02
-2.261550000000000019e-02
-2.261550000000000019e-02
-2.261550000000000019e-02
-2.261550000000000019e-02
-2.261550000000000019e-02
-2.261499999999999969e-02
-2.258800000000000044e-02
-2.258800000000000044e-02
-2.258800000000000044e-02
-2.258800000000000044e-02
-2.258800000000000044e-02
-2.256899999999999878e-02
-2.256899999999999878e-02
-2.256899999999999878e-02
-2.256899999999999878e-02
-2.256899999999999878e-02
-2.256899999999999878e-02
-2.256899999999999878e-02
-2.256899999999999878e-02
-2.256849999999999828e-02
-2.256849999999999828e-02
-2.256849999999999828e-02
-2.256849999999999828e-02
-2.256849999999999828e-02
-2.256849999999999828e-02
-2.256849999999999828e-02
-2.256849999999999828e-02
-2.256849999999999828e-02
-2.256849999999999828e-02
-2.256849999999999828e-02
-2.256849999999999828e-02
-2.256849999999999828e-02
-2.256849999999999828e-02
-2.256849999999999828e-02
-2.256800000000000125e-02
-2.256800000000000125e-02
-2.256800000000000125e-02
-2.256800000000000125e-02
-2.256800000000000125e-02
-2.256800000000000125e-02
-2.256800000000000125e-02
-2.256800000000000125e-02
-2.256800000000000125e-02
-2.256800000000000125e-02
-2.256800000000000125e-02
-2.256800000000000125e-02
-2.256800000000000125e-02
-2.256800000000000125e-02
-2.256800000000000125e-02
-2.256800000000000125e-02
-2.256800000000000125e-02
-2.256800000000000125e-02
-2.256800000000000125e-02
-2.256800000000000125e-02
-2.256800000000000125e-02
-2.256800000000000125e-02
-2.256800000000000125e-02
-2.256800000000000125e-02
-2.256800000000000125e-02
-2.256800000000000125e-02
-2.256800000000000125e-02
-2.256800000000000125e-02
-2.256800000000000125e-02
-2.256800000000000125e-02
-2.256800000000000125e-02
-2.256800000000000125e-02
-2.256800000000000125e-02
-2.256800000000000125e-02
-2.256800000000000125e-02
-2.256800000000000125e-02
-2.256800000000000125e-02
-2.256800000000000125e-02
-2.256800000000000125e-02
-2.256800000000000125e-02
-2.256800000000000125e-02
-2.256800000000000125e-02
-2.256800000000000125e-02
-2.256800000000000125e-02
-2.256800000000000125e-02
-2.256800000000000125e-02
-2.256800000000000125e-02
-2.256800000000000125e-02
-2.256800000000000125e-02
-2.256800000000000125e-02
-2.256800000000000125e-02
-2.256800000000000125e-02
-2.256800000000000125e-02
-2.256800000000000125e-02
-2.256800000000000125e-02
-2.256800000000000125e-02
-2.256800000000000125e-02
-2.256800000000000125e-02
-2.256800000000000125e-02
-2.256800000000000125e-02
-2.256800000000000125e-02
-2.256800000000000125e-02
-2.256800000000000125e-02
-2.256800000000000125e-02
-2.256800000000000125e-02
-2.256800000000000125e-02
-2.256800000000000125e-02
-2.256800000000000125e-02
-2.256800000000000125e-02
-2.256800000000000125e-02
-2.256800000000000125e-02
-2.256800000000000125e-02
-2.256800000000000125e-02
-2.256800000000000125e-02
-2.256800000000000125e-02
-2.256800000000000125e-02
-2.256800000000000125e-02
-2.256800000000000125e-02
-2.256800000000000125e-02
-2.256800000000000125e-02
-2.256800000000000125e-02
-2.256800000000000125e-02
-2.256800000000000125e-02
-2.256800000000000125e-02
-2.256800000000000125e-02
-2.256800000000000125e-02
-2.256800000000000125e-02
-2.256800000000000125e-02
-2.256800000000000125e-02
-2.256800000000000125e-02
-2.256800000000000125e-02
-2.256800000000000125e-02
-2.256800000000000125e-02
-2.256800000000000125e-02
-2.256800000000000125e-02
-2.256800000000000125e-02
-2.256800000000000125e-02
-2.256800000000000125e-02
-2.256800000000000125e-02
-2.256800000000000125e-02
-2.256800000000000125e-02
-2.256800000000000125e-02
-2.256800000000000125e-02
-2.256800000000000125e-02
-2.256800000000000125e-02
-2.256800000000000125e-02
-2.256800000000000125e-02
-2.256800000000000125e-02
-2.256800000000000125e-02
-2.256800000000000125e-02
-2.256800000000000125e-02
-2.256800000000000125e-02
-2.256800000000000125e-02
-2.256800000000000125e-02
-2.256800000000000125e-02
-2.256800000000000125e-02
-2.256800000000000125e-02
-2.256800000000000125e-02
-2.256800000000000125e-02
-2.256800000000000125e-02
-2.256800000000000125e-02
-2.256800000000000125e-02
-2.256800000000000125e-02
-2.256800000000000125e-02
-2.256800000000000125e-02
-2.256800000000000125e-02
-2.256800000000000125e-02
-2.256800000000000125e-02
-2.256800000000000125e-02
-2.256800000000000125e-02
-2.256800000000000125e-02
-2.256800000000000125e-02
-2.256800000000000125e-02
-2.256800000000000125e-02
-2.256800000000000125e-02
-2.256800000000000125e-02
-2.256800000000000125e-02
-2.256800000000000125e-02
-2.256800000000000125e-02
-2.256800000000000125e-02
-2.256800000000000125e-02
-2.256800000000000125e-02
-2.256800000000000125e-02
-2.256800000000000125e-02
-2.256800000000000125e-02
-2.256800000000000125e-02
-2.256800000000000125e-02
-2.256800000000000125e-02
-2.256800000000000125e-02
-2.256800000000000125e-02
-2.256800000000000125e-02
-2.256800000000000125e-02
-2.256800000000000125e-02
-2.256800000000000125e-02
-2.256800000000000125e-02
-2.256800000000000125e-02
-2.256800000000000125e-02
-2.256800000000000125e-02
-2.256800000000000125e-02
-2.256800000000000125e-02
-2.256800000000000125e-02
-2.256800000000000125e-02
-2.256800000000000125e-02
-2.256800000000000125e-02
-2.256800000000000125e-02
-2.256800000000000125e-02
-2.256800000000000125e-02
-2.256800000000000125e-02
-2.256800000000000125e-02
-2.256800000000000125e-02
-2.256800000000000125e-02
-2.256800000000000125e-02
-2.256800000000000125e-02
-2.256800000000000125e-02
-2.256800000000000125e-02
-2.256800000000000125e-02
-2.256800000000000125e-02
-2.256800000000000125e-02
-2.256800000000000125e-02
-2.256800000000000125e-02
-2.256800000000000125e-02
-2.256800000000000125e-02
-2.256800000000000125e-02
-2.256800000000000125e-02
-2.256800000000000125e-02
-2.256800000000000125e-02
-2.256800000000000125e-02
-2.256800000000000125e-02
-2.256800000000000125e-02
-2.256800000000000125e-02
-2.256800000000000125e-02
-2.256800000000000125e-02
-2.256800000000000125e-02
-2.256800000000000125e-02
-2.256800000000000125e-02
-2.256800000000000125e-02
-2.256800000000000125e-02
-2.256800000000000125e-02
-2.256800000000000125e-02
-2.256800000000000125e-02
-2.256800000000000125e-02
-2.256800000000000125e-02
-2.256800000000000125e-02
-2.256800000000000125e-02
-2.256800000000000125e-02
-2.256800000000000125e-02
-2.256800000000000125e-02
-2.256800000000000125e-02
-2.256800000000000125e-02
-2.256800000000000125e-02
-2.256800000000000125e-02
-2.256800000000000125e-02
-2.256800000000000125e-02
-2.256800000000000125e-02
-2.256800000000000125e-02
-2.256800000000000125e-02
-2.256800000000000125e-02
-2.256800000000000125e-02
-2.256800000000000125e-02
-2.256800000000000125e-02
-2.256800000000000125e-02
-2.256800000000000125e-02
-2.256800000000000125e-02
-2.256800000000000125e-02
-2.256800000000000125e-02
-2.256800000000000125e-02
-2.256800000000000125e-02
-2.256800000000000125e-02
-2.256800000000000125e-02
-2.256800000000000125e-02
-2.256800000000000125e-02
-2.256800000000000125e-02
-2.256800000000000125e-02
-2.256800000000000125e-02
-2.256800000000000125e-02
-2.256800000000000125e-02
-2.256800000000000125e-02
-2.256800000000000125e-02
-2.256800000000000125e-02
-2.256800000000000125e-02
-2.256800000000000125e-02
-2.256800000000000125e-02
-2.256800000000000125e-02
-2.256800000000000125e-02
-2.256800000000000125e-02
-2.256800000000000125e-02
-2.256800000000000125e-02
-2.256800000000000125e-02
-2.256800000000000125e-02
-2.256800000000000125e-02
-2.256800000000000125e-02
-2.256800000000000125e-02
-2.256800000000000125e-02
-2.256800000000000125e-02
-2.256800000000000125e-02
-2.256800000000000125e-02
-2.256800000000000125e-02
-2.256800000000000125e-02
-2.256800000000000125e-02
-2.256800000000000125e-02
-2.256800000000000125e-02
-2.256800000000000125e-02
-2.256800000000000125e-02
-2.256800000000000125e-02
-2.256800000000000125e-02
-2.256800000000000125e-02
-2.256800000000000125e-02
-2.256800000000000125e-02
-2.256800000000000125e-02
-2.256800000000000125e-02
-2.256800000000000125e-02
-2.256800000000000125e-02
-2.256800000000000125e-02
-2.256800000000000125e-02
-2.256800000000000125e-02
-2.256800000000000125e-02
-2.256800000000000125e-02
-2.256800000000000125e-02
-2.256800000000000125e-02
-2.256800000000000125e-02
-2.256800000000000125e-02
-2.256800000000000125e-02
-2.256800000000000125e-02
-2.256800000000000125e-02
-2.256800000000000125e-02
-2.256800000000000125e-02
-2.256800000000000125e-02
-2.256800000000000125e-02
-2.256800000000000125e-02
-2.256800000000000125e-02
-2.256800000000000125e-02
-2.256800000000000125e-02
-2.256800000000000125e-02
-2.256800000000000125e-02
-2.256800000000000125e-02
-2.256800000000000125e-02
-2.256800000000000125e-02
-2.256800000000000125e-02
-2.256800000000000125e-02
-2.256800000000000125e-02
-2.256800000000000125e-02
-2.256800000000000125e-02
-2.256800000000000125e-02
-2.256800000000000125e-02
-2.256800000000000125e-02
-2.256800000000000125e-02
-2.256800000000000125e-02
-2.256800000000000125e-02
-2.256800000000000125e-02
-2.256800000000000125e-02
-2.256800000000000125e-02
-2.256800000000000125e-02
-2.256800000000000125e-02
-2.256800000000000125e-02
-2.256800000000000125e-02
-2.256800000000000125e-02
-2.256800000000000125e-02
-2.256800000000000125e-02
-2.256800000000000125e-02
-2.256800000000000125e-02
-2.256800000000000125e-02
-2.256800000000000125e-02
-2.256800000000000125e-02
-2.256800000000000125e-02
-2.256800000000000125e-02
-2.256800000000000125e-02
-2.256800000000000125e-02
-2.256800000000000125e-02
-2.256800000000000125e-02
-2.256800000000000125e-02
-2.256800000000000125e-02
-2.256800000000000125e-02
-2.256800000000000125e-02
-2.256800000000000125e-02
-2.256800000000000125e-02
-2.256800000000000125e-02
-2.256800000000000125e-02
-2.256800000000000125e-02
-2.256800000000000125e-02
-2.256800000000000125e-02
-2.256800000000000125e-02
-2.256800000000000125e-02
-2.256800000000000125e-02
-2.256800000000000125e-02
-2.256800000000000125e-02
-2.256800000000000125e-02
-2.256800000000000125e-02
-2.256800000000000125e-02
-2.256800000000000125e-02
-2.256800000000000125e-02
-2.256800000000000125e-02
-2.256800000000000125e-02
-2.256800000000000125e-02
-2.256800000000000125e-02
-2.256800000000000125e-02
-2.256800000000000125e-02
-2.256800000000000125e-02
-2.256800000000000125e-02
-2.256800000000000125e-02
-2.256800000000000125e-02
-2.256800000000000125e-02
-2.256800000000000125e-02
-2.256800000000000125e-02
-2.256800000000000125e-02
-2.256800000000000125e-02
-2.256800000000000125e-02
-2.256800000000000125e-02
-2.256800000000000125e-02
-2.256800000000000125e-02
-2.256800000000000125e-02
-2.256800000000000125e-02
-2.256800000000000125e-02
-2.256800000000000125e-02
-2.256800000000000125e-02
-2.256800000000000125e-02
-2.256800000000000125e-02
-2.256800000000000125e-02
-2.256800000000000125e-02
-2.256800000000000125e-02
-2.256800000000000125e-02
-2.256800000000000125e-02
-2.256800000000000125e-02
-2.256800000000000125e-02
-2.256800000000000125e-02
-2.256800000000000125e-02
-2.256800000000000125e-02
-2.256800000000000125e-02
-2.256800000000000125e-02
-2.256800000000000125e-02
-2.256800000000000125e-02
-2.256800000000000125e-02
-2.256800000000000125e-02
-2.256800000000000125e-02
-2.256800000000000125e-02
-2.256800000000000125e-02
-2.256800000000000125e-02
-2.256800000000000125e-02
-2.256800000000000125e-02
-2.256800000000000125e-02
-2.256800000000000125e-02
-2.256800000000000125e-02
-2.256800000000000125e-02
-2.256800000000000125e-02
-2.256800000000000125e-02
-2.256800000000000125e-02
-2.256800000000000125e-02
-2.256800000000000125e-02
-2.256800000000000125e-02
-2.256800000000000125e-02
-2.256800000000000125e-02
-2.256800000000000125e-02
-2.256800000000000125e-02
-2.256800000000000125e-02
-2.256800000000000125e-02
-2.256800000000000125e-02
-2.256800000000000125e-02
-2.256800000000000125e-02
-2.256800000000000125e-02
-2.256800000000000125e-02
-2.256800000000000125e-02
-2.256800000000000125e-02
-2.256800000000000125e-02
-2.256800000000000125e-02
-2.256800000000000125e-02
-2.256800000000000125e-02
-2.256800000000000125e-02
-2.256800000000000125e-02
-2.256800000000000125e-02
-2.256800000000000125e-02
-2.256800000000000125e-02
-2.256800000000000125e-02
-2.256800000000000125e-02
-2.256800000000000125e-02
-2.256800000000000125e-02
-2.256800000000000125e-02
-2.256800000000000125e-02
-2.256800000000000125e-02
-2.256800000000000125e-02
-2.256800000000000125e-02
-2.256800000000000125e-02
-2.256800000000000125e-02
-2.256800000000000125e-02
-2.256800000000000125e-02
-2.256800000000000125e-02
-2.256800000000000125e-02
-2.256800000000000125e-02
-2.256800000000000125e-02
-2.256800000000000125e-02
-2.256800000000000125e-02
-2.256800000000000125e-02
-2.256800000000000125e-02
-2.256800000000000125e-02
-2.256800000000000125e-02
-2.256800000000000125e-02
-2.256800000000000125e-02
-2.256800000000000125e-02
-2.256800000000000125e-02
-2.256800000000000125e-02
-2.256800000000000125e-02
-2.256800000000000125e-02
-2.256800000000000125e-02
-2.256800000000000125e-02
-2.256800000000000125e-02
-2.256800000000000125e-02
-2.256800000000000125e-02
-2.256800000000000125e-02
-2.256800000000000125e-02
-2.256800000000000125e-02
-2.256800000000000125e-02
-2.256800000000000125e-02
-2.256800000000000125e-02
-2.256800000000000125e-02
-2.256800000000000125e-02
-2.256800000000000125e-02
-2.256800000000000125e-02
-2.256800000000000125e-02
-2.256800000000000125e-02
-2.256800000000000125e-02
-2.256800000000000125e-02
-2.256800000000000125e-02
-2.256800000000000125e-02
-2.256800000000000125e-02
-2.256800000000000125e-02
-2.256800000000000125e-02
-2.256800000000000125e-02
-2.256800000000000125e-02
-2.256800000000000125e-02
-2.256800000000000125e-02
-2.256800000000000125e-02
-2.256800000000000125e-02
-2.256800000000000125e-02
-2.256800000000000125e-02
-2.256800000000000125e-02
-2.256800000000000125e-02
-2.256800000000000125e-02
-2.256800000000000125e-02
-2.256800000000000125e-02
-2.256800000000000125e-02
-2.256800000000000125e-02
-2.256800000000000125e-02
-2.256800000000000125e-02
-2.256800000000000125e-02
-2.256800000000000125e-02
-2.256800000000000125e-02
-2.256800000000000125e-02
-2.256800000000000125e-02
-2.256800000000000125e-02
-2.256800000000000125e-02
-2.256800000000000125e-02
-2.256800000000000125e-02
-2.256800000000000125e-02
-2.256800000000000125e-02
-2.256800000000000125e-02
-2.256800000000000125e-02
-2.256800000000000125e-02
-2.256800000000000125e-02
-2.256800000000000125e-02
-2.256800000000000125e-02
-2.256800000000000125e-02
-2.256800000000000125e-02
-2.256800000000000125e-02
-2.256800000000000125e-02
-2.256800000000000125e-02
-2.256800000000000125e-02
-2.256800000000000125e-02
-2.256800000000000125e-02
-2.256800000000000125e-02
-2.256800000000000125e-02
-2.256800000000000125e-02
-2.256800000000000125e-02
-2.256800000000000125e-02
-2.256800000000000125e-02
-2.256800000000000125e-02
-2.256800000000000125e-02
-2.256800000000000125e-02
-2.256800000000000125e-02
-2.256800000000000125e-02
-2.256800000000000125e-02
-2.256800000000000125e-02
-2.256800000000000125e-02
-2.256800000000000125e-02
-2.256800000000000125e-02
-2.256800000000000125e-02
-2.256800000000000125e-02
-2.256800000000000125e-02
-2.256800000000000125e-02
-2.256800000000000125e-02
-2.256800000000000125e-02
-2.256800000000000125e-02
-2.256800000000000125e-02
-2.256800000000000125e-02
-2.256800000000000125e-02
-2.256800000000000125e-02
-2.256800000000000125e-02
-2.256800000000000125e-02
-2.256800000000000125e-02
-2.256800000000000125e-02
-2.256800000000000125e-02
-2.256800000000000125e-02
-2.256800000000000125e-02
-2.256800000000000125e-02
-2.256800000000000125e-02
-2.256800000000000125e-02
-2.256800000000000125e-02
-2.256800000000000125e-02
-2.256800000000000125e-02
-2.256800000000000125e-02
-2.256800000000000125e-02
-2.256800000000000125e-02
-2.256800000000000125e-02
-2.256800000000000125e-02
-2.256800000000000125e-02
-2.256800000000000125e-02
-2.256800000000000125e-02
-2.256800000000000125e-02
-2.256800000000000125e-02
-2.256800000000000125e-02
-2.256800000000000125e-02
-2.256800000000000125e-02
-2.256800000000000125e-02
-2.256800000000000125e-02
-2.256800000000000125e-02
-2.256800000000000125e-02
-2.256800000000000125e-02
-2.256800000000000125e-02
-2.256800000000000125e-02
-2.256800000000000125e-02
-2.256800000000000125e-02
-2.256800000000000125e-02
-2.256800000000000125e-02
-2.256800000000000125e-02
-2.256800000000000125e-02
-2.256800000000000125e-02
-2.256800000000000125e-02
-2.256800000000000125e-02
-2.256800000000000125e-02
-2.256800000000000125e-02
-2.256800000000000125e-02
-2.256800000000000125e-02
-2.256800000000000125e-02
-2.256800000000000125e-02
-2.256800000000000125e-02
-2.256800000000000125e-02
-2.256800000000000125e-02
-2.256800000000000125e-02
-2.256800000000000125e-02
-2.256800000000000125e-02
-2.256800000000000125e-02
-2.256800000000000125e-02
-2.256800000000000125e-02
-2.256800000000000125e-02
-2.256800000000000125e-02
-2.256800000000000125e-02
-2.256800000000000125e-02
-2.256800000000000125e-02
-2.256800000000000125e-02
-2.256800000000000125e-02
-2.256800000000000125e-02
-2.256800000000000125e-02
-2.256800000000000125e-02
-2.256800000000000125e-02
-2.256800000000000125e-02
-2.256800000000000125e-02
-2.256800000000000125e-02
-2.256800000000000125e-02
-2.256800000000000125e-02
-2.256800000000000125e-02
-2.256800000000000125e-02
-2.256800000000000125e-02
-2.256800000000000125e-02
-2.256800000000000125e-02
-2.256800000000000125e-02
-2.256800000000000125e-02
-2.256800000000000125e-02
-2.256800000000000125e-02
-2.256800000000000125e-02
-2.256800000000000125e-02
-2.256800000000000125e-02
-2.256800000000000125e-02
-2.256800000000000125e-02
-2.256800000000000125e-02
-2.256800000000000125e-02
-2.256800000000000125e-02
-2.256800000000000125e-02
-2.256800000000000125e-02
-2.256800000000000125e-02
-2.256800000000000125e-02
-2.256800000000000125e-02
-2.256800000000000125e-02
-2.256800000000000125e-02
-2.256800000000000125e-02
-2.256800000000000125e-02
-2.256800000000000125e-02
-2.256800000000000125e-02
-2.256800000000000125e-02
-2.256800000000000125e-02
-2.256800000000000125e-02
-2.256800000000000125e-02
-2.256800000000000125e-02
-2.256800000000000125e-02
-2.256800000000000125e-02
-2.256800000000000125e-02
-2.256800000000000125e-02
-2.256800000000000125e-02
-2.256800000000000125e-02
-2.256800000000000125e-02
-2.256800000000000125e-02
-2.256800000000000125e-02
-2.256800000000000125e-02
-2.256800000000000125e-02
-2.256800000000000125e-02
-2.256800000000000125e-02
-2.256800000000000125e-02
-2.256800000000000125e-02
-2.256800000000000125e-02
-2.256800000000000125e-02
-2.256800000000000125e-02
-2.256800000000000125e-02
-2.256800000000000125e-02
-2.256800000000000125e-02
-2.256800000000000125e-02
-2.256800000000000125e-02
-2.256800000000000125e-02
-2.256800000000000125e-02
-2.256800000000000125e-02
-2.256800000000000125e-02
-2.256800000000000125e-02
-2.256800000000000125e-02
-2.256800000000000125e-02
-2.256800000000000125e-02
-2.256800000000000125e-02
-2.256800000000000125e-02
-2.256800000000000125e-02
-2.256800000000000125e-02
-2.256800000000000125e-02
-2.256800000000000125e-02
-2.256800000000000125e-02
-2.256800000000000125e-02
-2.256800000000000125e-02
-2.256800000000000125e-02
-2.256800000000000125e-02
-2.256800000000000125e-02
-2.256800000000000125e-02
-2.256350000000000022e-02
-2.256350000000000022e-02
-2.255000000000000060e-02
-2.255000000000000060e-02
-2.254600000000000007e-02
-2.253900000000000001e-02
-2.253849999999999951e-02
-2.253849999999999951e-02
-2.253849999999999951e-02
-2.253849999999999951e-02
-2.253849999999999951e-02
-2.253849999999999951e-02
-2.253849999999999951e-02
-2.253849999999999951e-02
-2.253849999999999951e-02
-2.253849999999999951e-02
-2.253849999999999951e-02
-2.253849999999999951e-02
-2.253849999999999951e-02
-2.253799999999999901e-02
-2.253799999999999901e-02
-2.253799999999999901e-02
-2.253799999999999901e-02
-2.253799999999999901e-02
-2.253799999999999901e-02
-2.253799999999999901e-02
-2.253799999999999901e-02
-2.253799999999999901e-02
-2.253799999999999901e-02
-2.253799999999999901e-02
-2.253799999999999901e-02
-2.253799999999999901e-02
-2.253799999999999901e-02
-2.253799999999999901e-02
-2.253799999999999901e-02
-2.253799999999999901e-02
-2.253799999999999901e-02
-2.253799999999999901e-02
-2.253799999999999901e-02
-2.253799999999999901e-02
-2.253799999999999901e-02
-2.253799999999999901e-02
-2.253799999999999901e-02
-2.253799999999999901e-02
-2.253799999999999901e-02
-2.253799999999999901e-02
-2.253799999999999901e-02
-2.253799999999999901e-02
-2.253799999999999901e-02
-2.253799999999999901e-02
-2.253799999999999901e-02
-2.253799999999999901e-02
-2.253799999999999901e-02
-2.253799999999999901e-02
-2.253799999999999901e-02
-2.253799999999999901e-02
-2.253799999999999901e-02
-2.253799999999999901e-02
-2.253799999999999901e-02
-2.253799999999999901e-02
-2.253799999999999901e-02
-2.253799999999999901e-02
-2.253799999999999901e-02
-2.253799999999999901e-02
-2.253799999999999901e-02
-2.253799999999999901e-02
-2.253799999999999901e-02
-2.253799999999999901e-02
-2.253799999999999901e-02
-2.253799999999999901e-02
-2.253799999999999901e-02
-2.253799999999999901e-02
-2.253799999999999901e-02
-2.253799999999999901e-02
-2.253799999999999901e-02
-2.253799999999999901e-02
-2.253799999999999901e-02
-2.253399999999999848e-02
-2.253399999999999848e-02
-2.253399999999999848e-02
-2.253399999999999848e-02
-2.253399999999999848e-02
-2.253399999999999848e-02
-2.253399999999999848e-02
-2.253399999999999848e-02
-2.253399999999999848e-02
-2.253399999999999848e-02
-2.253399999999999848e-02
-2.253399999999999848e-02
-2.253399999999999848e-02
-2.253399999999999848e-02
-2.253399999999999848e-02
-2.253399999999999848e-02
-2.253399999999999848e-02
-2.253399999999999848e-02
-2.251699999999999882e-02
-2.251699999999999882e-02
-2.251699999999999882e-02
-2.251699999999999882e-02
-2.251699999999999882e-02
-2.251699999999999882e-02
-2.251699999999999882e-02
-2.251699999999999882e-02
-2.251699999999999882e-02
-2.251699999999999882e-02
-2.251699999999999882e-02
-2.251699999999999882e-02
-2.251699999999999882e-02
-2.251699999999999882e-02
-2.251699999999999882e-02
-2.251699999999999882e-02
-2.251699999999999882e-02
-2.251699999999999882e-02
-2.251699999999999882e-02
-2.251699999999999882e-02
-2.251699999999999882e-02
-2.251699999999999882e-02
-2.251699999999999882e-02
-2.251699999999999882e-02
-2.251699999999999882e-02
-2.251699999999999882e-02
-2.251699999999999882e-02
-2.251699999999999882e-02
-2.251699999999999882e-02
-2.251699999999999882e-02
-2.251699999999999882e-02
-2.251699999999999882e-02
-2.251699999999999882e-02
-2.251699999999999882e-02
-2.251699999999999882e-02
-2.251699999999999882e-02
-2.251699999999999882e-02
-2.251699999999999882e-02
-2.251699999999999882e-02
-2.251600000000000129e-02
-2.251600000000000129e-02
-2.251600000000000129e-02
-2.251600000000000129e-02
-2.251600000000000129e-02
-2.251600000000000129e-02
-2.251600000000000129e-02
-2.251600000000000129e-02
-2.251600000000000129e-02
-2.251600000000000129e-02
-2.251600000000000129e-02
-2.251600000000000129e-02
-2.251600000000000129e-02
-2.251600000000000129e-02
-2.251600000000000129e-02
-2.251600000000000129e-02
-2.251600000000000129e-02
-2.251600000000000129e-02
-2.251600000000000129e-02
-2.251600000000000129e-02
-2.251600000000000129e-02
-2.251600000000000129e-02
-2.251600000000000129e-02
-2.251600000000000129e-02
-2.251600000000000129e-02
-2.251600000000000129e-02
-2.251600000000000129e-02
-2.251600000000000129e-02
-2.251600000000000129e-02
-2.251600000000000129e-02
-2.251600000000000129e-02
-2.251600000000000129e-02
-2.251600000000000129e-02
-2.251600000000000129e-02
-2.251600000000000129e-02
-2.251600000000000129e-02
-2.251600000000000129e-02
-2.251600000000000129e-02
-2.251600000000000129e-02
-2.251600000000000129e-02
-2.251600000000000129e-02
-2.251600000000000129e-02
-2.251600000000000129e-02
-2.251600000000000129e-02
-2.251600000000000129e-02
-2.251600000000000129e-02
-2.251600000000000129e-02
-2.251600000000000129e-02
-2.251600000000000129e-02
-2.251600000000000129e-02
-2.251600000000000129e-02
-2.251600000000000129e-02
-2.251600000000000129e-02
-2.251600000000000129e-02
-2.251600000000000129e-02
-2.251600000000000129e-02
-2.251600000000000129e-02
-2.251600000000000129e-02
-2.251600000000000129e-02
-2.251600000000000129e-02
-2.251600000000000129e-02
-2.251600000000000129e-02
-2.251600000000000129e-02
-2.251600000000000129e-02
-2.251600000000000129e-02
-2.251600000000000129e-02
-2.251600000000000129e-02
-2.251600000000000129e-02
-2.251600000000000129e-02
-2.251600000000000129e-02
-2.251349999999999879e-02
-2.251349999999999879e-02
-2.251349999999999879e-02
-2.251349999999999879e-02
-2.251349999999999879e-02
-2.251349999999999879e-02
-2.251349999999999879e-02
-2.251349999999999879e-02
-2.251349999999999879e-02
-2.251349999999999879e-02
-2.251349999999999879e-02
