-2.001455000000000040e-01
-2.001455000000000040e-01
-1.671269999999999978e-01
-1.671269999999999978e-01
-1.671269999999999978e-01
-1.520364999999999911e-01
-1.520364999999999911e-01
-1.372349999999999959e-01
-1.372349999999999959e-01
-1.290989999999999915e-01
-1.290989999999999915e-01
-1.148799999999999960e-01
-1.148799999999999960e-01
-1.148799999999999960e-01
-9.570700000000000041e-02
-9.570700000000000041e-02
-9.538699999999999957e-02
-9.538699999999999957e-02
-8.634150000000000158e-02
-8.222100000000000242e-02
-7.841149999999999509e-02
-7.450099999999999778e-02
-6.507100000000000384e-02
-6.507100000000000384e-02
-6.078000000000000069e-02
-6.000199999999999978e-02
-5.656049999999999967e-02
-4.169500000000000289e-02
-4.169500000000000289e-02
-4.169500000000000289e-02
-3.705950000000000216e-02
-3.557649999999999701e-02
-3.557649999999999701e-02
-3.557649999999999701e-02
-3.537049999999999916e-02
-2.538649999999999934e-02
-2.232999999999999916e-02
-1.784099999999999922e-02
-1.784099999999999922e-02
-1.784099999999999922e-02
-1.784099999999999922e-02
-1.784099999999999922e-02
-1.784099999999999922e-02
-1.784099999999999922e-02
-1.757099999999999981e-02
-1.757099999999999981e-02
-1.757099999999999981e-02
-1.734650000000000081e-02
-1.685249999999999942e-02
-1.685249999999999942e-02
-1.685249999999999942e-02
-1.669350000000000001e-02
-1.645599999999999841e-02
-1.645599999999999841e-02
-1.645599999999999841e-02
-1.644999999999999934e-02
-1.644999999999999934e-02
-1.642450000000000160e-02
-1.642450000000000160e-02
-1.641050000000000147e-02
-1.626299999999999968e-02
-1.626299999999999968e-02
-1.626299999999999968e-02
-1.626299999999999968e-02
-1.626299999999999968e-02
-1.626299999999999968e-02
-1.626299999999999968e-02
-1.626299999999999968e-02
-1.626299999999999968e-02
-1.626299999999999968e-02
-1.625400000000000109e-02
-1.610249999999999876e-02
-1.610249999999999876e-02
-1.610249999999999876e-02
-1.609949999999999923e-02
-1.609949999999999923e-02
-1.603500000000000064e-02
-1.603500000000000064e-02
-1.597499999999999962e-02
-1.597499999999999962e-02
-1.597499999999999962e-02
-1.597499999999999962e-02
-1.597499999999999962e-02
-1.597499999999999962e-02
-1.597499999999999962e-02
-1.597499999999999962e-02
-1.597499999999999962e-02
-1.597499999999999962e-02
-1.597499999999999962e-02
-1.597499999999999962e-02
-1.597499999999999962e-02
-1.597499999999999962e-02
-1.597449999999999912e-02
-1.597449999999999912e-02
-1.597449999999999912e-02
-1.597449999999999912e-02
-1.597449999999999912e-02
-1.597449999999999912e-02
-1.595999999999999849e-02
-1.595999999999999849e-02
-1.595999999999999849e-02
-1.595999999999999849e-02
-1.595999999999999849e-02
-1.595999999999999849e-02
-1.595999999999999849e-02
-1.595999999999999849e-02
-1.595999999999999849e-02
-1.595999999999999849e-02
-1.595999999999999849e-02
-1.595999999999999849e-02
-1.595999999999999849e-02
-1.594399999999999984e-02
-1.594399999999999984e-02
-1.594399999999999984e-02
-1.594399999999999984e-02
-1.594399999999999984e-02
-1.594399999999999984e-02
-1.588699999999999835e-02
-1.588699999999999835e-02
-1.588699999999999835e-02
-1.588699999999999835e-02
-1.588699999999999835e-02
-1.588699999999999835e-02
-1.578449999999999992e-02
-1.578449999999999992e-02
-1.578449999999999992e-02
-1.578449999999999992e-02
-1.578449999999999992e-02
-1.574100000000000152e-02
-1.574100000000000152e-02
-1.574100000000000152e-02
-1.573350000000000096e-02
-1.572799999999999893e-02
-1.572799999999999893e-02
-1.572449999999999889e-02
-1.571900000000000033e-02
-1.571550000000000030e-02
-1.571049999999999877e-02
-1.569550000000000112e-02
-1.569550000000000112e-02
-1.569550000000000112e-02
-1.569550000000000112e-02
-1.569500000000000062e-02
-1.569500000000000062e-02
-1.569500000000000062e-02
-1.569500000000000062e-02
-1.569500000000000062e-02
-1.566450000000000134e-02
-1.566450000000000134e-02
-1.566450000000000134e-02
-1.565750000000000128e-02
-1.565750000000000128e-02
-1.564549999999999969e-02
-1.564549999999999969e-02
-1.564549999999999969e-02
-1.564549999999999969e-02
-1.564549999999999969e-02
-1.558050000000000060e-02
-1.558050000000000060e-02
-1.558050000000000060e-02
-1.558050000000000060e-02
-1.558050000000000060e-02
-1.558050000000000060e-02
-1.558050000000000060e-02
-1.558050000000000060e-02
-1.558050000000000060e-02
-1.558050000000000060e-02
-1.558050000000000060e-02
-1.548599999999999977e-02
-1.548599999999999977e-02
-1.546750000000000035e-02
-1.546750000000000035e-02
-1.546750000000000035e-02
-1.546750000000000035e-02
-1.546299999999999931e-02
-1.546299999999999931e-02
-1.546299999999999931e-02
-1.546299999999999931e-02
-1.546050000000000028e-02
-1.546050000000000028e-02
-1.544650000000000016e-02
-1.544650000000000016e-02
-1.543699999999999933e-02
-1.543650000000000057e-02
-1.543650000000000057e-02
-1.543650000000000057e-02
-1.543349999999999930e-02
-1.539850000000000073e-02
-1.539850000000000073e-02
-1.539850000000000073e-02
-1.539850000000000073e-02
-1.539850000000000073e-02
-1.539850000000000073e-02
-1.539850000000000073e-02
-1.539850000000000073e-02
-1.539599999999999996e-02
-1.539599999999999996e-02
-1.539599999999999996e-02
-1.536850000000000022e-02
-1.536850000000000022e-02
-1.536599999999999945e-02
-1.536599999999999945e-02
-1.536599999999999945e-02
-1.536599999999999945e-02
-1.536599999999999945e-02
-1.536599999999999945e-02
-1.536599999999999945e-02
-1.536599999999999945e-02
-1.536599999999999945e-02
-1.536599999999999945e-02
-1.536599999999999945e-02
-1.536599999999999945e-02
-1.536599999999999945e-02
-1.536599999999999945e-02
-1.536599999999999945e-02
-1.536599999999999945e-02
-1.536599999999999945e-02
-1.536599999999999945e-02
-1.536599999999999945e-02
-1.536599999999999945e-02
-1.536599999999999945e-02
-1.536599999999999945e-02
-1.536599999999999945e-02
-1.536599999999999945e-02
-1.536599999999999945e-02
-1.536599999999999945e-02
-1.536599999999999945e-02
-1.536599999999999945e-02
-1.534549999999999977e-02
-1.534549999999999977e-02
-1.534549999999999977e-02
-1.534549999999999977e-02
-1.534549999999999977e-02
-1.534549999999999977e-02
-1.534549999999999977e-02
-1.534549999999999977e-02
-1.534549999999999977e-02
-1.534549999999999977e-02
-1.534549999999999977e-02
-1.534549999999999977e-02
-1.534549999999999977e-02
-1.534549999999999977e-02
-1.534549999999999977e-02
-1.534549999999999977e-02
-1.534549999999999977e-02
-1.534549999999999977e-02
-1.534499999999999927e-02
-1.534499999999999927e-02
-1.534499999999999927e-02
-1.534499999999999927e-02
-1.534499999999999927e-02
-1.534499999999999927e-02
-1.525450000000000070e-02
-1.525250000000000043e-02
-1.525250000000000043e-02
-1.525199999999999993e-02
-1.523399999999999928e-02
-1.523399999999999928e-02
-1.523399999999999928e-02
-1.522100000000000015e-02
-1.521400000000000009e-02
-1.521300000000000083e-02
-1.521300000000000083e-02
-1.521300000000000083e-02
-1.519799999999999970e-02
-1.518549999999999935e-02
-1.518100000000000005e-02
-1.518100000000000005e-02
-1.518100000000000005e-02
-1.518100000000000005e-02
-1.518100000000000005e-02
-1.518100000000000005e-02
-1.518100000000000005e-02
-1.518000000000000078e-02
-1.517800000000000052e-02
-1.517800000000000052e-02
-1.517800000000000052e-02
-1.517800000000000052e-02
-1.517750000000000002e-02
-1.517750000000000002e-02
-1.517750000000000002e-02
-1.517750000000000002e-02
-1.517750000000000002e-02
-1.517750000000000002e-02
-1.517750000000000002e-02
-1.517750000000000002e-02
-1.517750000000000002e-02
-1.517750000000000002e-02
-1.517699999999999952e-02
-1.517699999999999952e-02
-1.517699999999999952e-02
-1.517699999999999952e-02
-1.517699999999999952e-02
-1.517699999999999952e-02
-1.517699999999999952e-02
-1.517699999999999952e-02
-1.517699999999999952e-02
-1.517699999999999952e-02
-1.517699999999999952e-02
-1.517699999999999952e-02
-1.517699999999999952e-02
-1.517699999999999952e-02
-1.517699999999999952e-02
-1.517699999999999952e-02
-1.517699999999999952e-02
-1.517699999999999952e-02
-1.517699999999999952e-02
-1.517699999999999952e-02
-1.517699999999999952e-02
-1.517699999999999952e-02
-1.517650000000000075e-02
-1.517650000000000075e-02
-1.517650000000000075e-02
-1.517650000000000075e-02
-1.517650000000000075e-02
-1.517650000000000075e-02
-1.517650000000000075e-02
-1.517650000000000075e-02
-1.517650000000000075e-02
-1.517650000000000075e-02
-1.517650000000000075e-02
-1.517650000000000075e-02
-1.517650000000000075e-02
-1.517650000000000075e-02
-1.517650000000000075e-02
-1.517650000000000075e-02
-1.517650000000000075e-02
-1.517650000000000075e-02
-1.517650000000000075e-02
-1.517650000000000075e-02
-1.517650000000000075e-02
-1.517650000000000075e-02
-1.517650000000000075e-02
-1.517250000000000022e-02
-1.517250000000000022e-02
-1.517250000000000022e-02
-1.517250000000000022e-02
-1.517199999999999972e-02
-1.517199999999999972e-02
-1.517199999999999972e-02
-1.517199999999999972e-02
-1.517199999999999972e-02
-1.517199999999999972e-02
-1.517199999999999972e-02
-1.517199999999999972e-02
-1.514199999999999921e-02
-1.514199999999999921e-02
-1.514199999999999921e-02
-1.514199999999999921e-02
-1.514199999999999921e-02
-1.514199999999999921e-02
-1.514199999999999921e-02
-1.514199999999999921e-02
-1.514199999999999921e-02
-1.514199999999999921e-02
-1.514199999999999921e-02
-1.514199999999999921e-02
-1.513849999999999918e-02
-1.513849999999999918e-02
-1.513849999999999918e-02
-1.513849999999999918e-02
-1.513600000000000015e-02
-1.512149999999999953e-02
-1.512149999999999953e-02
-1.512149999999999953e-02
-1.512149999999999953e-02
-1.512149999999999953e-02
-1.512149999999999953e-02
-1.512149999999999953e-02
-1.512149999999999953e-02
-1.512149999999999953e-02
-1.512149999999999953e-02
-1.512149999999999953e-02
-1.512149999999999953e-02
-1.512149999999999953e-02
-1.512149999999999953e-02
-1.512149999999999953e-02
-1.512149999999999953e-02
-1.512149999999999953e-02
-1.512149999999999953e-02
-1.512149999999999953e-02
-1.512149999999999953e-02
-1.512149999999999953e-02
-1.512149999999999953e-02
-1.512149999999999953e-02
-1.512149999999999953e-02
-1.512149999999999953e-02
-1.512149999999999953e-02
-1.512149999999999953e-02
-1.512149999999999953e-02
-1.512149999999999953e-02
-1.512149999999999953e-02
-1.512149999999999953e-02
-1.512149999999999953e-02
-1.512149999999999953e-02
-1.512149999999999953e-02
-1.512149999999999953e-02
-1.512149999999999953e-02
-1.510549999999999914e-02
-1.510549999999999914e-02
-1.510549999999999914e-02
-1.510549999999999914e-02
-1.510399999999999937e-02
-1.510399999999999937e-02
-1.510350000000000061e-02
-1.510350000000000061e-02
-1.510350000000000061e-02
-1.510350000000000061e-02
-1.510350000000000061e-02
-1.510350000000000061e-02
-1.510350000000000061e-02
-1.510350000000000061e-02
-1.510350000000000061e-02
-1.510300000000000011e-02
-1.510300000000000011e-02
-1.508499999999999945e-02
-1.508499999999999945e-02
-1.508499999999999945e-02
-1.508499999999999945e-02
-1.508499999999999945e-02
-1.508499999999999945e-02
-1.508499999999999945e-02
-1.508499999999999945e-02
-1.508499999999999945e-02
-1.508499999999999945e-02
-1.508499999999999945e-02
-1.508499999999999945e-02
-1.508499999999999945e-02
-1.508499999999999945e-02
-1.508499999999999945e-02
-1.508499999999999945e-02
-1.508499999999999945e-02
-1.508499999999999945e-02
-1.508499999999999945e-02
-1.508499999999999945e-02
-1.508499999999999945e-02
-1.508499999999999945e-02
-1.508499999999999945e-02
-1.508499999999999945e-02
-1.508499999999999945e-02
-1.508499999999999945e-02
-1.508499999999999945e-02
-1.508499999999999945e-02
-1.508499999999999945e-02
-1.508499999999999945e-02
-1.508499999999999945e-02
-1.508499999999999945e-02
-1.508499999999999945e-02
-1.508499999999999945e-02
-1.508499999999999945e-02
-1.508499999999999945e-02
-1.508499999999999945e-02
-1.508499999999999945e-02
-1.508499999999999945e-02
-1.508499999999999945e-02
-1.508499999999999945e-02
-1.508499999999999945e-02
-1.508499999999999945e-02
-1.508499999999999945e-02
-1.508499999999999945e-02
-1.508499999999999945e-02
-1.508499999999999945e-02
-1.508499999999999945e-02
-1.508499999999999945e-02
-1.508499999999999945e-02
-1.508499999999999945e-02
-1.508499999999999945e-02
-1.508499999999999945e-02
-1.508499999999999945e-02
-1.508499999999999945e-02
-1.508499999999999945e-02
-1.508499999999999945e-02
-1.508499999999999945e-02
-1.508499999999999945e-02
-1.508499999999999945e-02
-1.508499999999999945e-02
-1.508299999999999919e-02
-1.508299999999999919e-02
-1.508299999999999919e-02
-1.507799999999999939e-02
-1.507799999999999939e-02
-1.507350000000000009e-02
-1.507299999999999959e-02
-1.507299999999999959e-02
-1.507299999999999959e-02
-1.507299999999999959e-02
-1.507299999999999959e-02
-1.507299999999999959e-02
-1.507299999999999959e-02
-1.507149999999999983e-02
-1.507149999999999983e-02
-1.506900000000000080e-02
-1.506850000000000030e-02
-1.506350000000000050e-02
-1.506350000000000050e-02
-1.506350000000000050e-02
-1.506350000000000050e-02
-1.506350000000000050e-02
-1.506350000000000050e-02
-1.506300000000000000e-02
-1.506300000000000000e-02
-1.506300000000000000e-02
-1.506300000000000000e-02
-1.506300000000000000e-02
-1.506300000000000000e-02
-1.506300000000000000e-02
-1.506300000000000000e-02
-1.506300000000000000e-02
-1.506300000000000000e-02
-1.506300000000000000e-02
-1.506249999999999950e-02
-1.506249999999999950e-02
-1.506249999999999950e-02
-1.506249999999999950e-02
-1.506249999999999950e-02
-1.506249999999999950e-02
-1.506249999999999950e-02
-1.506249999999999950e-02
-1.506249999999999950e-02
-1.506249999999999950e-02
-1.506249999999999950e-02
-1.506249999999999950e-02
-1.506249999999999950e-02
-1.506249999999999950e-02
-1.506249999999999950e-02
-1.506249999999999950e-02
-1.506249999999999950e-02
-1.506249999999999950e-02
-1.506249999999999950e-02
-1.506249999999999950e-02
-1.506249999999999950e-02
-1.506249999999999950e-02
-1.506249999999999950e-02
-1.506249999999999950e-02
-1.506249999999999950e-02
-1.506249999999999950e-02
-1.506249999999999950e-02
-1.506249999999999950e-02
-1.506249999999999950e-02
-1.506249999999999950e-02
-1.506249999999999950e-02
-1.506249999999999950e-02
-1.506249999999999950e-02
-1.506249999999999950e-02
-1.506249999999999950e-02
-1.506249999999999950e-02
-1.506249999999999950e-02
-1.506249999999999950e-02
-1.506249999999999950e-02
-1.506249999999999950e-02
-1.506249999999999950e-02
-1.506249999999999950e-02
-1.506249999999999950e-02
-1.506249999999999950e-02
-1.506249999999999950e-02
-1.506249999999999950e-02
-1.506249999999999950e-02
-1.506249999999999950e-02
-1.506249999999999950e-02
-1.506249999999999950e-02
-1.506249999999999950e-02
-1.506249999999999950e-02
-1.506249999999999950e-02
-1.506249999999999950e-02
-1.506249999999999950e-02
-1.506249999999999950e-02
-1.506249999999999950e-02
-1.506249999999999950e-02
-1.506249999999999950e-02
-1.506249999999999950e-02
-1.506249999999999950e-02
-1.506249999999999950e-02
-1.506249999999999950e-02
-1.506249999999999950e-02
-1.506249999999999950e-02
-1.506249999999999950e-02
-1.506249999999999950e-02
-1.506249999999999950e-02
-1.506249999999999950e-02
-1.506249999999999950e-02
-1.506249999999999950e-02
-1.506249999999999950e-02
-1.506249999999999950e-02
-1.505850000000000070e-02
-1.505850000000000070e-02
-1.505850000000000070e-02
-1.505749999999999970e-02
-1.504899999999999988e-02
-1.504899999999999988e-02
-1.504499999999999935e-02
-1.504499999999999935e-02
-1.503900000000000028e-02
-1.503900000000000028e-02
-1.503900000000000028e-02
-1.503900000000000028e-02
-1.503900000000000028e-02
-1.503900000000000028e-02
-1.503900000000000028e-02
-1.503900000000000028e-02
-1.503900000000000028e-02
-1.503900000000000028e-02
-1.503900000000000028e-02
-1.503900000000000028e-02
-1.503900000000000028e-02
-1.503900000000000028e-02
-1.503900000000000028e-02
-1.503900000000000028e-02
-1.503900000000000028e-02
-1.503900000000000028e-02
-1.503900000000000028e-02
-1.503900000000000028e-02
-1.503900000000000028e-02
-1.503900000000000028e-02
-1.503900000000000028e-02
-1.503900000000000028e-02
-1.503900000000000028e-02
-1.503900000000000028e-02
-1.503900000000000028e-02
-1.503900000000000028e-02
-1.503550000000000025e-02
-1.503550000000000025e-02
-1.503550000000000025e-02
-1.503550000000000025e-02
-1.503550000000000025e-02
-1.503550000000000025e-02
-1.503550000000000025e-02
-1.503499999999999975e-02
-1.503499999999999975e-02
-1.503499999999999975e-02
-1.503499999999999975e-02
-1.503499999999999975e-02
-1.503499999999999975e-02
-1.503499999999999975e-02
-1.503499999999999975e-02
-1.503499999999999975e-02
-1.503499999999999975e-02
-1.503499999999999975e-02
-1.503499999999999975e-02
-1.503499999999999975e-02
-1.503499999999999975e-02
-1.503499999999999975e-02
-1.503499999999999975e-02
-1.503499999999999975e-02
-1.503499999999999975e-02
-1.503499999999999975e-02
-1.503499999999999975e-02
-1.503499999999999975e-02
-1.503499999999999975e-02
-1.503499999999999975e-02
-1.503499999999999975e-02
-1.503499999999999975e-02
-1.503499999999999975e-02
-1.503499999999999975e-02
-1.503499999999999975e-02
-1.503499999999999975e-02
-1.503499999999999975e-02
-1.503499999999999975e-02
-1.503499999999999975e-02
-1.503499999999999975e-02
-1.503499999999999975e-02
-1.503499999999999975e-02
-1.503499999999999975e-02
-1.503499999999999975e-02
-1.503499999999999975e-02
-1.503499999999999975e-02
-1.503499999999999975e-02
-1.503499999999999975e-02
-1.503499999999999975e-02
-1.503499999999999975e-02
-1.503499999999999975e-02
-1.503499999999999975e-02
-1.503499999999999975e-02
-1.503499999999999975e-02
-1.503499999999999975e-02
-1.503499999999999975e-02
-1.503499999999999975e-02
-1.503499999999999975e-02
-1.503499999999999975e-02
-1.503499999999999975e-02
-1.503499999999999975e-02
-1.503499999999999975e-02
-1.503499999999999975e-02
-1.503499999999999975e-02
-1.503499999999999975e-02
-1.503499999999999975e-02
-1.503499999999999975e-02
-1.503499999999999975e-02
-1.503499999999999975e-02
-1.503499999999999975e-02
-1.503499999999999975e-02
-1.503499999999999975e-02
-1.503499999999999975e-02
-1.503499999999999975e-02
-1.503499999999999975e-02
-1.503499999999999975e-02
-1.503499999999999975e-02
-1.503499999999999975e-02
-1.503499999999999975e-02
-1.503499999999999975e-02
-1.503499999999999975e-02
-1.503499999999999975e-02
-1.503499999999999975e-02
-1.503499999999999975e-02
-1.503499999999999975e-02
-1.503499999999999975e-02
-1.503499999999999975e-02
-1.503499999999999975e-02
-1.503499999999999975e-02
-1.503499999999999975e-02
-1.503499999999999975e-02
-1.503499999999999975e-02
-1.503499999999999975e-02
-1.503499999999999975e-02
-1.503499999999999975e-02
-1.503499999999999975e-02
-1.503499999999999975e-02
-1.503499999999999975e-02
-1.503499999999999975e-02
-1.503499999999999975e-02
-1.503499999999999975e-02
-1.503499999999999975e-02
-1.503499999999999975e-02
-1.503499999999999975e-02
-1.503499999999999975e-02
-1.503499999999999975e-02
-1.503499999999999975e-02
-1.503499999999999975e-02
-1.503499999999999975e-02
-1.503499999999999975e-02
-1.503499999999999975e-02
-1.503499999999999975e-02
-1.503499999999999975e-02
-1.503499999999999975e-02
-1.503499999999999975e-02
-1.503499999999999975e-02
-1.503499999999999975e-02
-1.503499999999999975e-02
-1.503499999999999975e-02
-1.503499999999999975e-02
-1.503499999999999975e-02
-1.503499999999999975e-02
-1.503499999999999975e-02
-1.503499999999999975e-02
-1.503499999999999975e-02
-1.503499999999999975e-02
-1.503499999999999975e-02
-1.503499999999999975e-02
-1.503499999999999975e-02
-1.503499999999999975e-02
-1.503499999999999975e-02
-1.503499999999999975e-02
-1.503499999999999975e-02
-1.503499999999999975e-02
-1.503499999999999975e-02
-1.503499999999999975e-02
-1.503499999999999975e-02
-1.503499999999999975e-02
-1.503499999999999975e-02
-1.503499999999999975e-02
-1.503499999999999975e-02
-1.503499999999999975e-02
-1.503499999999999975e-02
-1.503499999999999975e-02
-1.503499999999999975e-02
-1.503499999999999975e-02
-1.503499999999999975e-02
-1.503499999999999975e-02
-1.503499999999999975e-02
-1.503499999999999975e-02
-1.503499999999999975e-02
-1.503499999999999975e-02
-1.503499999999999975e-02
-1.503499999999999975e-02
-1.503499999999999975e-02
-1.503499999999999975e-02
-1.503499999999999975e-02
-1.503499999999999975e-02
-1.503499999999999975e-02
-1.503499999999999975e-02
-1.503499999999999975e-02
-1.503499999999999975e-02
-1.503499999999999975e-02
-1.503499999999999975e-02
-1.503499999999999975e-02
-1.503499999999999975e-02
-1.503499999999999975e-02
-1.503499999999999975e-02
-1.503499999999999975e-02
-1.503499999999999975e-02
-1.503499999999999975e-02
-1.503499999999999975e-02
-1.503499999999999975e-02
-1.503499999999999975e-02
-1.503499999999999975e-02
-1.503499999999999975e-02
-1.503499999999999975e-02
-1.503499999999999975e-02
-1.503499999999999975e-02
-1.503499999999999975e-02
-1.503099999999999922e-02
-1.503099999999999922e-02
-1.503099999999999922e-02
-1.502749999999999919e-02
-1.502749999999999919e-02
-1.502749999999999919e-02
-1.502749999999999919e-02
-1.502749999999999919e-02
-1.502749999999999919e-02
-1.502749999999999919e-02
-1.502749999999999919e-02
-1.502749999999999919e-02
-1.502749999999999919e-02
-1.502749999999999919e-02
-1.502749999999999919e-02
-1.502749999999999919e-02
-1.502749999999999919e-02
-1.502749999999999919e-02
-1.502749999999999919e-02
-1.502749999999999919e-02
-1.502749999999999919e-02
-1.502749999999999919e-02
-1.502749999999999919e-02
-1.502749999999999919e-02
-1.502649999999999993e-02
-1.502649999999999993e-02
-1.502599999999999943e-02
-1.502500000000000016e-02
-1.502500000000000016e-02
-1.502500000000000016e-02
-1.502500000000000016e-02
-1.502500000000000016e-02
-1.502500000000000016e-02
-1.502500000000000016e-02
-1.502500000000000016e-02
-1.502500000000000016e-02
-1.502500000000000016e-02
-1.502500000000000016e-02
-1.502500000000000016e-02
-1.502500000000000016e-02
-1.502500000000000016e-02
-1.502500000000000016e-02
-1.502500000000000016e-02
-1.502500000000000016e-02
-1.502500000000000016e-02
-1.502500000000000016e-02
-1.502500000000000016e-02
-1.502500000000000016e-02
-1.502500000000000016e-02
-1.502500000000000016e-02
-1.502500000000000016e-02
-1.502500000000000016e-02
-1.502500000000000016e-02
-1.502500000000000016e-02
-1.502500000000000016e-02
-1.502500000000000016e-02
-1.502500000000000016e-02
-1.502500000000000016e-02
-1.502500000000000016e-02
-1.502500000000000016e-02
-1.502500000000000016e-02
-1.502500000000000016e-02
-1.502500000000000016e-02
-1.502500000000000016e-02
-1.502500000000000016e-02
-1.502500000000000016e-02
-1.502500000000000016e-02
-1.502500000000000016e-02
-1.502500000000000016e-02
-1.502500000000000016e-02
-1.502500000000000016e-02
-1.502500000000000016e-02
-1.502500000000000016e-02
-1.502500000000000016e-02
-1.502500000000000016e-02
-1.502500000000000016e-02
-1.502500000000000016e-02
-1.502500000000000016e-02
-1.502500000000000016e-02
-1.502500000000000016e-02
-1.502500000000000016e-02
-1.502500000000000016e-02
-1.502500000000000016e-02
-1.502500000000000016e-02
-1.502500000000000016e-02
-1.502500000000000016e-02
-1.502500000000000016e-02
-1.502500000000000016e-02
-1.502500000000000016e-02
-1.502500000000000016e-02
-1.502500000000000016e-02
-1.502500000000000016e-02
-1.502500000000000016e-02
-1.502500000000000016e-02
-1.502500000000000016e-02
-1.502500000000000016e-02
-1.502500000000000016e-02
-1.502500000000000016e-02
-1.502500000000000016e-02
-1.502500000000000016e-02
-1.502500000000000016e-02
-1.502500000000000016e-02
-1.502500000000000016e-02
-1.502500000000000016e-02
-1.502500000000000016e-02
-1.502500000000000016e-02
-1.502500000000000016e-02
-1.502500000000000016e-02
-1.502500000000000016e-02
-1.502500000000000016e-02
-1.502500000000000016e-02
-1.502500000000000016e-02
-1.502500000000000016e-02
-1.502500000000000016e-02
-1.502500000000000016e-02
-1.502500000000000016e-02
-1.502500000000000016e-02
-1.502500000000000016e-02
-1.502500000000000016e-02
-1.502500000000000016e-02
-1.502500000000000016e-02
-1.502500000000000016e-02
-1.502500000000000016e-02
-1.502500000000000016e-02
-1.502500000000000016e-02
-1.502500000000000016e-02
-1.502500000000000016e-02
-1.502500000000000016e-02
-1.502500000000000016e-02
-1.502500000000000016e-02
-1.502500000000000016e-02
-1.502500000000000016e-02
-1.502500000000000016e-02
-1.502500000000000016e-02
-1.502500000000000016e-02
-1.502500000000000016e-02
-1.502500000000000016e-02
-1.502500000000000016e-02
-1.502500000000000016e-02
-1.502500000000000016e-02
-1.502500000000000016e-02
-1.502500000000000016e-02
-1.502500000000000016e-02
-1.502500000000000016e-02
-1.502500000000000016e-02
-1.502500000000000016e-02
-1.502500000000000016e-02
-1.502500000000000016e-02
-1.502500000000000016e-02
-1.502500000000000016e-02
-1.502500000000000016e-02
-1.502500000000000016e-02
-1.502500000000000016e-02
-1.502500000000000016e-02
-1.502500000000000016e-02
-1.502500000000000016e-02
-1.502500000000000016e-02
-1.502500000000000016e-02
-1.502500000000000016e-02
-1.502500000000000016e-02
-1.502500000000000016e-02
-1.502500000000000016e-02
-1.502500000000000016e-02
-1.502500000000000016e-02
-1.502500000000000016e-02
-1.502500000000000016e-02
-1.502500000000000016e-02
-1.502500000000000016e-02
-1.502500000000000016e-02
-1.502500000000000016e-02
-1.502500000000000016e-02
-1.502500000000000016e-02
-1.502500000000000016e-02
-1.502500000000000016e-02
-1.502500000000000016e-02
-1.502500000000000016e-02
-1.502500000000000016e-02
-1.502500000000000016e-02
-1.502500000000000016e-02
-1.502500000000000016e-02
-1.502500000000000016e-02
-1.502500000000000016e-02
-1.502500000000000016e-02
-1.502500000000000016e-02
-1.502500000000000016e-02
-1.502500000000000016e-02
-1.502500000000000016e-02
-1.502500000000000016e-02
-1.502500000000000016e-02
-1.502500000000000016e-02
-1.502500000000000016e-02
-1.502500000000000016e-02
-1.502500000000000016e-02
-1.502500000000000016e-02
-1.502500000000000016e-02
-1.502500000000000016e-02
-1.502500000000000016e-02
-1.502500000000000016e-02
-1.502500000000000016e-02
-1.502500000000000016e-02
-1.502500000000000016e-02
