6.619792552705661137e-01
8.625699552228540679e-01
5.500394021536365585e-01
7.066300703333063815e-01
7.879854824411212100e-01
6.232438644539455286e-01
8.215759157308426541e-01
8.474131991539790576e-01
5.478374927780786940e-01
7.397584907362513285e-01
8.771003300253250590e-01
6.820403758171407205e-01
7.929267212946513599e-01
8.351541377694882140e-01
6.160043623433277826e-01
9.218057689690688505e-01
7.877341018627224134e-01
4.777617134469100968e-01
7.275082113290353147e-01
7.535497146188281370e-01
2.638416571512513520e-01
8.978042002098434171e-01
8.675828272165204691e-01
4.813866321572791707e-01
