-1.161900000000000016e-01
-1.122245000000000048e-01
-1.094220000000000054e-01
-1.033104999999999996e-01
-1.003484999999999933e-01
-9.477199999999999513e-02
-9.353150000000000353e-02
-8.903850000000000653e-02
-8.627749999999999309e-02
-8.495850000000000624e-02
-7.876099999999999768e-02
-7.876099999999999768e-02
-7.745050000000000545e-02
-7.549450000000000605e-02
-7.383900000000000186e-02
-7.104000000000000592e-02
-6.836499999999999522e-02
-6.406649999999999845e-02
-6.213500000000000273e-02
-6.213500000000000273e-02
-5.788100000000000189e-02
-5.788100000000000189e-02
-5.704349999999999699e-02
-4.992499999999999716e-02
-4.992499999999999716e-02
-4.959199999999999720e-02
-4.623700000000000032e-02
-4.623700000000000032e-02
-4.390399999999999858e-02
-4.288349999999999801e-02
-4.092450000000000254e-02
-3.879149999999999959e-02
-3.605599999999999777e-02
-3.424499999999999766e-02
-3.424499999999999766e-02
-3.291750000000000231e-02
-3.291750000000000231e-02
-3.169550000000000145e-02
-3.061099999999999932e-02
-2.931200000000000125e-02
-2.778850000000000070e-02
-2.732450000000000156e-02
-2.611749999999999836e-02
-2.559449999999999920e-02
-2.424799999999999872e-02
-2.361500000000000057e-02
-2.273849999999999830e-02
-2.126700000000000118e-02
-2.002999999999999919e-02
-1.832150000000000098e-02
-1.832150000000000098e-02
-1.683799999999999880e-02
-1.593999999999999931e-02
-1.593999999999999931e-02
-1.587250000000000119e-02
-1.519749999999999920e-02
-1.432899999999999972e-02
-1.360349999999999927e-02
-1.360349999999999927e-02
-1.268249999999999933e-02
-1.251449999999999958e-02
-1.149200000000000048e-02
-1.081350000000000020e-02
-1.078250000000000042e-02
-8.895500000000000629e-03
-8.895500000000000629e-03
-8.377000000000000765e-03
-7.628499999999999864e-03
-6.773000000000000374e-03
-6.773000000000000374e-03
-5.756999999999999965e-03
-5.566500000000000267e-03
-4.922000000000000160e-03
-4.016500000000000105e-03
-4.016500000000000105e-03
-3.843500000000000128e-03
-3.842499999999999995e-03
-3.487000000000000082e-03
-2.996500000000000032e-03
-2.579500000000000196e-03
-2.341499999999999831e-03
-2.182499999999999978e-03
-2.182499999999999978e-03
-2.182499999999999978e-03
-2.173000000000000018e-03
-2.171999999999999886e-03
-2.168499999999999855e-03
-2.165999999999999957e-03
-2.165999999999999957e-03
-2.165499999999999890e-03
-2.164999999999999824e-03
-2.164999999999999824e-03
-2.164999999999999824e-03
-2.164999999999999824e-03
-2.164999999999999824e-03
-2.164999999999999824e-03
-2.164999999999999824e-03
-2.164999999999999824e-03
-2.164999999999999824e-03
-2.164999999999999824e-03
-2.164999999999999824e-03
-2.164999999999999824e-03
-2.164999999999999824e-03
-2.164999999999999824e-03
-2.164999999999999824e-03
-2.164999999999999824e-03
-2.164999999999999824e-03
-2.164500000000000191e-03
-2.164500000000000191e-03
-2.164500000000000191e-03
-2.164500000000000191e-03
-2.164500000000000191e-03
-2.164500000000000191e-03
-2.164500000000000191e-03
-2.164500000000000191e-03
-2.164500000000000191e-03
-2.164500000000000191e-03
-2.164500000000000191e-03
-2.164500000000000191e-03
-2.164500000000000191e-03
-2.164500000000000191e-03
-2.164500000000000191e-03
-2.164500000000000191e-03
-2.164500000000000191e-03
-2.164500000000000191e-03
-2.164500000000000191e-03
-2.164500000000000191e-03
-2.164500000000000191e-03
-2.164500000000000191e-03
-2.164500000000000191e-03
-2.164500000000000191e-03
-2.164500000000000191e-03
-2.164500000000000191e-03
-2.164500000000000191e-03
-2.164500000000000191e-03
-2.164500000000000191e-03
-2.164500000000000191e-03
-2.164500000000000191e-03
-2.164500000000000191e-03
-2.164500000000000191e-03
-2.164500000000000191e-03
-2.164500000000000191e-03
-2.164500000000000191e-03
-2.164500000000000191e-03
-2.164500000000000191e-03
-2.164500000000000191e-03
-2.164500000000000191e-03
-2.164500000000000191e-03
-2.164500000000000191e-03
-2.164500000000000191e-03
-2.164500000000000191e-03
-2.164500000000000191e-03
-2.164500000000000191e-03
-2.164500000000000191e-03
-2.164500000000000191e-03
-2.164500000000000191e-03
-2.164500000000000191e-03
-2.164500000000000191e-03
-2.164500000000000191e-03
-2.164500000000000191e-03
-2.164500000000000191e-03
-2.164500000000000191e-03
-2.164500000000000191e-03
-2.164500000000000191e-03
-2.164500000000000191e-03
-2.164500000000000191e-03
-2.164500000000000191e-03
-2.164500000000000191e-03
-2.164500000000000191e-03
-2.164500000000000191e-03
-2.164500000000000191e-03
-2.164500000000000191e-03
-2.164500000000000191e-03
-2.164500000000000191e-03
-2.164500000000000191e-03
-2.164500000000000191e-03
-2.164500000000000191e-03
-2.164500000000000191e-03
-2.164500000000000191e-03
-2.164500000000000191e-03
-2.164500000000000191e-03
-2.164500000000000191e-03
-2.164500000000000191e-03
-2.164500000000000191e-03
-2.164500000000000191e-03
-2.164500000000000191e-03
-2.164500000000000191e-03
-2.164500000000000191e-03
-2.164500000000000191e-03
-2.164500000000000191e-03
-2.164500000000000191e-03
-2.164500000000000191e-03
-2.164500000000000191e-03
-2.164500000000000191e-03
-2.164500000000000191e-03
-2.164500000000000191e-03
-2.164500000000000191e-03
-2.164500000000000191e-03
-2.164500000000000191e-03
-2.164500000000000191e-03
-2.164500000000000191e-03
-2.164500000000000191e-03
-2.164500000000000191e-03
-2.164500000000000191e-03
-2.164500000000000191e-03
-2.164500000000000191e-03
-2.164500000000000191e-03
-2.164500000000000191e-03
-2.164500000000000191e-03
-2.164500000000000191e-03
-2.164500000000000191e-03
-2.164500000000000191e-03
-2.164500000000000191e-03
-2.164500000000000191e-03
-2.164500000000000191e-03
-2.164500000000000191e-03
-2.164500000000000191e-03
-2.164500000000000191e-03
-2.164500000000000191e-03
-2.164500000000000191e-03
-2.164500000000000191e-03
-2.164500000000000191e-03
-2.164500000000000191e-03
-2.164500000000000191e-03
-2.164500000000000191e-03
-2.164500000000000191e-03
-2.164500000000000191e-03
-2.164500000000000191e-03
-2.164500000000000191e-03
-2.164500000000000191e-03
-2.164500000000000191e-03
-2.164500000000000191e-03
-2.164500000000000191e-03
-2.164500000000000191e-03
-2.164500000000000191e-03
-2.164500000000000191e-03
-2.164500000000000191e-03
-2.164500000000000191e-03
-2.164500000000000191e-03
-2.164500000000000191e-03
-2.164500000000000191e-03
-2.164500000000000191e-03
-2.164500000000000191e-03
-2.164500000000000191e-03
-2.164500000000000191e-03
-2.164500000000000191e-03
-2.164500000000000191e-03
-2.164500000000000191e-03
-2.164500000000000191e-03
-2.164500000000000191e-03
-2.164500000000000191e-03
-2.164500000000000191e-03
-2.164500000000000191e-03
-2.164500000000000191e-03
-2.164500000000000191e-03
-2.164500000000000191e-03
-2.164500000000000191e-03
-2.164500000000000191e-03
-2.164500000000000191e-03
-2.164500000000000191e-03
-2.164500000000000191e-03
-2.164500000000000191e-03
-2.164500000000000191e-03
-2.164500000000000191e-03
-2.164500000000000191e-03
-2.164500000000000191e-03
-2.164500000000000191e-03
-2.164500000000000191e-03
-2.164500000000000191e-03
-2.164500000000000191e-03
-2.164500000000000191e-03
-2.164500000000000191e-03
-2.164500000000000191e-03
-2.164500000000000191e-03
-2.164500000000000191e-03
-2.164500000000000191e-03
-2.164500000000000191e-03
-2.164500000000000191e-03
-2.164500000000000191e-03
-2.164500000000000191e-03
-2.164500000000000191e-03
-2.164500000000000191e-03
-2.164500000000000191e-03
-2.164500000000000191e-03
-2.164500000000000191e-03
-2.164500000000000191e-03
-2.164500000000000191e-03
-2.164500000000000191e-03
-2.164500000000000191e-03
-2.164500000000000191e-03
-2.164500000000000191e-03
-2.164500000000000191e-03
-2.164500000000000191e-03
-2.164500000000000191e-03
-2.164500000000000191e-03
-2.164500000000000191e-03
-2.164500000000000191e-03
-2.164500000000000191e-03
-2.164500000000000191e-03
-2.164500000000000191e-03
-2.164500000000000191e-03
-2.164500000000000191e-03
-2.164500000000000191e-03
-2.164500000000000191e-03
-2.164500000000000191e-03
-2.164500000000000191e-03
-2.164500000000000191e-03
-2.164500000000000191e-03
-2.164500000000000191e-03
-2.164500000000000191e-03
-2.164500000000000191e-03
-2.164500000000000191e-03
-2.164500000000000191e-03
-2.164500000000000191e-03
-2.164500000000000191e-03
-2.164500000000000191e-03
-2.164500000000000191e-03
-2.164500000000000191e-03
-2.164500000000000191e-03
-2.164500000000000191e-03
-2.164500000000000191e-03
-2.164500000000000191e-03
-2.164500000000000191e-03
-2.164500000000000191e-03
-2.164500000000000191e-03
-2.164500000000000191e-03
-2.164500000000000191e-03
-2.164500000000000191e-03
-2.164500000000000191e-03
-2.164500000000000191e-03
-2.164500000000000191e-03
-2.164500000000000191e-03
-2.164500000000000191e-03
-2.164500000000000191e-03
-2.164500000000000191e-03
-2.164500000000000191e-03
-2.164500000000000191e-03
-2.164500000000000191e-03
-2.164500000000000191e-03
-2.164500000000000191e-03
-2.164500000000000191e-03
-2.164500000000000191e-03
-2.164500000000000191e-03
-2.164500000000000191e-03
-2.164500000000000191e-03
-2.164500000000000191e-03
-2.164500000000000191e-03
-2.164500000000000191e-03
-2.164500000000000191e-03
-2.164500000000000191e-03
-2.164500000000000191e-03
-2.164500000000000191e-03
-2.164500000000000191e-03
-2.164500000000000191e-03
-2.164500000000000191e-03
-2.164500000000000191e-03
-2.164500000000000191e-03
-2.164500000000000191e-03
-2.164500000000000191e-03
-2.164500000000000191e-03
-2.164500000000000191e-03
-2.164500000000000191e-03
-2.164500000000000191e-03
-2.164500000000000191e-03
-2.164500000000000191e-03
-2.164500000000000191e-03
-2.164500000000000191e-03
-2.164500000000000191e-03
-2.164500000000000191e-03
-2.164500000000000191e-03
-2.164500000000000191e-03
-2.164500000000000191e-03
-2.164500000000000191e-03
-2.164500000000000191e-03
-2.164500000000000191e-03
-2.164500000000000191e-03
-2.164500000000000191e-03
-2.164500000000000191e-03
-2.164500000000000191e-03
-2.164500000000000191e-03
-2.164500000000000191e-03
-2.164500000000000191e-03
-2.164500000000000191e-03
-2.164500000000000191e-03
-2.164500000000000191e-03
-2.164500000000000191e-03
-2.164500000000000191e-03
-2.164500000000000191e-03
-2.164500000000000191e-03
-2.164500000000000191e-03
-2.164500000000000191e-03
-2.164500000000000191e-03
-2.164500000000000191e-03
-2.164500000000000191e-03
-2.164500000000000191e-03
-2.164500000000000191e-03
-2.164500000000000191e-03
-2.164500000000000191e-03
-2.164500000000000191e-03
-2.164500000000000191e-03
-2.164500000000000191e-03
-2.164500000000000191e-03
-2.164500000000000191e-03
-2.164500000000000191e-03
-2.164500000000000191e-03
-2.164500000000000191e-03
-2.164500000000000191e-03
-2.164500000000000191e-03
-2.164500000000000191e-03
-2.164500000000000191e-03
-2.164500000000000191e-03
-2.164500000000000191e-03
-2.164500000000000191e-03
-2.164500000000000191e-03
-2.164500000000000191e-03
-2.164500000000000191e-03
-2.164500000000000191e-03
-2.164500000000000191e-03
-2.164500000000000191e-03
-2.164500000000000191e-03
-2.164500000000000191e-03
-2.164500000000000191e-03
-2.164500000000000191e-03
-2.164500000000000191e-03
-2.164500000000000191e-03
-2.164500000000000191e-03
-2.164500000000000191e-03
-2.164500000000000191e-03
-2.164500000000000191e-03
-2.164500000000000191e-03
-2.164500000000000191e-03
-2.164500000000000191e-03
-2.164500000000000191e-03
-2.164500000000000191e-03
-2.164500000000000191e-03
-2.164500000000000191e-03
-2.164500000000000191e-03
-2.164500000000000191e-03
-2.164500000000000191e-03
-2.164500000000000191e-03
-2.164500000000000191e-03
-2.164500000000000191e-03
-2.164500000000000191e-03
-2.164500000000000191e-03
-2.164500000000000191e-03
-2.164500000000000191e-03
-2.164500000000000191e-03
-2.164500000000000191e-03
-2.164500000000000191e-03
-2.164500000000000191e-03
-2.164500000000000191e-03
-2.164500000000000191e-03
-2.164500000000000191e-03
-2.164500000000000191e-03
-2.164500000000000191e-03
-2.164500000000000191e-03
-2.164500000000000191e-03
-2.164500000000000191e-03
-2.164500000000000191e-03
-2.164500000000000191e-03
-2.164500000000000191e-03
-2.164500000000000191e-03
-2.164500000000000191e-03
-2.164500000000000191e-03
-2.164500000000000191e-03
-2.164500000000000191e-03
-2.164500000000000191e-03
-2.164500000000000191e-03
-2.164500000000000191e-03
-2.164500000000000191e-03
-2.164500000000000191e-03
-2.164500000000000191e-03
-2.164500000000000191e-03
-2.164500000000000191e-03
-2.164500000000000191e-03
-2.164500000000000191e-03
-2.164500000000000191e-03
-2.164500000000000191e-03
-2.164500000000000191e-03
-2.164500000000000191e-03
-2.164500000000000191e-03
-2.164500000000000191e-03
-2.164500000000000191e-03
-2.164500000000000191e-03
-2.164500000000000191e-03
-2.164500000000000191e-03
-2.164500000000000191e-03
-2.164500000000000191e-03
-2.164500000000000191e-03
-2.164500000000000191e-03
-2.164500000000000191e-03
-2.164500000000000191e-03
-2.164500000000000191e-03
-2.164500000000000191e-03
-2.164500000000000191e-03
-2.164500000000000191e-03
-2.164500000000000191e-03
-2.164500000000000191e-03
-2.164500000000000191e-03
-2.164500000000000191e-03
-2.164500000000000191e-03
-2.164500000000000191e-03
-2.164500000000000191e-03
-2.164500000000000191e-03
-2.164500000000000191e-03
-2.164500000000000191e-03
-2.164500000000000191e-03
-2.164500000000000191e-03
-2.164500000000000191e-03
-2.164500000000000191e-03
-2.164500000000000191e-03
-2.164500000000000191e-03
-2.164500000000000191e-03
-2.164500000000000191e-03
-2.164500000000000191e-03
-2.164500000000000191e-03
-2.164500000000000191e-03
-2.164500000000000191e-03
-2.164500000000000191e-03
-2.164500000000000191e-03
-2.164500000000000191e-03
-2.164500000000000191e-03
-2.164500000000000191e-03
-2.164500000000000191e-03
-2.164500000000000191e-03
-2.164500000000000191e-03
-2.164500000000000191e-03
-2.164500000000000191e-03
-2.164500000000000191e-03
-2.164500000000000191e-03
-2.164500000000000191e-03
-2.164500000000000191e-03
-2.164500000000000191e-03
-2.164500000000000191e-03
-2.164500000000000191e-03
-2.164500000000000191e-03
-2.164500000000000191e-03
-2.164500000000000191e-03
-2.164500000000000191e-03
-2.164500000000000191e-03
-2.164500000000000191e-03
-2.164500000000000191e-03
-2.164500000000000191e-03
-2.164500000000000191e-03
-2.164500000000000191e-03
-2.164500000000000191e-03
-2.164500000000000191e-03
-2.164500000000000191e-03
-2.164500000000000191e-03
-2.164500000000000191e-03
-2.164500000000000191e-03
-2.164500000000000191e-03
-2.164500000000000191e-03
-2.164500000000000191e-03
-2.164500000000000191e-03
-2.164500000000000191e-03
-2.164500000000000191e-03
-2.164500000000000191e-03
-2.164500000000000191e-03
-2.164500000000000191e-03
-2.164500000000000191e-03
-2.164500000000000191e-03
-2.164500000000000191e-03
-2.164500000000000191e-03
-2.164500000000000191e-03
-2.164500000000000191e-03
-2.164500000000000191e-03
-2.164500000000000191e-03
-2.164500000000000191e-03
-2.164500000000000191e-03
-2.164500000000000191e-03
-2.164500000000000191e-03
-2.164500000000000191e-03
-2.164500000000000191e-03
-2.164500000000000191e-03
-2.164500000000000191e-03
-2.164500000000000191e-03
-2.164500000000000191e-03
-2.164500000000000191e-03
-2.164500000000000191e-03
-2.164500000000000191e-03
-2.164500000000000191e-03
-2.164500000000000191e-03
-2.164500000000000191e-03
-2.164500000000000191e-03
-2.164500000000000191e-03
-2.164500000000000191e-03
-2.164500000000000191e-03
-2.164500000000000191e-03
-2.164500000000000191e-03
-2.164500000000000191e-03
-2.164500000000000191e-03
-2.164500000000000191e-03
-2.164500000000000191e-03
-2.164500000000000191e-03
-2.164500000000000191e-03
-2.164500000000000191e-03
-2.164500000000000191e-03
-2.164500000000000191e-03
-2.164500000000000191e-03
-2.164500000000000191e-03
-2.164500000000000191e-03
-2.164500000000000191e-03
-2.164500000000000191e-03
-2.164500000000000191e-03
-2.164500000000000191e-03
-2.164500000000000191e-03
-2.164500000000000191e-03
-2.164500000000000191e-03
-2.164500000000000191e-03
-2.164500000000000191e-03
-2.164500000000000191e-03
-2.164500000000000191e-03
-2.164500000000000191e-03
-2.164500000000000191e-03
-2.164500000000000191e-03
-2.164500000000000191e-03
-2.164500000000000191e-03
-2.164500000000000191e-03
-2.164500000000000191e-03
-2.164500000000000191e-03
-2.164500000000000191e-03
-2.164500000000000191e-03
-2.164500000000000191e-03
-2.164500000000000191e-03
-2.164500000000000191e-03
-2.164500000000000191e-03
-2.164500000000000191e-03
-2.164500000000000191e-03
-2.164500000000000191e-03
-2.164500000000000191e-03
-2.164500000000000191e-03
-2.164500000000000191e-03
-2.164500000000000191e-03
-2.164500000000000191e-03
-2.164500000000000191e-03
-2.164500000000000191e-03
-2.164500000000000191e-03
-2.164500000000000191e-03
-2.164500000000000191e-03
-2.164500000000000191e-03
-2.164500000000000191e-03
-2.164500000000000191e-03
-2.164500000000000191e-03
-2.164500000000000191e-03
-2.164500000000000191e-03
-2.164500000000000191e-03
-2.164500000000000191e-03
-2.164500000000000191e-03
-2.164500000000000191e-03
-2.164500000000000191e-03
-2.164500000000000191e-03
-2.164500000000000191e-03
-2.164500000000000191e-03
-2.164500000000000191e-03
-2.164500000000000191e-03
-2.164500000000000191e-03
-2.164500000000000191e-03
-2.164500000000000191e-03
-2.164500000000000191e-03
-2.164500000000000191e-03
-2.164500000000000191e-03
-2.164500000000000191e-03
-2.164500000000000191e-03
-2.164500000000000191e-03
-2.164500000000000191e-03
-2.164500000000000191e-03
-2.164500000000000191e-03
-2.164500000000000191e-03
-2.164500000000000191e-03
-2.164500000000000191e-03
-2.164500000000000191e-03
-2.164500000000000191e-03
-2.164500000000000191e-03
-2.164500000000000191e-03
-2.164500000000000191e-03
-2.164500000000000191e-03
-2.164500000000000191e-03
-2.164500000000000191e-03
-2.164500000000000191e-03
-2.164500000000000191e-03
-2.164500000000000191e-03
-2.164500000000000191e-03
-2.164500000000000191e-03
-2.164500000000000191e-03
-2.164500000000000191e-03
-2.164500000000000191e-03
-2.164500000000000191e-03
-2.164500000000000191e-03
-2.164500000000000191e-03
-2.164500000000000191e-03
-2.164500000000000191e-03
-2.164500000000000191e-03
-2.164500000000000191e-03
-2.164500000000000191e-03
-2.164500000000000191e-03
-2.164500000000000191e-03
-2.164500000000000191e-03
-2.164500000000000191e-03
-2.164500000000000191e-03
-2.164500000000000191e-03
-2.164500000000000191e-03
-2.164500000000000191e-03
-2.164500000000000191e-03
-2.164500000000000191e-03
-2.164500000000000191e-03
-2.164500000000000191e-03
-2.164500000000000191e-03
-2.164500000000000191e-03
-2.164500000000000191e-03
-2.164500000000000191e-03
-2.164500000000000191e-03
-2.164500000000000191e-03
-2.164500000000000191e-03
-2.164500000000000191e-03
-2.164500000000000191e-03
-2.164500000000000191e-03
-2.164500000000000191e-03
-2.164500000000000191e-03
-2.164500000000000191e-03
-2.164500000000000191e-03
-2.164500000000000191e-03
-2.164500000000000191e-03
-2.164500000000000191e-03
-2.164500000000000191e-03
-2.164500000000000191e-03
-2.164500000000000191e-03
-2.164500000000000191e-03
-2.164500000000000191e-03
-2.164500000000000191e-03
-2.164500000000000191e-03
-2.164500000000000191e-03
-2.164500000000000191e-03
-2.164500000000000191e-03
-2.164500000000000191e-03
-2.164500000000000191e-03
-2.164500000000000191e-03
-2.164500000000000191e-03
-2.164500000000000191e-03
-2.164500000000000191e-03
-2.164500000000000191e-03
-2.164500000000000191e-03
-2.164500000000000191e-03
-2.164500000000000191e-03
-2.164500000000000191e-03
-2.164500000000000191e-03
-2.164500000000000191e-03
-2.164500000000000191e-03
-2.164500000000000191e-03
-2.164500000000000191e-03
-2.164500000000000191e-03
-2.164500000000000191e-03
-2.164500000000000191e-03
-2.164500000000000191e-03
-2.164500000000000191e-03
-2.164500000000000191e-03
-2.164500000000000191e-03
-2.164500000000000191e-03
-2.164500000000000191e-03
-2.164500000000000191e-03
-2.164500000000000191e-03
-2.164500000000000191e-03
-2.164500000000000191e-03
-2.164500000000000191e-03
-2.164500000000000191e-03
-2.164500000000000191e-03
-2.164500000000000191e-03
-2.164500000000000191e-03
-2.164500000000000191e-03
-2.164500000000000191e-03
-2.164500000000000191e-03
-2.164500000000000191e-03
-2.164500000000000191e-03
-2.164500000000000191e-03
-2.164500000000000191e-03
-2.164500000000000191e-03
-2.164500000000000191e-03
-2.164500000000000191e-03
-2.164500000000000191e-03
-2.164500000000000191e-03
-2.164500000000000191e-03
-2.164500000000000191e-03
-2.164500000000000191e-03
-2.164500000000000191e-03
-2.164500000000000191e-03
-2.164500000000000191e-03
-2.164500000000000191e-03
-2.164500000000000191e-03
-2.164500000000000191e-03
-2.164500000000000191e-03
-2.164500000000000191e-03
-2.164500000000000191e-03
-2.164500000000000191e-03
-2.164500000000000191e-03
-2.164500000000000191e-03
-2.164500000000000191e-03
-2.164500000000000191e-03
-2.164500000000000191e-03
-2.164500000000000191e-03
-2.164500000000000191e-03
-2.164500000000000191e-03
-2.164500000000000191e-03
-2.164500000000000191e-03
-2.164500000000000191e-03
-2.164500000000000191e-03
-2.164500000000000191e-03
-2.164500000000000191e-03
-2.164500000000000191e-03
-2.164500000000000191e-03
-2.164500000000000191e-03
-2.164500000000000191e-03
-2.164500000000000191e-03
-2.164500000000000191e-03
-2.164500000000000191e-03
-2.164500000000000191e-03
-2.164500000000000191e-03
-2.164500000000000191e-03
-2.164500000000000191e-03
-2.164500000000000191e-03
-2.164500000000000191e-03
-2.164500000000000191e-03
-2.164500000000000191e-03
-2.164500000000000191e-03
-2.164500000000000191e-03
-2.164500000000000191e-03
-2.164500000000000191e-03
-2.164500000000000191e-03
-2.164500000000000191e-03
-2.164500000000000191e-03
-2.164500000000000191e-03
-2.164500000000000191e-03
-2.164500000000000191e-03
-2.164500000000000191e-03
-2.164500000000000191e-03
-2.164500000000000191e-03
-2.164500000000000191e-03
-2.164500000000000191e-03
-2.164500000000000191e-03
-2.164500000000000191e-03
-2.164500000000000191e-03
-2.164500000000000191e-03
-2.164500000000000191e-03
-2.164500000000000191e-03
-2.164500000000000191e-03
-2.164500000000000191e-03
-2.164500000000000191e-03
-2.164500000000000191e-03
-2.164500000000000191e-03
-2.164500000000000191e-03
-2.164500000000000191e-03
-2.164500000000000191e-03
-2.164500000000000191e-03
-2.164500000000000191e-03
-2.164500000000000191e-03
-2.164500000000000191e-03
-2.164500000000000191e-03
-2.164500000000000191e-03
-2.164500000000000191e-03
-2.164500000000000191e-03
-2.164500000000000191e-03
-2.164500000000000191e-03
-2.164500000000000191e-03
-2.164500000000000191e-03
-2.164500000000000191e-03
-2.164500000000000191e-03
-2.164500000000000191e-03
-2.164500000000000191e-03
-2.164500000000000191e-03
-2.164500000000000191e-03
-2.164500000000000191e-03
-2.164500000000000191e-03
-2.164500000000000191e-03
-2.164500000000000191e-03
-2.164500000000000191e-03
-2.164500000000000191e-03
-2.164500000000000191e-03
-2.164500000000000191e-03
-2.164500000000000191e-03
-2.164500000000000191e-03
-2.164500000000000191e-03
-2.164500000000000191e-03
-2.164500000000000191e-03
-2.164500000000000191e-03
-2.164500000000000191e-03
-2.164500000000000191e-03
-2.164500000000000191e-03
-2.164500000000000191e-03
-2.164500000000000191e-03
-2.164500000000000191e-03
-2.164500000000000191e-03
-2.164500000000000191e-03
-2.164500000000000191e-03
-2.164500000000000191e-03
-2.164500000000000191e-03
-2.164500000000000191e-03
-2.164500000000000191e-03
-2.164500000000000191e-03
-2.164500000000000191e-03
-2.164500000000000191e-03
-2.164500000000000191e-03
-2.164500000000000191e-03
-2.164500000000000191e-03
-2.164500000000000191e-03
-2.164500000000000191e-03
-2.164500000000000191e-03
-2.164500000000000191e-03
-2.164500000000000191e-03
-2.164500000000000191e-03
-2.164500000000000191e-03
-2.164500000000000191e-03
-2.164500000000000191e-03
-2.164500000000000191e-03
-2.164500000000000191e-03
-2.164500000000000191e-03
-2.164500000000000191e-03
-2.164500000000000191e-03
-2.164500000000000191e-03
-2.164500000000000191e-03
-2.164500000000000191e-03
-2.164500000000000191e-03
-2.164500000000000191e-03
-2.164500000000000191e-03
-2.164500000000000191e-03
-2.164500000000000191e-03
-2.164500000000000191e-03
-2.164500000000000191e-03
-2.164500000000000191e-03
-2.164500000000000191e-03
-2.164500000000000191e-03
-2.164500000000000191e-03
-2.164500000000000191e-03
-2.164500000000000191e-03
-2.164500000000000191e-03
-2.164500000000000191e-03
-2.164500000000000191e-03
-2.164500000000000191e-03
-2.164500000000000191e-03
-2.164500000000000191e-03
-2.164500000000000191e-03
-2.164500000000000191e-03
-2.164500000000000191e-03
-2.164500000000000191e-03
-2.164500000000000191e-03
-2.164500000000000191e-03
-2.164500000000000191e-03
-2.164500000000000191e-03
-2.164500000000000191e-03
-2.164500000000000191e-03
-2.164500000000000191e-03
-2.164500000000000191e-03
-2.164500000000000191e-03
-2.164500000000000191e-03
-2.164500000000000191e-03
-2.164500000000000191e-03
-2.164500000000000191e-03
-2.164500000000000191e-03
-2.164500000000000191e-03
-2.164500000000000191e-03
-2.164500000000000191e-03
-2.164500000000000191e-03
-2.164500000000000191e-03
-2.164500000000000191e-03
-2.164500000000000191e-03
-2.164500000000000191e-03
-2.164500000000000191e-03
-2.164500000000000191e-03
-2.164500000000000191e-03
-2.164500000000000191e-03
-2.164500000000000191e-03
-2.164500000000000191e-03
-2.164500000000000191e-03
-2.164500000000000191e-03
-2.164500000000000191e-03
-2.164500000000000191e-03
-2.164500000000000191e-03
-2.164500000000000191e-03
-2.164500000000000191e-03
-2.164500000000000191e-03
-2.164500000000000191e-03
-2.164500000000000191e-03
-2.164500000000000191e-03
-2.164500000000000191e-03
-2.164500000000000191e-03
-2.164500000000000191e-03
-2.164500000000000191e-03
-2.164500000000000191e-03
-2.164500000000000191e-03
-2.164500000000000191e-03
-2.164500000000000191e-03
-2.164500000000000191e-03
-2.164500000000000191e-03
-2.164500000000000191e-03
-2.164500000000000191e-03
-2.164500000000000191e-03
-2.164500000000000191e-03
-2.164500000000000191e-03
-2.164500000000000191e-03
-2.164500000000000191e-03
-2.164500000000000191e-03
-2.164500000000000191e-03
