2.085290424819297994e-01
2.810875851478751852e-01
3.293470302574002528e-01
2.434177559427149751e-01
2.832116536181801258e-01
2.098637229100349666e-01
2.733576897998101218e-01
2.341648582225863418e-01
1.343402812637628230e-01
2.692273997687387732e-01
2.221405649668896920e-01
1.667845938148737051e-01
1.983899166790538404e-01
1.390269313665805084e-01
1.232352188798464809e-01
2.795969705851585330e-01
2.525235353180491638e-01
1.624827578003919526e-01
1.867127238286414859e-01
2.420330638433798864e-01
2.327432374064122567e-01
2.291931263730510593e-01
2.739769062475621575e-01
8.942470101799557258e-02
1.582818341026621112e-01
2.111029945572061028e-01
3.240332874625502235e-01
2.265363826913212308e-01
2.906581961650682722e-01
2.019546531037989257e-01
1.284848078307615771e-01
2.561229414232895629e-01
2.349658083580704326e-01
2.263496057925537819e-01
2.767508123384316843e-01
2.362608736042746960e-01
2.129689500435516802e-01
2.576617746965375599e-01
2.086004305679578230e-01
2.819801603750336505e-01
2.497880974093503181e-01
2.795708648630185200e-01
2.534104696194538486e-01
2.480281842756769939e-01
2.692459367935121639e-01
2.529931322762665746e-01
2.323167398098149039e-01
2.336388669353082204e-01
3.024338165721202620e-01
2.142422045567566602e-01
