-5.924160000000000537e-01
-5.924160000000000537e-01
-5.924160000000000537e-01
-5.908480000000000398e-01
-5.782285000000000341e-01
-5.553915000000000379e-01
-5.410740000000000549e-01
-5.148445000000000382e-01
-5.092735000000000456e-01
-4.997705000000000064e-01
-4.997705000000000064e-01
-4.919290000000000052e-01
-4.738010000000000277e-01
-4.690440000000000165e-01
-4.614619999999999833e-01
-4.521850000000000036e-01
-4.520305000000000017e-01
-4.346590000000000176e-01
-4.346590000000000176e-01
-4.275010000000000199e-01
-4.159384999999999888e-01
-4.101319999999999966e-01
-4.084030000000000160e-01
-4.053514999999999757e-01
-3.963674999999999837e-01
-3.898360000000000158e-01
-3.879305000000000114e-01
-3.770450000000000190e-01
-3.770450000000000190e-01
-3.727885000000000226e-01
-3.648044999999999760e-01
-3.539160000000000084e-01
-3.539160000000000084e-01
-3.519499999999999851e-01
-3.442689999999999917e-01
-3.394920000000000160e-01
-3.299225000000000074e-01
-3.289044999999999885e-01
-3.198340000000000072e-01
-3.198340000000000072e-01
-3.198340000000000072e-01
-3.149305000000000021e-01
-3.140454999999999774e-01
-3.058839999999999892e-01
-2.976114999999999733e-01
-2.964045000000000152e-01
-2.964045000000000152e-01
-2.964045000000000152e-01
-2.905710000000000237e-01
-2.883364999999999956e-01
-2.820779999999999954e-01
-2.820779999999999954e-01
-2.765805000000000069e-01
-2.645390000000000241e-01
-2.645390000000000241e-01
-2.645390000000000241e-01
-2.636720000000000175e-01
-2.620439999999999992e-01
-2.506820000000000159e-01
-2.506820000000000159e-01
-2.445559999999999956e-01
-2.445559999999999956e-01
-2.445559999999999956e-01
-2.445559999999999956e-01
-2.300564999999999971e-01
-2.300564999999999971e-01
-2.243044999999999900e-01
-2.213140000000000107e-01
-2.213140000000000107e-01
-2.184885000000000022e-01
-2.184885000000000022e-01
-2.177689999999999904e-01
-2.177689999999999904e-01
-2.171710000000000029e-01
-2.154645000000000032e-01
-2.127010000000000012e-01
-2.113520000000000121e-01
-2.041010000000000046e-01
-2.036109999999999864e-01
-2.031580000000000052e-01
-1.970075000000000021e-01
-1.932159999999999989e-01
-1.932159999999999989e-01
-1.921785000000000021e-01
-1.893315000000000137e-01
-1.872949999999999893e-01
-1.872949999999999893e-01
-1.833410000000000040e-01
-1.833410000000000040e-01
-1.786560000000000092e-01
-1.779290000000000038e-01
-1.693240000000000023e-01
-1.693240000000000023e-01
-1.693240000000000023e-01
-1.693240000000000023e-01
-1.644589999999999941e-01
-1.561740000000000073e-01
-1.561740000000000073e-01
-1.561740000000000073e-01
-1.561740000000000073e-01
-1.561740000000000073e-01
-1.561740000000000073e-01
-1.543690000000000062e-01
-1.543690000000000062e-01
-1.543690000000000062e-01
-1.542800000000000005e-01
-1.514530000000000043e-01
-1.514530000000000043e-01
-1.470269999999999910e-01
-1.470269999999999910e-01
-1.470269999999999910e-01
-1.470269999999999910e-01
-1.470269999999999910e-01
-1.456125000000000058e-01
-1.434509999999999952e-01
-1.434509999999999952e-01
-1.434509999999999952e-01
-1.407799999999999885e-01
-1.404064999999999896e-01
-1.393945000000000045e-01
-1.393945000000000045e-01
-1.393600000000000116e-01
-1.388125000000000053e-01
-1.381489999999999940e-01
-1.374630000000000019e-01
-1.374525000000000052e-01
-1.289750000000000063e-01
-1.289750000000000063e-01
-1.289750000000000063e-01
-1.288205000000000044e-01
-1.279939999999999967e-01
-1.276549999999999907e-01
-1.235834999999999989e-01
-1.235834999999999989e-01
-1.235834999999999989e-01
-1.235834999999999989e-01
-1.235834999999999989e-01
-1.230180000000000023e-01
-1.227469999999999950e-01
-1.227469999999999950e-01
-1.210760000000000031e-01
-1.210760000000000031e-01
-1.210760000000000031e-01
-1.207700000000000023e-01
-1.203634999999999983e-01
-1.162220000000000059e-01
-1.162220000000000059e-01
-1.162220000000000059e-01
-1.162220000000000059e-01
-1.162220000000000059e-01
-1.153629999999999933e-01
-1.149455000000000060e-01
-1.149455000000000060e-01
-1.149234999999999979e-01
-1.129079999999999945e-01
-1.117589999999999972e-01
-1.117589999999999972e-01
-1.111349999999999977e-01
-1.111349999999999977e-01
-1.111349999999999977e-01
-1.087285000000000057e-01
-1.087285000000000057e-01
-1.074459999999999998e-01
-1.074459999999999998e-01
-1.060740000000000016e-01
-1.055864999999999998e-01
-1.055864999999999998e-01
-1.055559999999999971e-01
-1.055559999999999971e-01
-1.055480000000000029e-01
-1.055480000000000029e-01
-1.054900000000000004e-01
-1.043585000000000068e-01
-1.032745000000000052e-01
-1.029854999999999937e-01
-1.016065000000000024e-01
-1.016065000000000024e-01
-1.016065000000000024e-01
-1.016065000000000024e-01
-1.012094999999999939e-01
-9.914100000000000690e-02
-9.914100000000000690e-02
-9.914100000000000690e-02
-9.912450000000000427e-02
-9.772649999999999393e-02
-9.772649999999999393e-02
-9.772649999999999393e-02
-9.729350000000000498e-02
-9.729350000000000498e-02
-9.728749999999999898e-02
-9.700849999999999751e-02
-9.533899999999999320e-02
-9.532699999999999507e-02
-9.513649999999999884e-02
-9.513649999999999884e-02
-9.334599999999999842e-02
-9.334599999999999842e-02
-9.316249999999999531e-02
-9.300049999999999983e-02
-9.151199999999999612e-02
-9.069850000000000134e-02
-9.069850000000000134e-02
-9.069850000000000134e-02
-9.069850000000000134e-02
-9.069850000000000134e-02
-9.069850000000000134e-02
-8.918600000000000139e-02
-8.918600000000000139e-02
-8.853099999999999858e-02
-8.853099999999999858e-02
-8.853099999999999858e-02
-8.853099999999999858e-02
-8.853099999999999858e-02
-8.720949999999999536e-02
-8.669100000000000417e-02
-8.669100000000000417e-02
-8.669100000000000417e-02
-8.669100000000000417e-02
-8.637300000000000533e-02
-8.637300000000000533e-02
-8.637300000000000533e-02
-8.637300000000000533e-02
-8.637300000000000533e-02
-8.566200000000000203e-02
-8.566200000000000203e-02
-8.461950000000000027e-02
-8.461950000000000027e-02
-8.437150000000000205e-02
-8.437150000000000205e-02
-8.399099999999999622e-02
-8.399099999999999622e-02
-8.330450000000000355e-02
-8.330450000000000355e-02
-8.330450000000000355e-02
-8.327149999999999830e-02
-8.327149999999999830e-02
-8.242950000000000277e-02
-8.242950000000000277e-02
-8.242950000000000277e-02
-8.242950000000000277e-02
-8.242950000000000277e-02
-8.229949999999999766e-02
-8.226849999999999441e-02
-8.143400000000000638e-02
-8.111100000000000254e-02
-8.111100000000000254e-02
-8.096250000000000668e-02
-8.096250000000000668e-02
-8.034099999999999575e-02
-8.034099999999999575e-02
-7.996799999999999742e-02
-7.996799999999999742e-02
-7.953899999999999859e-02
-7.911450000000000427e-02
-7.911450000000000427e-02
-7.911450000000000427e-02
-7.911450000000000427e-02
-7.843050000000000022e-02
-7.843050000000000022e-02
-7.826550000000000173e-02
-7.806749999999999801e-02
-7.806749999999999801e-02
-7.806749999999999801e-02
-7.804250000000000076e-02
-7.804250000000000076e-02
-7.804250000000000076e-02
-7.736350000000000171e-02
-7.736350000000000171e-02
-7.736350000000000171e-02
-7.736350000000000171e-02
-7.552399999999999392e-02
-7.552399999999999392e-02
-7.552399999999999392e-02
-7.552399999999999392e-02
-7.552399999999999392e-02
-7.552399999999999392e-02
-7.480000000000000537e-02
-7.480000000000000537e-02
-7.480000000000000537e-02
-7.480000000000000537e-02
-7.466799999999999826e-02
-7.466799999999999826e-02
-7.438450000000000617e-02
-7.430799999999999905e-02
-7.428500000000000381e-02
-7.428500000000000381e-02
-7.428500000000000381e-02
-7.428500000000000381e-02
-7.428500000000000381e-02
-7.427899999999999781e-02
-7.427899999999999781e-02
-7.427899999999999781e-02
-7.363699999999999413e-02
-7.363699999999999413e-02
-7.363699999999999413e-02
-7.363699999999999413e-02
-7.322549999999999892e-02
-7.280999999999999972e-02
-7.272900000000000198e-02
-7.265649999999999886e-02
-7.265649999999999886e-02
-7.265649999999999886e-02
-7.213749999999999329e-02
-7.213749999999999329e-02
-7.074500000000000233e-02
-7.074500000000000233e-02
-7.074500000000000233e-02
-7.074500000000000233e-02
-7.074500000000000233e-02
-7.074500000000000233e-02
-7.013949999999999352e-02
-7.013949999999999352e-02
-7.013949999999999352e-02
-7.013949999999999352e-02
-6.965250000000000608e-02
-6.926649999999999474e-02
-6.926649999999999474e-02
-6.926649999999999474e-02
-6.926649999999999474e-02
-6.926649999999999474e-02
-6.884650000000000492e-02
-6.884650000000000492e-02
-6.876250000000000417e-02
-6.876250000000000417e-02
-6.876250000000000417e-02
-6.876250000000000417e-02
-6.874500000000000055e-02
-6.869849999999999568e-02
-6.868249999999999356e-02
-6.868249999999999356e-02
-6.868249999999999356e-02
-6.827550000000000285e-02
-6.815100000000000324e-02
-6.736050000000000371e-02
-6.736050000000000371e-02
-6.736050000000000371e-02
-6.736050000000000371e-02
-6.736050000000000371e-02
-6.736050000000000371e-02
-6.736050000000000371e-02
-6.736050000000000371e-02
-6.736050000000000371e-02
-6.736050000000000371e-02
-6.681900000000000339e-02
-6.670299999999999840e-02
-6.670299999999999840e-02
-6.670299999999999840e-02
-6.670299999999999840e-02
-6.576949999999999463e-02
-6.576949999999999463e-02
-6.576949999999999463e-02
-6.576949999999999463e-02
-6.576949999999999463e-02
-6.575649999999999551e-02
-6.465600000000000513e-02
-6.465600000000000513e-02
-6.465600000000000513e-02
-6.465600000000000513e-02
-6.465600000000000513e-02
-6.465600000000000513e-02
-6.456499999999999739e-02
-6.456499999999999739e-02
-6.456499999999999739e-02
-6.456499999999999739e-02
-6.456499999999999739e-02
-6.456499999999999739e-02
-6.456499999999999739e-02
-6.438950000000000229e-02
-6.438950000000000229e-02
-6.419900000000000606e-02
-6.419900000000000606e-02
-6.419900000000000606e-02
-6.419900000000000606e-02
-6.419900000000000606e-02
-6.419900000000000606e-02
-6.419900000000000606e-02
-6.419900000000000606e-02
-6.419900000000000606e-02
-6.419900000000000606e-02
-6.418600000000000694e-02
-6.368150000000000199e-02
-6.363649999999999862e-02
-6.361250000000000238e-02
-6.329949999999999466e-02
-6.328449999999999354e-02
-6.324649999999999717e-02
-6.217149999999999760e-02
-6.217149999999999760e-02
-6.217149999999999760e-02
-6.217149999999999760e-02
-6.217149999999999760e-02
-6.217149999999999760e-02
-6.217149999999999760e-02
-6.217149999999999760e-02
-6.217149999999999760e-02
-6.217149999999999760e-02
-6.216649999999999954e-02
-6.216649999999999954e-02
-6.216649999999999954e-02
-6.206749999999999767e-02
-6.206749999999999767e-02
-6.203050000000000230e-02
-6.203050000000000230e-02
-6.203050000000000230e-02
-6.203050000000000230e-02
-6.087449999999999806e-02
-6.087449999999999806e-02
-6.087449999999999806e-02
-6.087449999999999806e-02
-6.087449999999999806e-02
-6.087449999999999806e-02
-6.087449999999999806e-02
-6.087449999999999806e-02
-6.053000000000000047e-02
-6.053000000000000047e-02
-6.053000000000000047e-02
-6.053000000000000047e-02
-6.053000000000000047e-02
-6.053000000000000047e-02
-6.053000000000000047e-02
-6.053000000000000047e-02
-6.052949999999999997e-02
-6.026900000000000313e-02
-6.026900000000000313e-02
-6.026900000000000313e-02
-6.013249999999999845e-02
-6.013249999999999845e-02
-6.010599999999999971e-02
-5.986699999999999661e-02
-5.986699999999999661e-02
-5.986699999999999661e-02
-5.986699999999999661e-02
-5.952699999999999658e-02
-5.941450000000000203e-02
-5.941450000000000203e-02
-5.941450000000000203e-02
-5.936650000000000260e-02
-5.936650000000000260e-02
-5.923350000000000143e-02
-5.923350000000000143e-02
-5.923350000000000143e-02
-5.923350000000000143e-02
-5.923350000000000143e-02
-5.923350000000000143e-02
-5.923350000000000143e-02
-5.923350000000000143e-02
-5.923350000000000143e-02
-5.923350000000000143e-02
-5.879249999999999754e-02
-5.879249999999999754e-02
-5.879249999999999754e-02
-5.879249999999999754e-02
-5.864550000000000318e-02
-5.864550000000000318e-02
-5.864550000000000318e-02
-5.852600000000000163e-02
-5.852600000000000163e-02
-5.852600000000000163e-02
-5.852600000000000163e-02
-5.852600000000000163e-02
-5.852600000000000163e-02
-5.852600000000000163e-02
-5.852600000000000163e-02
-5.852600000000000163e-02
-5.805400000000000144e-02
-5.805400000000000144e-02
-5.805400000000000144e-02
-5.805400000000000144e-02
-5.805400000000000144e-02
-5.803599999999999731e-02
-5.803599999999999731e-02
-5.774850000000000122e-02
-5.774850000000000122e-02
-5.774850000000000122e-02
-5.774850000000000122e-02
-5.774850000000000122e-02
-5.774850000000000122e-02
-5.774850000000000122e-02
-5.774850000000000122e-02
-5.774850000000000122e-02
-5.774850000000000122e-02
-5.774850000000000122e-02
-5.773799999999999766e-02
-5.742699999999999888e-02
-5.742699999999999888e-02
-5.732899999999999802e-02
-5.711499999999999910e-02
-5.674799999999999983e-02
-5.649499999999999661e-02
-5.649499999999999661e-02
-5.649499999999999661e-02
-5.649499999999999661e-02
-5.649499999999999661e-02
-5.649499999999999661e-02
-5.627250000000000307e-02
-5.609650000000000053e-02
-5.609650000000000053e-02
-5.609650000000000053e-02
-5.607650000000000134e-02
-5.557700000000000140e-02
-5.557700000000000140e-02
-5.557700000000000140e-02
-5.536649999999999905e-02
-5.536649999999999905e-02
-5.536649999999999905e-02
-5.536649999999999905e-02
-5.536649999999999905e-02
-5.536649999999999905e-02
-5.536649999999999905e-02
-5.536649999999999905e-02
-5.528700000000000281e-02
-5.528700000000000281e-02
-5.511699999999999933e-02
-5.511699999999999933e-02
-5.511699999999999933e-02
-5.499300000000000022e-02
-5.499300000000000022e-02
-5.499300000000000022e-02
-5.499300000000000022e-02
-5.499300000000000022e-02
-5.499300000000000022e-02
-5.498299999999999715e-02
-5.472099999999999881e-02
-5.472099999999999881e-02
-5.472099999999999881e-02
-5.472099999999999881e-02
-5.472099999999999881e-02
-5.472099999999999881e-02
-5.472099999999999881e-02
-5.472099999999999881e-02
-5.472099999999999881e-02
-5.471949999999999731e-02
-5.471949999999999731e-02
-5.468599999999999850e-02
-5.467999999999999944e-02
-5.465649999999999675e-02
-5.465649999999999675e-02
-5.431949999999999973e-02
-5.431949999999999973e-02
-5.431949999999999973e-02
-5.431949999999999973e-02
-5.431949999999999973e-02
-5.431949999999999973e-02
-5.431949999999999973e-02
-5.431949999999999973e-02
-5.398250000000000270e-02
-5.398250000000000270e-02
-5.398250000000000270e-02
-5.398250000000000270e-02
-5.398250000000000270e-02
-5.398250000000000270e-02
-5.398250000000000270e-02
-5.398250000000000270e-02
-5.398250000000000270e-02
-5.398250000000000270e-02
-5.398250000000000270e-02
-5.391800000000000065e-02
-5.391800000000000065e-02
-5.391800000000000065e-02
-5.391800000000000065e-02
-5.374849999999999767e-02
-5.374849999999999767e-02
-5.374849999999999767e-02
-5.374849999999999767e-02
-5.374849999999999767e-02
-5.359150000000000025e-02
-5.359150000000000025e-02
-5.358949999999999825e-02
-5.323449999999999710e-02
-5.323449999999999710e-02
-5.323449999999999710e-02
-5.323449999999999710e-02
-5.323449999999999710e-02
-5.323449999999999710e-02
-5.318549999999999667e-02
-5.318549999999999667e-02
-5.318549999999999667e-02
-5.318549999999999667e-02
-5.318549999999999667e-02
-5.318549999999999667e-02
-5.276900000000000340e-02
-5.276900000000000340e-02
-5.276900000000000340e-02
-5.276900000000000340e-02
-5.276900000000000340e-02
-5.276900000000000340e-02
-5.276900000000000340e-02
-5.262750000000000067e-02
-5.262750000000000067e-02
-5.262750000000000067e-02
-5.262750000000000067e-02
-5.262750000000000067e-02
-5.256050000000000305e-02
-5.256050000000000305e-02
-5.256050000000000305e-02
-5.256050000000000305e-02
-5.256050000000000305e-02
-5.256050000000000305e-02
-5.256050000000000305e-02
-5.253800000000000137e-02
-5.253250000000000280e-02
-5.253250000000000280e-02
-5.253250000000000280e-02
-5.253250000000000280e-02
-5.253250000000000280e-02
-5.232850000000000001e-02
-5.232850000000000001e-02
-5.223900000000000071e-02
-5.223900000000000071e-02
-5.223900000000000071e-02
-5.223900000000000071e-02
-5.223900000000000071e-02
-5.223900000000000071e-02
-5.223900000000000071e-02
-5.223900000000000071e-02
-5.223900000000000071e-02
-5.223900000000000071e-02
-5.223900000000000071e-02
-5.223900000000000071e-02
-5.223900000000000071e-02
-5.223900000000000071e-02
-5.206700000000000217e-02
-5.206700000000000217e-02
-5.206700000000000217e-02
-5.138800000000000312e-02
-5.138800000000000312e-02
-5.138800000000000312e-02
-5.138800000000000312e-02
-5.138800000000000312e-02
-5.138800000000000312e-02
-5.138800000000000312e-02
-5.138800000000000312e-02
-5.138800000000000312e-02
-5.138800000000000312e-02
-5.138800000000000312e-02
-5.138800000000000312e-02
-5.138800000000000312e-02
-5.138800000000000312e-02
-5.138800000000000312e-02
-5.138800000000000312e-02
-5.136700000000000293e-02
-5.132550000000000306e-02
-5.132550000000000306e-02
-5.132550000000000306e-02
-5.132550000000000306e-02
-5.124250000000000332e-02
-5.124250000000000332e-02
-5.124250000000000332e-02
-5.124250000000000332e-02
-5.124250000000000332e-02
-5.124250000000000332e-02
-5.109199999999999853e-02
-5.109099999999999753e-02
-5.109099999999999753e-02
-5.104100000000000303e-02
-5.104100000000000303e-02
-5.101649999999999935e-02
-5.101649999999999935e-02
-5.101649999999999935e-02
-5.101649999999999935e-02
-5.101449999999999735e-02
-5.101449999999999735e-02
-5.101100000000000079e-02
-5.100500000000000173e-02
-5.087549999999999711e-02
-5.087549999999999711e-02
-5.087549999999999711e-02
-5.087549999999999711e-02
-5.087549999999999711e-02
-5.087549999999999711e-02
-5.087549999999999711e-02
-5.087549999999999711e-02
-5.087549999999999711e-02
-5.074200000000000238e-02
-5.074200000000000238e-02
-5.074050000000000088e-02
-4.940400000000000347e-02
-4.940400000000000347e-02
-4.940400000000000347e-02
-4.940400000000000347e-02
-4.940400000000000347e-02
-4.940400000000000347e-02
-4.940400000000000347e-02
-4.940400000000000347e-02
-4.940400000000000347e-02
-4.940400000000000347e-02
-4.940400000000000347e-02
-4.940400000000000347e-02
-4.919749999999999818e-02
-4.919749999999999818e-02
-4.918449999999999905e-02
-4.918199999999999655e-02
-4.898650000000000226e-02
-4.898650000000000226e-02
-4.898650000000000226e-02
-4.880650000000000266e-02
-4.828799999999999759e-02
-4.687449999999999950e-02
-4.687449999999999950e-02
-4.665500000000000203e-02
-4.653700000000000198e-02
-4.650699999999999973e-02
-4.650699999999999973e-02
-4.645149999999999973e-02
-4.645149999999999973e-02
-4.645149999999999973e-02
-4.574700000000000294e-02
-4.574700000000000294e-02
-4.574700000000000294e-02
-4.526199999999999668e-02
-4.526199999999999668e-02
-4.526199999999999668e-02
-4.526199999999999668e-02
-4.526199999999999668e-02
-4.526199999999999668e-02
-4.526199999999999668e-02
-4.507549999999999751e-02
-4.494200000000000278e-02
-4.494200000000000278e-02
-4.486149999999999860e-02
-4.486149999999999860e-02
-4.468799999999999856e-02
-4.465349999999999875e-02
-4.460299999999999682e-02
-4.458499999999999963e-02
-4.453100000000000114e-02
-4.449850000000000333e-02
-4.449000000000000177e-02
-4.449000000000000177e-02
-4.448799999999999977e-02
-4.447099999999999664e-02
-4.447099999999999664e-02
-4.447099999999999664e-02
-4.439450000000000340e-02
-4.439450000000000340e-02
-4.439450000000000340e-02
-4.420199999999999824e-02
-4.420199999999999824e-02
-4.420199999999999824e-02
-4.420199999999999824e-02
-4.420199999999999824e-02
-4.420199999999999824e-02
-4.420199999999999824e-02
-4.420199999999999824e-02
-4.420199999999999824e-02
-4.420199999999999824e-02
-4.420199999999999824e-02
-4.407250000000000056e-02
-4.407250000000000056e-02
-4.397050000000000264e-02
-4.397050000000000264e-02
-4.397050000000000264e-02
-4.397050000000000264e-02
-4.397050000000000264e-02
-4.393450000000000133e-02
-4.393450000000000133e-02
-4.393450000000000133e-02
-4.381600000000000078e-02
-4.381600000000000078e-02
-4.381600000000000078e-02
-4.381600000000000078e-02
-4.381600000000000078e-02
-4.381600000000000078e-02
-4.381600000000000078e-02
-4.363249999999999768e-02
-4.363249999999999768e-02
-4.363249999999999768e-02
-4.359500000000000181e-02
-4.359500000000000181e-02
-4.359350000000000031e-02
-4.359350000000000031e-02
-4.358150000000000218e-02
-4.358150000000000218e-02
-4.352849999999999775e-02
-4.352849999999999775e-02
-4.352849999999999775e-02
-4.351700000000000013e-02
-4.311099999999999655e-02
-4.311099999999999655e-02
-4.286899999999999739e-02
-4.286899999999999739e-02
-4.263200000000000323e-02
-4.263200000000000323e-02
-4.263200000000000323e-02
-4.263200000000000323e-02
-4.263200000000000323e-02
-4.263200000000000323e-02
-4.263200000000000323e-02
-4.236499999999999988e-02
-4.236499999999999988e-02
-4.236499999999999988e-02
-4.236499999999999988e-02
-4.234249999999999819e-02
-4.234249999999999819e-02
-4.234249999999999819e-02
-4.232949999999999907e-02
-4.232949999999999907e-02
-4.232949999999999907e-02
-4.230500000000000232e-02
-4.228900000000000020e-02
-4.228900000000000020e-02
-4.228900000000000020e-02
-4.228250000000000064e-02
-4.228250000000000064e-02
-4.228250000000000064e-02
-4.228250000000000064e-02
-4.228250000000000064e-02
-4.224950000000000233e-02
-4.199599999999999861e-02
-4.199599999999999861e-02
-4.199599999999999861e-02
-4.199599999999999861e-02
-4.199599999999999861e-02
-4.199599999999999861e-02
-4.199599999999999861e-02
-4.193249999999999755e-02
-4.193249999999999755e-02
-4.193249999999999755e-02
-4.193249999999999755e-02
-4.193249999999999755e-02
-4.187749999999999806e-02
-4.187749999999999806e-02
-4.187749999999999806e-02
-4.187749999999999806e-02
-4.187699999999999756e-02
-4.187699999999999756e-02
-4.187599999999999656e-02
-4.187450000000000200e-02
-4.187450000000000200e-02
-4.187049999999999800e-02
-4.186850000000000294e-02
-4.186600000000000044e-02
-4.186249999999999694e-02
-4.186249999999999694e-02
-4.186000000000000137e-02
-4.186000000000000137e-02
-4.185549999999999687e-02
-4.185549999999999687e-02
-4.185500000000000331e-02
-4.185200000000000031e-02
-4.183699999999999919e-02
-4.183649999999999869e-02
-4.183350000000000263e-02
-4.174599999999999839e-02
-4.174599999999999839e-02
-4.174599999999999839e-02
-4.174599999999999839e-02
-4.133400000000000268e-02
-4.133400000000000268e-02
-4.133400000000000268e-02
-4.133400000000000268e-02
-4.133400000000000268e-02
-4.133400000000000268e-02
-4.133400000000000268e-02
-4.133400000000000268e-02
-4.133400000000000268e-02
-4.133400000000000268e-02
-4.133400000000000268e-02
-4.112049999999999733e-02
-4.112049999999999733e-02
-4.112049999999999733e-02
-4.112049999999999733e-02
-4.112049999999999733e-02
-4.112049999999999733e-02
-4.112049999999999733e-02
-4.112049999999999733e-02
-4.112049999999999733e-02
-4.112049999999999733e-02
-4.112049999999999733e-02
-4.112049999999999733e-02
-4.112049999999999733e-02
-4.112049999999999733e-02
-4.112049999999999733e-02
-4.101099999999999884e-02
-4.101099999999999884e-02
-4.101099999999999884e-02
-4.101099999999999884e-02
-4.098299999999999860e-02
-4.098299999999999860e-02
-4.098299999999999860e-02
-4.098299999999999860e-02
-4.098299999999999860e-02
-4.098299999999999860e-02
-4.096299999999999941e-02
-4.096299999999999941e-02
-4.096299999999999941e-02
-4.096299999999999941e-02
-4.096149999999999791e-02
-4.094249999999999973e-02
-4.087249999999999911e-02
-4.087249999999999911e-02
-4.087249999999999911e-02
-4.087249999999999911e-02
-4.087249999999999911e-02
-4.087249999999999911e-02
-4.087249999999999911e-02
-4.087249999999999911e-02
-4.087049999999999711e-02
-4.086150000000000199e-02
-4.086150000000000199e-02
-4.086150000000000199e-02
-4.086150000000000199e-02
-4.078600000000000281e-02
-4.078600000000000281e-02
-4.078600000000000281e-02
-4.078600000000000281e-02
-4.078600000000000281e-02
-4.078600000000000281e-02
-4.078600000000000281e-02
-4.078600000000000281e-02
-4.078600000000000281e-02
-4.078600000000000281e-02
-4.078600000000000281e-02
-4.078600000000000281e-02
-4.078600000000000281e-02
-4.078350000000000031e-02
-4.078249999999999931e-02
-4.078149999999999831e-02
-4.078099999999999781e-02
-4.077999999999999681e-02
-4.077999999999999681e-02
-4.073500000000000038e-02
-4.073500000000000038e-02
-4.073500000000000038e-02
-4.073500000000000038e-02
-4.049149999999999971e-02
-4.049149999999999971e-02
-4.049149999999999971e-02
-4.049149999999999971e-02
-4.049149999999999971e-02
-4.044650000000000328e-02
-4.044650000000000328e-02
-4.044650000000000328e-02
-4.044650000000000328e-02
-4.044650000000000328e-02
-4.044650000000000328e-02
-4.044650000000000328e-02
-4.044650000000000328e-02
-4.041949999999999710e-02
-4.041650000000000104e-02
-4.041650000000000104e-02
-4.041650000000000104e-02
-4.041650000000000104e-02
-4.041650000000000104e-02
-4.041650000000000104e-02
-4.041650000000000104e-02
-4.041399999999999854e-02
-4.023150000000000337e-02
-4.023150000000000337e-02
-4.023150000000000337e-02
-4.023150000000000337e-02
-4.023150000000000337e-02
-4.023000000000000187e-02
-4.023000000000000187e-02
-4.023000000000000187e-02
-4.022799999999999987e-02
-4.022799999999999987e-02
-4.022799999999999987e-02
-4.022400000000000281e-02
-4.022400000000000281e-02
-4.022400000000000281e-02
-4.022400000000000281e-02
-4.018050000000000094e-02
-4.018050000000000094e-02
-4.018050000000000094e-02
-4.018050000000000094e-02
-4.016999999999999738e-02
-4.013599999999999807e-02
-4.013599999999999807e-02
-4.013599999999999807e-02
-4.013599999999999807e-02
-4.013599999999999807e-02
-4.009299999999999670e-02
-4.009299999999999670e-02
-4.009299999999999670e-02
-4.009299999999999670e-02
-4.009299999999999670e-02
-4.009299999999999670e-02
-4.009299999999999670e-02
-4.009299999999999670e-02
-4.001749999999999752e-02
-4.001749999999999752e-02
-3.999350000000000127e-02
-3.999350000000000127e-02
-3.995100000000000040e-02
-3.993449999999999778e-02
-3.992199999999999915e-02
-3.992199999999999915e-02
-3.991499999999999909e-02
-3.991499999999999909e-02
-3.991499999999999909e-02
-3.989150000000000335e-02
-3.989150000000000335e-02
-3.989150000000000335e-02
-3.989150000000000335e-02
-3.986699999999999966e-02
-3.986699999999999966e-02
-3.986699999999999966e-02
-3.986699999999999966e-02
-3.985899999999999860e-02
