9.755495820960584652e-01
6.980857908783093535e-01
1.532276888188251196e-01
9.942450074088682310e-01
6.756982695587459009e-01
3.841858235318958981e-01
9.719318473888833854e-01
6.023502677588705723e-01
3.906628551351254419e-01
9.699395410151316899e-01
6.346370709110731312e-01
4.270381602472441696e-01
9.668271623815496429e-01
7.354874363976711127e-01
5.375354846080178106e-01
9.911402186817407367e-01
6.923992943366574782e-01
5.142584466682668110e-01
9.917935396377484114e-01
6.428047649408084041e-01
4.856221741755030186e-01
9.959959398503018813e-01
6.653564651055006163e-01
6.109636319695845863e-01
9.852295437491963570e-01
6.938025837772201498e-01
6.896123086061705099e-01
9.731697112301940233e-01
6.409448802607433660e-01
8.036107395587419600e-01
9.845814132569334909e-01
6.133704358695424297e-01
7.978564061760442527e-01
9.892963935198301195e-01
6.975825902893959540e-01
1.360678790633414459e-01
9.969941535198786342e-01
7.571052380239255974e-01
2.290347435906499585e-01
9.965862343998297401e-01
7.807798340515361701e-01
2.655144570896941780e-01
9.948615010937514880e-01
6.888660976602998254e-01
2.851907285254915436e-01
9.925872550359553514e-01
7.096722118277005720e-01
4.157341621346963279e-01
9.876148867607366100e-01
7.788883967387197904e-01
4.160074896238276088e-01
9.941780487640268227e-01
7.033809451760728582e-01
5.382678277424965962e-01
9.928614187017756887e-01
7.193861118475191052e-01
6.155040496149180029e-01
9.952483129115754501e-01
6.978581252545983382e-01
6.191475968632558224e-01
