-5.579589999999999828e-01
-5.579589999999999828e-01
-5.579589999999999828e-01
-5.579589999999999828e-01
-5.579589999999999828e-01
-5.579589999999999828e-01
-5.579589999999999828e-01
-5.579589999999999828e-01
-5.579589999999999828e-01
-5.579589999999999828e-01
-5.579589999999999828e-01
-5.469030000000000280e-01
-5.469030000000000280e-01
-4.741790000000000171e-01
-4.741790000000000171e-01
-4.741790000000000171e-01
-4.741790000000000171e-01
-4.741790000000000171e-01
-4.637490000000000223e-01
-4.312920000000000087e-01
-3.656564999999999954e-01
-3.656564999999999954e-01
-3.534154999999999935e-01
-3.464045000000000041e-01
-3.464045000000000041e-01
-3.258294999999999941e-01
-3.181065000000000142e-01
-3.170534999999999881e-01
-2.784099999999999908e-01
-2.784099999999999908e-01
-2.667145000000000210e-01
-2.667145000000000210e-01
-2.618489999999999984e-01
-2.593345000000000233e-01
-2.405154999999999932e-01
-2.405154999999999932e-01
-1.740430000000000033e-01
-1.740430000000000033e-01
-1.740430000000000033e-01
-1.740430000000000033e-01
-1.740430000000000033e-01
-1.609565000000000023e-01
-1.542769999999999975e-01
-1.542769999999999975e-01
-1.533490000000000131e-01
-1.521520000000000095e-01
-1.444439999999999891e-01
-1.358155000000000057e-01
-1.358155000000000057e-01
-1.358155000000000057e-01
-1.284945000000000115e-01
-1.263324999999999865e-01
-1.256619999999999959e-01
-1.082194999999999963e-01
-1.056654999999999955e-01
-1.042730000000000046e-01
-1.042730000000000046e-01
-7.608499999999999985e-02
-7.608499999999999985e-02
-7.608499999999999985e-02
-7.252250000000000363e-02
-7.252250000000000363e-02
-7.252250000000000363e-02
-6.556049999999999378e-02
-6.556049999999999378e-02
-6.282749999999999446e-02
-6.282749999999999446e-02
-6.143499999999999656e-02
-5.417650000000000243e-02
-5.417650000000000243e-02
-5.417650000000000243e-02
-5.417650000000000243e-02
-5.417650000000000243e-02
-5.417650000000000243e-02
-5.208900000000000335e-02
-5.208900000000000335e-02
-4.963950000000000307e-02
-4.963950000000000307e-02
-4.775399999999999784e-02
-4.752699999999999980e-02
-4.752699999999999980e-02
-4.640550000000000230e-02
-4.640550000000000230e-02
-4.638599999999999668e-02
-4.221899999999999958e-02
-4.221899999999999958e-02
-4.151749999999999885e-02
-4.118850000000000289e-02
-3.935049999999999659e-02
-3.876000000000000278e-02
-3.782699999999999951e-02
-3.782699999999999951e-02
-3.782699999999999951e-02
-3.276699999999999752e-02
-3.276699999999999752e-02
-3.276699999999999752e-02
-3.276699999999999752e-02
-3.259449999999999847e-02
-3.175950000000000301e-02
-2.311850000000000016e-02
-2.311850000000000016e-02
-2.311850000000000016e-02
-2.311850000000000016e-02
-2.311850000000000016e-02
-2.311850000000000016e-02
-2.311850000000000016e-02
-2.311850000000000016e-02
-2.311850000000000016e-02
-2.311850000000000016e-02
-2.311850000000000016e-02
-2.307150000000000173e-02
-2.271799999999999861e-02
-1.906849999999999865e-02
-1.906849999999999865e-02
-1.906849999999999865e-02
-1.906849999999999865e-02
-1.906849999999999865e-02
-1.814400000000000041e-02
-1.795599999999999974e-02
-1.795599999999999974e-02
-1.708099999999999896e-02
-1.708099999999999896e-02
-1.708099999999999896e-02
-1.708099999999999896e-02
-1.708099999999999896e-02
-1.708099999999999896e-02
-1.708099999999999896e-02
-1.708099999999999896e-02
-1.701099999999999834e-02
-1.701099999999999834e-02
-1.701099999999999834e-02
-1.699399999999999869e-02
-1.687400000000000011e-02
-1.681349999999999859e-02
-1.675449999999999856e-02
-1.652949999999999905e-02
-1.637250000000000164e-02
-1.637250000000000164e-02
-1.637250000000000164e-02
-1.635899999999999854e-02
-1.635899999999999854e-02
-1.635899999999999854e-02
-1.616750000000000131e-02
-1.614449999999999913e-02
-1.613950000000000107e-02
-1.613950000000000107e-02
-1.613950000000000107e-02
-1.600450000000000136e-02
-1.590700000000000100e-02
-1.590700000000000100e-02
-1.590700000000000100e-02
-1.590700000000000100e-02
-1.590700000000000100e-02
-1.586999999999999869e-02
-1.579749999999999904e-02
-1.464000000000000024e-02
-1.464000000000000024e-02
-1.464000000000000024e-02
-1.464000000000000024e-02
-1.464000000000000024e-02
-1.462199999999999958e-02
-1.462199999999999958e-02
-1.449950000000000024e-02
-1.449950000000000024e-02
-1.449950000000000024e-02
-1.449950000000000024e-02
-1.449749999999999997e-02
-1.449749999999999997e-02
-1.449749999999999997e-02
-1.449749999999999997e-02
-1.449749999999999997e-02
-1.449749999999999997e-02
-1.448250000000000058e-02
-1.428749999999999985e-02
-1.428749999999999985e-02
-1.428749999999999985e-02
-1.428749999999999985e-02
-1.428749999999999985e-02
-1.428749999999999985e-02
-1.428749999999999985e-02
-1.428749999999999985e-02
-1.428749999999999985e-02
-1.428749999999999985e-02
-1.394450000000000030e-02
-1.276399999999999930e-02
-1.276399999999999930e-02
-1.276399999999999930e-02
-1.271749999999999964e-02
-1.271749999999999964e-02
-1.271749999999999964e-02
-1.271749999999999964e-02
-1.271749999999999964e-02
-1.271749999999999964e-02
-1.271749999999999964e-02
-1.271749999999999964e-02
-1.271749999999999964e-02
-1.271749999999999964e-02
-1.178799999999999987e-02
-1.178799999999999987e-02
-1.178799999999999987e-02
-1.178799999999999987e-02
-1.178799999999999987e-02
-1.178799999999999987e-02
-1.178799999999999987e-02
-1.178799999999999987e-02
-1.178799999999999987e-02
-1.178799999999999987e-02
-1.178799999999999987e-02
-1.178799999999999987e-02
-1.178799999999999987e-02
-1.178799999999999987e-02
-1.178799999999999987e-02
-1.178799999999999987e-02
-1.178799999999999987e-02
-1.178799999999999987e-02
-1.178799999999999987e-02
-1.178799999999999987e-02
-1.178799999999999987e-02
-1.178249999999999957e-02
-1.178249999999999957e-02
-1.172650000000000081e-02
-1.172650000000000081e-02
-1.172650000000000081e-02
-1.172650000000000081e-02
-1.172650000000000081e-02
-1.172650000000000081e-02
-1.172650000000000081e-02
-1.171149999999999969e-02
-1.171149999999999969e-02
-1.171149999999999969e-02
-1.171149999999999969e-02
-1.171149999999999969e-02
-1.171149999999999969e-02
-1.171149999999999969e-02
-1.118749999999999953e-02
-1.118749999999999953e-02
-1.112199999999999994e-02
-1.112199999999999994e-02
-1.112199999999999994e-02
-1.112199999999999994e-02
-1.112199999999999994e-02
-1.112199999999999994e-02
-1.112199999999999994e-02
-1.112199999999999994e-02
-1.112199999999999994e-02
-1.112199999999999994e-02
-1.112199999999999994e-02
-1.018450000000000084e-02
-1.018450000000000084e-02
-1.018450000000000084e-02
-1.018450000000000084e-02
-9.427500000000000116e-03
-9.427500000000000116e-03
-9.427500000000000116e-03
-9.427500000000000116e-03
-9.427500000000000116e-03
-9.427500000000000116e-03
-9.427500000000000116e-03
-9.427500000000000116e-03
-9.427500000000000116e-03
-9.427500000000000116e-03
-9.392499999999999807e-03
-9.392499999999999807e-03
-9.392499999999999807e-03
-9.392499999999999807e-03
-9.392499999999999807e-03
-9.392499999999999807e-03
-9.392499999999999807e-03
-9.392499999999999807e-03
-9.392499999999999807e-03
-9.390000000000000777e-03
-9.390000000000000777e-03
-9.386000000000000246e-03
-9.384999999999999246e-03
-9.384999999999999246e-03
-9.384999999999999246e-03
-9.384999999999999246e-03
-9.381499999999999215e-03
-9.376000000000000653e-03
-9.246499999999999511e-03
-9.246499999999999511e-03
-9.246499999999999511e-03
-9.246499999999999511e-03
-9.239499999999999449e-03
-9.239499999999999449e-03
-9.239499999999999449e-03
-9.239499999999999449e-03
-9.239499999999999449e-03
-9.239499999999999449e-03
-9.239499999999999449e-03
-9.239499999999999449e-03
-9.239499999999999449e-03
-9.239499999999999449e-03
-9.230999999999999622e-03
-9.230500000000000857e-03
-9.158499999999999974e-03
-9.158499999999999974e-03
-9.158499999999999974e-03
-9.158499999999999974e-03
-9.158499999999999974e-03
-9.158499999999999974e-03
-9.078499999999999764e-03
-9.078499999999999764e-03
-9.078499999999999764e-03
-9.062499999999999375e-03
-9.062499999999999375e-03
-9.062499999999999375e-03
-9.062499999999999375e-03
-9.022499999999999271e-03
-9.022499999999999271e-03
-9.022499999999999271e-03
-9.022499999999999271e-03
-9.022499999999999271e-03
-9.022499999999999271e-03
-9.022499999999999271e-03
-9.022499999999999271e-03
-9.022499999999999271e-03
-9.022499999999999271e-03
-9.022499999999999271e-03
-9.022499999999999271e-03
-9.022499999999999271e-03
-9.022499999999999271e-03
-9.022499999999999271e-03
-9.022499999999999271e-03
-9.022499999999999271e-03
-9.022499999999999271e-03
-9.022499999999999271e-03
-9.022499999999999271e-03
-9.022499999999999271e-03
-9.022499999999999271e-03
-9.022499999999999271e-03
-9.022499999999999271e-03
-9.022499999999999271e-03
-9.022499999999999271e-03
-9.022499999999999271e-03
-9.022499999999999271e-03
-9.022499999999999271e-03
-9.022499999999999271e-03
-9.022499999999999271e-03
-7.788999999999999917e-03
-7.788999999999999917e-03
-7.788999999999999917e-03
-7.788999999999999917e-03
-7.788999999999999917e-03
-7.788999999999999917e-03
-7.788999999999999917e-03
-7.788999999999999917e-03
-7.788999999999999917e-03
-7.788999999999999917e-03
-7.788999999999999917e-03
-7.788999999999999917e-03
-7.788999999999999917e-03
-7.788999999999999917e-03
-7.788999999999999917e-03
-7.788999999999999917e-03
-7.788999999999999917e-03
-7.788999999999999917e-03
-7.788999999999999917e-03
-7.788999999999999917e-03
-7.788999999999999917e-03
-7.788999999999999917e-03
-7.787999999999999784e-03
-7.786500000000000019e-03
-7.786500000000000019e-03
-7.784499999999999753e-03
-7.784499999999999753e-03
-7.782999999999999988e-03
-7.782500000000000355e-03
-7.780999999999999722e-03
-7.779999999999999589e-03
-7.779999999999999589e-03
-7.779999999999999589e-03
-6.795500000000000325e-03
-6.795500000000000325e-03
-6.795500000000000325e-03
-6.795500000000000325e-03
-6.795500000000000325e-03
-6.795500000000000325e-03
-6.795500000000000325e-03
-6.795500000000000325e-03
-6.795500000000000325e-03
-6.795500000000000325e-03
-6.795500000000000325e-03
-6.795500000000000325e-03
-6.795500000000000325e-03
-6.795500000000000325e-03
-6.795500000000000325e-03
-6.792000000000000294e-03
-6.792000000000000294e-03
-6.792000000000000294e-03
-6.792000000000000294e-03
-6.792000000000000294e-03
-6.791000000000000161e-03
-6.791000000000000161e-03
-6.791000000000000161e-03
-6.791000000000000161e-03
-6.791000000000000161e-03
-6.789500000000000396e-03
-6.789500000000000396e-03
-6.789500000000000396e-03
-6.789500000000000396e-03
-6.789500000000000396e-03
-6.789500000000000396e-03
-6.789500000000000396e-03
-6.789500000000000396e-03
-6.789500000000000396e-03
-6.789500000000000396e-03
-6.789500000000000396e-03
-6.771000000000000109e-03
-6.770499999999999609e-03
-6.769999999999999976e-03
-6.769500000000000343e-03
-6.769500000000000343e-03
-6.769500000000000343e-03
-6.769500000000000343e-03
-6.769500000000000343e-03
-6.769500000000000343e-03
-6.769500000000000343e-03
-6.769500000000000343e-03
-6.769500000000000343e-03
-6.769500000000000343e-03
-6.768999999999999843e-03
-6.768999999999999843e-03
-6.768999999999999843e-03
-6.768999999999999843e-03
-6.768999999999999843e-03
-6.768999999999999843e-03
-6.768999999999999843e-03
-6.768999999999999843e-03
-6.768999999999999843e-03
-6.768999999999999843e-03
-6.768999999999999843e-03
-6.768999999999999843e-03
-6.768999999999999843e-03
-6.768999999999999843e-03
-6.768999999999999843e-03
-6.768999999999999843e-03
-6.768500000000000211e-03
-6.768500000000000211e-03
-6.768500000000000211e-03
-6.768500000000000211e-03
-6.768500000000000211e-03
-6.768500000000000211e-03
-6.768500000000000211e-03
-6.768500000000000211e-03
-6.768500000000000211e-03
-6.768500000000000211e-03
-6.768500000000000211e-03
-6.768500000000000211e-03
-6.768500000000000211e-03
-6.768500000000000211e-03
-6.768500000000000211e-03
-6.768500000000000211e-03
-6.768500000000000211e-03
-6.768500000000000211e-03
-6.768500000000000211e-03
-6.768500000000000211e-03
-6.768500000000000211e-03
-6.768500000000000211e-03
-6.768500000000000211e-03
-6.768500000000000211e-03
-6.762500000000000282e-03
-6.762500000000000282e-03
-6.762500000000000282e-03
-6.762500000000000282e-03
-6.762500000000000282e-03
-6.762500000000000282e-03
-6.762500000000000282e-03
-6.762500000000000282e-03
-6.762500000000000282e-03
-6.762500000000000282e-03
-6.762500000000000282e-03
-6.762500000000000282e-03
-6.762500000000000282e-03
-6.762500000000000282e-03
-6.762500000000000282e-03
-6.645500000000000365e-03
-6.645500000000000365e-03
-6.645500000000000365e-03
-6.645500000000000365e-03
-6.645500000000000365e-03
-6.645500000000000365e-03
-6.645500000000000365e-03
-6.645500000000000365e-03
-6.645500000000000365e-03
-6.645500000000000365e-03
-6.645500000000000365e-03
-6.645500000000000365e-03
-6.645500000000000365e-03
-6.645500000000000365e-03
-6.645500000000000365e-03
-6.645500000000000365e-03
-6.645500000000000365e-03
-6.645500000000000365e-03
-6.645500000000000365e-03
-6.645500000000000365e-03
-6.645500000000000365e-03
-6.645500000000000365e-03
-6.645500000000000365e-03
-6.645500000000000365e-03
