-1.447229999999999905e-01
-1.447229999999999905e-01
-1.447229999999999905e-01
-1.447229999999999905e-01
-1.413335000000000008e-01
-1.413335000000000008e-01
-1.382345000000000101e-01
-1.365560000000000107e-01
-1.365560000000000107e-01
-1.350020000000000109e-01
-1.350020000000000109e-01
-1.350020000000000109e-01
-1.341160000000000130e-01
-1.341160000000000130e-01
-1.317010000000000125e-01
-1.317010000000000125e-01
-1.317010000000000125e-01
-1.317010000000000125e-01
-1.317010000000000125e-01
-1.315330000000000110e-01
-1.315324999999999966e-01
-1.297375000000000056e-01
-1.297375000000000056e-01
-1.290455000000000074e-01
-1.290455000000000074e-01
-1.290455000000000074e-01
-1.290455000000000074e-01
-1.290455000000000074e-01
-1.289905000000000079e-01
-1.287324999999999997e-01
-1.287324999999999997e-01
-1.287324999999999997e-01
-1.287324999999999997e-01
-1.287304999999999977e-01
-1.287010000000000098e-01
-1.284830000000000139e-01
-1.282794999999999908e-01
-1.282665000000000055e-01
-1.281114999999999893e-01
-1.281114999999999893e-01
-1.281114999999999893e-01
-1.281114999999999893e-01
-1.276529999999999887e-01
-1.276154999999999928e-01
-1.276154999999999928e-01
-1.276154999999999928e-01
-1.276154999999999928e-01
-1.276154999999999928e-01
-1.276154999999999928e-01
-1.273130000000000095e-01
-1.272949999999999915e-01
-1.272949999999999915e-01
-1.272949999999999915e-01
-1.272949999999999915e-01
-1.272949999999999915e-01
-1.272949999999999915e-01
-1.271509999999999863e-01
-1.271509999999999863e-01
-1.271509999999999863e-01
-1.269605000000000039e-01
-1.269605000000000039e-01
-1.269605000000000039e-01
-1.269605000000000039e-01
-1.269605000000000039e-01
-1.269605000000000039e-01
-1.267479999999999996e-01
-1.267479999999999996e-01
-1.267479999999999996e-01
-1.267479999999999996e-01
-1.265570000000000028e-01
-1.261069999999999969e-01
-1.261069999999999969e-01
-1.261069999999999969e-01
-1.261069999999999969e-01
-1.261069999999999969e-01
-1.261069999999999969e-01
-1.261069999999999969e-01
-1.260904999999999943e-01
-1.260074999999999945e-01
-1.258015000000000105e-01
-1.256674999999999875e-01
-1.256674999999999875e-01
-1.256674999999999875e-01
-1.256674999999999875e-01
-1.256674999999999875e-01
-1.256674999999999875e-01
-1.256349999999999967e-01
-1.256349999999999967e-01
-1.256349999999999967e-01
-1.256349999999999967e-01
-1.256349999999999967e-01
-1.256349999999999967e-01
-1.256335000000000091e-01
-1.256095000000000128e-01
-1.253664999999999918e-01
-1.253664999999999918e-01
-1.253664999999999918e-01
-1.253664999999999918e-01
-1.253664999999999918e-01
-1.253664999999999918e-01
-1.253664999999999918e-01
-1.253150000000000097e-01
-1.252834999999999921e-01
-1.252834999999999921e-01
-1.252735000000000098e-01
-1.252735000000000098e-01
-1.252735000000000098e-01
-1.252600000000000102e-01
-1.252600000000000102e-01
-1.252600000000000102e-01
-1.252600000000000102e-01
-1.252600000000000102e-01
-1.252600000000000102e-01
-1.252600000000000102e-01
-1.251474999999999949e-01
-1.251474999999999949e-01
-1.251474999999999949e-01
-1.251069999999999960e-01
-1.250149999999999872e-01
-1.250149999999999872e-01
-1.250149999999999872e-01
-1.250149999999999872e-01
-1.250149999999999872e-01
-1.250149999999999872e-01
-1.250149999999999872e-01
-1.250149999999999872e-01
-1.250149999999999872e-01
-1.250149999999999872e-01
-1.249625000000000041e-01
-1.249625000000000041e-01
-1.249625000000000041e-01
-1.249625000000000041e-01
-1.249625000000000041e-01
-1.249625000000000041e-01
-1.249625000000000041e-01
-1.249625000000000041e-01
-1.249625000000000041e-01
-1.249625000000000041e-01
-1.249625000000000041e-01
-1.249625000000000041e-01
-1.249004999999999976e-01
-1.249004999999999976e-01
-1.249004999999999976e-01
-1.249004999999999976e-01
-1.249004999999999976e-01
-1.249004999999999976e-01
-1.249004999999999976e-01
-1.249004999999999976e-01
-1.249004999999999976e-01
-1.248510000000000036e-01
-1.248434999999999961e-01
-1.248434999999999961e-01
-1.248434999999999961e-01
-1.248434999999999961e-01
-1.248434999999999961e-01
-1.248434999999999961e-01
-1.248434999999999961e-01
-1.248434999999999961e-01
-1.248434999999999961e-01
-1.248434999999999961e-01
-1.248085000000000028e-01
-1.248085000000000028e-01
-1.248085000000000028e-01
-1.248085000000000028e-01
-1.248085000000000028e-01
-1.248085000000000028e-01
-1.248085000000000028e-01
-1.248085000000000028e-01
-1.248085000000000028e-01
-1.248085000000000028e-01
-1.248085000000000028e-01
-1.248085000000000028e-01
-1.248085000000000028e-01
-1.248085000000000028e-01
-1.247774999999999995e-01
-1.247774999999999995e-01
-1.247474999999999973e-01
-1.247474999999999973e-01
-1.247069999999999984e-01
-1.247069999999999984e-01
-1.247069999999999984e-01
-1.247069999999999984e-01
-1.246965000000000018e-01
-1.246965000000000018e-01
-1.246965000000000018e-01
-1.246965000000000018e-01
-1.246965000000000018e-01
-1.246965000000000018e-01
-1.246965000000000018e-01
-1.246965000000000018e-01
-1.246965000000000018e-01
-1.246965000000000018e-01
-1.246965000000000018e-01
-1.246965000000000018e-01
-1.246965000000000018e-01
-1.246904999999999958e-01
-1.246904999999999958e-01
-1.246904999999999958e-01
-1.246904999999999958e-01
-1.246575000000000044e-01
-1.246575000000000044e-01
-1.246575000000000044e-01
-1.246575000000000044e-01
-1.246575000000000044e-01
-1.246575000000000044e-01
-1.246575000000000044e-01
-1.246575000000000044e-01
-1.246575000000000044e-01
-1.246575000000000044e-01
-1.246575000000000044e-01
-1.246575000000000044e-01
-1.246575000000000044e-01
-1.246410000000000018e-01
-1.246410000000000018e-01
-1.246410000000000018e-01
-1.246410000000000018e-01
-1.246410000000000018e-01
-1.246410000000000018e-01
-1.246410000000000018e-01
-1.246410000000000018e-01
-1.246410000000000018e-01
-1.246410000000000018e-01
-1.246194999999999942e-01
-1.246194999999999942e-01
-1.246079999999999965e-01
-1.246079999999999965e-01
-1.246079999999999965e-01
-1.246079999999999965e-01
-1.246079999999999965e-01
-1.246079999999999965e-01
-1.246079999999999965e-01
-1.246079999999999965e-01
-1.246079999999999965e-01
-1.246079999999999965e-01
-1.246079999999999965e-01
-1.245419999999999999e-01
-1.245419999999999999e-01
-1.245419999999999999e-01
-1.245419999999999999e-01
-1.245419999999999999e-01
-1.245419999999999999e-01
-1.245379999999999959e-01
-1.245379999999999959e-01
-1.245379999999999959e-01
-1.245379999999999959e-01
-1.245379999999999959e-01
-1.245379999999999959e-01
-1.245379999999999959e-01
-1.245379999999999959e-01
-1.245379999999999959e-01
-1.245224999999999943e-01
-1.245224999999999943e-01
-1.245224999999999943e-01
-1.245224999999999943e-01
-1.245224999999999943e-01
-1.245224999999999943e-01
-1.245224999999999943e-01
-1.245224999999999943e-01
-1.245224999999999943e-01
-1.245224999999999943e-01
-1.245224999999999943e-01
-1.245224999999999943e-01
-1.245224999999999943e-01
-1.245224999999999943e-01
-1.245224999999999943e-01
-1.245224999999999943e-01
-1.245224999999999943e-01
-1.245224999999999943e-01
-1.245224999999999943e-01
-1.245224999999999943e-01
-1.245224999999999943e-01
-1.245224999999999943e-01
-1.245224999999999943e-01
-1.245224999999999943e-01
-1.245224999999999943e-01
-1.245224999999999943e-01
-1.245224999999999943e-01
-1.245224999999999943e-01
-1.245224999999999943e-01
-1.245224999999999943e-01
-1.245224999999999943e-01
-1.245224999999999943e-01
-1.245170000000000027e-01
-1.245170000000000027e-01
-1.245170000000000027e-01
-1.245170000000000027e-01
-1.245170000000000027e-01
-1.245170000000000027e-01
-1.245170000000000027e-01
-1.245170000000000027e-01
-1.245170000000000027e-01
-1.245170000000000027e-01
-1.245170000000000027e-01
-1.245170000000000027e-01
-1.245170000000000027e-01
-1.245170000000000027e-01
-1.245170000000000027e-01
-1.245170000000000027e-01
-1.244785000000000058e-01
-1.244785000000000058e-01
-1.244785000000000058e-01
-1.244785000000000058e-01
-1.244785000000000058e-01
-1.244785000000000058e-01
-1.244785000000000058e-01
-1.244785000000000058e-01
-1.244785000000000058e-01
-1.244785000000000058e-01
-1.244785000000000058e-01
-1.244785000000000058e-01
-1.244785000000000058e-01
-1.244785000000000058e-01
-1.244785000000000058e-01
-1.244785000000000058e-01
-1.244785000000000058e-01
-1.244785000000000058e-01
-1.244785000000000058e-01
-1.244785000000000058e-01
-1.244785000000000058e-01
-1.244785000000000058e-01
-1.244785000000000058e-01
-1.244785000000000058e-01
-1.244785000000000058e-01
-1.244724999999999998e-01
-1.244724999999999998e-01
-1.244724999999999998e-01
-1.244724999999999998e-01
-1.244724999999999998e-01
-1.244724999999999998e-01
-1.244724999999999998e-01
-1.244724999999999998e-01
-1.244724999999999998e-01
-1.244724999999999998e-01
-1.244724999999999998e-01
-1.244724999999999998e-01
-1.244724999999999998e-01
-1.244724999999999998e-01
-1.244724999999999998e-01
-1.244724999999999998e-01
-1.244724999999999998e-01
-1.244724999999999998e-01
-1.244724999999999998e-01
-1.244724999999999998e-01
-1.244724999999999998e-01
-1.244724999999999998e-01
-1.244724999999999998e-01
-1.244724999999999998e-01
-1.244724999999999998e-01
-1.244724999999999998e-01
-1.244724999999999998e-01
-1.244724999999999998e-01
-1.244724999999999998e-01
-1.244724999999999998e-01
-1.244724999999999998e-01
-1.244724999999999998e-01
-1.244724999999999998e-01
-1.244724999999999998e-01
-1.244724999999999998e-01
-1.244724999999999998e-01
-1.244724999999999998e-01
-1.244724999999999998e-01
-1.244650000000000062e-01
-1.244650000000000062e-01
-1.244650000000000062e-01
-1.244650000000000062e-01
-1.244650000000000062e-01
-1.244650000000000062e-01
-1.244650000000000062e-01
-1.244650000000000062e-01
-1.244650000000000062e-01
-1.244650000000000062e-01
-1.244650000000000062e-01
-1.244650000000000062e-01
-1.244650000000000062e-01
-1.244650000000000062e-01
-1.244650000000000062e-01
-1.244650000000000062e-01
-1.244650000000000062e-01
-1.244650000000000062e-01
-1.244650000000000062e-01
-1.244650000000000062e-01
-1.244650000000000062e-01
-1.244650000000000062e-01
-1.244650000000000062e-01
-1.244650000000000062e-01
-1.244650000000000062e-01
-1.244650000000000062e-01
-1.244650000000000062e-01
-1.244650000000000062e-01
-1.244650000000000062e-01
-1.244650000000000062e-01
-1.244650000000000062e-01
-1.244650000000000062e-01
-1.244650000000000062e-01
-1.244650000000000062e-01
-1.244650000000000062e-01
-1.244650000000000062e-01
-1.244650000000000062e-01
-1.244650000000000062e-01
-1.244650000000000062e-01
-1.244650000000000062e-01
-1.244650000000000062e-01
-1.244650000000000062e-01
-1.244650000000000062e-01
-1.244650000000000062e-01
-1.244650000000000062e-01
-1.244650000000000062e-01
-1.244650000000000062e-01
-1.244650000000000062e-01
-1.244650000000000062e-01
-1.244650000000000062e-01
-1.244625000000000037e-01
-1.244625000000000037e-01
-1.244625000000000037e-01
-1.244625000000000037e-01
-1.244625000000000037e-01
-1.244625000000000037e-01
-1.244625000000000037e-01
-1.244625000000000037e-01
-1.244625000000000037e-01
-1.244625000000000037e-01
-1.244625000000000037e-01
-1.244625000000000037e-01
-1.244625000000000037e-01
-1.244625000000000037e-01
-1.244625000000000037e-01
-1.244625000000000037e-01
-1.244625000000000037e-01
-1.244625000000000037e-01
-1.244625000000000037e-01
-1.244625000000000037e-01
-1.244625000000000037e-01
-1.244625000000000037e-01
-1.244625000000000037e-01
-1.244625000000000037e-01
-1.244625000000000037e-01
-1.244625000000000037e-01
-1.244625000000000037e-01
-1.244625000000000037e-01
-1.244625000000000037e-01
-1.244625000000000037e-01
-1.244625000000000037e-01
-1.244625000000000037e-01
-1.244625000000000037e-01
-1.244625000000000037e-01
-1.244470000000000021e-01
-1.244470000000000021e-01
-1.244470000000000021e-01
-1.244470000000000021e-01
-1.244470000000000021e-01
-1.244470000000000021e-01
-1.244470000000000021e-01
-1.244470000000000021e-01
-1.244470000000000021e-01
-1.244470000000000021e-01
-1.244470000000000021e-01
-1.244470000000000021e-01
-1.244470000000000021e-01
-1.244470000000000021e-01
-1.244470000000000021e-01
-1.244470000000000021e-01
-1.244470000000000021e-01
-1.244470000000000021e-01
-1.244470000000000021e-01
-1.244335000000000024e-01
-1.244335000000000024e-01
-1.244335000000000024e-01
-1.244335000000000024e-01
-1.244335000000000024e-01
-1.244335000000000024e-01
-1.244335000000000024e-01
-1.244335000000000024e-01
-1.244335000000000024e-01
-1.244335000000000024e-01
-1.244335000000000024e-01
-1.244335000000000024e-01
-1.244335000000000024e-01
-1.244335000000000024e-01
-1.244335000000000024e-01
-1.244335000000000024e-01
-1.244335000000000024e-01
-1.244335000000000024e-01
-1.244335000000000024e-01
-1.244335000000000024e-01
-1.244335000000000024e-01
-1.244335000000000024e-01
-1.244335000000000024e-01
-1.244335000000000024e-01
-1.244335000000000024e-01
-1.244335000000000024e-01
-1.244335000000000024e-01
-1.244335000000000024e-01
-1.244335000000000024e-01
-1.244335000000000024e-01
-1.244335000000000024e-01
-1.244335000000000024e-01
-1.244335000000000024e-01
-1.244335000000000024e-01
-1.244335000000000024e-01
-1.244335000000000024e-01
-1.244335000000000024e-01
-1.244335000000000024e-01
-1.244335000000000024e-01
-1.244335000000000024e-01
-1.244335000000000024e-01
-1.244335000000000024e-01
-1.244335000000000024e-01
-1.244335000000000024e-01
-1.244335000000000024e-01
-1.244335000000000024e-01
-1.244335000000000024e-01
-1.244335000000000024e-01
-1.244335000000000024e-01
-1.244335000000000024e-01
-1.244335000000000024e-01
-1.244335000000000024e-01
-1.244335000000000024e-01
-1.244335000000000024e-01
-1.244335000000000024e-01
-1.244335000000000024e-01
-1.244335000000000024e-01
-1.244335000000000024e-01
-1.244335000000000024e-01
-1.244335000000000024e-01
-1.244335000000000024e-01
-1.244335000000000024e-01
-1.244335000000000024e-01
-1.244335000000000024e-01
-1.244335000000000024e-01
-1.244335000000000024e-01
-1.244335000000000024e-01
-1.244335000000000024e-01
-1.244335000000000024e-01
-1.244335000000000024e-01
-1.244335000000000024e-01
-1.244335000000000024e-01
-1.244335000000000024e-01
-1.244335000000000024e-01
-1.244335000000000024e-01
-1.244335000000000024e-01
-1.244335000000000024e-01
-1.244335000000000024e-01
-1.244335000000000024e-01
-1.244335000000000024e-01
-1.244335000000000024e-01
-1.244335000000000024e-01
-1.244335000000000024e-01
-1.244335000000000024e-01
-1.244335000000000024e-01
-1.244335000000000024e-01
-1.244335000000000024e-01
-1.244335000000000024e-01
-1.244335000000000024e-01
-1.244335000000000024e-01
-1.244335000000000024e-01
-1.244335000000000024e-01
-1.244335000000000024e-01
-1.244335000000000024e-01
-1.244335000000000024e-01
-1.244335000000000024e-01
-1.244335000000000024e-01
-1.244335000000000024e-01
-1.244335000000000024e-01
-1.244335000000000024e-01
-1.244335000000000024e-01
-1.244335000000000024e-01
-1.244335000000000024e-01
-1.244335000000000024e-01
-1.244335000000000024e-01
-1.244335000000000024e-01
-1.244335000000000024e-01
-1.244335000000000024e-01
-1.244335000000000024e-01
-1.244210000000000038e-01
-1.244210000000000038e-01
-1.244210000000000038e-01
-1.244210000000000038e-01
-1.244210000000000038e-01
-1.244210000000000038e-01
-1.244210000000000038e-01
-1.244210000000000038e-01
-1.244210000000000038e-01
-1.244210000000000038e-01
-1.244210000000000038e-01
-1.244210000000000038e-01
-1.244210000000000038e-01
-1.244210000000000038e-01
-1.244210000000000038e-01
-1.244210000000000038e-01
-1.244210000000000038e-01
-1.244210000000000038e-01
-1.244210000000000038e-01
-1.244210000000000038e-01
-1.244210000000000038e-01
-1.244210000000000038e-01
-1.244210000000000038e-01
-1.244210000000000038e-01
-1.244210000000000038e-01
-1.244210000000000038e-01
-1.244210000000000038e-01
-1.244210000000000038e-01
-1.244210000000000038e-01
-1.244210000000000038e-01
-1.244210000000000038e-01
-1.244210000000000038e-01
-1.244210000000000038e-01
-1.244210000000000038e-01
-1.244210000000000038e-01
-1.244210000000000038e-01
-1.244210000000000038e-01
-1.244210000000000038e-01
-1.244210000000000038e-01
-1.244210000000000038e-01
-1.244210000000000038e-01
-1.244210000000000038e-01
-1.244210000000000038e-01
-1.244210000000000038e-01
-1.244210000000000038e-01
-1.244210000000000038e-01
-1.244210000000000038e-01
-1.244210000000000038e-01
-1.244210000000000038e-01
-1.244210000000000038e-01
-1.244210000000000038e-01
-1.244210000000000038e-01
-1.244210000000000038e-01
-1.244210000000000038e-01
-1.244210000000000038e-01
-1.244210000000000038e-01
-1.244210000000000038e-01
-1.244210000000000038e-01
-1.244210000000000038e-01
-1.244210000000000038e-01
-1.244210000000000038e-01
-1.244210000000000038e-01
-1.244210000000000038e-01
-1.244210000000000038e-01
-1.244210000000000038e-01
-1.244210000000000038e-01
-1.244210000000000038e-01
-1.244210000000000038e-01
-1.244210000000000038e-01
-1.244210000000000038e-01
-1.244210000000000038e-01
-1.244210000000000038e-01
-1.244210000000000038e-01
-1.244210000000000038e-01
-1.244210000000000038e-01
-1.244210000000000038e-01
-1.244210000000000038e-01
-1.244210000000000038e-01
-1.244210000000000038e-01
-1.244210000000000038e-01
-1.244210000000000038e-01
-1.244210000000000038e-01
-1.244210000000000038e-01
-1.244210000000000038e-01
-1.244210000000000038e-01
-1.244210000000000038e-01
-1.244210000000000038e-01
-1.244210000000000038e-01
-1.244210000000000038e-01
-1.244210000000000038e-01
-1.244210000000000038e-01
-1.244210000000000038e-01
-1.244210000000000038e-01
-1.244210000000000038e-01
-1.244210000000000038e-01
-1.244210000000000038e-01
-1.244210000000000038e-01
-1.244210000000000038e-01
-1.244149999999999978e-01
-1.244149999999999978e-01
-1.244149999999999978e-01
-1.244149999999999978e-01
-1.244149999999999978e-01
-1.244149999999999978e-01
-1.244149999999999978e-01
-1.244149999999999978e-01
-1.244149999999999978e-01
-1.244149999999999978e-01
-1.244149999999999978e-01
-1.244149999999999978e-01
-1.244149999999999978e-01
-1.244149999999999978e-01
-1.244149999999999978e-01
-1.244149999999999978e-01
-1.244149999999999978e-01
-1.244149999999999978e-01
-1.244149999999999978e-01
-1.244149999999999978e-01
-1.244149999999999978e-01
-1.244149999999999978e-01
-1.244149999999999978e-01
-1.244149999999999978e-01
-1.244149999999999978e-01
-1.244149999999999978e-01
-1.244149999999999978e-01
-1.244149999999999978e-01
-1.244149999999999978e-01
-1.244149999999999978e-01
-1.244149999999999978e-01
-1.244149999999999978e-01
-1.244149999999999978e-01
-1.244149999999999978e-01
-1.244149999999999978e-01
-1.244149999999999978e-01
-1.244149999999999978e-01
-1.244149999999999978e-01
-1.244149999999999978e-01
-1.244149999999999978e-01
-1.244149999999999978e-01
-1.244149999999999978e-01
-1.244149999999999978e-01
-1.244149999999999978e-01
-1.244149999999999978e-01
-1.244149999999999978e-01
-1.244149999999999978e-01
-1.244149999999999978e-01
-1.244149999999999978e-01
-1.244149999999999978e-01
-1.244149999999999978e-01
-1.244149999999999978e-01
-1.244149999999999978e-01
-1.244149999999999978e-01
-1.244149999999999978e-01
-1.244149999999999978e-01
-1.244149999999999978e-01
-1.244149999999999978e-01
-1.244149999999999978e-01
-1.244149999999999978e-01
-1.244149999999999978e-01
-1.244149999999999978e-01
-1.244149999999999978e-01
-1.244149999999999978e-01
-1.244149999999999978e-01
-1.244149999999999978e-01
-1.244149999999999978e-01
-1.244149999999999978e-01
-1.244149999999999978e-01
-1.244149999999999978e-01
-1.244149999999999978e-01
-1.244149999999999978e-01
-1.244149999999999978e-01
-1.244149999999999978e-01
-1.244149999999999978e-01
-1.244149999999999978e-01
-1.244149999999999978e-01
-1.244149999999999978e-01
-1.244149999999999978e-01
-1.244149999999999978e-01
-1.244149999999999978e-01
-1.244149999999999978e-01
-1.244149999999999978e-01
-1.244149999999999978e-01
-1.244149999999999978e-01
-1.244149999999999978e-01
-1.244149999999999978e-01
-1.244149999999999978e-01
-1.244149999999999978e-01
-1.244149999999999978e-01
-1.244149999999999978e-01
-1.244149999999999978e-01
-1.244149999999999978e-01
-1.244149999999999978e-01
-1.244149999999999978e-01
-1.244149999999999978e-01
-1.244149999999999978e-01
-1.244149999999999978e-01
-1.244149999999999978e-01
-1.244149999999999978e-01
-1.244149999999999978e-01
-1.244149999999999978e-01
-1.244149999999999978e-01
-1.244149999999999978e-01
-1.244149999999999978e-01
-1.244149999999999978e-01
-1.244149999999999978e-01
-1.244149999999999978e-01
-1.244149999999999978e-01
-1.244149999999999978e-01
-1.244149999999999978e-01
-1.244149999999999978e-01
-1.244149999999999978e-01
-1.244149999999999978e-01
-1.244149999999999978e-01
-1.244149999999999978e-01
-1.244149999999999978e-01
-1.244149999999999978e-01
-1.244149999999999978e-01
-1.244149999999999978e-01
-1.244149999999999978e-01
-1.244149999999999978e-01
-1.244149999999999978e-01
-1.244149999999999978e-01
-1.244149999999999978e-01
-1.244149999999999978e-01
-1.244149999999999978e-01
-1.244149999999999978e-01
-1.244149999999999978e-01
-1.244149999999999978e-01
-1.244149999999999978e-01
-1.244149999999999978e-01
-1.244149999999999978e-01
-1.244149999999999978e-01
-1.244149999999999978e-01
-1.244149999999999978e-01
-1.244149999999999978e-01
-1.244149999999999978e-01
-1.244149999999999978e-01
-1.244149999999999978e-01
-1.244149999999999978e-01
-1.244149999999999978e-01
-1.244149999999999978e-01
-1.244149999999999978e-01
-1.244149999999999978e-01
-1.244060000000000027e-01
-1.244060000000000027e-01
-1.244060000000000027e-01
-1.244060000000000027e-01
-1.244060000000000027e-01
-1.244060000000000027e-01
-1.244060000000000027e-01
-1.244060000000000027e-01
-1.244060000000000027e-01
-1.244060000000000027e-01
-1.244060000000000027e-01
-1.244060000000000027e-01
-1.244060000000000027e-01
-1.244060000000000027e-01
-1.244060000000000027e-01
-1.244060000000000027e-01
-1.244060000000000027e-01
-1.244060000000000027e-01
-1.244060000000000027e-01
-1.244060000000000027e-01
-1.244060000000000027e-01
-1.244060000000000027e-01
-1.244060000000000027e-01
-1.244060000000000027e-01
-1.244029999999999997e-01
-1.244029999999999997e-01
-1.244029999999999997e-01
-1.244029999999999997e-01
-1.244029999999999997e-01
-1.244029999999999997e-01
-1.244029999999999997e-01
-1.244029999999999997e-01
-1.244029999999999997e-01
-1.244029999999999997e-01
-1.244029999999999997e-01
-1.244029999999999997e-01
-1.244024999999999992e-01
-1.244024999999999992e-01
-1.244024999999999992e-01
-1.244024999999999992e-01
-1.244024999999999992e-01
-1.244024999999999992e-01
-1.244024999999999992e-01
-1.244024999999999992e-01
-1.244024999999999992e-01
-1.244024999999999992e-01
-1.244024999999999992e-01
-1.244024999999999992e-01
-1.244024999999999992e-01
-1.244024999999999992e-01
-1.244024999999999992e-01
-1.244024999999999992e-01
-1.244024999999999992e-01
-1.244024999999999992e-01
-1.244024999999999992e-01
-1.244024999999999992e-01
-1.244024999999999992e-01
-1.244024999999999992e-01
-1.244024999999999992e-01
-1.244024999999999992e-01
-1.244024999999999992e-01
-1.244024999999999992e-01
-1.244024999999999992e-01
-1.244024999999999992e-01
-1.244024999999999992e-01
-1.244024999999999992e-01
-1.244024999999999992e-01
-1.244024999999999992e-01
-1.244024999999999992e-01
-1.244024999999999992e-01
-1.244024999999999992e-01
-1.244024999999999992e-01
-1.244024999999999992e-01
-1.244024999999999992e-01
-1.244024999999999992e-01
-1.244024999999999992e-01
-1.244024999999999992e-01
-1.244024999999999992e-01
-1.244024999999999992e-01
-1.244024999999999992e-01
-1.244024999999999992e-01
-1.244024999999999992e-01
-1.244024999999999992e-01
-1.244024999999999992e-01
-1.244024999999999992e-01
-1.244024999999999992e-01
-1.244024999999999992e-01
-1.244024999999999992e-01
-1.244019999999999987e-01
-1.244019999999999987e-01
-1.244019999999999987e-01
-1.244019999999999987e-01
-1.244019999999999987e-01
-1.244019999999999987e-01
-1.244019999999999987e-01
-1.244019999999999987e-01
-1.244019999999999987e-01
-1.244019999999999987e-01
-1.244019999999999987e-01
-1.244019999999999987e-01
-1.244019999999999987e-01
-1.244019999999999987e-01
-1.244019999999999987e-01
-1.244019999999999987e-01
-1.244019999999999987e-01
-1.244019999999999987e-01
-1.244019999999999987e-01
-1.244019999999999987e-01
-1.244019999999999987e-01
-1.244019999999999987e-01
-1.244019999999999987e-01
-1.244019999999999987e-01
-1.244019999999999987e-01
-1.244019999999999987e-01
-1.244019999999999987e-01
-1.244019999999999987e-01
-1.244019999999999987e-01
-1.244019999999999987e-01
-1.244019999999999987e-01
-1.244019999999999987e-01
-1.244019999999999987e-01
-1.244019999999999987e-01
-1.244019999999999987e-01
-1.244019999999999987e-01
-1.244019999999999987e-01
-1.244019999999999987e-01
-1.244019999999999987e-01
-1.244019999999999987e-01
-1.244019999999999987e-01
-1.244019999999999987e-01
-1.244019999999999987e-01
-1.244019999999999987e-01
-1.244019999999999987e-01
-1.244019999999999987e-01
-1.244019999999999987e-01
-1.244019999999999987e-01
-1.244019999999999987e-01
-1.244019999999999987e-01
-1.244019999999999987e-01
-1.244019999999999987e-01
-1.244019999999999987e-01
-1.244019999999999987e-01
-1.244019999999999987e-01
-1.244019999999999987e-01
-1.244019999999999987e-01
-1.244019999999999987e-01
-1.244019999999999987e-01
-1.244019999999999987e-01
-1.244019999999999987e-01
-1.244019999999999987e-01
-1.244019999999999987e-01
-1.244019999999999987e-01
-1.244019999999999987e-01
-1.244019999999999987e-01
-1.244019999999999987e-01
-1.244019999999999987e-01
-1.244019999999999987e-01
-1.244019999999999987e-01
-1.244019999999999987e-01
-1.244019999999999987e-01
-1.244019999999999987e-01
-1.244019999999999987e-01
-1.244019999999999987e-01
-1.244019999999999987e-01
-1.244019999999999987e-01
-1.244019999999999987e-01
-1.244019999999999987e-01
-1.244019999999999987e-01
-1.244019999999999987e-01
-1.244019999999999987e-01
-1.244019999999999987e-01
-1.244019999999999987e-01
-1.244019999999999987e-01
-1.244019999999999987e-01
-1.244019999999999987e-01
-1.244019999999999987e-01
-1.244019999999999987e-01
-1.244019999999999987e-01
-1.244019999999999987e-01
-1.244019999999999987e-01
-1.244019999999999987e-01
-1.244019999999999987e-01
-1.244019999999999987e-01
-1.244019999999999987e-01
