-5.636860000000000204e-01
-5.636860000000000204e-01
-5.367880000000000429e-01
-5.367880000000000429e-01
-5.367880000000000429e-01
-5.278650000000000286e-01
-5.167464999999999975e-01
-5.023864999999999581e-01
-5.017220000000000013e-01
-4.761155000000000248e-01
-4.761155000000000248e-01
-4.725770000000000248e-01
-4.699685000000000112e-01
-4.699685000000000112e-01
-4.557255000000000056e-01
-4.488030000000000075e-01
-4.454715000000000202e-01
-4.287469999999999892e-01
-4.287469999999999892e-01
-4.287469999999999892e-01
-4.287469999999999892e-01
-4.195380000000000220e-01
-4.195380000000000220e-01
-4.147270000000000123e-01
-4.083870000000000000e-01
-4.004440000000000222e-01
-4.004440000000000222e-01
-3.819345000000000101e-01
-3.798084999999999933e-01
-3.798084999999999933e-01
-3.796300000000000230e-01
-3.682099999999999818e-01
-3.679760000000000253e-01
-3.662929999999999797e-01
-3.662929999999999797e-01
-3.499519999999999853e-01
-3.497560000000000113e-01
-3.497560000000000113e-01
-3.427279999999999771e-01
-3.427279999999999771e-01
-3.427279999999999771e-01
-3.427279999999999771e-01
-3.427279999999999771e-01
-3.376890000000000169e-01
-3.285779999999999812e-01
-3.285779999999999812e-01
-3.247955000000000148e-01
-3.247955000000000148e-01
-3.246020000000000016e-01
-3.211490000000000178e-01
-3.211490000000000178e-01
-3.192389999999999950e-01
-3.162249999999999783e-01
-3.088374999999999870e-01
-3.088374999999999870e-01
-3.088374999999999870e-01
-3.044704999999999773e-01
-3.044704999999999773e-01
-3.044704999999999773e-01
-3.044704999999999773e-01
-2.998870000000000147e-01
-2.998870000000000147e-01
-2.985524999999999984e-01
-2.969539999999999957e-01
-2.969539999999999957e-01
-2.969539999999999957e-01
-2.945705000000000129e-01
-2.945705000000000129e-01
-2.945705000000000129e-01
-2.945645000000000069e-01
-2.936039999999999761e-01
-2.861710000000000087e-01
-2.839814999999999978e-01
-2.839814999999999978e-01
-2.789130000000000220e-01
-2.789130000000000220e-01
-2.789130000000000220e-01
-2.789130000000000220e-01
-2.789130000000000220e-01
-2.745834999999999804e-01
-2.745834999999999804e-01
-2.745834999999999804e-01
-2.745834999999999804e-01
-2.745834999999999804e-01
-2.745834999999999804e-01
-2.745834999999999804e-01
-2.740330000000000266e-01
-2.711200000000000276e-01
-2.693714999999999860e-01
-2.693714999999999860e-01
-2.670974999999999877e-01
-2.653550000000000075e-01
-2.653550000000000075e-01
-2.634969999999999812e-01
-2.629179999999999851e-01
-2.629179999999999851e-01
-2.629179999999999851e-01
-2.628055000000000252e-01
-2.615124999999999811e-01
-2.615124999999999811e-01
-2.603770000000000251e-01
-2.600905000000000022e-01
-2.600640000000000174e-01
-2.574425000000000185e-01
-2.574425000000000185e-01
-2.574425000000000185e-01
-2.574425000000000185e-01
-2.574425000000000185e-01
-2.554724999999999913e-01
-2.554724999999999913e-01
-2.554724999999999913e-01
-2.554724999999999913e-01
-2.533219999999999916e-01
-2.526804999999999746e-01
-2.526804999999999746e-01
-2.526804999999999746e-01
-2.526804999999999746e-01
-2.511904999999999832e-01
-2.499399999999999955e-01
-2.499399999999999955e-01
-2.499399999999999955e-01
-2.495840000000000003e-01
-2.472274999999999889e-01
-2.472274999999999889e-01
-2.472274999999999889e-01
-2.472274999999999889e-01
-2.469745000000000135e-01
-2.469284999999999952e-01
-2.467979999999999896e-01
-2.464169999999999972e-01
-2.449485000000000134e-01
-2.449485000000000134e-01
-2.449485000000000134e-01
-2.449485000000000134e-01
-2.449485000000000134e-01
-2.447779999999999956e-01
-2.447584999999999900e-01
-2.446409999999999973e-01
-2.446409999999999973e-01
-2.445920000000000039e-01
-2.445920000000000039e-01
-2.440029999999999977e-01
-2.394155000000000033e-01
-2.394155000000000033e-01
-2.394155000000000033e-01
-2.394155000000000033e-01
-2.394155000000000033e-01
-2.394155000000000033e-01
-2.394155000000000033e-01
-2.394155000000000033e-01
-2.359150000000000136e-01
-2.359150000000000136e-01
-2.359150000000000136e-01
-2.359150000000000136e-01
-2.345494999999999941e-01
-2.345494999999999941e-01
-2.345494999999999941e-01
-2.345494999999999941e-01
-2.345494999999999941e-01
-2.345494999999999941e-01
-2.345494999999999941e-01
-2.342339999999999978e-01
-2.342339999999999978e-01
-2.342339999999999978e-01
-2.340389999999999970e-01
-2.320979999999999988e-01
-2.320979999999999988e-01
-2.320979999999999988e-01
-2.320979999999999988e-01
-2.308544999999999903e-01
-2.308544999999999903e-01
-2.308544999999999903e-01
-2.308544999999999903e-01
-2.308544999999999903e-01
-2.295594999999999997e-01
-2.295594999999999997e-01
-2.295594999999999997e-01
-2.295594999999999997e-01
-2.295594999999999997e-01
-2.295594999999999997e-01
-2.295594999999999997e-01
-2.295574999999999977e-01
-2.286944999999999950e-01
-2.286229999999999929e-01
-2.271884999999999877e-01
-2.271884999999999877e-01
-2.271884999999999877e-01
-2.271884999999999877e-01
-2.271275000000000099e-01
-2.271275000000000099e-01
-2.271275000000000099e-01
-2.263550000000000006e-01
-2.251894999999999869e-01
-2.251894999999999869e-01
-2.251894999999999869e-01
-2.251894999999999869e-01
-2.251894999999999869e-01
-2.251265000000000072e-01
-2.249295000000000044e-01
-2.249295000000000044e-01
-2.249295000000000044e-01
-2.249295000000000044e-01
-2.248914999999999942e-01
-2.248874999999999902e-01
-2.230769999999999975e-01
-2.226309999999999956e-01
-2.226309999999999956e-01
-2.223009999999999986e-01
-2.219980000000000009e-01
-2.219980000000000009e-01
-2.216720000000000079e-01
-2.216720000000000079e-01
-2.214055000000000051e-01
-2.214055000000000051e-01
-2.199299999999999866e-01
-2.199299999999999866e-01
-2.199299999999999866e-01
-2.199299999999999866e-01
-2.199299999999999866e-01
-2.199299999999999866e-01
-2.199299999999999866e-01
-2.194744999999999890e-01
-2.194744999999999890e-01
-2.194744999999999890e-01
-2.179969999999999963e-01
-2.179969999999999963e-01
-2.179969999999999963e-01
-2.179969999999999963e-01
-2.179969999999999963e-01
-2.179969999999999963e-01
-2.179969999999999963e-01
-2.179969999999999963e-01
-2.179969999999999963e-01
-2.179155000000000120e-01
-2.179155000000000120e-01
-2.174574999999999980e-01
-2.174574999999999980e-01
-2.174574999999999980e-01
-2.174574999999999980e-01
-2.172495000000000120e-01
-2.171359999999999957e-01
-2.171359999999999957e-01
-2.171359999999999957e-01
-2.170654999999999946e-01
-2.170654999999999946e-01
-2.159470000000000001e-01
-2.159470000000000001e-01
-2.159470000000000001e-01
-2.159470000000000001e-01
-2.159470000000000001e-01
-2.159470000000000001e-01
-2.159470000000000001e-01
-2.159470000000000001e-01
-2.151295000000000013e-01
-2.151295000000000013e-01
-2.151295000000000013e-01
-2.151295000000000013e-01
-2.151295000000000013e-01
-2.147000000000000020e-01
-2.147000000000000020e-01
-2.138190000000000091e-01
-2.138190000000000091e-01
-2.138190000000000091e-01
-2.138190000000000091e-01
-2.138190000000000091e-01
-2.138190000000000091e-01
-2.138190000000000091e-01
-2.138190000000000091e-01
-2.138190000000000091e-01
-2.138190000000000091e-01
-2.134790000000000021e-01
-2.133865000000000067e-01
-2.133865000000000067e-01
-2.133865000000000067e-01
-2.109310000000000074e-01
-2.109310000000000074e-01
-2.109310000000000074e-01
-2.109310000000000074e-01
-2.109310000000000074e-01
-2.109310000000000074e-01
-2.109310000000000074e-01
-2.109310000000000074e-01
-2.107360000000000066e-01
-2.107360000000000066e-01
-2.107360000000000066e-01
-2.107360000000000066e-01
-2.106625000000000025e-01
-2.106284999999999963e-01
-2.105190000000000117e-01
-2.102485000000000048e-01
-2.102485000000000048e-01
-2.100245000000000029e-01
-2.088000000000000134e-01
-2.088000000000000134e-01
-2.088000000000000134e-01
-2.088000000000000134e-01
-2.088000000000000134e-01
-2.087874999999999870e-01
-2.087874999999999870e-01
-2.087050000000000016e-01
-2.087050000000000016e-01
-2.085645000000000138e-01
-2.085645000000000138e-01
-2.085645000000000138e-01
-2.085645000000000138e-01
-2.085645000000000138e-01
-2.084529999999999994e-01
-2.084529999999999994e-01
-2.084529999999999994e-01
-2.079314999999999913e-01
-2.079314999999999913e-01
-2.079314999999999913e-01
-2.079249999999999987e-01
-2.079249999999999987e-01
-2.079249999999999987e-01
-2.079159999999999897e-01
-2.078500000000000070e-01
-2.077539999999999942e-01
-2.077084999999999904e-01
-2.077084999999999904e-01
-2.070875000000000077e-01
-2.070875000000000077e-01
-2.070875000000000077e-01
-2.068494999999999917e-01
-2.068494999999999917e-01
-2.068494999999999917e-01
-2.068494999999999917e-01
-2.068494999999999917e-01
-2.068494999999999917e-01
-2.068494999999999917e-01
-2.068494999999999917e-01
-2.068494999999999917e-01
-2.068494999999999917e-01
-2.067454999999999987e-01
-2.067454999999999987e-01
-2.067454999999999987e-01
-2.067144999999999955e-01
-2.066129999999999911e-01
-2.066129999999999911e-01
-2.066129999999999911e-01
-2.066129999999999911e-01
-2.066024999999999945e-01
-2.060724999999999918e-01
-2.060724999999999918e-01
-2.060724999999999918e-01
-2.060724999999999918e-01
-2.060724999999999918e-01
-2.060724999999999918e-01
-2.060724999999999918e-01
-2.060724999999999918e-01
-2.060724999999999918e-01
-2.057225000000000026e-01
-2.057225000000000026e-01
-2.057225000000000026e-01
-2.057225000000000026e-01
-2.057225000000000026e-01
-2.057225000000000026e-01
-2.052315000000000111e-01
-2.052315000000000111e-01
-2.052315000000000111e-01
-2.052315000000000111e-01
-2.052315000000000111e-01
-2.052315000000000111e-01
-2.052315000000000111e-01
-2.052315000000000111e-01
-2.052315000000000111e-01
-2.052315000000000111e-01
-2.052015000000000089e-01
-2.051280000000000048e-01
-2.051280000000000048e-01
-2.050710000000000033e-01
-2.050710000000000033e-01
-2.050710000000000033e-01
-2.050710000000000033e-01
-2.050690000000000013e-01
-2.050629999999999953e-01
-2.050454999999999917e-01
-2.050454999999999917e-01
-2.050230000000000108e-01
-2.050035000000000052e-01
-2.049539999999999973e-01
-2.049285000000000134e-01
-2.049020000000000008e-01
-2.048875000000000002e-01
-2.048445000000000127e-01
-2.048069999999999891e-01
-2.048069999999999891e-01
-2.036725000000000063e-01
-2.036725000000000063e-01
-2.036725000000000063e-01
-2.036725000000000063e-01
-2.036725000000000063e-01
-2.036725000000000063e-01
-2.036725000000000063e-01
-2.036725000000000063e-01
-2.036725000000000063e-01
-2.036725000000000063e-01
-2.036725000000000063e-01
-2.036725000000000063e-01
-2.036725000000000063e-01
-2.036725000000000063e-01
-2.036725000000000063e-01
-2.036574999999999913e-01
-2.036574999999999913e-01
-2.035829999999999862e-01
-2.035055000000000058e-01
-2.035055000000000058e-01
-2.035055000000000058e-01
-2.034994999999999998e-01
-2.034870000000000012e-01
-2.034864999999999868e-01
-2.034104999999999941e-01
-2.031600000000000072e-01
-2.029459999999999875e-01
-2.029459999999999875e-01
-2.029459999999999875e-01
-2.029459999999999875e-01
-2.029459999999999875e-01
-2.029459999999999875e-01
-2.025385000000000102e-01
-2.025385000000000102e-01
-2.025385000000000102e-01
-2.025385000000000102e-01
-2.025385000000000102e-01
-2.025385000000000102e-01
-2.025385000000000102e-01
-2.025385000000000102e-01
-2.025385000000000102e-01
-2.025385000000000102e-01
-2.025224999999999942e-01
-2.025224999999999942e-01
-2.025224999999999942e-01
-2.025119999999999976e-01
-2.025119999999999976e-01
-2.025119999999999976e-01
-2.025119999999999976e-01
-2.024940000000000073e-01
-2.024110000000000076e-01
-2.024110000000000076e-01
-2.023834999999999940e-01
-2.023679999999999923e-01
-2.023665000000000047e-01
-2.023480000000000001e-01
-2.020929999999999949e-01
-2.020929999999999949e-01
-2.020929999999999949e-01
-2.020929999999999949e-01
-2.020929999999999949e-01
-2.020929999999999949e-01
-2.020929999999999949e-01
-2.020929999999999949e-01
-2.020929999999999949e-01
-2.020899999999999919e-01
-2.020899999999999919e-01
-2.020699999999999996e-01
-2.020699999999999996e-01
-2.020699999999999996e-01
-2.020619999999999916e-01
-2.020565000000000000e-01
-2.020565000000000000e-01
-2.020474999999999910e-01
-2.020474999999999910e-01
-2.020474999999999910e-01
-2.020474999999999910e-01
-2.018310000000000104e-01
-2.018310000000000104e-01
-2.018310000000000104e-01
-2.018310000000000104e-01
-2.018310000000000104e-01
-2.018310000000000104e-01
-2.018310000000000104e-01
-2.018310000000000104e-01
-2.018310000000000104e-01
-2.018310000000000104e-01
-2.018310000000000104e-01
-2.018310000000000104e-01
-2.012174999999999936e-01
-2.012174999999999936e-01
-2.012174999999999936e-01
-2.012174999999999936e-01
-2.012174999999999936e-01
-2.012174999999999936e-01
-2.012174999999999936e-01
-2.012174999999999936e-01
-2.011614999999999931e-01
-2.011294999999999888e-01
-2.011294999999999888e-01
-2.011294999999999888e-01
-2.011294999999999888e-01
-2.011294999999999888e-01
-2.011294999999999888e-01
-2.011294999999999888e-01
-2.011114999999999986e-01
-2.010949999999999960e-01
-2.010949999999999960e-01
-2.010949999999999960e-01
-2.010949999999999960e-01
-2.010949999999999960e-01
-2.010909999999999920e-01
-2.010794999999999944e-01
-2.010794999999999944e-01
-2.010794999999999944e-01
-2.008630000000000138e-01
-2.008630000000000138e-01
-2.008630000000000138e-01
-2.008630000000000138e-01
-2.008630000000000138e-01
-2.008630000000000138e-01
-2.008630000000000138e-01
-2.008630000000000138e-01
-2.008630000000000138e-01
-2.008630000000000138e-01
-2.008630000000000138e-01
-2.008560000000000068e-01
-2.008405000000000051e-01
-2.008405000000000051e-01
-2.008399999999999908e-01
-2.007460000000000078e-01
-2.007369999999999988e-01
-2.007369999999999988e-01
-2.007369999999999988e-01
-2.007359999999999978e-01
-2.007359999999999978e-01
-2.007359999999999978e-01
-2.007164999999999921e-01
-2.007164999999999921e-01
-2.007079999999999975e-01
-2.006989999999999885e-01
-2.006910000000000083e-01
-2.006910000000000083e-01
-2.006910000000000083e-01
-2.006904999999999939e-01
-2.006249999999999978e-01
-2.006249999999999978e-01
-2.006249999999999978e-01
-2.006249999999999978e-01
-2.006249999999999978e-01
-2.006249999999999978e-01
-2.006249999999999978e-01
-2.006249999999999978e-01
-2.006249999999999978e-01
-2.006249999999999978e-01
-2.003304999999999947e-01
-2.003304999999999947e-01
-2.003304999999999947e-01
-2.003304999999999947e-01
-2.003304999999999947e-01
-2.003304999999999947e-01
-2.003185000000000104e-01
-2.003185000000000104e-01
-2.003185000000000104e-01
-2.003185000000000104e-01
-2.003185000000000104e-01
-2.003185000000000104e-01
-2.003185000000000104e-01
-2.000675000000000092e-01
-2.000675000000000092e-01
-2.000675000000000092e-01
-2.000675000000000092e-01
-2.000675000000000092e-01
-2.000675000000000092e-01
-2.000675000000000092e-01
-2.000675000000000092e-01
-2.000675000000000092e-01
-2.000675000000000092e-01
-2.000675000000000092e-01
-2.000675000000000092e-01
-2.000675000000000092e-01
-2.000675000000000092e-01
-2.000675000000000092e-01
-2.000675000000000092e-01
-2.000675000000000092e-01
-2.000675000000000092e-01
-2.000675000000000092e-01
-2.000675000000000092e-01
-2.000675000000000092e-01
-2.000675000000000092e-01
-2.000675000000000092e-01
-2.000429999999999986e-01
-2.000429999999999986e-01
-2.000429999999999986e-01
-2.000429999999999986e-01
-2.000429999999999986e-01
-2.000429999999999986e-01
-2.000429999999999986e-01
-1.999805000000000055e-01
-1.999805000000000055e-01
-1.999750000000000139e-01
-1.999750000000000139e-01
-1.999750000000000139e-01
-1.999750000000000139e-01
-1.999750000000000139e-01
-1.999750000000000139e-01
-1.999750000000000139e-01
-1.999750000000000139e-01
-1.999750000000000139e-01
-1.999700000000000089e-01
-1.998419999999999919e-01
-1.998419999999999919e-01
-1.998419999999999919e-01
-1.998419999999999919e-01
-1.998419999999999919e-01
-1.998419999999999919e-01
-1.998419999999999919e-01
-1.998419999999999919e-01
-1.998419999999999919e-01
-1.998419999999999919e-01
-1.998395000000000032e-01
-1.998340000000000116e-01
-1.998324999999999962e-01
-1.998105000000000020e-01
-1.998074999999999990e-01
-1.997970000000000024e-01
-1.997825000000000017e-01
-1.997825000000000017e-01
-1.997800000000000131e-01
-1.997800000000000131e-01
-1.997800000000000131e-01
-1.997800000000000131e-01
-1.997615000000000085e-01
-1.997615000000000085e-01
-1.997615000000000085e-01
-1.997615000000000085e-01
-1.997575000000000045e-01
-1.997575000000000045e-01
-1.997575000000000045e-01
-1.997575000000000045e-01
-1.997514999999999985e-01
-1.997514999999999985e-01
-1.997514999999999985e-01
-1.997514999999999985e-01
-1.997510000000000119e-01
-1.997474999999999945e-01
-1.997440000000000049e-01
-1.995450000000000002e-01
-1.995450000000000002e-01
-1.995450000000000002e-01
-1.995450000000000002e-01
-1.995450000000000002e-01
-1.992244999999999988e-01
-1.992244999999999988e-01
-1.992244999999999988e-01
-1.992244999999999988e-01
-1.992244999999999988e-01
-1.992244999999999988e-01
-1.992244999999999988e-01
-1.992244999999999988e-01
-1.992244999999999988e-01
-1.992244999999999988e-01
-1.992244999999999988e-01
-1.991769999999999929e-01
-1.991769999999999929e-01
-1.991769999999999929e-01
-1.991769999999999929e-01
-1.991769999999999929e-01
-1.991769999999999929e-01
-1.991769999999999929e-01
-1.991769999999999929e-01
-1.991769999999999929e-01
-1.991769999999999929e-01
-1.991769999999999929e-01
-1.991769999999999929e-01
-1.991769999999999929e-01
-1.991769999999999929e-01
-1.991769999999999929e-01
-1.991769999999999929e-01
-1.991769999999999929e-01
-1.991769999999999929e-01
-1.991769999999999929e-01
-1.991759999999999919e-01
-1.991759999999999919e-01
-1.991060000000000052e-01
-1.991060000000000052e-01
-1.991060000000000052e-01
-1.991060000000000052e-01
-1.991060000000000052e-01
-1.991060000000000052e-01
-1.991060000000000052e-01
-1.991060000000000052e-01
-1.991060000000000052e-01
-1.991060000000000052e-01
-1.991060000000000052e-01
-1.991060000000000052e-01
-1.991060000000000052e-01
-1.991060000000000052e-01
-1.991060000000000052e-01
-1.991060000000000052e-01
-1.991060000000000052e-01
-1.991060000000000052e-01
-1.991060000000000052e-01
-1.991005000000000136e-01
-1.990820000000000090e-01
-1.990740000000000010e-01
-1.990734999999999866e-01
-1.990665000000000073e-01
-1.990649999999999920e-01
-1.990510000000000057e-01
-1.990504999999999913e-01
-1.990415000000000101e-01
-1.990389999999999937e-01
-1.990389999999999937e-01
-1.990369999999999917e-01
-1.990369999999999917e-01
-1.990369999999999917e-01
-1.990369999999999917e-01
-1.990369999999999917e-01
-1.990359999999999907e-01
-1.990180000000000005e-01
-1.990180000000000005e-01
-1.990169999999999995e-01
-1.987484999999999946e-01
-1.987484999999999946e-01
-1.987484999999999946e-01
-1.987484999999999946e-01
-1.987484999999999946e-01
-1.987484999999999946e-01
-1.987484999999999946e-01
-1.987484999999999946e-01
-1.987484999999999946e-01
-1.987484999999999946e-01
-1.987484999999999946e-01
-1.987484999999999946e-01
-1.987484999999999946e-01
-1.987484999999999946e-01
-1.987484999999999946e-01
-1.987484999999999946e-01
-1.987484999999999946e-01
-1.987484999999999946e-01
-1.987484999999999946e-01
-1.987484999999999946e-01
-1.987484999999999946e-01
-1.987484999999999946e-01
-1.987484999999999946e-01
-1.987484999999999946e-01
-1.987484999999999946e-01
-1.987484999999999946e-01
-1.987484999999999946e-01
-1.987484999999999946e-01
-1.987484999999999946e-01
-1.987484999999999946e-01
-1.987484999999999946e-01
-1.987484999999999946e-01
-1.987484999999999946e-01
-1.987484999999999946e-01
-1.987484999999999946e-01
-1.987484999999999946e-01
-1.987484999999999946e-01
-1.987484999999999946e-01
-1.987484999999999946e-01
-1.987484999999999946e-01
-1.987250000000000127e-01
-1.987240000000000117e-01
-1.987240000000000117e-01
-1.987240000000000117e-01
-1.987049999999999927e-01
-1.987025000000000041e-01
-1.987025000000000041e-01
-1.987025000000000041e-01
-1.987019999999999897e-01
-1.987019999999999897e-01
-1.987019999999999897e-01
-1.987019999999999897e-01
-1.986950000000000105e-01
-1.986950000000000105e-01
-1.986950000000000105e-01
-1.986950000000000105e-01
-1.986944999999999961e-01
-1.986944999999999961e-01
-1.986944999999999961e-01
-1.986944999999999961e-01
-1.986944999999999961e-01
-1.986944999999999961e-01
-1.986944999999999961e-01
-1.986944999999999961e-01
-1.986944999999999961e-01
-1.986944999999999961e-01
-1.986944999999999961e-01
-1.986839999999999995e-01
-1.986789999999999945e-01
-1.986789999999999945e-01
-1.986755000000000049e-01
-1.986565000000000136e-01
-1.986565000000000136e-01
-1.986555000000000126e-01
-1.986549999999999983e-01
-1.986549999999999983e-01
-1.986545000000000116e-01
-1.986545000000000116e-01
-1.986535000000000106e-01
-1.986529999999999963e-01
-1.986525000000000096e-01
-1.986525000000000096e-01
-1.986525000000000096e-01
-1.986525000000000096e-01
-1.986525000000000096e-01
-1.986525000000000096e-01
-1.986525000000000096e-01
-1.986525000000000096e-01
-1.986525000000000096e-01
-1.986525000000000096e-01
-1.986525000000000096e-01
-1.986525000000000096e-01
-1.986410000000000120e-01
-1.986410000000000120e-01
-1.986410000000000120e-01
-1.986410000000000120e-01
-1.986410000000000120e-01
-1.986410000000000120e-01
-1.986410000000000120e-01
-1.986410000000000120e-01
-1.986410000000000120e-01
-1.986370000000000080e-01
-1.986370000000000080e-01
-1.986370000000000080e-01
-1.986370000000000080e-01
-1.986370000000000080e-01
-1.986304999999999876e-01
-1.986304999999999876e-01
-1.986294999999999866e-01
-1.986175000000000024e-01
-1.986175000000000024e-01
-1.986175000000000024e-01
-1.986175000000000024e-01
-1.986175000000000024e-01
-1.986175000000000024e-01
-1.986175000000000024e-01
-1.986144999999999994e-01
-1.986140000000000128e-01
-1.986140000000000128e-01
-1.986140000000000128e-01
-1.986130000000000118e-01
-1.986130000000000118e-01
-1.986120000000000108e-01
-1.986120000000000108e-01
-1.986104999999999954e-01
-1.986104999999999954e-01
-1.986104999999999954e-01
-1.986090000000000078e-01
-1.986090000000000078e-01
-1.986090000000000078e-01
-1.986090000000000078e-01
-1.986090000000000078e-01
-1.986090000000000078e-01
-1.986090000000000078e-01
-1.985794999999999921e-01
-1.985794999999999921e-01
-1.985794999999999921e-01
-1.985794999999999921e-01
-1.985794999999999921e-01
-1.985794999999999921e-01
-1.985794999999999921e-01
-1.985794999999999921e-01
-1.985794999999999921e-01
-1.985790000000000055e-01
-1.985774999999999901e-01
-1.985774999999999901e-01
-1.985754999999999881e-01
-1.985754999999999881e-01
-1.985754999999999881e-01
-1.985709999999999975e-01
-1.985709999999999975e-01
-1.985695000000000099e-01
-1.985695000000000099e-01
-1.983789999999999998e-01
-1.983789999999999998e-01
-1.983789999999999998e-01
-1.983789999999999998e-01
-1.983789999999999998e-01
-1.983789999999999998e-01
-1.983789999999999998e-01
-1.983789999999999998e-01
-1.983789999999999998e-01
-1.983789999999999998e-01
-1.983789999999999998e-01
-1.983789999999999998e-01
-1.983789999999999998e-01
-1.983789999999999998e-01
-1.983789999999999998e-01
-1.983789999999999998e-01
-1.983624999999999972e-01
-1.983624999999999972e-01
-1.983624999999999972e-01
-1.983624999999999972e-01
-1.983624999999999972e-01
-1.983624999999999972e-01
-1.983624999999999972e-01
-1.983580000000000065e-01
-1.983580000000000065e-01
-1.983580000000000065e-01
-1.983574999999999922e-01
-1.983574999999999922e-01
-1.983574999999999922e-01
-1.983574999999999922e-01
-1.983574999999999922e-01
-1.983570000000000055e-01
-1.983570000000000055e-01
-1.983054999999999957e-01
-1.983054999999999957e-01
-1.982885000000000064e-01
-1.982885000000000064e-01
-1.982885000000000064e-01
-1.982885000000000064e-01
-1.982885000000000064e-01
-1.982885000000000064e-01
-1.982885000000000064e-01
-1.982885000000000064e-01
-1.982885000000000064e-01
-1.982885000000000064e-01
-1.982885000000000064e-01
-1.982885000000000064e-01
-1.982885000000000064e-01
-1.982885000000000064e-01
-1.982885000000000064e-01
-1.982885000000000064e-01
-1.982885000000000064e-01
-1.982885000000000064e-01
-1.982885000000000064e-01
-1.982885000000000064e-01
-1.982885000000000064e-01
-1.982879999999999920e-01
-1.982879999999999920e-01
-1.982810000000000128e-01
-1.982500000000000095e-01
-1.982500000000000095e-01
-1.982460000000000055e-01
-1.982460000000000055e-01
-1.982460000000000055e-01
-1.982460000000000055e-01
-1.982460000000000055e-01
-1.982460000000000055e-01
-1.982450000000000045e-01
-1.982450000000000045e-01
-1.982450000000000045e-01
-1.982450000000000045e-01
-1.982440000000000035e-01
-1.982410000000000005e-01
-1.982410000000000005e-01
-1.982389999999999985e-01
-1.982389999999999985e-01
-1.982389999999999985e-01
-1.982389999999999985e-01
-1.982385000000000119e-01
-1.982385000000000119e-01
-1.982379999999999975e-01
-1.982379999999999975e-01
-1.982379999999999975e-01
-1.982379999999999975e-01
-1.980494999999999894e-01
-1.980494999999999894e-01
-1.980494999999999894e-01
-1.980494999999999894e-01
-1.980494999999999894e-01
-1.980494999999999894e-01
-1.980494999999999894e-01
-1.980494999999999894e-01
-1.980494999999999894e-01
-1.980494999999999894e-01
-1.980494999999999894e-01
-1.980494999999999894e-01
-1.980494999999999894e-01
-1.980494999999999894e-01
-1.980494999999999894e-01
-1.980494999999999894e-01
-1.980494999999999894e-01
-1.980494999999999894e-01
-1.980494999999999894e-01
-1.980494999999999894e-01
-1.980494999999999894e-01
-1.980494999999999894e-01
-1.980494999999999894e-01
-1.980464999999999864e-01
-1.980464999999999864e-01
-1.980464999999999864e-01
-1.980459999999999998e-01
-1.980449999999999988e-01
-1.980449999999999988e-01
-1.980449999999999988e-01
-1.980449999999999988e-01
-1.980449999999999988e-01
-1.980449999999999988e-01
-1.980449999999999988e-01
-1.980449999999999988e-01
-1.980445000000000122e-01
-1.980445000000000122e-01
-1.980425000000000102e-01
-1.980419999999999958e-01
-1.980419999999999958e-01
-1.980415000000000092e-01
-1.980415000000000092e-01
-1.980365000000000042e-01
-1.980155000000000109e-01
-1.979789999999999883e-01
-1.979789999999999883e-01
-1.979789999999999883e-01
-1.979789999999999883e-01
-1.979789999999999883e-01
-1.979789999999999883e-01
-1.979789999999999883e-01
-1.979789999999999883e-01
-1.979785000000000017e-01
