9.975284015414627170e-01
9.959974482416869002e-01
4.639725778968371017e-01
9.985934036370864852e-01
9.936077825502692695e-01
4.585962923442736261e-01
9.989974123104138348e-01
9.918193382222547649e-01
5.446484391820654025e-01
9.981873865512647104e-01
9.941940638425424970e-01
6.221345109772071780e-01
9.997243958838885058e-01
9.899039140697847294e-01
3.007920657664936437e-01
9.993367519084723760e-01
9.861105305382402708e-01
6.856853602054825414e-01
9.996998932694989293e-01
9.902832030710122524e-01
1.647182679497955216e-01
9.969150770965042874e-01
9.873531726061171021e-01
4.070982911070165078e-01
