0.000000000000000000e+00 7.540500000000000327e-03
1.052631578947368363e-01 6.897000000000000353e-03
2.105263157894736725e-01 6.577500000000000013e-03
3.157894736842105088e-01 6.632500000000000374e-03
4.210526315789473450e-01 2.665050000000000058e-02
5.263157894736841813e-01 1.300105000000000011e-01
6.315789473684210176e-01 2.318979999999999930e-01
7.368421052631578538e-01 3.301474999999999826e-01
8.421052631578946901e-01 4.232925000000000160e-01
9.473684210526315264e-01 5.101139999999999564e-01
1.052631578947368363e+00 5.896620000000000195e-01
1.157894736842105310e+00 6.612900000000000444e-01
1.263157894736842035e+00 7.246464999999999712e-01
1.368421052631578760e+00 7.796769999999999534e-01
1.473684210526315708e+00 8.265940000000000509e-01
1.578947368421052655e+00 8.658369999999999678e-01
1.684210526315789380e+00 8.980200000000000404e-01
1.789473684210526105e+00 9.238889999999999603e-01
1.894736842105263053e+00 9.442589999999999595e-01
2.000000000000000000e+00 9.599590000000000067e-01
