0.000000000000000000e+00 2.924500000000000016e-03
1.052631578947368363e-01 1.832000000000000078e-03
2.105263157894736725e-01 3.651499999999999798e-03
3.157894736842105088e-01 2.508300000000000113e-02
4.210526315789473450e-01 1.284810000000000119e-01
5.263157894736841813e-01 2.304789999999999894e-01
6.315789473684210176e-01 3.288570000000000104e-01
7.368421052631578538e-01 4.221374999999999988e-01
8.421052631578946901e-01 5.090970000000000217e-01
9.473684210526315264e-01 5.887820000000000276e-01
1.052631578947368363e+00 6.605385000000000284e-01
1.157894736842105310e+00 7.240155000000000340e-01
1.263157894736842035e+00 7.791550000000000420e-01
1.368421052631578760e+00 8.261675000000000546e-01
1.473684210526315708e+00 8.654920000000000391e-01
1.578947368421052655e+00 8.977454999999999741e-01
1.684210526315789380e+00 9.236704999999999499e-01
1.789473684210526105e+00 9.440840000000000343e-01
1.894736842105263053e+00 9.598219999999999530e-01
2.000000000000000000e+00 9.716955000000000453e-01
