0.000000000000000000e+00 2.351999999999999924e-03
1.052631578947368363e-01 2.005999999999999971e-03
2.105263157894736725e-01 6.063500000000000313e-03
3.157894736842105088e-01 8.629050000000000609e-02
4.210526315789473450e-01 1.892935000000000034e-01
5.263157894736841813e-01 2.893680000000000141e-01
6.315789473684210176e-01 3.849144999999999928e-01
7.368421052631578538e-01 4.746029999999999971e-01
8.421052631578946901e-01 5.573645000000000405e-01
9.473684210526315264e-01 6.324229999999999574e-01
1.052631578947368363e+00 6.993009999999999504e-01
1.157894736842105310e+00 7.578274999999999872e-01
1.263157894736842035e+00 8.081034999999999746e-01
1.368421052631578760e+00 8.504865000000000341e-01
1.473684210526315708e+00 8.855250000000000066e-01
1.578947368421052655e+00 9.139205000000000245e-01
1.684210526315789380e+00 9.364645000000000330e-01
1.789473684210526105e+00 9.539929999999999799e-01
1.894736842105263053e+00 9.673329999999999984e-01
2.000000000000000000e+00 9.772644999999999804e-01
