0.000000000000000000e+00 9.931999999999999856e-03
1.052631578947368363e-01 6.699499999999999726e-03
2.105263157894736725e-01 6.581000000000000044e-03
3.157894736842105088e-01 9.691500000000000462e-03
4.210526315789473450e-01 7.021999999999999596e-03
5.263157894736841813e-01 6.678500000000000408e-03
6.315789473684210176e-01 9.599999999999999159e-03
7.368421052631578538e-01 7.545999999999999756e-03
8.421052631578946901e-01 6.146200000000000274e-02
9.473684210526315264e-01 1.647730000000000028e-01
1.052631578947368363e+00 2.656229999999999980e-01
1.157894736842105310e+00 3.623104999999999798e-01
1.263157894736842035e+00 4.534504999999999786e-01
1.368421052631578760e+00 5.379104999999999581e-01
1.473684210526315708e+00 6.148430000000000284e-01
1.578947368421052655e+00 6.836989999999999457e-01
1.684210526315789380e+00 7.442315000000000458e-01
1.789473684210526105e+00 7.964799999999999658e-01
1.894736842105263053e+00 8.407390000000000141e-01
2.000000000000000000e+00 8.775125000000000286e-01
