-2.249444999999999917e-01
-2.249444999999999917e-01
-1.790565000000000073e-01
-1.790565000000000073e-01
-1.235760000000000053e-01
-1.235760000000000053e-01
-1.235760000000000053e-01
-1.235760000000000053e-01
-1.235760000000000053e-01
-1.211170000000000024e-01
-1.204864999999999964e-01
-1.140179999999999944e-01
-1.140179999999999944e-01
-1.138544999999999974e-01
-1.116739999999999955e-01
-1.100735000000000047e-01
-1.100735000000000047e-01
-1.019700000000000051e-01
-1.019700000000000051e-01
-1.019700000000000051e-01
-1.018285000000000023e-01
-1.018285000000000023e-01
-9.913450000000000040e-02
-9.893799999999999817e-02
-9.783150000000000179e-02
-9.665949999999999542e-02
-9.665949999999999542e-02
-9.521300000000000596e-02
-9.521300000000000596e-02
-9.453000000000000291e-02
-9.441700000000000093e-02
-9.441700000000000093e-02
-9.369500000000000051e-02
-9.369500000000000051e-02
-9.325250000000000206e-02
-9.192250000000000421e-02
-9.192250000000000421e-02
-9.192250000000000421e-02
-9.192250000000000421e-02
-9.162549999999999861e-02
-8.872449999999999781e-02
-8.872449999999999781e-02
-8.866150000000000420e-02
-8.866150000000000420e-02
-8.866150000000000420e-02
-8.866150000000000420e-02
-8.844649999999999734e-02
-8.815850000000000075e-02
-8.815850000000000075e-02
-8.815850000000000075e-02
-8.789500000000000091e-02
-8.747599999999999820e-02
-8.703950000000000575e-02
-8.703950000000000575e-02
-8.703950000000000575e-02
-8.611199999999999410e-02
-8.611199999999999410e-02
-8.611199999999999410e-02
-8.611199999999999410e-02
-8.611199999999999410e-02
-8.611199999999999410e-02
-8.611199999999999410e-02
-8.611199999999999410e-02
-8.548200000000000243e-02
-8.548200000000000243e-02
-8.548200000000000243e-02
-8.548200000000000243e-02
-8.548200000000000243e-02
-8.540999999999999981e-02
-8.540999999999999981e-02
-8.540999999999999981e-02
-8.540999999999999981e-02
-8.515649999999999609e-02
-8.515649999999999609e-02
-8.515649999999999609e-02
-8.515649999999999609e-02
-8.515649999999999609e-02
-8.489599999999999924e-02
-8.489599999999999924e-02
-8.489599999999999924e-02
-8.489599999999999924e-02
-8.480000000000000038e-02
-8.479299999999999338e-02
-8.456600000000000228e-02
-8.452450000000000241e-02
-8.452450000000000241e-02
-8.452450000000000241e-02
-8.435299999999999743e-02
-8.433350000000000568e-02
-8.433350000000000568e-02
-8.433350000000000568e-02
-8.431900000000000506e-02
-8.431900000000000506e-02
-8.401849999999999596e-02
-8.401849999999999596e-02
-8.401849999999999596e-02
-8.401849999999999596e-02
-8.401849999999999596e-02
-8.401849999999999596e-02
-8.401849999999999596e-02
-8.401849999999999596e-02
-8.377199999999999924e-02
-8.377199999999999924e-02
-8.377199999999999924e-02
-8.340599999999999403e-02
-8.340599999999999403e-02
-8.340599999999999403e-02
-8.340599999999999403e-02
-8.340599999999999403e-02
-8.340599999999999403e-02
-8.340599999999999403e-02
-8.340599999999999403e-02
-8.340599999999999403e-02
-8.340599999999999403e-02
-8.340599999999999403e-02
-8.340599999999999403e-02
-8.340599999999999403e-02
-8.339749999999999941e-02
-8.339749999999999941e-02
-8.339749999999999941e-02
-8.334800000000000542e-02
-8.334800000000000542e-02
-8.334800000000000542e-02
-8.324900000000000355e-02
-8.324900000000000355e-02
-8.314850000000000019e-02
-8.314850000000000019e-02
-8.314850000000000019e-02
-8.307349999999999457e-02
-8.307349999999999457e-02
-8.307349999999999457e-02
-8.307349999999999457e-02
-8.307349999999999457e-02
-8.304200000000000470e-02
-8.302299999999999958e-02
-8.300599999999999645e-02
-8.300599999999999645e-02
-8.300599999999999645e-02
-8.300599999999999645e-02
-8.290350000000000497e-02
-8.290350000000000497e-02
-8.290350000000000497e-02
-8.290350000000000497e-02
-8.290350000000000497e-02
-8.290350000000000497e-02
-8.290350000000000497e-02
-8.290350000000000497e-02
-8.284099999999999797e-02
-8.284099999999999797e-02
-8.284099999999999797e-02
-8.284099999999999797e-02
-8.282899999999999985e-02
-8.282899999999999985e-02
-8.273400000000000198e-02
-8.273400000000000198e-02
-8.258849999999999525e-02
-8.258849999999999525e-02
-8.258849999999999525e-02
-8.258849999999999525e-02
-8.258849999999999525e-02
-8.240200000000000302e-02
-8.240200000000000302e-02
-8.240200000000000302e-02
-8.240200000000000302e-02
-8.240200000000000302e-02
-8.240200000000000302e-02
-8.240200000000000302e-02
-8.240200000000000302e-02
-8.240200000000000302e-02
-8.240200000000000302e-02
-8.240200000000000302e-02
-8.240200000000000302e-02
-8.238800000000000290e-02
-8.225349999999999329e-02
-8.225349999999999329e-02
-8.225349999999999329e-02
-8.224049999999999416e-02
-8.224049999999999416e-02
-8.224049999999999416e-02
-8.224049999999999416e-02
-8.224049999999999416e-02
-8.224049999999999416e-02
-8.224049999999999416e-02
-8.224049999999999416e-02
-8.224049999999999416e-02
-8.224049999999999416e-02
-8.224049999999999416e-02
-8.224049999999999416e-02
-8.224049999999999416e-02
-8.223949999999999316e-02
-8.223949999999999316e-02
-8.223949999999999316e-02
-8.223949999999999316e-02
-8.213199999999999668e-02
-8.213199999999999668e-02
-8.212700000000000555e-02
-8.212700000000000555e-02
-8.212700000000000555e-02
-8.212700000000000555e-02
-8.212700000000000555e-02
-8.212700000000000555e-02
-8.212700000000000555e-02
-8.209750000000000381e-02
-8.209750000000000381e-02
-8.209750000000000381e-02
-8.209750000000000381e-02
-8.209750000000000381e-02
-8.209750000000000381e-02
-8.209750000000000381e-02
-8.209750000000000381e-02
-8.209750000000000381e-02
-8.209750000000000381e-02
-8.209750000000000381e-02
-8.209750000000000381e-02
-8.209750000000000381e-02
-8.209750000000000381e-02
-8.205400000000000194e-02
-8.205400000000000194e-02
-8.205400000000000194e-02
-8.202299999999999869e-02
-8.202299999999999869e-02
-8.202299999999999869e-02
-8.202299999999999869e-02
-8.202299999999999869e-02
-8.202299999999999869e-02
-8.202299999999999869e-02
-8.197050000000000169e-02
-8.197050000000000169e-02
-8.197050000000000169e-02
-8.197050000000000169e-02
-8.197050000000000169e-02
-8.197050000000000169e-02
-8.197050000000000169e-02
-8.197050000000000169e-02
-8.197050000000000169e-02
-8.197050000000000169e-02
-8.197050000000000169e-02
-8.195850000000000357e-02
-8.195850000000000357e-02
-8.195850000000000357e-02
-8.195850000000000357e-02
-8.195850000000000357e-02
-8.195850000000000357e-02
-8.195850000000000357e-02
-8.195850000000000357e-02
-8.195850000000000357e-02
-8.195850000000000357e-02
-8.192199999999999482e-02
-8.192199999999999482e-02
-8.192199999999999482e-02
-8.192199999999999482e-02
-8.192199999999999482e-02
-8.192199999999999482e-02
-8.192199999999999482e-02
-8.192199999999999482e-02
-8.192199999999999482e-02
-8.192199999999999482e-02
-8.192199999999999482e-02
-8.192199999999999482e-02
-8.192199999999999482e-02
-8.192199999999999482e-02
-8.192199999999999482e-02
-8.192199999999999482e-02
-8.192199999999999482e-02
-8.192199999999999482e-02
-8.192199999999999482e-02
-8.192199999999999482e-02
-8.192199999999999482e-02
-8.192199999999999482e-02
-8.192199999999999482e-02
-8.192199999999999482e-02
-8.192199999999999482e-02
-8.192199999999999482e-02
-8.192199999999999482e-02
-8.192199999999999482e-02
-8.192199999999999482e-02
-8.192199999999999482e-02
-8.192199999999999482e-02
-8.192199999999999482e-02
-8.187949999999999395e-02
-8.187949999999999395e-02
-8.187949999999999395e-02
-8.187949999999999395e-02
-8.187949999999999395e-02
-8.187949999999999395e-02
-8.187949999999999395e-02
-8.187949999999999395e-02
-8.187949999999999395e-02
-8.187949999999999395e-02
-8.187949999999999395e-02
-8.187949999999999395e-02
-8.187949999999999395e-02
-8.187949999999999395e-02
-8.187949999999999395e-02
-8.187149999999999983e-02
-8.186300000000000521e-02
-8.186300000000000521e-02
-8.186300000000000521e-02
-8.186300000000000521e-02
-8.186300000000000521e-02
-8.186300000000000521e-02
-8.186300000000000521e-02
-8.186300000000000521e-02
-8.186300000000000521e-02
-8.186300000000000521e-02
-8.186300000000000521e-02
-8.186300000000000521e-02
-8.186300000000000521e-02
-8.186300000000000521e-02
-8.186300000000000521e-02
-8.186300000000000521e-02
-8.186300000000000521e-02
-8.186300000000000521e-02
-8.186300000000000521e-02
-8.186300000000000521e-02
-8.186300000000000521e-02
-8.186300000000000521e-02
-8.186300000000000521e-02
-8.181399999999999784e-02
-8.181399999999999784e-02
-8.181399999999999784e-02
-8.181399999999999784e-02
-8.181399999999999784e-02
-8.181399999999999784e-02
-8.181399999999999784e-02
-8.181399999999999784e-02
-8.181399999999999784e-02
-8.181399999999999784e-02
-8.181399999999999784e-02
-8.181399999999999784e-02
-8.181399999999999784e-02
-8.181399999999999784e-02
-8.181399999999999784e-02
-8.181399999999999784e-02
-8.181399999999999784e-02
-8.181399999999999784e-02
-8.181399999999999784e-02
-8.181399999999999784e-02
-8.181399999999999784e-02
-8.181399999999999784e-02
-8.181399999999999784e-02
-8.181399999999999784e-02
-8.181399999999999784e-02
-8.181399999999999784e-02
-8.181399999999999784e-02
-8.181399999999999784e-02
-8.181399999999999784e-02
-8.181399999999999784e-02
-8.181399999999999784e-02
-8.181399999999999784e-02
-8.181399999999999784e-02
-8.181399999999999784e-02
-8.179949999999999721e-02
-8.179949999999999721e-02
-8.179949999999999721e-02
-8.179949999999999721e-02
-8.179949999999999721e-02
-8.179949999999999721e-02
-8.179949999999999721e-02
-8.179949999999999721e-02
-8.179949999999999721e-02
-8.179949999999999721e-02
-8.179949999999999721e-02
-8.179949999999999721e-02
-8.179949999999999721e-02
-8.177800000000000347e-02
-8.177800000000000347e-02
-8.177800000000000347e-02
-8.177800000000000347e-02
-8.177800000000000347e-02
-8.177800000000000347e-02
-8.177800000000000347e-02
-8.177800000000000347e-02
-8.177800000000000347e-02
-8.177800000000000347e-02
-8.177800000000000347e-02
-8.177800000000000347e-02
-8.177800000000000347e-02
-8.177800000000000347e-02
-8.177800000000000347e-02
-8.177550000000000097e-02
-8.177550000000000097e-02
-8.177550000000000097e-02
-8.177550000000000097e-02
-8.177550000000000097e-02
-8.177550000000000097e-02
-8.177349999999999897e-02
-8.177349999999999897e-02
-8.177349999999999897e-02
-8.177349999999999897e-02
-8.177349999999999897e-02
-8.177349999999999897e-02
-8.177349999999999897e-02
-8.177349999999999897e-02
-8.177349999999999897e-02
-8.177349999999999897e-02
-8.177349999999999897e-02
-8.177349999999999897e-02
-8.177349999999999897e-02
-8.177349999999999897e-02
-8.177349999999999897e-02
-8.177349999999999897e-02
-8.177349999999999897e-02
-8.177349999999999897e-02
-8.177349999999999897e-02
-8.177349999999999897e-02
-8.177349999999999897e-02
-8.177349999999999897e-02
-8.177349999999999897e-02
-8.177349999999999897e-02
-8.177349999999999897e-02
-8.177349999999999897e-02
-8.177349999999999897e-02
-8.177349999999999897e-02
-8.177349999999999897e-02
-8.177349999999999897e-02
-8.177349999999999897e-02
-8.177349999999999897e-02
-8.177349999999999897e-02
-8.177349999999999897e-02
-8.177349999999999897e-02
-8.177349999999999897e-02
-8.177349999999999897e-02
-8.177349999999999897e-02
-8.177349999999999897e-02
-8.177349999999999897e-02
-8.177349999999999897e-02
-8.177349999999999897e-02
-8.177349999999999897e-02
-8.177349999999999897e-02
-8.177349999999999897e-02
-8.177349999999999897e-02
-8.177349999999999897e-02
-8.177349999999999897e-02
-8.177349999999999897e-02
-8.177349999999999897e-02
-8.177349999999999897e-02
-8.177349999999999897e-02
-8.177349999999999897e-02
-8.177349999999999897e-02
-8.177349999999999897e-02
-8.177349999999999897e-02
-8.177349999999999897e-02
-8.177349999999999897e-02
-8.177349999999999897e-02
-8.177349999999999897e-02
-8.177349999999999897e-02
-8.177349999999999897e-02
-8.177349999999999897e-02
-8.177349999999999897e-02
-8.175399999999999334e-02
-8.175399999999999334e-02
-8.175399999999999334e-02
-8.175399999999999334e-02
-8.175399999999999334e-02
-8.175399999999999334e-02
-8.175399999999999334e-02
-8.175399999999999334e-02
-8.175399999999999334e-02
-8.175399999999999334e-02
-8.175399999999999334e-02
-8.175399999999999334e-02
-8.174149999999999472e-02
-8.174149999999999472e-02
-8.174149999999999472e-02
-8.174149999999999472e-02
-8.174149999999999472e-02
-8.174149999999999472e-02
-8.174149999999999472e-02
-8.174149999999999472e-02
-8.174149999999999472e-02
-8.174149999999999472e-02
-8.174149999999999472e-02
-8.174149999999999472e-02
-8.174149999999999472e-02
-8.174149999999999472e-02
-8.174149999999999472e-02
-8.174149999999999472e-02
-8.174149999999999472e-02
-8.174149999999999472e-02
-8.174149999999999472e-02
-8.174149999999999472e-02
-8.174149999999999472e-02
-8.174149999999999472e-02
-8.174149999999999472e-02
-8.174149999999999472e-02
-8.174149999999999472e-02
-8.174149999999999472e-02
-8.170900000000000385e-02
-8.170900000000000385e-02
-8.170900000000000385e-02
-8.170900000000000385e-02
-8.170900000000000385e-02
-8.170900000000000385e-02
-8.170900000000000385e-02
-8.170900000000000385e-02
-8.170900000000000385e-02
-8.170900000000000385e-02
-8.170900000000000385e-02
-8.170900000000000385e-02
-8.170900000000000385e-02
-8.170900000000000385e-02
-8.170900000000000385e-02
-8.170900000000000385e-02
-8.170900000000000385e-02
-8.170900000000000385e-02
-8.170900000000000385e-02
-8.170900000000000385e-02
-8.170900000000000385e-02
-8.170900000000000385e-02
-8.170900000000000385e-02
-8.170900000000000385e-02
-8.170900000000000385e-02
-8.170900000000000385e-02
-8.170900000000000385e-02
-8.170900000000000385e-02
-8.170900000000000385e-02
-8.170900000000000385e-02
-8.170900000000000385e-02
-8.170900000000000385e-02
-8.170900000000000385e-02
-8.170900000000000385e-02
-8.170900000000000385e-02
-8.170900000000000385e-02
-8.170900000000000385e-02
-8.170900000000000385e-02
-8.170900000000000385e-02
-8.170900000000000385e-02
-8.170900000000000385e-02
-8.170900000000000385e-02
-8.170900000000000385e-02
-8.170900000000000385e-02
-8.170900000000000385e-02
-8.170900000000000385e-02
-8.170900000000000385e-02
-8.170900000000000385e-02
-8.170900000000000385e-02
-8.170900000000000385e-02
-8.170900000000000385e-02
-8.170900000000000385e-02
-8.170900000000000385e-02
-8.170900000000000385e-02
-8.169650000000000523e-02
-8.169650000000000523e-02
-8.169650000000000523e-02
-8.169650000000000523e-02
-8.169650000000000523e-02
-8.169650000000000523e-02
-8.169650000000000523e-02
-8.169650000000000523e-02
-8.169650000000000523e-02
-8.169650000000000523e-02
-8.169650000000000523e-02
-8.169650000000000523e-02
-8.169650000000000523e-02
-8.169650000000000523e-02
-8.169650000000000523e-02
-8.169650000000000523e-02
-8.169250000000000123e-02
-8.169250000000000123e-02
-8.169250000000000123e-02
-8.169250000000000123e-02
-8.169250000000000123e-02
-8.169250000000000123e-02
-8.169250000000000123e-02
-8.169250000000000123e-02
-8.169250000000000123e-02
-8.169250000000000123e-02
-8.169250000000000123e-02
-8.169250000000000123e-02
-8.169250000000000123e-02
-8.169250000000000123e-02
-8.169250000000000123e-02
-8.169250000000000123e-02
-8.169250000000000123e-02
-8.169250000000000123e-02
-8.169250000000000123e-02
-8.168150000000000410e-02
-8.168150000000000410e-02
-8.168150000000000410e-02
-8.168150000000000410e-02
-8.168150000000000410e-02
-8.168150000000000410e-02
-8.168150000000000410e-02
-8.168150000000000410e-02
-8.168150000000000410e-02
-8.168150000000000410e-02
-8.168150000000000410e-02
-8.168150000000000410e-02
-8.168150000000000410e-02
-8.168150000000000410e-02
-8.168150000000000410e-02
-8.168150000000000410e-02
-8.168150000000000410e-02
-8.168150000000000410e-02
-8.168150000000000410e-02
-8.168150000000000410e-02
-8.168150000000000410e-02
-8.168150000000000410e-02
-8.168150000000000410e-02
-8.168150000000000410e-02
-8.168150000000000410e-02
-8.168150000000000410e-02
-8.168150000000000410e-02
-8.168150000000000410e-02
-8.168150000000000410e-02
-8.168150000000000410e-02
-8.168150000000000410e-02
-8.168150000000000410e-02
-8.166450000000000098e-02
-8.166450000000000098e-02
-8.166450000000000098e-02
-8.166450000000000098e-02
-8.166450000000000098e-02
-8.166450000000000098e-02
-8.166450000000000098e-02
-8.166450000000000098e-02
-8.166450000000000098e-02
-8.166450000000000098e-02
-8.166450000000000098e-02
-8.166450000000000098e-02
-8.166450000000000098e-02
-8.166450000000000098e-02
-8.166450000000000098e-02
-8.166450000000000098e-02
-8.166450000000000098e-02
-8.166450000000000098e-02
-8.166450000000000098e-02
-8.166450000000000098e-02
-8.166450000000000098e-02
-8.166450000000000098e-02
-8.166450000000000098e-02
-8.166450000000000098e-02
-8.166450000000000098e-02
-8.166450000000000098e-02
-8.166450000000000098e-02
-8.166450000000000098e-02
-8.166450000000000098e-02
-8.166450000000000098e-02
-8.166450000000000098e-02
-8.166450000000000098e-02
-8.166450000000000098e-02
-8.166450000000000098e-02
-8.166450000000000098e-02
-8.166450000000000098e-02
-8.166450000000000098e-02
-8.166450000000000098e-02
-8.166450000000000098e-02
-8.166450000000000098e-02
-8.166349999999999998e-02
-8.166349999999999998e-02
-8.166349999999999998e-02
-8.166349999999999998e-02
-8.166349999999999998e-02
-8.166349999999999998e-02
-8.166349999999999998e-02
-8.166349999999999998e-02
-8.166349999999999998e-02
-8.164599999999999635e-02
-8.164599999999999635e-02
-8.164599999999999635e-02
-8.164599999999999635e-02
-8.164599999999999635e-02
-8.164599999999999635e-02
-8.164599999999999635e-02
-8.164599999999999635e-02
-8.164599999999999635e-02
-8.164599999999999635e-02
-8.164599999999999635e-02
-8.164599999999999635e-02
-8.164599999999999635e-02
-8.164599999999999635e-02
-8.164599999999999635e-02
-8.164599999999999635e-02
-8.164599999999999635e-02
-8.164599999999999635e-02
-8.164599999999999635e-02
-8.164599999999999635e-02
-8.164599999999999635e-02
-8.164599999999999635e-02
-8.163850000000000273e-02
-8.163850000000000273e-02
-8.163850000000000273e-02
-8.163850000000000273e-02
-8.163850000000000273e-02
-8.163850000000000273e-02
-8.163850000000000273e-02
-8.163850000000000273e-02
-8.163850000000000273e-02
-8.163850000000000273e-02
-8.163850000000000273e-02
-8.163850000000000273e-02
-8.163850000000000273e-02
-8.163850000000000273e-02
-8.163850000000000273e-02
-8.163850000000000273e-02
-8.163850000000000273e-02
-8.163850000000000273e-02
-8.163850000000000273e-02
-8.163850000000000273e-02
-8.163850000000000273e-02
-8.163850000000000273e-02
-8.163850000000000273e-02
-8.163850000000000273e-02
-8.163850000000000273e-02
-8.163850000000000273e-02
-8.161899999999999711e-02
-8.161899999999999711e-02
-8.161899999999999711e-02
-8.161899999999999711e-02
-8.161899999999999711e-02
-8.161899999999999711e-02
-8.161899999999999711e-02
-8.161899999999999711e-02
-8.161899999999999711e-02
-8.161899999999999711e-02
-8.161899999999999711e-02
-8.161899999999999711e-02
-8.161899999999999711e-02
-8.161899999999999711e-02
-8.161899999999999711e-02
-8.161899999999999711e-02
-8.161899999999999711e-02
-8.161899999999999711e-02
-8.161899999999999711e-02
-8.161899999999999711e-02
-8.161899999999999711e-02
-8.161899999999999711e-02
-8.161899999999999711e-02
-8.161899999999999711e-02
-8.161899999999999711e-02
-8.161899999999999711e-02
-8.161899999999999711e-02
-8.161899999999999711e-02
-8.161899999999999711e-02
-8.161899999999999711e-02
-8.161899999999999711e-02
-8.161899999999999711e-02
-8.161899999999999711e-02
-8.161899999999999711e-02
-8.161899999999999711e-02
-8.161899999999999711e-02
-8.161899999999999711e-02
-8.161899999999999711e-02
-8.161899999999999711e-02
-8.161899999999999711e-02
-8.161899999999999711e-02
-8.161899999999999711e-02
-8.161899999999999711e-02
-8.161899999999999711e-02
-8.161899999999999711e-02
-8.161899999999999711e-02
-8.161899999999999711e-02
-8.161899999999999711e-02
-8.161899999999999711e-02
-8.161899999999999711e-02
-8.161899999999999711e-02
-8.161899999999999711e-02
-8.161899999999999711e-02
-8.161899999999999711e-02
-8.161899999999999711e-02
-8.161549999999999361e-02
-8.161549999999999361e-02
-8.161549999999999361e-02
-8.161549999999999361e-02
-8.161549999999999361e-02
-8.161549999999999361e-02
-8.161549999999999361e-02
-8.161549999999999361e-02
-8.161549999999999361e-02
-8.161549999999999361e-02
-8.161549999999999361e-02
-8.161549999999999361e-02
-8.161549999999999361e-02
-8.161549999999999361e-02
-8.161549999999999361e-02
-8.161549999999999361e-02
-8.161549999999999361e-02
-8.161549999999999361e-02
-8.161549999999999361e-02
-8.161549999999999361e-02
-8.161549999999999361e-02
-8.161549999999999361e-02
-8.161549999999999361e-02
-8.161549999999999361e-02
-8.161549999999999361e-02
-8.161549999999999361e-02
-8.161549999999999361e-02
-8.161549999999999361e-02
-8.161549999999999361e-02
-8.161549999999999361e-02
-8.161549999999999361e-02
-8.161549999999999361e-02
-8.161549999999999361e-02
-8.161549999999999361e-02
-8.161549999999999361e-02
-8.161549999999999361e-02
-8.161549999999999361e-02
-8.161549999999999361e-02
-8.161549999999999361e-02
-8.161549999999999361e-02
-8.161549999999999361e-02
-8.161549999999999361e-02
-8.161549999999999361e-02
-8.161549999999999361e-02
-8.161549999999999361e-02
-8.161549999999999361e-02
-8.161549999999999361e-02
-8.161549999999999361e-02
-8.161549999999999361e-02
-8.161549999999999361e-02
-8.161549999999999361e-02
-8.161549999999999361e-02
-8.161549999999999361e-02
-8.161549999999999361e-02
-8.161549999999999361e-02
-8.161549999999999361e-02
-8.161549999999999361e-02
-8.161549999999999361e-02
-8.161549999999999361e-02
-8.161549999999999361e-02
-8.161549999999999361e-02
-8.161549999999999361e-02
-8.161549999999999361e-02
-8.161549999999999361e-02
-8.161549999999999361e-02
-8.161549999999999361e-02
-8.161549999999999361e-02
-8.161549999999999361e-02
-8.161549999999999361e-02
-8.161549999999999361e-02
-8.161549999999999361e-02
-8.161549999999999361e-02
-8.161549999999999361e-02
-8.161549999999999361e-02
-8.161549999999999361e-02
-8.161549999999999361e-02
-8.161549999999999361e-02
-8.161549999999999361e-02
-8.161549999999999361e-02
-8.161549999999999361e-02
-8.161549999999999361e-02
-8.161549999999999361e-02
-8.161549999999999361e-02
-8.161549999999999361e-02
-8.161549999999999361e-02
-8.161549999999999361e-02
-8.161549999999999361e-02
-8.161549999999999361e-02
-8.161549999999999361e-02
-8.161549999999999361e-02
-8.161549999999999361e-02
-8.161549999999999361e-02
-8.161549999999999361e-02
-8.161549999999999361e-02
-8.161549999999999361e-02
-8.161549999999999361e-02
-8.161549999999999361e-02
-8.161549999999999361e-02
-8.161549999999999361e-02
-8.161549999999999361e-02
-8.161549999999999361e-02
-8.161549999999999361e-02
-8.161549999999999361e-02
-8.161549999999999361e-02
-8.161549999999999361e-02
-8.161549999999999361e-02
-8.161549999999999361e-02
-8.161549999999999361e-02
-8.161549999999999361e-02
-8.161549999999999361e-02
-8.161549999999999361e-02
-8.161549999999999361e-02
-8.161549999999999361e-02
-8.161549999999999361e-02
-8.161549999999999361e-02
-8.161549999999999361e-02
-8.161549999999999361e-02
-8.161549999999999361e-02
-8.161549999999999361e-02
-8.161549999999999361e-02
-8.161549999999999361e-02
-8.161549999999999361e-02
-8.161549999999999361e-02
-8.161549999999999361e-02
-8.161549999999999361e-02
-8.161549999999999361e-02
-8.161549999999999361e-02
-8.161549999999999361e-02
-8.161549999999999361e-02
-8.161549999999999361e-02
-8.161549999999999361e-02
-8.161549999999999361e-02
-8.161549999999999361e-02
-8.161549999999999361e-02
-8.161549999999999361e-02
-8.161549999999999361e-02
-8.161549999999999361e-02
-8.161549999999999361e-02
-8.161549999999999361e-02
-8.161549999999999361e-02
-8.161549999999999361e-02
-8.161549999999999361e-02
-8.161549999999999361e-02
-8.161549999999999361e-02
-8.161549999999999361e-02
-8.161549999999999361e-02
-8.161549999999999361e-02
-8.161549999999999361e-02
-8.161549999999999361e-02
-8.161549999999999361e-02
-8.161549999999999361e-02
-8.161549999999999361e-02
-8.161549999999999361e-02
-8.161549999999999361e-02
-8.161549999999999361e-02
-8.161549999999999361e-02
-8.161549999999999361e-02
-8.161549999999999361e-02
-8.161549999999999361e-02
-8.161549999999999361e-02
-8.161549999999999361e-02
-8.161549999999999361e-02
-8.161549999999999361e-02
-8.161549999999999361e-02
-8.161549999999999361e-02
-8.161549999999999361e-02
-8.161549999999999361e-02
-8.161549999999999361e-02
-8.161549999999999361e-02
-8.161549999999999361e-02
-8.161549999999999361e-02
-8.161549999999999361e-02
-8.161549999999999361e-02
-8.161549999999999361e-02
-8.161549999999999361e-02
-8.161549999999999361e-02
-8.161549999999999361e-02
-8.161549999999999361e-02
-8.161549999999999361e-02
-8.161549999999999361e-02
-8.161549999999999361e-02
-8.161549999999999361e-02
-8.161549999999999361e-02
-8.161549999999999361e-02
-8.161549999999999361e-02
-8.161549999999999361e-02
-8.161549999999999361e-02
-8.161549999999999361e-02
-8.161549999999999361e-02
-8.161549999999999361e-02
-8.161549999999999361e-02
-8.161549999999999361e-02
-8.161549999999999361e-02
-8.161549999999999361e-02
-8.161549999999999361e-02
-8.161549999999999361e-02
-8.161549999999999361e-02
-8.161549999999999361e-02
-8.161549999999999361e-02
-8.159850000000000436e-02
-8.159850000000000436e-02
-8.159850000000000436e-02
-8.159850000000000436e-02
-8.159850000000000436e-02
-8.159850000000000436e-02
-8.159850000000000436e-02
-8.159850000000000436e-02
-8.159850000000000436e-02
-8.159850000000000436e-02
-8.159850000000000436e-02
-8.159850000000000436e-02
-8.159850000000000436e-02
-8.159850000000000436e-02
-8.159850000000000436e-02
-8.159850000000000436e-02
-8.159850000000000436e-02
-8.159850000000000436e-02
-8.159850000000000436e-02
-8.159850000000000436e-02
-8.159850000000000436e-02
-8.159850000000000436e-02
-8.159750000000000336e-02
-8.159750000000000336e-02
-8.159750000000000336e-02
-8.159750000000000336e-02
-8.159750000000000336e-02
-8.159750000000000336e-02
-8.159750000000000336e-02
-8.159750000000000336e-02
-8.159750000000000336e-02
-8.159750000000000336e-02
-8.159750000000000336e-02
-8.159750000000000336e-02
-8.159750000000000336e-02
-8.159750000000000336e-02
-8.159750000000000336e-02
-8.159750000000000336e-02
-8.159750000000000336e-02
-8.159750000000000336e-02
