-6.080014999999999725e-01
-5.599174999999999569e-01
-5.599174999999999569e-01
-5.599174999999999569e-01
-4.973024999999999807e-01
-4.790364999999999762e-01
-4.790364999999999762e-01
-4.773549999999999738e-01
-4.245320000000000205e-01
-4.245320000000000205e-01
-3.844735000000000236e-01
-3.785755000000000092e-01
-3.785129999999999884e-01
-3.346644999999999759e-01
-3.346644999999999759e-01
-3.320259999999999878e-01
-3.320259999999999878e-01
-3.138469999999999871e-01
-3.058569999999999900e-01
-3.058569999999999900e-01
-2.968095000000000039e-01
-2.807224999999999859e-01
-2.807224999999999859e-01
-2.807224999999999859e-01
-2.780799999999999939e-01
-2.740265000000000062e-01
-2.676284999999999914e-01
-2.528449999999999864e-01
-2.528449999999999864e-01
-2.381020000000000081e-01
-2.381020000000000081e-01
-2.381020000000000081e-01
-2.381020000000000081e-01
-2.381020000000000081e-01
-2.381020000000000081e-01
-2.358375000000000055e-01
-2.261424999999999963e-01
-2.238815000000000111e-01
-2.226770000000000138e-01
-1.906480000000000119e-01
-1.906480000000000119e-01
-1.888465000000000005e-01
-1.888465000000000005e-01
-1.879339999999999899e-01
-1.879339999999999899e-01
-1.838329999999999964e-01
-1.838329999999999964e-01
-1.827749999999999930e-01
-1.813899999999999957e-01
-1.689184999999999992e-01
-1.689184999999999992e-01
-1.689184999999999992e-01
-1.689184999999999992e-01
-1.689184999999999992e-01
-1.663544999999999885e-01
-1.559010000000000118e-01
-1.555850000000000011e-01
-1.555850000000000011e-01
-1.555850000000000011e-01
-1.529979999999999951e-01
-1.473820000000000130e-01
-1.473820000000000130e-01
-1.451574999999999949e-01
-1.407565000000000066e-01
-1.407565000000000066e-01
-1.407565000000000066e-01
-1.359025000000000094e-01
-1.352835000000000010e-01
-1.352835000000000010e-01
-1.299714999999999898e-01
-1.266515000000000002e-01
-1.266515000000000002e-01
-1.266515000000000002e-01
-1.266515000000000002e-01
-1.266515000000000002e-01
-1.266515000000000002e-01
-1.252564999999999928e-01
-1.238739999999999980e-01
-1.226450000000000040e-01
-1.226450000000000040e-01
-1.225274999999999975e-01
-1.209400000000000058e-01
-1.209400000000000058e-01
-1.209400000000000058e-01
-1.185714999999999963e-01
-1.185714999999999963e-01
-1.166859999999999981e-01
-1.166859999999999981e-01
-1.166859999999999981e-01
-1.150749999999999967e-01
-1.150749999999999967e-01
-1.123519999999999935e-01
-1.123519999999999935e-01
-1.110545000000000004e-01
-1.110545000000000004e-01
-1.085929999999999951e-01
-1.064890000000000003e-01
-1.064890000000000003e-01
-1.064890000000000003e-01
-1.052609999999999935e-01
-1.052609999999999935e-01
-1.011999999999999983e-01
-1.011999999999999983e-01
-1.011999999999999983e-01
-1.009174999999999933e-01
-9.811400000000000676e-02
-9.811400000000000676e-02
-9.341000000000000691e-02
-9.341000000000000691e-02
-9.259050000000000613e-02
-9.259050000000000613e-02
-9.259050000000000613e-02
-9.252649999999999764e-02
-9.105499999999999705e-02
-9.105499999999999705e-02
-8.941999999999999948e-02
-8.864800000000000457e-02
-8.864800000000000457e-02
-8.775149999999999617e-02
-8.112949999999999329e-02
-8.112949999999999329e-02
-8.112949999999999329e-02
-8.112949999999999329e-02
-8.112949999999999329e-02
-8.112949999999999329e-02
-8.112949999999999329e-02
-8.112949999999999329e-02
-8.112949999999999329e-02
-8.112949999999999329e-02
-8.112949999999999329e-02
-8.112949999999999329e-02
-8.105199999999999905e-02
-8.061500000000000610e-02
-8.061500000000000610e-02
-8.061500000000000610e-02
-7.965849999999999320e-02
-7.915300000000000114e-02
-7.915300000000000114e-02
-7.792449999999999377e-02
-7.792449999999999377e-02
-7.644299999999999706e-02
-7.644299999999999706e-02
-7.644299999999999706e-02
-7.611049999999999760e-02
-7.478049999999999975e-02
-7.379499999999999948e-02
-7.379499999999999948e-02
-7.129149999999999376e-02
-7.129149999999999376e-02
-7.116200000000000303e-02
-7.116200000000000303e-02
-7.116200000000000303e-02
-7.075800000000000145e-02
-7.075800000000000145e-02
-7.064299999999999746e-02
-7.034849999999999437e-02
-6.994949999999999779e-02
-6.891150000000000053e-02
-6.862000000000000044e-02
-6.862000000000000044e-02
-6.862000000000000044e-02
-6.589549999999999574e-02
-6.589549999999999574e-02
-6.589549999999999574e-02
-6.589549999999999574e-02
-6.589549999999999574e-02
-6.589549999999999574e-02
-6.589549999999999574e-02
-6.589549999999999574e-02
-6.589549999999999574e-02
-6.589549999999999574e-02
-6.589549999999999574e-02
-6.581900000000000250e-02
-6.515450000000000408e-02
-6.497500000000000497e-02
-6.497500000000000497e-02
-6.491700000000000248e-02
-6.456950000000000189e-02
-6.382250000000000423e-02
-6.382250000000000423e-02
-6.323650000000000104e-02
-6.323650000000000104e-02
-6.323650000000000104e-02
-6.273600000000000010e-02
-6.273600000000000010e-02
-6.251349999999999962e-02
-6.251349999999999962e-02
-6.208999999999999936e-02
-6.200449999999999712e-02
-6.200449999999999712e-02
-6.161950000000000066e-02
-6.062850000000000183e-02
-6.062850000000000183e-02
-5.952600000000000252e-02
-5.952600000000000252e-02
-5.952600000000000252e-02
-5.938999999999999835e-02
-5.811849999999999655e-02
-5.808649999999999924e-02
-5.808649999999999924e-02
-5.808649999999999924e-02
-5.808649999999999924e-02
-5.782749999999999696e-02
-5.734949999999999770e-02
-5.734949999999999770e-02
-5.734949999999999770e-02
-5.702999999999999736e-02
-5.702999999999999736e-02
-5.433799999999999741e-02
-5.433799999999999741e-02
-5.433799999999999741e-02
-5.433799999999999741e-02
-5.433799999999999741e-02
-5.433799999999999741e-02
-5.433799999999999741e-02
-5.188700000000000256e-02
-5.188700000000000256e-02
-5.188700000000000256e-02
-5.188700000000000256e-02
-5.188700000000000256e-02
-5.188700000000000256e-02
-5.188700000000000256e-02
-5.188700000000000256e-02
-5.188700000000000256e-02
-5.188700000000000256e-02
-5.188700000000000256e-02
-5.188700000000000256e-02
-5.188700000000000256e-02
-5.188700000000000256e-02
-5.172449999999999964e-02
-5.172449999999999964e-02
-5.110499999999999765e-02
-5.110499999999999765e-02
-5.063150000000000289e-02
-5.063150000000000289e-02
-5.063150000000000289e-02
-5.063150000000000289e-02
-5.030350000000000099e-02
-5.030350000000000099e-02
-5.030350000000000099e-02
-5.030350000000000099e-02
-5.030350000000000099e-02
-5.029299999999999743e-02
-5.009600000000000164e-02
-5.009600000000000164e-02
-5.006950000000000289e-02
-4.979549999999999949e-02
-4.979549999999999949e-02
-4.973999999999999949e-02
-4.940549999999999803e-02
-4.839450000000000002e-02
-4.839450000000000002e-02
-4.839450000000000002e-02
-4.811750000000000055e-02
-4.788649999999999851e-02
-4.788649999999999851e-02
-4.788649999999999851e-02
-4.788649999999999851e-02
-4.788649999999999851e-02
-4.760299999999999948e-02
-4.760299999999999948e-02
-4.760299999999999948e-02
-4.737750000000000294e-02
-4.737750000000000294e-02
-4.732250000000000345e-02
-4.732250000000000345e-02
-4.650699999999999973e-02
-4.650699999999999973e-02
-4.650699999999999973e-02
-4.594249999999999723e-02
-4.594249999999999723e-02
-4.594249999999999723e-02
-4.594249999999999723e-02
-4.594249999999999723e-02
-4.585050000000000237e-02
-4.552300000000000096e-02
-4.551349999999999840e-02
-4.551349999999999840e-02
-4.530250000000000249e-02
-4.529350000000000043e-02
-4.529350000000000043e-02
-4.511550000000000282e-02
-4.485299999999999704e-02
-4.485299999999999704e-02
-4.460349999999999732e-02
-4.402500000000000163e-02
-4.402500000000000163e-02
-4.402500000000000163e-02
-4.402500000000000163e-02
-4.385200000000000209e-02
-4.385200000000000209e-02
-4.380400000000000266e-02
-4.380400000000000266e-02
-4.380400000000000266e-02
-4.353950000000000181e-02
-4.331349999999999784e-02
-4.331349999999999784e-02
-4.321900000000000047e-02
-4.317300000000000304e-02
-4.317300000000000304e-02
-4.307099999999999818e-02
-4.307099999999999818e-02
-4.307099999999999818e-02
-4.307099999999999818e-02
-4.265599999999999947e-02
-4.263050000000000173e-02
-4.254399999999999848e-02
-4.237450000000000244e-02
-4.214400000000000091e-02
-4.214400000000000091e-02
-4.214400000000000091e-02
-4.155749999999999722e-02
-4.155749999999999722e-02
-4.140699999999999936e-02
-4.116899999999999726e-02
-4.116899999999999726e-02
-3.961950000000000194e-02
-3.961950000000000194e-02
-3.869750000000000273e-02
-3.869750000000000273e-02
-3.869500000000000023e-02
-3.869500000000000023e-02
-3.869500000000000023e-02
-3.854099999999999887e-02
-3.850549999999999806e-02
-3.818549999999999722e-02
-3.818549999999999722e-02
-3.818549999999999722e-02
-3.818549999999999722e-02
-3.818549999999999722e-02
-3.791749999999999982e-02
-3.791749999999999982e-02
-3.791749999999999982e-02
-3.791749999999999982e-02
-3.791749999999999982e-02
-3.760150000000000298e-02
-3.744850000000000262e-02
-3.744850000000000262e-02
-3.744850000000000262e-02
-3.744850000000000262e-02
-3.704049999999999704e-02
-3.704049999999999704e-02
-3.704049999999999704e-02
-3.671499999999999764e-02
-3.671499999999999764e-02
-3.671499999999999764e-02
-3.642850000000000255e-02
-3.642850000000000255e-02
-3.642850000000000255e-02
-3.642850000000000255e-02
-3.642850000000000255e-02
-3.642850000000000255e-02
-3.642850000000000255e-02
-3.642850000000000255e-02
-3.642850000000000255e-02
-3.637050000000000005e-02
-3.637050000000000005e-02
-3.636550000000000199e-02
-3.633100000000000218e-02
-3.630350000000000243e-02
-3.630350000000000243e-02
-3.630350000000000243e-02
-3.623599999999999738e-02
-3.623599999999999738e-02
-3.623599999999999738e-02
-3.623599999999999738e-02
-3.622550000000000076e-02
-3.622550000000000076e-02
-3.583700000000000080e-02
-3.567750000000000088e-02
-3.567750000000000088e-02
-3.567750000000000088e-02
-3.567750000000000088e-02
-3.567750000000000088e-02
-3.563500000000000001e-02
-3.562900000000000095e-02
-3.562900000000000095e-02
-3.562900000000000095e-02
-3.547650000000000109e-02
-3.522900000000000337e-02
-3.522900000000000337e-02
-3.522900000000000337e-02
-3.522900000000000337e-02
-3.515750000000000125e-02
-3.515750000000000125e-02
-3.515750000000000125e-02
-3.515750000000000125e-02
-3.515750000000000125e-02
-3.461050000000000237e-02
-3.461050000000000237e-02
-3.461050000000000237e-02
-3.461050000000000237e-02
-3.461050000000000237e-02
-3.446099999999999858e-02
-3.446099999999999858e-02
-3.446099999999999858e-02
-3.446099999999999858e-02
-3.446099999999999858e-02
-3.406050000000000050e-02
-3.406050000000000050e-02
-3.406050000000000050e-02
-3.406050000000000050e-02
-3.406050000000000050e-02
-3.402499999999999969e-02
-3.402499999999999969e-02
-3.402499999999999969e-02
-3.402499999999999969e-02
-3.402499999999999969e-02
-3.400700000000000250e-02
-3.400700000000000250e-02
-3.400700000000000250e-02
-3.389350000000000002e-02
-3.389350000000000002e-02
-3.389350000000000002e-02
-3.389350000000000002e-02
-3.389350000000000002e-02
-3.368949999999999723e-02
-3.368949999999999723e-02
-3.356900000000000162e-02
-3.356900000000000162e-02
-3.356900000000000162e-02
-3.355999999999999955e-02
-3.355849999999999805e-02
-3.355849999999999805e-02
-3.336999999999999689e-02
-3.336999999999999689e-02
-3.315150000000000041e-02
-3.315150000000000041e-02
-3.315150000000000041e-02
-3.315150000000000041e-02
-3.315150000000000041e-02
-3.285450000000000176e-02
-3.285450000000000176e-02
-3.285450000000000176e-02
-3.285450000000000176e-02
-3.275850000000000289e-02
-3.275850000000000289e-02
-3.275850000000000289e-02
-3.275850000000000289e-02
-3.141700000000000048e-02
-3.141700000000000048e-02
-3.088849999999999929e-02
-3.088849999999999929e-02
-3.088849999999999929e-02
-3.060500000000000026e-02
-3.060500000000000026e-02
-3.060500000000000026e-02
-3.060500000000000026e-02
-3.060500000000000026e-02
-3.060500000000000026e-02
-3.060500000000000026e-02
-3.060500000000000026e-02
-3.037899999999999975e-02
-3.037899999999999975e-02
-3.037899999999999975e-02
-3.037899999999999975e-02
-3.037899999999999975e-02
-3.037449999999999872e-02
-3.037449999999999872e-02
-3.031549999999999870e-02
-3.031549999999999870e-02
-3.031549999999999870e-02
-3.031549999999999870e-02
-3.027849999999999986e-02
-3.019749999999999865e-02
-3.013849999999999862e-02
-3.010600000000000082e-02
-2.995400000000000146e-02
-2.994849999999999943e-02
-2.986899999999999972e-02
-2.986899999999999972e-02
-2.986899999999999972e-02
-2.982249999999999832e-02
-2.973400000000000001e-02
-2.973400000000000001e-02
-2.973400000000000001e-02
-2.973400000000000001e-02
-2.973400000000000001e-02
-2.973400000000000001e-02
-2.968799999999999911e-02
-2.967349999999999849e-02
-2.967349999999999849e-02
-2.967349999999999849e-02
-2.967349999999999849e-02
-2.967349999999999849e-02
-2.964200000000000168e-02
-2.951099999999999904e-02
-2.951099999999999904e-02
-2.947450000000000070e-02
-2.935750000000000165e-02
-2.935499999999999915e-02
-2.935499999999999915e-02
-2.935499999999999915e-02
-2.935499999999999915e-02
-2.934149999999999953e-02
-2.925250000000000072e-02
-2.921699999999999992e-02
-2.921699999999999992e-02
-2.918899999999999967e-02
-2.918899999999999967e-02
