9.509593236340250222e-01
2.164317823208321834e-01
9.742272371198779091e-01
2.884511644095835159e-01
7.031041668857817006e-01
9.542849154822290458e-01
1.915125909213728772e-01
6.053273150939383340e-01
9.435332013043942201e-01
1.917811450637310067e-01
6.006392687560948573e-01
9.624847812912316058e-01
3.790128218054581583e-02
3.249923160806265643e-01
9.760905081963060503e-01
2.232637976099865751e-01
7.120942095844789987e-01
9.740599088741449529e-01
1.495644218477028553e-01
6.907143767579559945e-01
9.623631180719615097e-01
1.838472648747702110e-01
2.359427966408801924e-01
9.873533674239213243e-01
1.219294466856615661e-01
6.702104188844092425e-01
9.884038819672886778e-01
1.370704504688656511e-01
4.279173912055855844e-01
9.941345319237701039e-01
1.623908562796052835e-01
7.809425899235853397e-01
9.915638360215426328e-01
1.920975442079149442e-01
9.559038477437642456e-01
9.898763705319094663e-01
1.890312360170658956e-01
6.896503500721427038e-01
9.959193437586006947e-01
1.523571324822393935e-01
7.627110530890138795e-01
9.958261341794781840e-01
1.685914216362700557e-01
4.692334654500682212e-01
9.890211975273317524e-01
8.368145074233690472e-02
5.639620320293933231e-01
9.884685254641627505e-01
8.147961511838648641e-02
3.198881183551409157e-01
