-6.777600000000000291e-01
-6.354604999999999837e-01
-5.334834999999999994e-01
-5.302289999999999504e-01
-4.975034999999999874e-01
-4.975034999999999874e-01
-4.931895000000000029e-01
-4.440474999999999839e-01
-4.440474999999999839e-01
-4.440474999999999839e-01
-4.440474999999999839e-01
-4.440474999999999839e-01
-4.440474999999999839e-01
-4.097244999999999915e-01
-4.097244999999999915e-01
-4.092864999999999975e-01
-4.092864999999999975e-01
-3.930615000000000081e-01
-3.930615000000000081e-01
-3.816289999999999960e-01
-3.816289999999999960e-01
-3.662135000000000251e-01
-3.651854999999999962e-01
-3.620665000000000133e-01
-3.536874999999999880e-01
-3.505969999999999920e-01
-3.480639999999999845e-01
-3.367175000000000029e-01
-3.340744999999999965e-01
-3.337264999999999815e-01
-3.129894999999999761e-01
-3.049609999999999821e-01
-3.049609999999999821e-01
-2.960634999999999795e-01
-2.847469999999999724e-01
-2.847469999999999724e-01
-2.805834999999999857e-01
-2.805834999999999857e-01
-2.805834999999999857e-01
-2.717979999999999841e-01
-2.712784999999999780e-01
-2.660595000000000043e-01
-2.660595000000000043e-01
-2.660595000000000043e-01
-2.630035000000000012e-01
-2.568934999999999969e-01
-2.541415000000000202e-01
-2.525020000000000042e-01
-2.525020000000000042e-01
-2.525020000000000042e-01
-2.487084999999999990e-01
-2.453450000000000075e-01
-2.453450000000000075e-01
-2.371755000000000113e-01
-2.364030000000000020e-01
-2.364030000000000020e-01
-2.364030000000000020e-01
-2.361254999999999882e-01
-2.361254999999999882e-01
-2.203920000000000046e-01
-2.203920000000000046e-01
-2.177149999999999919e-01
-2.177149999999999919e-01
-2.151889999999999914e-01
-2.146905000000000063e-01
-2.105644999999999878e-01
-2.105644999999999878e-01
-2.100495000000000001e-01
-2.084024999999999905e-01
-2.084024999999999905e-01
-2.069429999999999881e-01
-2.059479999999999922e-01
-2.026129999999999876e-01
-1.993409999999999904e-01
-1.959694999999999909e-01
-1.959694999999999909e-01
-1.959694999999999909e-01
-1.956444999999999990e-01
-1.956444999999999990e-01
-1.934645000000000115e-01
-1.934645000000000115e-01
-1.934645000000000115e-01
-1.903579999999999994e-01
-1.864409999999999956e-01
-1.864409999999999956e-01
-1.864409999999999956e-01
-1.862254999999999883e-01
-1.862254999999999883e-01
-1.862254999999999883e-01
-1.789709999999999912e-01
-1.789709999999999912e-01
-1.789709999999999912e-01
-1.789709999999999912e-01
-1.789709999999999912e-01
-1.773494999999999933e-01
-1.756415000000000060e-01
-1.756415000000000060e-01
-1.756415000000000060e-01
-1.756415000000000060e-01
-1.742039999999999977e-01
-1.742039999999999977e-01
-1.738669999999999938e-01
-1.738669999999999938e-01
-1.647260000000000113e-01
-1.647260000000000113e-01
-1.647260000000000113e-01
-1.647260000000000113e-01
-1.647260000000000113e-01
-1.647260000000000113e-01
-1.631765000000000021e-01
-1.623960000000000126e-01
-1.623960000000000126e-01
-1.589679999999999982e-01
-1.585145000000000026e-01
-1.585145000000000026e-01
-1.561170000000000058e-01
-1.561170000000000058e-01
-1.561170000000000058e-01
-1.561049999999999938e-01
-1.556714999999999904e-01
-1.537270000000000025e-01
-1.531220000000000081e-01
-1.531220000000000081e-01
-1.516244999999999954e-01
-1.516244999999999954e-01
-1.516244999999999954e-01
-1.516244999999999954e-01
-1.514949999999999908e-01
-1.473295000000000021e-01
-1.473295000000000021e-01
-1.454755000000000076e-01
-1.454755000000000076e-01
-1.454755000000000076e-01
-1.454755000000000076e-01
-1.454755000000000076e-01
-1.454755000000000076e-01
-1.449815000000000131e-01
-1.449815000000000131e-01
-1.434439999999999882e-01
-1.434439999999999882e-01
-1.434439999999999882e-01
-1.434014999999999873e-01
-1.434014999999999873e-01
-1.433860000000000134e-01
-1.433860000000000134e-01
-1.428474999999999884e-01
-1.426794999999999869e-01
-1.426794999999999869e-01
-1.396675000000000000e-01
-1.396675000000000000e-01
-1.396675000000000000e-01
-1.396675000000000000e-01
-1.386660000000000115e-01
-1.386660000000000115e-01
-1.382555000000000034e-01
-1.382049999999999945e-01
-1.382049999999999945e-01
-1.382049999999999945e-01
-1.375369999999999926e-01
-1.375369999999999926e-01
-1.356884999999999897e-01
-1.356884999999999897e-01
-1.356884999999999897e-01
-1.356884999999999897e-01
-1.356884999999999897e-01
-1.356884999999999897e-01
-1.356884999999999897e-01
-1.356884999999999897e-01
-1.356884999999999897e-01
-1.349084999999999868e-01
-1.348310000000000064e-01
-1.348310000000000064e-01
-1.348310000000000064e-01
-1.347289999999999877e-01
-1.346499999999999919e-01
-1.337540000000000118e-01
-1.337540000000000118e-01
-1.337540000000000118e-01
-1.330280000000000074e-01
-1.330280000000000074e-01
-1.330280000000000074e-01
-1.325250000000000039e-01
-1.325250000000000039e-01
-1.325250000000000039e-01
-1.325250000000000039e-01
-1.325250000000000039e-01
-1.312800000000000078e-01
-1.312800000000000078e-01
-1.312800000000000078e-01
-1.312800000000000078e-01
-1.312800000000000078e-01
-1.307319999999999871e-01
-1.307319999999999871e-01
-1.307319999999999871e-01
-1.295995000000000064e-01
-1.295995000000000064e-01
-1.283839999999999981e-01
-1.283839999999999981e-01
-1.283839999999999981e-01
-1.283839999999999981e-01
-1.283839999999999981e-01
-1.283839999999999981e-01
-1.283839999999999981e-01
-1.278739999999999877e-01
-1.278739999999999877e-01
-1.278739999999999877e-01
-1.278739999999999877e-01
-1.272320000000000118e-01
-1.272320000000000118e-01
-1.262060000000000126e-01
-1.262060000000000126e-01
-1.262060000000000126e-01
-1.262060000000000126e-01
-1.262060000000000126e-01
-1.262060000000000126e-01
-1.262060000000000126e-01
-1.262060000000000126e-01
-1.255584999999999896e-01
-1.255584999999999896e-01
-1.255584999999999896e-01
-1.255584999999999896e-01
-1.255584999999999896e-01
-1.252070000000000127e-01
-1.252070000000000127e-01
-1.252070000000000127e-01
-1.252070000000000127e-01
-1.248925000000000035e-01
-1.248925000000000035e-01
-1.240720000000000017e-01
-1.240720000000000017e-01
-1.240060000000000051e-01
-1.240060000000000051e-01
-1.239050000000000012e-01
-1.238584999999999964e-01
-1.238584999999999964e-01
-1.238584999999999964e-01
-1.238584999999999964e-01
-1.231155000000000027e-01
-1.231155000000000027e-01
-1.231155000000000027e-01
-1.231155000000000027e-01
-1.231155000000000027e-01
-1.231155000000000027e-01
-1.231155000000000027e-01
-1.230220000000000063e-01
-1.230220000000000063e-01
-1.230220000000000063e-01
-1.230220000000000063e-01
-1.230220000000000063e-01
-1.230220000000000063e-01
-1.230220000000000063e-01
-1.227359999999999979e-01
-1.227359999999999979e-01
-1.227359999999999979e-01
-1.227359999999999979e-01
-1.227359999999999979e-01
-1.227260000000000018e-01
-1.223049999999999971e-01
-1.219979999999999953e-01
-1.219979999999999953e-01
-1.219979999999999953e-01
-1.218840000000000062e-01
-1.218840000000000062e-01
-1.209314999999999973e-01
-1.209314999999999973e-01
-1.209314999999999973e-01
-1.209314999999999973e-01
-1.209314999999999973e-01
-1.209314999999999973e-01
-1.209314999999999973e-01
-1.200210000000000027e-01
-1.200210000000000027e-01
-1.200210000000000027e-01
-1.200210000000000027e-01
-1.200210000000000027e-01
-1.200210000000000027e-01
-1.200210000000000027e-01
-1.196310000000000012e-01
-1.196310000000000012e-01
-1.196310000000000012e-01
-1.196310000000000012e-01
-1.189800000000000024e-01
-1.189800000000000024e-01
-1.189800000000000024e-01
-1.189800000000000024e-01
-1.189800000000000024e-01
-1.189110000000000028e-01
-1.189110000000000028e-01
-1.185464999999999991e-01
-1.185464999999999991e-01
-1.185464999999999991e-01
-1.185464999999999991e-01
-1.185464999999999991e-01
-1.185464999999999991e-01
-1.185464999999999991e-01
-1.185464999999999991e-01
-1.185464999999999991e-01
-1.182465000000000044e-01
-1.182465000000000044e-01
-1.181890000000000024e-01
-1.181885000000000019e-01
-1.181760000000000033e-01
-1.181760000000000033e-01
-1.181760000000000033e-01
-1.181735000000000008e-01
-1.181735000000000008e-01
-1.181735000000000008e-01
-1.180915000000000020e-01
-1.180915000000000020e-01
-1.180915000000000020e-01
-1.180915000000000020e-01
-1.166760000000000019e-01
-1.166760000000000019e-01
-1.166760000000000019e-01
-1.166760000000000019e-01
-1.166760000000000019e-01
-1.166760000000000019e-01
-1.166205000000000019e-01
-1.166205000000000019e-01
-1.166205000000000019e-01
-1.166205000000000019e-01
-1.166205000000000019e-01
-1.166205000000000019e-01
-1.166205000000000019e-01
-1.166205000000000019e-01
-1.165660000000000029e-01
-1.165660000000000029e-01
-1.160879999999999967e-01
-1.160879999999999967e-01
-1.160879999999999967e-01
-1.160879999999999967e-01
-1.160879999999999967e-01
-1.160879999999999967e-01
-1.160844999999999932e-01
-1.160844999999999932e-01
-1.160560000000000064e-01
-1.159585000000000060e-01
-1.159585000000000060e-01
-1.159585000000000060e-01
-1.158330000000000054e-01
-1.158330000000000054e-01
-1.158069999999999933e-01
-1.157994999999999997e-01
-1.154445000000000054e-01
-1.154445000000000054e-01
-1.153904999999999931e-01
-1.149244999999999989e-01
-1.149244999999999989e-01
-1.149244999999999989e-01
-1.149244999999999989e-01
-1.149244999999999989e-01
-1.149244999999999989e-01
-1.148445000000000021e-01
-1.146599999999999980e-01
-1.146599999999999980e-01
-1.146599999999999980e-01
-1.146599999999999980e-01
-1.146599999999999980e-01
-1.146260000000000057e-01
-1.146260000000000057e-01
-1.146260000000000057e-01
-1.145914999999999989e-01
-1.145810000000000023e-01
-1.145344999999999974e-01
-1.145344999999999974e-01
-1.145344999999999974e-01
-1.144614999999999938e-01
-1.144614999999999938e-01
-1.144614999999999938e-01
-1.144614999999999938e-01
-1.144614999999999938e-01
-1.143760000000000054e-01
-1.143760000000000054e-01
-1.143760000000000054e-01
-1.143755000000000049e-01
-1.143580000000000013e-01
-1.143580000000000013e-01
-1.143580000000000013e-01
-1.143580000000000013e-01
-1.143554999999999988e-01
-1.142249999999999932e-01
-1.142249999999999932e-01
-1.142249999999999932e-01
-1.142249999999999932e-01
-1.133620000000000044e-01
-1.133620000000000044e-01
-1.133620000000000044e-01
-1.130665000000000003e-01
-1.130665000000000003e-01
-1.130665000000000003e-01
-1.130665000000000003e-01
-1.130665000000000003e-01
-1.130665000000000003e-01
-1.130665000000000003e-01
-1.130665000000000003e-01
-1.130665000000000003e-01
-1.130665000000000003e-01
-1.130665000000000003e-01
-1.130665000000000003e-01
-1.130665000000000003e-01
-1.130665000000000003e-01
-1.130310000000000065e-01
-1.130310000000000065e-01
-1.130310000000000065e-01
-1.130310000000000065e-01
-1.130194999999999950e-01
-1.130194999999999950e-01
-1.130194999999999950e-01
-1.129244999999999971e-01
-1.129244999999999971e-01
-1.129244999999999971e-01
-1.129244999999999971e-01
-1.129244999999999971e-01
-1.129244999999999971e-01
-1.129244999999999971e-01
-1.129244999999999971e-01
-1.129244999999999971e-01
-1.129244999999999971e-01
-1.129244999999999971e-01
-1.129244999999999971e-01
-1.128824999999999967e-01
-1.120669999999999999e-01
-1.120669999999999999e-01
-1.120669999999999999e-01
-1.120669999999999999e-01
-1.120669999999999999e-01
-1.120669999999999999e-01
-1.120669999999999999e-01
-1.120669999999999999e-01
-1.120669999999999999e-01
-1.120669999999999999e-01
-1.116089999999999999e-01
-1.116089999999999999e-01
-1.116089999999999999e-01
-1.116089999999999999e-01
-1.116089999999999999e-01
-1.116089999999999999e-01
-1.116089999999999999e-01
-1.116089999999999999e-01
-1.116089999999999999e-01
-1.116089999999999999e-01
-1.116089999999999999e-01
-1.116089999999999999e-01
-1.112594999999999973e-01
-1.112080000000000013e-01
-1.112034999999999968e-01
-1.112034999999999968e-01
-1.111795000000000005e-01
-1.111795000000000005e-01
-1.111795000000000005e-01
-1.111795000000000005e-01
-1.111769999999999980e-01
-1.111324999999999952e-01
-1.111324999999999952e-01
-1.111324999999999952e-01
-1.110794999999999977e-01
-1.110794999999999977e-01
-1.110794999999999977e-01
-1.103874999999999995e-01
-1.103874999999999995e-01
-1.103874999999999995e-01
-1.103874999999999995e-01
-1.103874999999999995e-01
-1.103874999999999995e-01
-1.103874999999999995e-01
-1.103874999999999995e-01
-1.103874999999999995e-01
-1.103874999999999995e-01
-1.103874999999999995e-01
-1.103874999999999995e-01
-1.103874999999999995e-01
-1.103874999999999995e-01
-1.103874999999999995e-01
-1.103874999999999995e-01
-1.101435000000000053e-01
-1.101435000000000053e-01
-1.101435000000000053e-01
-1.101435000000000053e-01
-1.101435000000000053e-01
-1.101435000000000053e-01
-1.101010000000000044e-01
-1.100870000000000043e-01
-1.100870000000000043e-01
-1.100870000000000043e-01
-1.100784999999999958e-01
-1.100644999999999957e-01
-1.100644999999999957e-01
-1.100644999999999957e-01
-1.100514999999999965e-01
-1.100514999999999965e-01
-1.100480000000000069e-01
-1.100480000000000069e-01
-1.100480000000000069e-01
-1.100340000000000068e-01
-1.100340000000000068e-01
-1.097044999999999965e-01
-1.097044999999999965e-01
-1.097044999999999965e-01
-1.097044999999999965e-01
-1.097044999999999965e-01
-1.097044999999999965e-01
-1.097044999999999965e-01
-1.097044999999999965e-01
-1.097044999999999965e-01
-1.097044999999999965e-01
-1.097044999999999965e-01
-1.097044999999999965e-01
-1.096594999999999931e-01
-1.096594999999999931e-01
-1.096594999999999931e-01
-1.095829999999999999e-01
-1.095829999999999999e-01
-1.095829999999999999e-01
-1.095829999999999999e-01
-1.093849999999999961e-01
-1.093849999999999961e-01
-1.093849999999999961e-01
-1.093849999999999961e-01
-1.093849999999999961e-01
-1.093849999999999961e-01
-1.093760000000000010e-01
-1.093760000000000010e-01
-1.093760000000000010e-01
-1.093449999999999978e-01
-1.093449999999999978e-01
-1.093444999999999973e-01
-1.093439999999999968e-01
-1.093434999999999963e-01
-1.093324999999999991e-01
-1.093324999999999991e-01
-1.093324999999999991e-01
-1.093324999999999991e-01
-1.093324999999999991e-01
-1.091084999999999972e-01
-1.091084999999999972e-01
-1.091084999999999972e-01
-1.091084999999999972e-01
-1.091084999999999972e-01
-1.089169999999999999e-01
-1.089169999999999999e-01
-1.089169999999999999e-01
-1.089169999999999999e-01
-1.089169999999999999e-01
-1.089169999999999999e-01
-1.089169999999999999e-01
-1.089169999999999999e-01
-1.089169999999999999e-01
-1.089169999999999999e-01
-1.089169999999999999e-01
-1.089169999999999999e-01
-1.089169999999999999e-01
-1.089159999999999989e-01
-1.089159999999999989e-01
-1.088655000000000039e-01
-1.088655000000000039e-01
-1.088530000000000053e-01
-1.086804999999999993e-01
-1.086804999999999993e-01
-1.086804999999999993e-01
-1.086804999999999993e-01
-1.086804999999999993e-01
-1.086804999999999993e-01
-1.086804999999999993e-01
-1.086804999999999993e-01
-1.086804999999999993e-01
-1.086804999999999993e-01
-1.086804999999999993e-01
-1.086804999999999993e-01
-1.086804999999999993e-01
-1.086804999999999993e-01
-1.086275000000000018e-01
-1.086275000000000018e-01
-1.084674999999999945e-01
-1.084674999999999945e-01
-1.084674999999999945e-01
-1.084674999999999945e-01
-1.084674999999999945e-01
-1.084674999999999945e-01
-1.084674999999999945e-01
-1.084674999999999945e-01
-1.084674999999999945e-01
-1.084674999999999945e-01
-1.084674999999999945e-01
-1.084674999999999945e-01
-1.080924999999999941e-01
-1.080924999999999941e-01
-1.080924999999999941e-01
-1.080924999999999941e-01
-1.080924999999999941e-01
-1.080924999999999941e-01
-1.080924999999999941e-01
-1.080924999999999941e-01
-1.080924999999999941e-01
-1.080924999999999941e-01
-1.080924999999999941e-01
-1.080924999999999941e-01
-1.080924999999999941e-01
-1.080924999999999941e-01
-1.080924999999999941e-01
-1.080924999999999941e-01
-1.080924999999999941e-01
-1.080895000000000050e-01
-1.080895000000000050e-01
-1.080895000000000050e-01
-1.080679999999999974e-01
-1.080635000000000068e-01
-1.080630000000000063e-01
-1.080600000000000033e-01
-1.080600000000000033e-01
-1.080600000000000033e-01
-1.080600000000000033e-01
-1.080600000000000033e-01
-1.080600000000000033e-01
-1.080595000000000028e-01
-1.080590000000000023e-01
-1.080585000000000018e-01
-1.080585000000000018e-01
-1.080585000000000018e-01
-1.080585000000000018e-01
-1.080585000000000018e-01
-1.080160000000000009e-01
-1.078905000000000003e-01
-1.077784999999999993e-01
-1.077784999999999993e-01
-1.077784999999999993e-01
-1.077784999999999993e-01
-1.077784999999999993e-01
-1.077784999999999993e-01
-1.077784999999999993e-01
-1.077784999999999993e-01
-1.077784999999999993e-01
-1.077435000000000059e-01
-1.077265000000000028e-01
-1.077265000000000028e-01
-1.077265000000000028e-01
-1.077265000000000028e-01
-1.077265000000000028e-01
-1.077265000000000028e-01
-1.076639999999999958e-01
-1.075495000000000062e-01
-1.075495000000000062e-01
-1.075475000000000042e-01
-1.075475000000000042e-01
-1.075475000000000042e-01
-1.075475000000000042e-01
-1.073594999999999966e-01
-1.073594999999999966e-01
-1.071055000000000063e-01
-1.071055000000000063e-01
-1.071055000000000063e-01
-1.071055000000000063e-01
-1.071055000000000063e-01
-1.071055000000000063e-01
-1.071055000000000063e-01
-1.071055000000000063e-01
-1.069770000000000026e-01
-1.069770000000000026e-01
-1.069770000000000026e-01
-1.069770000000000026e-01
-1.069770000000000026e-01
-1.069770000000000026e-01
-1.069770000000000026e-01
-1.069770000000000026e-01
-1.069770000000000026e-01
-1.069770000000000026e-01
-1.069770000000000026e-01
-1.069770000000000026e-01
-1.069554999999999950e-01
-1.069085000000000035e-01
-1.069080000000000030e-01
-1.068449999999999955e-01
-1.068449999999999955e-01
-1.068449999999999955e-01
-1.067634999999999973e-01
-1.067634999999999973e-01
-1.067634999999999973e-01
-1.067634999999999973e-01
-1.067634999999999973e-01
-1.067634999999999973e-01
-1.067634999999999973e-01
-1.067135000000000028e-01
-1.067135000000000028e-01
-1.067135000000000028e-01
-1.067135000000000028e-01
-1.067135000000000028e-01
-1.067135000000000028e-01
-1.067135000000000028e-01
-1.067135000000000028e-01
-1.067135000000000028e-01
-1.067135000000000028e-01
-1.067135000000000028e-01
-1.066995000000000027e-01
-1.066850000000000021e-01
-1.066850000000000021e-01
-1.066850000000000021e-01
-1.066850000000000021e-01
-1.066799999999999971e-01
-1.066799999999999971e-01
-1.066799999999999971e-01
-1.066799999999999971e-01
-1.066799999999999971e-01
-1.066799999999999971e-01
-1.066799999999999971e-01
-1.066244999999999971e-01
-1.066244999999999971e-01
-1.066244999999999971e-01
-1.066244999999999971e-01
-1.066244999999999971e-01
-1.066244999999999971e-01
-1.066244999999999971e-01
-1.066244999999999971e-01
-1.064935000000000048e-01
-1.064935000000000048e-01
-1.064935000000000048e-01
-1.064755000000000007e-01
-1.064755000000000007e-01
-1.064630000000000021e-01
-1.060880000000000017e-01
-1.060880000000000017e-01
-1.060880000000000017e-01
-1.060880000000000017e-01
-1.060880000000000017e-01
-1.060880000000000017e-01
-1.060360000000000053e-01
-1.060360000000000053e-01
-1.060360000000000053e-01
-1.060360000000000053e-01
-1.060360000000000053e-01
-1.060360000000000053e-01
-1.060360000000000053e-01
-1.060360000000000053e-01
-1.060019999999999990e-01
-1.060019999999999990e-01
-1.060019999999999990e-01
-1.058545000000000041e-01
-1.058494999999999991e-01
-1.058494999999999991e-01
-1.058494999999999991e-01
-1.058319999999999955e-01
-1.058319999999999955e-01
-1.058319999999999955e-01
-1.058319999999999955e-01
-1.058319999999999955e-01
-1.058319999999999955e-01
-1.058319999999999955e-01
-1.057189999999999935e-01
-1.057189999999999935e-01
-1.057189999999999935e-01
-1.057189999999999935e-01
-1.057189999999999935e-01
-1.057189999999999935e-01
-1.057189999999999935e-01
-1.057189999999999935e-01
-1.057189999999999935e-01
-1.057189999999999935e-01
-1.057170000000000054e-01
-1.057170000000000054e-01
-1.057170000000000054e-01
-1.057170000000000054e-01
-1.057170000000000054e-01
-1.056895000000000057e-01
-1.056895000000000057e-01
-1.056895000000000057e-01
-1.056895000000000057e-01
-1.056895000000000057e-01
-1.053864999999999941e-01
-1.053864999999999941e-01
-1.053864999999999941e-01
-1.053864999999999941e-01
-1.053864999999999941e-01
-1.053864999999999941e-01
-1.053864999999999941e-01
-1.053864999999999941e-01
-1.053864999999999941e-01
-1.053864999999999941e-01
-1.053864999999999941e-01
-1.053864999999999941e-01
-1.053864999999999941e-01
-1.053864999999999941e-01
-1.053864999999999941e-01
-1.053864999999999941e-01
-1.053864999999999941e-01
-1.053864999999999941e-01
-1.053864999999999941e-01
-1.053859999999999936e-01
-1.053859999999999936e-01
-1.053650000000000003e-01
-1.053650000000000003e-01
-1.053629999999999983e-01
-1.053624999999999978e-01
-1.053624999999999978e-01
-1.052040000000000058e-01
-1.052040000000000058e-01
-1.052040000000000058e-01
-1.052040000000000058e-01
-1.052040000000000058e-01
-1.052040000000000058e-01
-1.052040000000000058e-01
-1.051860000000000017e-01
-1.051860000000000017e-01
-1.051860000000000017e-01
-1.051814999999999972e-01
-1.051814999999999972e-01
-1.051814999999999972e-01
-1.051814999999999972e-01
-1.051814999999999972e-01
-1.051770000000000066e-01
-1.051770000000000066e-01
-1.051644999999999941e-01
-1.051335000000000047e-01
-1.051320000000000032e-01
-1.051320000000000032e-01
-1.051320000000000032e-01
-1.051295000000000007e-01
-1.051295000000000007e-01
-1.051279999999999992e-01
-1.048390000000000016e-01
-1.048390000000000016e-01
-1.046979999999999994e-01
-1.046979999999999994e-01
-1.046979999999999994e-01
-1.046979999999999994e-01
-1.046979999999999994e-01
-1.046979999999999994e-01
-1.046979999999999994e-01
-1.046979999999999994e-01
-1.046979999999999994e-01
-1.046979999999999994e-01
-1.046979999999999994e-01
-1.046979999999999994e-01
-1.046979999999999994e-01
-1.046979999999999994e-01
-1.046979999999999994e-01
-1.046979999999999994e-01
-1.046919999999999934e-01
-1.046919999999999934e-01
-1.044240000000000029e-01
-1.042005000000000015e-01
-1.042005000000000015e-01
-1.042005000000000015e-01
-1.038364999999999982e-01
-1.038364999999999982e-01
-1.038364999999999982e-01
-1.038364999999999982e-01
-1.038364999999999982e-01
-1.038364999999999982e-01
-1.038364999999999982e-01
-1.038364999999999982e-01
-1.038364999999999982e-01
-1.038364999999999982e-01
-1.038364999999999982e-01
-1.038364999999999982e-01
-1.038364999999999982e-01
-1.038364999999999982e-01
-1.038364999999999982e-01
-1.038364999999999982e-01
-1.038364999999999982e-01
-1.038364999999999982e-01
-1.037959999999999994e-01
-1.037939999999999974e-01
-1.037939999999999974e-01
-1.037899999999999934e-01
-1.037899999999999934e-01
-1.037809999999999983e-01
-1.037804999999999978e-01
-1.037804999999999978e-01
-1.037804999999999978e-01
-1.037804999999999978e-01
-1.037804999999999978e-01
-1.037690000000000001e-01
-1.037690000000000001e-01
-1.037690000000000001e-01
-1.037690000000000001e-01
-1.037690000000000001e-01
-1.037690000000000001e-01
-1.037644999999999956e-01
-1.037644999999999956e-01
-1.037644999999999956e-01
-1.037644999999999956e-01
-1.037190000000000056e-01
-1.037190000000000056e-01
-1.037190000000000056e-01
-1.037190000000000056e-01
-1.037190000000000056e-01
-1.037190000000000056e-01
-1.037190000000000056e-01
-1.037190000000000056e-01
-1.037190000000000056e-01
-1.037175000000000041e-01
-1.037170000000000036e-01
-1.037165000000000031e-01
-1.037160000000000026e-01
-1.037160000000000026e-01
-1.037160000000000026e-01
-1.037160000000000026e-01
-1.037160000000000026e-01
-1.037155000000000021e-01
-1.037155000000000021e-01
-1.037155000000000021e-01
-1.037155000000000021e-01
-1.037155000000000021e-01
-1.037155000000000021e-01
-1.037155000000000021e-01
-1.037155000000000021e-01
-1.037155000000000021e-01
-1.037155000000000021e-01
-1.037155000000000021e-01
-1.037155000000000021e-01
-1.037155000000000021e-01
-1.037150000000000016e-01
-1.037150000000000016e-01
-1.037150000000000016e-01
-1.037150000000000016e-01
-1.037150000000000016e-01
-1.037150000000000016e-01
-1.037150000000000016e-01
-1.037150000000000016e-01
-1.037140000000000006e-01
-1.037140000000000006e-01
-1.037140000000000006e-01
-1.037140000000000006e-01
-1.037114999999999981e-01
-1.037114999999999981e-01
-1.037015000000000020e-01
-1.037015000000000020e-01
-1.037015000000000020e-01
-1.037015000000000020e-01
-1.036979999999999985e-01
-1.036979999999999985e-01
-1.036974999999999980e-01
-1.036974999999999980e-01
-1.036974999999999980e-01
-1.036974999999999980e-01
-1.036974999999999980e-01
-1.036974999999999980e-01
-1.036964999999999970e-01
-1.036959999999999965e-01
-1.036959999999999965e-01
-1.036959999999999965e-01
-1.036959999999999965e-01
-1.036959999999999965e-01
-1.036959999999999965e-01
-1.036934999999999940e-01
-1.036934999999999940e-01
-1.036934999999999940e-01
-1.036929999999999935e-01
-1.035330000000000000e-01
-1.035330000000000000e-01
-1.035330000000000000e-01
-1.035330000000000000e-01
-1.035330000000000000e-01
-1.035330000000000000e-01
-1.035330000000000000e-01
-1.035330000000000000e-01
-1.035330000000000000e-01
-1.035330000000000000e-01
-1.035330000000000000e-01
-1.035330000000000000e-01
-1.035330000000000000e-01
-1.035330000000000000e-01
-1.035330000000000000e-01
-1.035330000000000000e-01
-1.035330000000000000e-01
-1.035330000000000000e-01
-1.035330000000000000e-01
-1.033649999999999985e-01
-1.033420000000000033e-01
-1.033069999999999961e-01
-1.032995000000000024e-01
-1.032995000000000024e-01
-1.032995000000000024e-01
-1.032995000000000024e-01
-1.032995000000000024e-01
-1.032485000000000069e-01
-1.032264999999999988e-01
-1.032264999999999988e-01
-1.032264999999999988e-01
-1.032264999999999988e-01
-1.032264999999999988e-01
-1.032200000000000062e-01
-1.032200000000000062e-01
-1.032200000000000062e-01
-1.032200000000000062e-01
-1.032045000000000046e-01
-1.032045000000000046e-01
-1.031989999999999991e-01
-1.031595000000000012e-01
-1.031595000000000012e-01
-1.031595000000000012e-01
-1.031595000000000012e-01
-1.031595000000000012e-01
-1.031205000000000038e-01
-1.031205000000000038e-01
-1.031205000000000038e-01
-1.031205000000000038e-01
-1.030844999999999956e-01
-1.030844999999999956e-01
-1.030844999999999956e-01
-1.030844999999999956e-01
-1.030844999999999956e-01
