9.988419726617923100e-01
6.225115077663538887e-01
9.177074323955169977e-01
9.993532930844115647e-01
5.973368461707406762e-01
1.277556856058189305e-01
9.976531894635789488e-01
6.193695793156304141e-01
1.477101703915439934e-01
9.984061159716384193e-01
6.021498077895649503e-01
2.568592237744406481e-01
9.991610435754363362e-01
5.996658705808795009e-01
3.324253238569581104e-01
9.964713216600118439e-01
6.115770894831431548e-01
3.908664883113655009e-01
9.978233665711113698e-01
6.189224165764570795e-01
3.504694362466138635e-01
9.986190224399655868e-01
6.169570858101152133e-01
5.472430880458947211e-01
9.988068677100589987e-01
6.327722143725676984e-01
5.332857467676093144e-01
9.992408840760751421e-01
6.401645051687809840e-01
5.868762864680482361e-01
