0.000000000000000000e+00 3.678790000000000115e-01
5.000000000000000000e-01 3.060634999999999883e-01
1.000000000000000000e+00 2.584560000000000191e-01
1.500000000000000000e+00 2.206120000000000025e-01
2.000000000000000000e+00 1.898769999999999902e-01
2.500000000000000000e+00 1.645095000000000030e-01
3.000000000000000000e+00 1.433059999999999889e-01
3.500000000000000000e+00 1.253990000000000105e-01
4.000000000000000000e+00 1.101494999999999974e-01
4.500000000000000000e+00 9.707050000000000400e-02
5.000000000000000000e+00 8.578500000000000014e-02
