0.000000000000000000e+00 3.678790000000000115e-01
1.000000000000000056e-01 3.651989999999999958e-01
2.000000000000000111e-01 3.625450000000000061e-01
3.000000000000000444e-01 3.599180000000000157e-01
4.000000000000000222e-01 3.573160000000000225e-01
5.000000000000000000e-01 3.547405000000000141e-01
6.000000000000000888e-01 3.521900000000000031e-01
7.000000000000000666e-01 3.496644999999999892e-01
8.000000000000000444e-01 3.471635000000000137e-01
9.000000000000000222e-01 3.446874999999999800e-01
1.000000000000000000e+00 3.422335000000000238e-01
1.100000000000000089e+00 3.398045000000000093e-01
1.200000000000000178e+00 3.373990000000000045e-01
1.300000000000000044e+00 3.350159999999999805e-01
1.400000000000000133e+00 3.326560000000000072e-01
1.500000000000000000e+00 3.303174999999999861e-01
1.600000000000000089e+00 3.280020000000000158e-01
1.700000000000000178e+00 3.257085000000000119e-01
1.800000000000000044e+00 3.234360000000000013e-01
1.900000000000000133e+00 3.211844999999999839e-01
2.000000000000000000e+00 3.189549999999999885e-01
2.100000000000000089e+00 3.167449999999999988e-01
2.200000000000000178e+00 3.145565000000000166e-01
2.300000000000000266e+00 3.123870000000000258e-01
2.400000000000000355e+00 3.102380000000000138e-01
2.500000000000000000e+00 3.081094999999999806e-01
2.600000000000000089e+00 3.059985000000000066e-01
2.700000000000000178e+00 3.039080000000000115e-01
2.800000000000000266e+00 3.018365000000000076e-01
2.900000000000000355e+00 2.997834999999999805e-01
3.000000000000000000e+00 2.977489999999999859e-01
3.100000000000000089e+00 2.957325000000000093e-01
3.200000000000000178e+00 2.937345000000000095e-01
3.300000000000000266e+00 2.917540000000000133e-01
3.400000000000000355e+00 2.897910000000000208e-01
3.500000000000000000e+00 2.878454999999999764e-01
3.600000000000000089e+00 2.859169999999999767e-01
3.700000000000000178e+00 2.840055000000000218e-01
3.800000000000000266e+00 2.821115000000000150e-01
3.900000000000000355e+00 2.802330000000000099e-01
4.000000000000000000e+00 2.783709999999999796e-01
4.100000000000000533e+00 2.765250000000000208e-01
4.200000000000000178e+00 2.746954999999999814e-01
4.299999999999999822e+00 2.728814999999999991e-01
4.400000000000000355e+00 2.710839999999999916e-01
4.500000000000000000e+00 2.693010000000000126e-01
4.600000000000000533e+00 2.675334999999999797e-01
4.700000000000000178e+00 2.657815000000000039e-01
4.800000000000000711e+00 2.640434999999999865e-01
4.900000000000000355e+00 2.623199999999999976e-01
5.000000000000000000e+00 2.606114999999999959e-01
