-6.817079999999999806e-01
-6.681629999999999514e-01
-6.681629999999999514e-01
-6.282659999999999911e-01
-5.862475000000000325e-01
-5.862475000000000325e-01
-5.188490000000000046e-01
-5.188490000000000046e-01
-5.188490000000000046e-01
-5.188490000000000046e-01
-5.188490000000000046e-01
-5.087620000000000475e-01
-5.067625000000000046e-01
-4.930185000000000262e-01
-4.930185000000000262e-01
-4.782939999999999969e-01
-4.782939999999999969e-01
-4.693944999999999923e-01
-4.652800000000000269e-01
-4.625865000000000116e-01
-4.616394999999999804e-01
-4.561744999999999828e-01
-4.504475000000000007e-01
-4.489374999999999893e-01
-4.415574999999999917e-01
-4.365959999999999841e-01
-4.330465000000000009e-01
-4.330465000000000009e-01
-4.327719999999999900e-01
-4.302159999999999873e-01
-4.256599999999999828e-01
-4.227000000000000202e-01
-4.216349999999999820e-01
-4.210209999999999786e-01
-4.187814999999999732e-01
-4.167775000000000230e-01
-4.159045000000000103e-01
-4.133935000000000248e-01
-4.114254999999999995e-01
-4.063399999999999790e-01
-4.063399999999999790e-01
-4.063399999999999790e-01
-4.023154999999999926e-01
-4.008165000000000200e-01
-3.987299999999999733e-01
-3.974424999999999764e-01
-3.938315000000000010e-01
-3.913749999999999729e-01
-3.912769999999999859e-01
-3.887249999999999872e-01
-3.878845000000000209e-01
-3.878845000000000209e-01
-3.861935000000000229e-01
-3.847010000000000152e-01
-3.837105000000000099e-01
-3.831924999999999915e-01
-3.811935000000000184e-01
-3.811935000000000184e-01
-3.793369999999999798e-01
-3.782630000000000159e-01
-3.782630000000000159e-01
-3.782630000000000159e-01
-3.770974999999999744e-01
-3.756920000000000259e-01
-3.748484999999999734e-01
-3.748484999999999734e-01
-3.747980000000000200e-01
-3.725744999999999751e-01
-3.725744999999999751e-01
-3.712664999999999993e-01
-3.710419999999999829e-01
-3.694795000000000162e-01
-3.686654999999999793e-01
-3.670424999999999938e-01
-3.670424999999999938e-01
-3.658545000000000269e-01
-3.658545000000000269e-01
-3.657839999999999980e-01
-3.608089999999999908e-01
-3.608089999999999908e-01
-3.608089999999999908e-01
-3.608089999999999908e-01
-3.608089999999999908e-01
-3.589525000000000077e-01
-3.589525000000000077e-01
-3.569769999999999888e-01
-3.569605000000000139e-01
-3.548189999999999955e-01
-3.532184999999999908e-01
-3.501095000000000179e-01
-3.476245000000000029e-01
-3.476245000000000029e-01
-3.463860000000000272e-01
-3.438939999999999775e-01
-3.428884999999999850e-01
-3.393260000000000165e-01
-3.385885000000000145e-01
-3.383129999999999749e-01
-3.373659999999999992e-01
-3.319679999999999853e-01
-3.319679999999999853e-01
-3.316839999999999788e-01
-3.302220000000000155e-01
-3.292439999999999811e-01
-3.262984999999999913e-01
-3.253139999999999921e-01
-3.248889999999999834e-01
-3.226930000000000076e-01
-3.226930000000000076e-01
-3.198714999999999753e-01
-3.193035000000000179e-01
-3.185080000000000133e-01
-3.175120000000000164e-01
-3.144109999999999960e-01
-3.126729999999999787e-01
-3.116949999999999998e-01
-3.116369999999999973e-01
-3.093805000000000027e-01
-3.090769999999999906e-01
-3.065474999999999728e-01
-3.061814999999999953e-01
-3.050264999999999782e-01
-3.048290000000000166e-01
-3.027725000000000000e-01
-3.027725000000000000e-01
-3.020999999999999797e-01
-2.986690000000000178e-01
-2.980665000000000120e-01
-2.969764999999999766e-01
-2.959749999999999881e-01
-2.942814999999999737e-01
-2.923780000000000268e-01
-2.910400000000000209e-01
-2.897000000000000131e-01
-2.897000000000000131e-01
-2.876049999999999995e-01
-2.869470000000000076e-01
-2.849119999999999986e-01
-2.849119999999999986e-01
-2.821509999999999851e-01
-2.821509999999999851e-01
-2.806339999999999946e-01
-2.793775000000000008e-01
-2.785865000000000147e-01
-2.773639999999999994e-01
-2.768939999999999735e-01
-2.725535000000000041e-01
-2.725535000000000041e-01
-2.716080000000000161e-01
-2.711379999999999901e-01
-2.695544999999999747e-01
-2.695544999999999747e-01
-2.686295000000000210e-01
-2.678814999999999946e-01
-2.668245000000000200e-01
-2.648774999999999880e-01
-2.640970000000000262e-01
-2.640970000000000262e-01
-2.612915000000000099e-01
-2.612915000000000099e-01
-2.612915000000000099e-01
-2.612915000000000099e-01
-2.595594999999999986e-01
-2.595594999999999986e-01
-2.589515000000000011e-01
-2.586114999999999942e-01
-2.581404999999999950e-01
-2.581404999999999950e-01
-2.560250000000000026e-01
-2.560250000000000026e-01
-2.541235000000000022e-01
-2.525974999999999748e-01
-2.525974999999999748e-01
-2.523869999999999725e-01
-2.516364999999999852e-01
-2.507739999999999969e-01
-2.502805000000000168e-01
-2.441995000000000138e-01
-2.441995000000000138e-01
-2.441995000000000138e-01
-2.441995000000000138e-01
-2.441995000000000138e-01
-2.435934999999999906e-01
-2.417860000000000009e-01
-2.409685000000000021e-01
-2.388615000000000044e-01
-2.388615000000000044e-01
-2.357484999999999997e-01
-2.357484999999999997e-01
-2.334440000000000126e-01
-2.334440000000000126e-01
-2.334440000000000126e-01
-2.324019999999999975e-01
-2.310075000000000045e-01
-2.283785000000000120e-01
-2.269094999999999862e-01
-2.269094999999999862e-01
-2.269094999999999862e-01
-2.269094999999999862e-01
-2.268884999999999930e-01
-2.260580000000000089e-01
-2.254879999999999940e-01
-2.248155000000000014e-01
-2.237165000000000126e-01
-2.234234999999999971e-01
-2.222820000000000074e-01
-2.215614999999999946e-01
-2.189389999999999947e-01
-2.183535000000000059e-01
-2.183535000000000059e-01
-2.183209999999999873e-01
-2.172370000000000134e-01
-2.172370000000000134e-01
-2.159155000000000102e-01
-2.158825000000000049e-01
-2.153589999999999949e-01
-2.153589999999999949e-01
-2.129500000000000004e-01
-2.129500000000000004e-01
-2.129500000000000004e-01
-2.129500000000000004e-01
-2.129500000000000004e-01
-2.111544999999999950e-01
-2.111544999999999950e-01
-2.101030000000000120e-01
-2.094139999999999890e-01
-2.086310000000000109e-01
-2.080724999999999936e-01
-2.079874999999999918e-01
-2.076890000000000125e-01
-2.070895000000000097e-01
-2.061524999999999885e-01
-2.050635000000000097e-01
-2.050635000000000097e-01
-2.029759999999999898e-01
-2.029759999999999898e-01
-2.029759999999999898e-01
-2.029759999999999898e-01
-2.027819999999999900e-01
-2.026509999999999978e-01
-2.020875000000000032e-01
-2.015405000000000113e-01
-2.013890000000000124e-01
-2.008385000000000031e-01
-1.991539999999999977e-01
-1.991539999999999977e-01
-1.985280000000000100e-01
-1.985280000000000100e-01
-1.968350000000000100e-01
-1.954015000000000057e-01
-1.950705000000000078e-01
-1.950705000000000078e-01
-1.950705000000000078e-01
-1.932500000000000051e-01
-1.932500000000000051e-01
-1.932500000000000051e-01
-1.932500000000000051e-01
-1.932500000000000051e-01
-1.932500000000000051e-01
-1.932500000000000051e-01
-1.931525000000000047e-01
-1.931525000000000047e-01
-1.924470000000000069e-01
-1.922280000000000100e-01
-1.922280000000000100e-01
-1.922014999999999973e-01
-1.905989999999999907e-01
-1.904949999999999977e-01
-1.904949999999999977e-01
-1.894589999999999885e-01
-1.892965000000000064e-01
-1.875215000000000076e-01
-1.875215000000000076e-01
-1.868704999999999949e-01
-1.868704999999999949e-01
-1.863734999999999975e-01
-1.853204999999999991e-01
-1.853204999999999991e-01
-1.853204999999999991e-01
-1.853204999999999991e-01
-1.818454999999999933e-01
-1.818454999999999933e-01
-1.818454999999999933e-01
-1.818454999999999933e-01
-1.818454999999999933e-01
-1.818454999999999933e-01
-1.818454999999999933e-01
-1.818454999999999933e-01
-1.780114999999999892e-01
-1.776445000000000107e-01
-1.776445000000000107e-01
-1.773619999999999919e-01
-1.762265000000000081e-01
-1.750784999999999980e-01
-1.750784999999999980e-01
-1.735825000000000007e-01
-1.735825000000000007e-01
-1.735825000000000007e-01
-1.735825000000000007e-01
-1.735275000000000012e-01
-1.728929999999999911e-01
-1.708929999999999894e-01
-1.708929999999999894e-01
-1.699579999999999980e-01
-1.699579999999999980e-01
-1.691545000000000132e-01
-1.687704999999999900e-01
-1.687704999999999900e-01
-1.687704999999999900e-01
-1.687704999999999900e-01
-1.685284999999999977e-01
-1.675004999999999966e-01
-1.675004999999999966e-01
-1.675004999999999966e-01
-1.667669999999999986e-01
-1.667669999999999986e-01
-1.656849999999999989e-01
-1.656849999999999989e-01
-1.656849999999999989e-01
-1.651670000000000083e-01
-1.649899999999999978e-01
-1.642520000000000091e-01
-1.640159999999999951e-01
-1.640159999999999951e-01
-1.636920000000000042e-01
-1.629694999999999894e-01
-1.629694999999999894e-01
-1.623404999999999987e-01
-1.619325000000000070e-01
-1.619325000000000070e-01
-1.619325000000000070e-01
-1.619325000000000070e-01
-1.613864999999999883e-01
-1.613864999999999883e-01
-1.608459999999999890e-01
-1.608459999999999890e-01
-1.608459999999999890e-01
-1.608459999999999890e-01
-1.603445000000000009e-01
-1.602570000000000106e-01
-1.600100000000000133e-01
-1.594550000000000134e-01
-1.592625000000000013e-01
-1.592625000000000013e-01
-1.590060000000000084e-01
-1.590034999999999921e-01
-1.586285000000000056e-01
-1.582179999999999975e-01
-1.579790000000000083e-01
-1.568879999999999997e-01
-1.568879999999999997e-01
-1.568879999999999997e-01
-1.565975000000000006e-01
-1.562439999999999940e-01
-1.560390000000000110e-01
-1.557544999999999902e-01
-1.555495000000000072e-01
-1.547264999999999890e-01
-1.546420000000000017e-01
-1.544619999999999882e-01
-1.540759999999999907e-01
-1.535590000000000011e-01
-1.535590000000000011e-01
-1.535590000000000011e-01
-1.535590000000000011e-01
-1.522944999999999993e-01
-1.522944999999999993e-01
-1.521365000000000078e-01
-1.499554999999999916e-01
-1.499554999999999916e-01
-1.499554999999999916e-01
-1.499554999999999916e-01
-1.499554999999999916e-01
-1.499554999999999916e-01
-1.499554999999999916e-01
-1.498134999999999883e-01
-1.493909999999999960e-01
-1.492279999999999995e-01
-1.489649999999999863e-01
-1.483694999999999875e-01
-1.483230000000000104e-01
-1.479459999999999942e-01
-1.474695000000000034e-01
-1.474695000000000034e-01
-1.473144999999999871e-01
-1.473144999999999871e-01
-1.473144999999999871e-01
-1.469540000000000013e-01
-1.469540000000000013e-01
-1.468264999999999987e-01
-1.464544999999999875e-01
-1.464544999999999875e-01
-1.456089999999999884e-01
-1.456089999999999884e-01
-1.456089999999999884e-01
-1.453029999999999877e-01
-1.453029999999999877e-01
-1.446465000000000112e-01
-1.439600000000000046e-01
-1.439600000000000046e-01
-1.439600000000000046e-01
-1.439600000000000046e-01
-1.439600000000000046e-01
-1.439600000000000046e-01
-1.439104999999999968e-01
-1.438975000000000115e-01
-1.434580000000000022e-01
-1.431445000000000078e-01
-1.428699999999999970e-01
-1.425655000000000117e-01
-1.421475000000000100e-01
-1.420275000000000010e-01
-1.419850000000000001e-01
-1.418504999999999905e-01
-1.409414999999999973e-01
-1.409414999999999973e-01
-1.409414999999999973e-01
-1.408399999999999930e-01
-1.400520000000000098e-01
-1.400520000000000098e-01
-1.400520000000000098e-01
-1.400520000000000098e-01
-1.394684999999999953e-01
-1.394684999999999953e-01
-1.387649999999999995e-01
-1.387649999999999995e-01
-1.384009999999999962e-01
-1.379340000000000011e-01
-1.372244999999999993e-01
-1.372244999999999993e-01
-1.368830000000000047e-01
-1.368550000000000044e-01
-1.367520000000000124e-01
-1.362649999999999972e-01
-1.350764999999999882e-01
-1.350764999999999882e-01
-1.350764999999999882e-01
-1.349499999999999866e-01
-1.349499999999999866e-01
-1.345564999999999956e-01
-1.345564999999999956e-01
-1.344505000000000006e-01
-1.344505000000000006e-01
-1.342679999999999985e-01
-1.342679999999999985e-01
-1.342655000000000098e-01
-1.342540000000000122e-01
-1.342540000000000122e-01
-1.341825000000000101e-01
-1.339094999999999869e-01
-1.336545000000000094e-01
-1.336545000000000094e-01
-1.336170000000000135e-01
-1.336170000000000135e-01
-1.330699999999999938e-01
-1.330699999999999938e-01
-1.330699999999999938e-01
-1.327280000000000126e-01
-1.327280000000000126e-01
-1.326950000000000074e-01
-1.326950000000000074e-01
-1.326489999999999891e-01
-1.325645000000000018e-01
-1.325645000000000018e-01
-1.325645000000000018e-01
-1.325099999999999889e-01
-1.313995000000000024e-01
-1.312784999999999924e-01
-1.312784999999999924e-01
-1.312784999999999924e-01
-1.309954999999999870e-01
-1.309954999999999870e-01
-1.308779999999999943e-01
-1.308304999999999885e-01
-1.308304999999999885e-01
-1.308304999999999885e-01
-1.306430000000000091e-01
-1.306430000000000091e-01
-1.306430000000000091e-01
-1.304744999999999933e-01
-1.304744999999999933e-01
-1.304744999999999933e-01
-1.303779999999999939e-01
-1.295350000000000112e-01
-1.295350000000000112e-01
-1.295350000000000112e-01
-1.294800000000000118e-01
-1.294440000000000035e-01
-1.294440000000000035e-01
-1.293154999999999999e-01
-1.292905000000000026e-01
-1.292389999999999928e-01
-1.290215000000000112e-01
-1.290215000000000112e-01
-1.290215000000000112e-01
-1.289025000000000032e-01
-1.289025000000000032e-01
-1.289025000000000032e-01
-1.288314999999999877e-01
-1.288314999999999877e-01
-1.287715000000000110e-01
-1.287099999999999911e-01
-1.285435000000000050e-01
-1.284109999999999974e-01
-1.279009999999999869e-01
-1.279009999999999869e-01
-1.279009999999999869e-01
-1.278215000000000046e-01
-1.276505000000000001e-01
-1.276505000000000001e-01
-1.276505000000000001e-01
-1.274510000000000087e-01
-1.269095000000000084e-01
-1.269095000000000084e-01
-1.269095000000000084e-01
-1.269095000000000084e-01
-1.267830000000000068e-01
-1.267830000000000068e-01
-1.266575000000000062e-01
-1.266575000000000062e-01
-1.261589999999999934e-01
-1.255034999999999901e-01
-1.255034999999999901e-01
-1.255034999999999901e-01
-1.252864999999999951e-01
-1.252864999999999951e-01
-1.252864999999999951e-01
-1.252864999999999951e-01
-1.251829999999999887e-01
-1.251829999999999887e-01
-1.251345000000000096e-01
-1.250320000000000042e-01
-1.249659999999999938e-01
-1.248675000000000063e-01
-1.242034999999999945e-01
-1.242034999999999945e-01
-1.240585000000000021e-01
-1.240585000000000021e-01
-1.240585000000000021e-01
-1.239399999999999946e-01
-1.238859999999999961e-01
-1.234254999999999936e-01
-1.234230000000000049e-01
-1.231460000000000055e-01
-1.231460000000000055e-01
-1.231460000000000055e-01
-1.231425000000000020e-01
-1.227980000000000044e-01
-1.223989999999999939e-01
-1.223989999999999939e-01
-1.223989999999999939e-01
-1.223989999999999939e-01
-1.223989999999999939e-01
-1.222379999999999994e-01
-1.221784999999999954e-01
-1.221784999999999954e-01
-1.220954999999999957e-01
-1.220954999999999957e-01
-1.220365000000000061e-01
-1.217099999999999987e-01
-1.217099999999999987e-01
-1.216850000000000015e-01
-1.216850000000000015e-01
-1.216214999999999935e-01
-1.216214999999999935e-01
-1.216214999999999935e-01
-1.214844999999999953e-01
-1.214844999999999953e-01
-1.214820000000000066e-01
-1.212204999999999949e-01
-1.212204999999999949e-01
-1.208739999999999953e-01
-1.208739999999999953e-01
-1.202929999999999972e-01
-1.202405000000000002e-01
-1.202405000000000002e-01
-1.202405000000000002e-01
-1.202405000000000002e-01
-1.201605000000000034e-01
-1.200740000000000002e-01
-1.200740000000000002e-01
-1.197519999999999973e-01
-1.197519999999999973e-01
-1.197519999999999973e-01
-1.195689999999999947e-01
-1.195689999999999947e-01
-1.195689999999999947e-01
-1.195689999999999947e-01
-1.195689999999999947e-01
-1.193919999999999981e-01
-1.193919999999999981e-01
-1.193570000000000048e-01
-1.193570000000000048e-01
-1.192119999999999985e-01
-1.192119999999999985e-01
-1.191610000000000030e-01
-1.191360000000000058e-01
-1.191360000000000058e-01
-1.190195000000000003e-01
-1.190195000000000003e-01
-1.190195000000000003e-01
-1.189459999999999962e-01
-1.189459999999999962e-01
-1.189459999999999962e-01
-1.189385000000000026e-01
-1.189000000000000057e-01
-1.189000000000000057e-01
-1.186514999999999931e-01
-1.186514999999999931e-01
-1.186514999999999931e-01
-1.186514999999999931e-01
-1.186514999999999931e-01
-1.186514999999999931e-01
-1.186289999999999983e-01
-1.184889999999999971e-01
-1.184889999999999971e-01
-1.184889999999999971e-01
-1.184889999999999971e-01
-1.182494999999999935e-01
-1.182494999999999935e-01
-1.168894999999999934e-01
-1.167575000000000002e-01
-1.167205000000000048e-01
-1.164474999999999955e-01
-1.161819999999999936e-01
-1.161819999999999936e-01
-1.161800000000000055e-01
-1.159440000000000054e-01
-1.159440000000000054e-01
-1.159440000000000054e-01
-1.157315000000000010e-01
-1.153789999999999955e-01
-1.152170000000000000e-01
-1.151974999999999943e-01
-1.151974999999999943e-01
-1.150115000000000026e-01
-1.150115000000000026e-01
-1.149339999999999945e-01
-1.149339999999999945e-01
-1.149155000000000038e-01
-1.147979999999999973e-01
-1.147979999999999973e-01
-1.147935000000000066e-01
-1.147935000000000066e-01
-1.147185000000000010e-01
-1.146059999999999995e-01
-1.145555000000000045e-01
-1.145469999999999960e-01
-1.145300000000000068e-01
-1.144889999999999936e-01
-1.144529999999999992e-01
-1.144379999999999981e-01
-1.137009999999999965e-01
-1.137009999999999965e-01
-1.137009999999999965e-01
-1.137009999999999965e-01
-1.137009999999999965e-01
-1.137009999999999965e-01
-1.137009999999999965e-01
-1.135889999999999955e-01
-1.135889999999999955e-01
-1.135889999999999955e-01
-1.135889999999999955e-01
-1.135059999999999958e-01
-1.130654999999999993e-01
-1.128505000000000064e-01
-1.128505000000000064e-01
-1.128289999999999987e-01
-1.128289999999999987e-01
-1.128289999999999987e-01
-1.125914999999999971e-01
-1.125914999999999971e-01
-1.121469999999999967e-01
-1.121469999999999967e-01
-1.121469999999999967e-01
-1.121469999999999967e-01
-1.118669999999999942e-01
-1.118669999999999942e-01
-1.118669999999999942e-01
-1.118669999999999942e-01
-1.118669999999999942e-01
-1.118095000000000061e-01
-1.117449999999999971e-01
-1.115374999999999978e-01
-1.114890000000000048e-01
-1.114890000000000048e-01
-1.114890000000000048e-01
-1.108704999999999968e-01
-1.108704999999999968e-01
-1.108704999999999968e-01
-1.108704999999999968e-01
-1.108085000000000042e-01
-1.108085000000000042e-01
-1.106840000000000046e-01
-1.106840000000000046e-01
-1.106530000000000014e-01
-1.105959999999999999e-01
-1.105959999999999999e-01
-1.105959999999999999e-01
-1.102960000000000051e-01
-1.102960000000000051e-01
-1.102960000000000051e-01
-1.102960000000000051e-01
-1.102265000000000050e-01
-1.102265000000000050e-01
-1.102199999999999985e-01
-1.099185000000000023e-01
-1.098879999999999996e-01
-1.083780000000000021e-01
-1.081745000000000068e-01
-1.076715000000000033e-01
-1.073105000000000031e-01
-1.069755000000000011e-01
-1.069625000000000020e-01
-1.065210000000000046e-01
-1.063739999999999963e-01
-1.057000000000000023e-01
-1.048219999999999985e-01
-1.048219999999999985e-01
-1.040515000000000051e-01
-1.040515000000000051e-01
-1.035964999999999941e-01
-1.035964999999999941e-01
-1.035964999999999941e-01
-1.035964999999999941e-01
-1.035964999999999941e-01
-1.034150000000000069e-01
-1.032760000000000067e-01
-1.032420000000000004e-01
-1.032420000000000004e-01
-1.028634999999999966e-01
-1.028634999999999966e-01
-1.028634999999999966e-01
-1.028634999999999966e-01
-1.028634999999999966e-01
-1.025530000000000053e-01
-1.025530000000000053e-01
-1.025225000000000025e-01
-1.024425000000000058e-01
-1.024425000000000058e-01
-1.023970000000000019e-01
-1.022839999999999999e-01
-1.022239999999999954e-01
-1.022239999999999954e-01
-1.021075000000000038e-01
-1.021045000000000008e-01
-1.020729999999999971e-01
-1.019825000000000037e-01
-1.019825000000000037e-01
-1.019354999999999983e-01
-1.017779999999999935e-01
-1.016665000000000069e-01
-1.016665000000000069e-01
-1.014369999999999994e-01
-1.014369999999999994e-01
-1.014369999999999994e-01
-1.012080000000000063e-01
-1.012080000000000063e-01
-1.011940000000000062e-01
-1.011940000000000062e-01
-1.011940000000000062e-01
-1.011790000000000050e-01
-1.009334999999999954e-01
-1.009079999999999977e-01
-1.009079999999999977e-01
-1.008669999999999983e-01
-1.008669999999999983e-01
-1.007849999999999996e-01
-1.007409999999999972e-01
-1.007409999999999972e-01
-1.007409999999999972e-01
-1.007409999999999972e-01
-1.007160000000000000e-01
-1.007160000000000000e-01
-1.006309999999999982e-01
-1.006309999999999982e-01
-1.006159999999999971e-01
-1.005940000000000029e-01
-1.005174999999999957e-01
-1.003784999999999955e-01
-1.000115000000000032e-01
-1.000115000000000032e-01
-1.000115000000000032e-01
-9.999450000000000005e-02
-9.999450000000000005e-02
-9.999450000000000005e-02
-9.999450000000000005e-02
-9.999099999999999655e-02
-9.999099999999999655e-02
-9.999099999999999655e-02
-9.997949999999999893e-02
-9.997000000000000330e-02
-9.994899999999999618e-02
-9.957050000000000622e-02
-9.957050000000000622e-02
-9.936899999999999900e-02
-9.936899999999999900e-02
-9.936899999999999900e-02
-9.936899999999999900e-02
-9.929250000000000576e-02
-9.929250000000000576e-02
-9.914299999999999502e-02
-9.906950000000000478e-02
-9.906950000000000478e-02
-9.906950000000000478e-02
-9.906950000000000478e-02
-9.906950000000000478e-02
-9.904000000000000303e-02
-9.892299999999999705e-02
-9.877850000000000519e-02
-9.877850000000000519e-02
-9.863650000000000195e-02
-9.863650000000000195e-02
-9.863650000000000195e-02
-9.863650000000000195e-02
-9.862049999999999983e-02
-9.839599999999999735e-02
-9.836499999999999411e-02
-9.836499999999999411e-02
-9.836499999999999411e-02
-9.834850000000000536e-02
-9.829350000000000587e-02
-9.829350000000000587e-02
-9.829350000000000587e-02
-9.828649999999999887e-02
-9.825549999999999562e-02
-9.823999999999999400e-02
-9.823999999999999400e-02
-9.812949999999999451e-02
-9.808450000000000502e-02
-9.808450000000000502e-02
-9.808450000000000502e-02
-9.807699999999999751e-02
-9.806850000000000289e-02
-9.744650000000000534e-02
-9.744650000000000534e-02
-9.744650000000000534e-02
-9.744650000000000534e-02
-9.744650000000000534e-02
-9.744650000000000534e-02
-9.744650000000000534e-02
-9.744650000000000534e-02
-9.734349999999999947e-02
-9.734349999999999947e-02
-9.734349999999999947e-02
-9.734349999999999947e-02
-9.734349999999999947e-02
-9.733949999999999547e-02
-9.733949999999999547e-02
-9.733949999999999547e-02
-9.733300000000000285e-02
-9.711999999999999800e-02
-9.711050000000000237e-02
-9.709950000000000525e-02
-9.705750000000000488e-02
-9.705750000000000488e-02
-9.705750000000000488e-02
-9.705750000000000488e-02
-9.700200000000000489e-02
-9.697450000000000514e-02
-9.697450000000000514e-02
-9.672000000000000042e-02
-9.672000000000000042e-02
-9.672000000000000042e-02
-9.672000000000000042e-02
-9.672000000000000042e-02
-9.672000000000000042e-02
-9.668749999999999567e-02
-9.667800000000000005e-02
-9.665200000000000180e-02
-9.665200000000000180e-02
-9.660749999999999893e-02
-9.655249999999999944e-02
-9.655249999999999944e-02
-9.654300000000000381e-02
-9.652650000000000119e-02
-9.652650000000000119e-02
-9.651200000000000057e-02
-9.650100000000000344e-02
-9.650100000000000344e-02
-9.646349999999999369e-02
-9.636300000000000421e-02
-9.636300000000000421e-02
-9.613249999999999573e-02
-9.613249999999999573e-02
-9.613249999999999573e-02
-9.611500000000000599e-02
-9.599199999999999400e-02
-9.596999999999999975e-02
-9.588000000000000689e-02
-9.588000000000000689e-02
-9.588000000000000689e-02
-9.583200000000000052e-02
-9.583200000000000052e-02
-9.583200000000000052e-02
-9.583200000000000052e-02
-9.583200000000000052e-02
-9.577650000000000052e-02
-9.577650000000000052e-02
-9.575000000000000178e-02
-9.575000000000000178e-02
-9.573049999999999615e-02
-9.573049999999999615e-02
-9.572999999999999565e-02
-9.572999999999999565e-02
-9.568849999999999578e-02
-9.563599999999999879e-02
-9.543899999999999606e-02
-9.543899999999999606e-02
-9.543899999999999606e-02
-9.529949999999999533e-02
-9.529949999999999533e-02
-9.529949999999999533e-02
-9.522550000000000459e-02
-9.521100000000000396e-02
-9.521100000000000396e-02
-9.521100000000000396e-02
-9.521100000000000396e-02
-9.517200000000000659e-02
-9.517200000000000659e-02
-9.516449999999999909e-02
-9.515600000000000447e-02
-9.511899999999999522e-02
-9.511899999999999522e-02
-9.511899999999999522e-02
-9.509650000000000047e-02
-9.508999999999999397e-02
-9.504650000000000598e-02
-9.494700000000000362e-02
-9.494700000000000362e-02
-9.494700000000000362e-02
-9.494700000000000362e-02
-9.463499999999999690e-02
-9.463499999999999690e-02
-9.463499999999999690e-02
-9.463499999999999690e-02
-9.463499999999999690e-02
-9.463499999999999690e-02
-9.463499999999999690e-02
-9.448850000000000304e-02
-9.448850000000000304e-02
-9.448850000000000304e-02
-9.439300000000000468e-02
-9.438749999999999918e-02
-9.438749999999999918e-02
-9.438449999999999618e-02
-9.438349999999999518e-02
-9.438299999999999468e-02
-9.436550000000000493e-02
-9.399150000000000560e-02
-9.399150000000000560e-02
-9.399150000000000560e-02
-9.399150000000000560e-02
-9.399150000000000560e-02
-9.399150000000000560e-02
-9.399150000000000560e-02
-9.398099999999999510e-02
-9.398099999999999510e-02
-9.392399999999999360e-02
-9.392399999999999360e-02
-9.392399999999999360e-02
-9.392399999999999360e-02
-9.392399999999999360e-02
-9.392399999999999360e-02
-9.391700000000000048e-02
-9.391700000000000048e-02
-9.387650000000000161e-02
-9.387399999999999911e-02
-9.383400000000000074e-02
-9.383199999999999874e-02
-9.382500000000000562e-02
-9.379450000000000287e-02
-9.379450000000000287e-02
-9.364999999999999714e-02
-9.364999999999999714e-02
-9.364999999999999714e-02
-9.364799999999999514e-02
-9.364799999999999514e-02
-9.364799999999999514e-02
-9.364799999999999514e-02
-9.363499999999999601e-02
-9.359000000000000652e-02
-9.359000000000000652e-02
-9.359000000000000652e-02
-9.359000000000000652e-02
-9.356549999999999589e-02
-9.356549999999999589e-02
-9.354099999999999915e-02
-9.353000000000000203e-02
-9.353000000000000203e-02
-9.353000000000000203e-02
-9.352449999999999652e-02
-9.350899999999999490e-02
-9.350600000000000578e-02
-9.346599999999999353e-02
-9.346599999999999353e-02
-9.346599999999999353e-02
-9.337349999999999817e-02
-9.337349999999999817e-02
-9.329300000000000093e-02
-9.320399999999999519e-02
-9.320399999999999519e-02
-9.320399999999999519e-02
-9.320399999999999519e-02
-9.320399999999999519e-02
-9.320399999999999519e-02
-9.320399999999999519e-02
-9.320399999999999519e-02
-9.320399999999999519e-02
-9.294249999999999734e-02
-9.294249999999999734e-02
-9.294249999999999734e-02
-9.294249999999999734e-02
-9.294249999999999734e-02
-9.277249999999999386e-02
-9.277249999999999386e-02
-9.277249999999999386e-02
-9.277249999999999386e-02
-9.277249999999999386e-02
-9.275849999999999373e-02
-9.275150000000000061e-02
-9.273399999999999699e-02
-9.271999999999999686e-02
-9.271849999999999536e-02
-9.270150000000000612e-02
-9.266800000000000037e-02
-9.266800000000000037e-02
-9.265750000000000375e-02
-9.265750000000000375e-02
-9.265750000000000375e-02
-9.264849999999999475e-02
-9.249000000000000277e-02
-9.242000000000000215e-02
-9.242000000000000215e-02
-9.242000000000000215e-02
-9.242000000000000215e-02
-9.238000000000000378e-02
-9.238000000000000378e-02
-9.237950000000000328e-02
-9.231250000000000566e-02
-9.228500000000000592e-02
-9.224699999999999567e-02
-9.224699999999999567e-02
-9.224699999999999567e-02
-9.224699999999999567e-02
-9.224699999999999567e-02
-9.207049999999999956e-02
-9.207049999999999956e-02
-9.207049999999999956e-02
-9.205399999999999694e-02
-9.205399999999999694e-02
-9.205399999999999694e-02
-9.204700000000000382e-02
-9.204700000000000382e-02
-9.204700000000000382e-02
-9.203649999999999332e-02
-9.202100000000000557e-02
-9.201650000000000107e-02
-9.201650000000000107e-02
-9.200800000000000645e-02
-9.200250000000000095e-02
-9.199350000000000582e-02
-9.198900000000000132e-02
-9.176299999999999735e-02
-9.176299999999999735e-02
-9.176299999999999735e-02
-9.176299999999999735e-02
-9.176299999999999735e-02
-9.176299999999999735e-02
-9.176299999999999735e-02
-9.176299999999999735e-02
-9.176299999999999735e-02
-9.176299999999999735e-02
-9.176299999999999735e-02
-9.175650000000000472e-02
-9.159249999999999337e-02
-9.143500000000000238e-02
-9.135899999999999577e-02
-9.135899999999999577e-02
-9.135899999999999577e-02
-9.135500000000000564e-02
-9.134799999999999864e-02
-9.124599999999999378e-02
-9.118550000000000266e-02
-9.118550000000000266e-02
-9.118550000000000266e-02
-9.118550000000000266e-02
-9.117000000000000104e-02
-9.112349999999999617e-02
-9.105850000000000055e-02
-9.096849999999999381e-02
-9.092000000000000082e-02
-9.092000000000000082e-02
-9.092000000000000082e-02
-9.090950000000000419e-02
-9.090950000000000419e-02
-9.088599999999999457e-02
-9.087249999999999495e-02
-9.085749999999999382e-02
-9.085749999999999382e-02
-9.085749999999999382e-02
-9.085749999999999382e-02
-9.070400000000000684e-02
-9.070400000000000684e-02
-9.070400000000000684e-02
-9.070400000000000684e-02
-9.070400000000000684e-02
-9.070400000000000684e-02
-9.070400000000000684e-02
-9.070400000000000684e-02
-9.070050000000000334e-02
-9.067949999999999622e-02
-9.067949999999999622e-02
-9.065750000000000197e-02
-9.065750000000000197e-02
-9.063649999999999485e-02
-9.063649999999999485e-02
-9.063649999999999485e-02
-9.063649999999999485e-02
-9.062699999999999922e-02
-9.062399999999999622e-02
-9.062399999999999622e-02
-9.062399999999999622e-02
-9.062399999999999622e-02
-9.062249999999999472e-02
-9.061500000000000110e-02
-9.060899999999999510e-02
-9.060100000000000098e-02
-9.060100000000000098e-02
-9.060100000000000098e-02
-9.060100000000000098e-02
-9.058800000000000185e-02
-9.058800000000000185e-02
-9.058549999999999935e-02
-9.058499999999999885e-02
-9.057300000000000073e-02
-9.057049999999999823e-02
-9.057049999999999823e-02
-9.054950000000000498e-02
-9.053600000000000536e-02
-9.053600000000000536e-02
-9.053600000000000536e-02
-9.053600000000000536e-02
-9.034549999999999526e-02
-9.034549999999999526e-02
-9.034549999999999526e-02
-9.034549999999999526e-02
-9.034549999999999526e-02
-9.034549999999999526e-02
-9.032900000000000651e-02
-9.032900000000000651e-02
-9.031500000000000639e-02
-9.013599999999999390e-02
-9.013599999999999390e-02
-9.013599999999999390e-02
-9.009749999999999703e-02
-9.009749999999999703e-02
-9.005699999999999816e-02
-8.999949999999999617e-02
-8.999949999999999617e-02
-8.999949999999999617e-02
-8.989149999999999918e-02
-8.989149999999999918e-02
-8.989149999999999918e-02
-8.983950000000000269e-02
-8.983950000000000269e-02
-8.983950000000000269e-02
-8.983950000000000269e-02
-8.983950000000000269e-02
-8.983950000000000269e-02
-8.983599999999999919e-02
-8.982650000000000357e-02
-8.981500000000000594e-02
-8.980349999999999444e-02
-8.977300000000000557e-02
-8.977300000000000557e-02
-8.976049999999999307e-02
-8.976049999999999307e-02
-8.975600000000000245e-02
-8.975600000000000245e-02
-8.953049999999999897e-02
-8.953049999999999897e-02
-8.953049999999999897e-02
-8.953049999999999897e-02
-8.953049999999999897e-02
-8.953049999999999897e-02
-8.939600000000000324e-02
-8.939600000000000324e-02
-8.939600000000000324e-02
-8.939600000000000324e-02
-8.939600000000000324e-02
-8.939600000000000324e-02
-8.939600000000000324e-02
-8.914850000000000552e-02
-8.914850000000000552e-02
-8.914850000000000552e-02
-8.914850000000000552e-02
-8.914850000000000552e-02
-8.914850000000000552e-02
-8.914850000000000552e-02
-8.914850000000000552e-02
-8.914850000000000552e-02
-8.914850000000000552e-02
-8.914850000000000552e-02
-8.913250000000000339e-02
-8.913250000000000339e-02
-8.909999999999999865e-02
-8.909999999999999865e-02
-8.908850000000000102e-02
-8.908850000000000102e-02
-8.908850000000000102e-02
-8.907049999999999690e-02
-8.904299999999999715e-02
-8.903200000000000003e-02
-8.903200000000000003e-02
-8.893800000000000316e-02
-8.893800000000000316e-02
-8.893800000000000316e-02
-8.893800000000000316e-02
-8.893800000000000316e-02
-8.893800000000000316e-02
-8.893800000000000316e-02
-8.893299999999999816e-02
-8.893299999999999816e-02
-8.892400000000000304e-02
-8.892400000000000304e-02
-8.892400000000000304e-02
-8.892400000000000304e-02
-8.892400000000000304e-02
-8.891649999999999554e-02
-8.871700000000000419e-02
-8.871700000000000419e-02
-8.871700000000000419e-02
-8.871700000000000419e-02
-8.871700000000000419e-02
-8.871700000000000419e-02
-8.871350000000000069e-02
-8.871350000000000069e-02
-8.871350000000000069e-02
-8.857249999999999845e-02
-8.857249999999999845e-02
-8.857249999999999845e-02
-8.857249999999999845e-02
-8.857249999999999845e-02
-8.857249999999999845e-02
-8.857249999999999845e-02
-8.854900000000000271e-02
-8.854900000000000271e-02
-8.854900000000000271e-02
-8.854900000000000271e-02
-8.853999999999999371e-02
-8.853999999999999371e-02
-8.851150000000000684e-02
-8.851150000000000684e-02
-8.851150000000000684e-02
-8.851150000000000684e-02
-8.850850000000000384e-02
-8.849200000000000121e-02
-8.845550000000000634e-02
-8.845550000000000634e-02
-8.845550000000000634e-02
-8.845550000000000634e-02
-8.845550000000000634e-02
-8.844799999999999884e-02
-8.838799999999999435e-02
-8.838799999999999435e-02
-8.838799999999999435e-02
-8.835949999999999360e-02
-8.835949999999999360e-02
-8.835949999999999360e-02
-8.835949999999999360e-02
-8.835949999999999360e-02
-8.833000000000000573e-02
-8.832650000000000223e-02
-8.832650000000000223e-02
-8.831849999999999423e-02
-8.831600000000000561e-02
-8.831600000000000561e-02
-8.831600000000000561e-02
-8.831600000000000561e-02
-8.831550000000000511e-02
-8.831500000000000461e-02
-8.825449999999999962e-02
-8.825449999999999962e-02
-8.825449999999999962e-02
-8.825099999999999612e-02
-8.825099999999999612e-02
-8.825099999999999612e-02
-8.825099999999999612e-02
-8.824849999999999361e-02
-8.824849999999999361e-02
-8.824849999999999361e-02
-8.824600000000000499e-02
-8.824600000000000499e-02
-8.823649999999999549e-02
-8.823649999999999549e-02
-8.823649999999999549e-02
-8.823549999999999449e-02
-8.823549999999999449e-02
-8.822750000000000037e-02
-8.822499999999999787e-02
-8.805749999999999689e-02
-8.805749999999999689e-02
-8.805749999999999689e-02
-8.805749999999999689e-02
-8.805749999999999689e-02
-8.805749999999999689e-02
-8.805749999999999689e-02
-8.805749999999999689e-02
-8.805749999999999689e-02
-8.805749999999999689e-02
-8.805749999999999689e-02
-8.805699999999999639e-02
-8.805699999999999639e-02
-8.805699999999999639e-02
-8.805150000000000476e-02
-8.805150000000000476e-02
-8.804750000000000076e-02
-8.802050000000000152e-02
-8.801100000000000589e-02
-8.800950000000000439e-02
-8.800800000000000289e-02
-8.800800000000000289e-02
-8.793399999999999828e-02
-8.793399999999999828e-02
-8.791849999999999665e-02
-8.791849999999999665e-02
-8.791849999999999665e-02
-8.791849999999999665e-02
-8.791849999999999665e-02
-8.791849999999999665e-02
-8.773799999999999655e-02
-8.773799999999999655e-02
-8.773799999999999655e-02
-8.773799999999999655e-02
-8.773799999999999655e-02
-8.773799999999999655e-02
-8.773799999999999655e-02
-8.773799999999999655e-02
-8.773799999999999655e-02
-8.773799999999999655e-02
-8.773799999999999655e-02
-8.772549999999999792e-02
-8.771400000000000030e-02
-8.771400000000000030e-02
-8.771400000000000030e-02
-8.770300000000000318e-02
-8.756999999999999507e-02
-8.756999999999999507e-02
-8.756999999999999507e-02
-8.756999999999999507e-02
-8.752450000000000507e-02
-8.752450000000000507e-02
-8.752450000000000507e-02
-8.752450000000000507e-02
-8.751449999999999507e-02
-8.751449999999999507e-02
-8.751449999999999507e-02
-8.751249999999999307e-02
-8.751249999999999307e-02
-8.751249999999999307e-02
-8.751249999999999307e-02
-8.750600000000000045e-02
-8.749149999999999983e-02
-8.748000000000000220e-02
-8.748000000000000220e-02
-8.747549999999999770e-02
-8.747549999999999770e-02
-8.746099999999999708e-02
-8.746099999999999708e-02
-8.746099999999999708e-02
-8.745749999999999358e-02
-8.745749999999999358e-02
-8.745150000000000146e-02
-8.745150000000000146e-02
-8.745150000000000146e-02
-8.741749999999999521e-02
-8.741749999999999521e-02
-8.740249999999999408e-02
-8.740050000000000596e-02
-8.738899999999999446e-02
-8.738899999999999446e-02
-8.738899999999999446e-02
-8.738849999999999396e-02
-8.738700000000000634e-02
-8.738700000000000634e-02
-8.738150000000000084e-02
-8.737949999999999884e-02
-8.737350000000000672e-02
-8.736950000000000272e-02
-8.736950000000000272e-02
-8.736549999999999871e-02
-8.727600000000000635e-02
-8.727600000000000635e-02
-8.727600000000000635e-02
-8.727600000000000635e-02
-8.727600000000000635e-02
-8.727600000000000635e-02
-8.727600000000000635e-02
-8.727600000000000635e-02
-8.724200000000000010e-02
-8.682099999999999540e-02
-8.682099999999999540e-02
-8.682099999999999540e-02
-8.682099999999999540e-02
-8.682099999999999540e-02
-8.682099999999999540e-02
-8.677100000000000091e-02
-8.673899999999999666e-02
-8.673899999999999666e-02
-8.673899999999999666e-02
-8.673899999999999666e-02
-8.625349999999999684e-02
-8.623100000000000209e-02
-8.623100000000000209e-02
-8.623100000000000209e-02
-8.623100000000000209e-02
-8.623100000000000209e-02
-8.623100000000000209e-02
-8.623100000000000209e-02
-8.623100000000000209e-02
-8.621550000000000047e-02
-8.612499999999999323e-02
-8.611599999999999810e-02
-8.604749999999999899e-02
-8.604749999999999899e-02
-8.604749999999999899e-02
-8.604749999999999899e-02
-8.604749999999999899e-02
-8.604749999999999899e-02
-8.600649999999999962e-02
-8.598050000000000137e-02
-8.598050000000000137e-02
-8.594300000000000550e-02
-8.592650000000000288e-02
-8.589499999999999913e-02
-8.589499999999999913e-02
-8.580799999999999539e-02
-8.580799999999999539e-02
-8.580799999999999539e-02
-8.580799999999999539e-02
-8.580799999999999539e-02
-8.580799999999999539e-02
-8.580799999999999539e-02
-8.579499999999999627e-02
-8.579499999999999627e-02
-8.579499999999999627e-02
-8.569999999999999840e-02
-8.569999999999999840e-02
-8.569999999999999840e-02
-8.569999999999999840e-02
-8.569999999999999840e-02
-8.569999999999999840e-02
-8.564399999999999791e-02
-8.564399999999999791e-02
-8.564399999999999791e-02
-8.564399999999999791e-02
-8.556550000000000267e-02
-8.556550000000000267e-02
-8.551200000000000467e-02
-8.550549999999999817e-02
-8.550549999999999817e-02
-8.550549999999999817e-02
-8.550549999999999817e-02
-8.550549999999999817e-02
-8.550549999999999817e-02
-8.549900000000000555e-02
-8.537599999999999356e-02
-8.537450000000000594e-02
-8.537450000000000594e-02
-8.537450000000000594e-02
-8.536549999999999694e-02
-8.529699999999999782e-02
-8.523600000000000620e-02
-8.523600000000000620e-02
-8.523600000000000620e-02
-8.522200000000000608e-02
-8.522000000000000408e-02
-8.522000000000000408e-02
-8.510149999999999659e-02
-8.510149999999999659e-02
-8.510149999999999659e-02
-8.510149999999999659e-02
-8.509849999999999359e-02
-8.509849999999999359e-02
-8.507399999999999685e-02
-8.507399999999999685e-02
-8.507399999999999685e-02
-8.506800000000000472e-02
-8.505500000000000560e-02
-8.499450000000000061e-02
-8.499450000000000061e-02
-8.499450000000000061e-02
-8.496850000000000236e-02
-8.496499999999999886e-02
-8.491700000000000637e-02
-8.491700000000000637e-02
-8.489099999999999424e-02
-8.489099999999999424e-02
-8.489099999999999424e-02
-8.487699999999999412e-02
-8.487699999999999412e-02
-8.485099999999999587e-02
-8.485099999999999587e-02
-8.484550000000000425e-02
-8.481800000000000450e-02
-8.481500000000000150e-02
-8.481500000000000150e-02
-8.480350000000000388e-02
-8.479549999999999588e-02
-8.479299999999999338e-02
-8.471800000000000164e-02
-8.471800000000000164e-02
-8.468900000000000039e-02
-8.465599999999999514e-02
-8.448300000000000254e-02
-8.448300000000000254e-02
-8.445950000000000679e-02
-8.445950000000000679e-02
-8.440549999999999442e-02
-8.440549999999999442e-02
-8.440549999999999442e-02
-8.440549999999999442e-02
-8.438350000000000017e-02
-8.431550000000000156e-02
-8.427450000000000219e-02
-8.427300000000000069e-02
-8.426699999999999469e-02
-8.426200000000000356e-02
-8.426200000000000356e-02
-8.425249999999999406e-02
-8.424099999999999644e-02
-8.424099999999999644e-02
-8.423899999999999444e-02
-8.423899999999999444e-02
-8.423899999999999444e-02
-8.414349999999999608e-02
-8.414349999999999608e-02
-8.414349999999999608e-02
-8.414349999999999608e-02
-8.414349999999999608e-02
-8.414349999999999608e-02
-8.414349999999999608e-02
-8.414349999999999608e-02
-8.414349999999999608e-02
-8.414349999999999608e-02
-8.410700000000000121e-02
-8.410700000000000121e-02
-8.409250000000000058e-02
-8.409250000000000058e-02
-8.409250000000000058e-02
-8.409250000000000058e-02
-8.407599999999999796e-02
-8.407149999999999346e-02
-8.406650000000000234e-02
-8.406650000000000234e-02
-8.406299999999999883e-02
-8.406299999999999883e-02
-8.406299999999999883e-02
-8.406199999999999783e-02
-8.406199999999999783e-02
-8.402900000000000647e-02
-8.402900000000000647e-02
-8.402600000000000346e-02
-8.402350000000000096e-02
-8.401949999999999696e-02
-8.401949999999999696e-02
-8.400399999999999534e-02
-8.400199999999999334e-02
-8.400199999999999334e-02
-8.399500000000000022e-02
-8.399500000000000022e-02
-8.399149999999999672e-02
-8.398350000000000259e-02
-8.398250000000000159e-02
-8.398150000000000059e-02
-8.397499999999999409e-02
-8.397499999999999409e-02
-8.397499999999999409e-02
-8.397200000000000497e-02
-8.397200000000000497e-02
-8.397200000000000497e-02
-8.397200000000000497e-02
-8.397200000000000497e-02
-8.397200000000000497e-02
-8.397200000000000497e-02
-8.397150000000000447e-02
-8.396950000000000247e-02
-8.396800000000000097e-02
-8.391999999999999460e-02
-8.391999999999999460e-02
-8.391999999999999460e-02
-8.391999999999999460e-02
-8.391999999999999460e-02
-8.387999999999999623e-02
-8.387999999999999623e-02
-8.387999999999999623e-02
-8.387999999999999623e-02
-8.387999999999999623e-02
-8.386949999999999961e-02
-8.386949999999999961e-02
-8.384700000000000486e-02
-8.384700000000000486e-02
-8.384700000000000486e-02
-8.384700000000000486e-02
-8.384700000000000486e-02
-8.384700000000000486e-02
-8.384700000000000486e-02
-8.384700000000000486e-02
-8.384700000000000486e-02
-8.384650000000000436e-02
-8.384450000000000236e-02
-8.383599999999999386e-02
-8.383599999999999386e-02
-8.379499999999999449e-02
-8.379399999999999349e-02
-8.379399999999999349e-02
-8.379399999999999349e-02
-8.379250000000000587e-02
-8.379250000000000587e-02
-8.379250000000000587e-02
-8.373600000000000487e-02
-8.372499999999999387e-02
-8.372000000000000275e-02
-8.370450000000000113e-02
-8.370450000000000113e-02
-8.370450000000000113e-02
-8.370450000000000113e-02
-8.370450000000000113e-02
-8.370400000000000063e-02
-8.370249999999999913e-02
-8.370249999999999913e-02
-8.370199999999999863e-02
-8.370149999999999813e-02
-8.364199999999999413e-02
-8.361899999999999888e-02
-8.361799999999999788e-02
-8.361799999999999788e-02
-8.361799999999999788e-02
-8.361250000000000626e-02
-8.361250000000000626e-02
-8.361100000000000476e-02
-8.360900000000000276e-02
-8.360900000000000276e-02
-8.360900000000000276e-02
-8.360700000000000076e-02
-8.360700000000000076e-02
-8.360349999999999726e-02
-8.360349999999999726e-02
-8.360049999999999426e-02
-8.356650000000000189e-02
-8.356650000000000189e-02
-8.356650000000000189e-02
-8.356650000000000189e-02
-8.356650000000000189e-02
-8.356650000000000189e-02
-8.353049999999999364e-02
-8.349800000000000277e-02
-8.345550000000000190e-02
-8.345550000000000190e-02
-8.345550000000000190e-02
-8.345550000000000190e-02
-8.344899999999999540e-02
-8.344350000000000378e-02
-8.336100000000000454e-02
-8.336100000000000454e-02
-8.336100000000000454e-02
-8.336100000000000454e-02
-8.336100000000000454e-02
-8.336100000000000454e-02
-8.336100000000000454e-02
-8.336100000000000454e-02
-8.336100000000000454e-02
-8.332849999999999979e-02
-8.332849999999999979e-02
-8.332849999999999979e-02
-8.332849999999999979e-02
-8.324199999999999655e-02
-8.324199999999999655e-02
-8.324199999999999655e-02
-8.324199999999999655e-02
-8.324199999999999655e-02
-8.324199999999999655e-02
-8.324199999999999655e-02
-8.324149999999999605e-02
-8.324149999999999605e-02
-8.323550000000000393e-02
-8.322749999999999593e-02
-8.322749999999999593e-02
-8.322649999999999493e-02
-8.322649999999999493e-02
-8.322350000000000581e-02
-8.320149999999999768e-02
-8.320149999999999768e-02
-8.320149999999999768e-02
-8.320099999999999718e-02
-8.320099999999999718e-02
-8.320099999999999718e-02
-8.320099999999999718e-02
-8.320099999999999718e-02
-8.320099999999999718e-02
-8.320099999999999718e-02
-8.320099999999999718e-02
-8.315549999999999331e-02
-8.315549999999999331e-02
-8.315549999999999331e-02
-8.315549999999999331e-02
-8.315500000000000669e-02
-8.314950000000000119e-02
-8.314950000000000119e-02
-8.314950000000000119e-02
-8.314199999999999369e-02
-8.314149999999999319e-02
-8.313750000000000306e-02
-8.283649999999999347e-02
-8.277600000000000235e-02
-8.271100000000000674e-02
-8.271100000000000674e-02
-8.254749999999999588e-02
-8.254749999999999588e-02
-8.244700000000000639e-02
-8.244700000000000639e-02
-8.244700000000000639e-02
-8.244700000000000639e-02
-8.244700000000000639e-02
-8.244700000000000639e-02
-8.240599999999999314e-02
-8.240599999999999314e-02
-8.239100000000000590e-02
-8.235900000000000165e-02
-8.232549999999999590e-02
-8.230949999999999378e-02
-8.230949999999999378e-02
-8.226500000000000479e-02
-8.226500000000000479e-02
-8.226250000000000229e-02
-8.226250000000000229e-02
-8.225399999999999379e-02
-8.223650000000000404e-02
-8.223650000000000404e-02
-8.223650000000000404e-02
-8.223650000000000404e-02
-8.212200000000000055e-02
-8.212200000000000055e-02
-8.212200000000000055e-02
-8.212200000000000055e-02
-8.212200000000000055e-02
-8.212200000000000055e-02
-8.211849999999999705e-02
-8.210249999999999493e-02
-8.210249999999999493e-02
-8.210249999999999493e-02
-8.210249999999999493e-02
-8.210249999999999493e-02
-8.210249999999999493e-02
-8.210249999999999493e-02
-8.210149999999999393e-02
-8.210149999999999393e-02
-8.210149999999999393e-02
-8.210149999999999393e-02
-8.209800000000000431e-02
-8.209800000000000431e-02
-8.209800000000000431e-02
-8.209800000000000431e-02
-8.209800000000000431e-02
-8.209049999999999681e-02
-8.206800000000000206e-02
-8.206800000000000206e-02
-8.206800000000000206e-02
-8.206800000000000206e-02
-8.206800000000000206e-02
-8.206800000000000206e-02
-8.203850000000000031e-02
-8.203850000000000031e-02
-8.203649999999999831e-02
-8.203649999999999831e-02
-8.203649999999999831e-02
-8.203649999999999831e-02
-8.203649999999999831e-02
-8.203249999999999431e-02
-8.203249999999999431e-02
-8.199700000000000044e-02
-8.199700000000000044e-02
-8.199700000000000044e-02
-8.199700000000000044e-02
-8.199700000000000044e-02
-8.199700000000000044e-02
-8.199549999999999894e-02
-8.198850000000000582e-02
-8.198850000000000582e-02
-8.197749999999999482e-02
-8.197000000000000119e-02
-8.197000000000000119e-02
-8.197000000000000119e-02
-8.197000000000000119e-02
-8.197000000000000119e-02
-8.196699999999999819e-02
-8.196599999999999719e-02
-8.196599999999999719e-02
-8.196599999999999719e-02
-8.196399999999999519e-02
-8.196399999999999519e-02
-8.196349999999999469e-02
-8.196000000000000507e-02
-8.195199999999999707e-02
-8.195199999999999707e-02
-8.194899999999999407e-02
-8.193799999999999695e-02
-8.193799999999999695e-02
-8.193799999999999695e-02
-8.193799999999999695e-02
-8.193799999999999695e-02
-8.192299999999999582e-02
-8.192299999999999582e-02
-8.192299999999999582e-02
-8.191550000000000220e-02
-8.191550000000000220e-02
-8.191550000000000220e-02
-8.191450000000000120e-02
-8.191450000000000120e-02
-8.191400000000000070e-02
-8.191099999999999770e-02
-8.191099999999999770e-02
-8.191099999999999770e-02
-8.190999999999999670e-02
-8.190999999999999670e-02
-8.190949999999999620e-02
-8.190949999999999620e-02
-8.190849999999999520e-02
-8.190849999999999520e-02
-8.190849999999999520e-02
-8.190600000000000658e-02
-8.190600000000000658e-02
-8.190600000000000658e-02
-8.190550000000000608e-02
-8.190450000000000508e-02
-8.188800000000000245e-02
-8.188800000000000245e-02
-8.188700000000000145e-02
-8.188700000000000145e-02
-8.188700000000000145e-02
-8.188700000000000145e-02
-8.188700000000000145e-02
-8.188700000000000145e-02
-8.185050000000000658e-02
-8.185050000000000658e-02
-8.185050000000000658e-02
-8.185050000000000658e-02
-8.183699999999999308e-02
-8.183699999999999308e-02
-8.183699999999999308e-02
-8.183100000000000096e-02
-8.183100000000000096e-02
-8.182050000000000434e-02
-8.182050000000000434e-02
-8.182050000000000434e-02
-8.182050000000000434e-02
-8.179599999999999371e-02
-8.179599999999999371e-02
-8.179599999999999371e-02
-8.179599999999999371e-02
-8.176899999999999447e-02
-8.176899999999999447e-02
-8.176600000000000534e-02
-8.176600000000000534e-02
-8.174499999999999822e-02
-8.174499999999999822e-02
-8.174499999999999822e-02
-8.174149999999999472e-02
-8.173650000000000360e-02
-8.173650000000000360e-02
-8.172100000000000197e-02
-8.172100000000000197e-02
-8.172100000000000197e-02
-8.172100000000000197e-02
-8.172100000000000197e-02
-8.172050000000000147e-02
-8.171100000000000585e-02
-8.171100000000000585e-02
-8.171100000000000585e-02
-8.166650000000000298e-02
-8.166600000000000248e-02
-8.166600000000000248e-02
-8.166600000000000248e-02
-8.166450000000000098e-02
-8.166049999999999698e-02
-8.166049999999999698e-02
-8.164449999999999485e-02
-8.161799999999999611e-02
-8.161799999999999611e-02
-8.161799999999999611e-02
-8.161799999999999611e-02
-8.161799999999999611e-02
-8.161799999999999611e-02
-8.161799999999999611e-02
-8.161000000000000199e-02
-8.161000000000000199e-02
-8.159349999999999936e-02
-8.159349999999999936e-02
-8.159349999999999936e-02
-8.158899999999999486e-02
-8.158899999999999486e-02
-8.156900000000000261e-02
-8.156900000000000261e-02
-8.156900000000000261e-02
-8.156900000000000261e-02
-8.156900000000000261e-02
-8.156900000000000261e-02
-8.155999999999999361e-02
-8.155999999999999361e-02
-8.154550000000000687e-02
-8.154550000000000687e-02
-8.154550000000000687e-02
-8.154550000000000687e-02
-8.154450000000000587e-02
-8.154450000000000587e-02
-8.154400000000000537e-02
-8.150100000000000400e-02
-8.150100000000000400e-02
-8.131599999999999939e-02
-8.131599999999999939e-02
-8.131599999999999939e-02
-8.131599999999999939e-02
-8.131599999999999939e-02
-8.131599999999999939e-02
-8.131599999999999939e-02
-8.131599999999999939e-02
-8.131199999999999539e-02
-8.131199999999999539e-02
-8.131199999999999539e-02
-8.131199999999999539e-02
-8.128150000000000652e-02
-8.128150000000000652e-02
-8.128150000000000652e-02
-8.119200000000000028e-02
-8.119200000000000028e-02
-8.119200000000000028e-02
-8.119200000000000028e-02
-8.119200000000000028e-02
-8.119200000000000028e-02
-8.119200000000000028e-02
-8.119200000000000028e-02
-8.119200000000000028e-02
-8.119200000000000028e-02
-8.119200000000000028e-02
-8.118150000000000366e-02
-8.116400000000000003e-02
-8.116049999999999653e-02
-8.116049999999999653e-02
-8.116049999999999653e-02
-8.114749999999999741e-02
-8.114250000000000629e-02
-8.114250000000000629e-02
-8.114250000000000629e-02
-8.113499999999999879e-02
-8.113449999999999829e-02
-8.113449999999999829e-02
-8.113149999999999529e-02
-8.113049999999999429e-02
-8.112450000000000216e-02
-8.112450000000000216e-02
-8.112450000000000216e-02
-8.110900000000000054e-02
-8.110799999999999954e-02
-8.110749999999999904e-02
-8.110599999999999754e-02
-8.109700000000000242e-02
-8.109049999999999592e-02
-8.108300000000000229e-02
-8.108300000000000229e-02
-8.107649999999999579e-02
-8.107649999999999579e-02
-8.107499999999999429e-02
-8.107499999999999429e-02
-8.107300000000000617e-02
-8.107300000000000617e-02
-8.107250000000000567e-02
-8.107250000000000567e-02
-8.107250000000000567e-02
-8.107250000000000567e-02
-8.107250000000000567e-02
-8.107150000000000467e-02
-8.107150000000000467e-02
-8.106900000000000217e-02
-8.105800000000000505e-02
-8.105800000000000505e-02
-8.105750000000000455e-02
-8.096449999999999481e-02
-8.096449999999999481e-02
-8.096449999999999481e-02
-8.096449999999999481e-02
-8.096449999999999481e-02
-8.096449999999999481e-02
-8.096449999999999481e-02
-8.096449999999999481e-02
-8.096200000000000618e-02
-8.096200000000000618e-02
-8.093350000000000544e-02
-8.093350000000000544e-02
-8.093350000000000544e-02
-8.093350000000000544e-02
-8.093350000000000544e-02
-8.091850000000000431e-02
-8.091850000000000431e-02
-8.091850000000000431e-02
-8.091850000000000431e-02
-8.091099999999999681e-02
-8.091099999999999681e-02
-8.090799999999999381e-02
-8.090799999999999381e-02
-8.090350000000000319e-02
-8.090350000000000319e-02
-8.090350000000000319e-02
-8.090250000000000219e-02
-8.089300000000000657e-02
-8.089300000000000657e-02
-8.089300000000000657e-02
-8.089300000000000657e-02
-8.088599999999999957e-02
-8.088599999999999957e-02
-8.088599999999999957e-02
-8.088599999999999957e-02
-8.088549999999999907e-02
-8.088349999999999707e-02
-8.088349999999999707e-02
-8.088149999999999507e-02
-8.088149999999999507e-02
-8.088099999999999457e-02
-8.088099999999999457e-02
-8.088099999999999457e-02
-8.086500000000000632e-02
-8.086500000000000632e-02
-8.086500000000000632e-02
-8.086200000000000332e-02
-8.086200000000000332e-02
-8.086200000000000332e-02
-8.085399999999999532e-02
-8.085199999999999332e-02
-8.085150000000000670e-02
-8.084700000000000220e-02
-8.084399999999999920e-02
-8.084399999999999920e-02
-8.084399999999999920e-02
-8.083049999999999957e-02
-8.082949999999999857e-02
-8.082599999999999507e-02
-8.082499999999999407e-02
-8.082300000000000595e-02
-8.082300000000000595e-02
-8.082300000000000595e-02
-8.082300000000000595e-02
-8.082300000000000595e-02
-8.082300000000000595e-02
-8.082300000000000595e-02
-8.082250000000000545e-02
-8.082250000000000545e-02
-8.082200000000000495e-02
-8.082200000000000495e-02
-8.081800000000000095e-02
-8.081699999999999995e-02
-8.075549999999999395e-02
-8.075549999999999395e-02
-8.075549999999999395e-02
-8.075549999999999395e-02
-8.075549999999999395e-02
-8.075549999999999395e-02
-8.075549999999999395e-02
-8.075549999999999395e-02
-8.075549999999999395e-02
-8.075549999999999395e-02
-8.075549999999999395e-02
-8.075549999999999395e-02
-8.075549999999999395e-02
-8.075549999999999395e-02
-8.075549999999999395e-02
-8.075499999999999345e-02
-8.075499999999999345e-02
-8.075499999999999345e-02
-8.075499999999999345e-02
-8.075400000000000633e-02
-8.075400000000000633e-02
-8.075400000000000633e-02
-8.073400000000000021e-02
-8.073149999999999771e-02
-8.072999999999999621e-02
-8.072949999999999571e-02
-8.072949999999999571e-02
-8.072949999999999571e-02
-8.072650000000000658e-02
-8.071000000000000396e-02
-8.071000000000000396e-02
-8.071000000000000396e-02
-8.071000000000000396e-02
-8.071000000000000396e-02
-8.071000000000000396e-02
-8.070900000000000296e-02
-8.070900000000000296e-02
-8.070499999999999896e-02
-8.070399999999999796e-02
-8.070399999999999796e-02
-8.069750000000000534e-02
-8.069450000000000234e-02
-8.069250000000000034e-02
-8.069250000000000034e-02
-8.068849999999999634e-02
-8.068849999999999634e-02
-8.068699999999999484e-02
-8.068699999999999484e-02
-8.068699999999999484e-02
-8.068699999999999484e-02
-8.067549999999999721e-02
-8.067549999999999721e-02
-8.067549999999999721e-02
-8.067549999999999721e-02
-8.067449999999999621e-02
-8.067449999999999621e-02
-8.067449999999999621e-02
-8.067449999999999621e-02
-8.067449999999999621e-02
-8.067449999999999621e-02
-8.067249999999999421e-02
-8.067050000000000609e-02
-8.067050000000000609e-02
-8.067050000000000609e-02
-8.067050000000000609e-02
-8.067000000000000559e-02
-8.067000000000000559e-02
-8.067000000000000559e-02
-8.066950000000000509e-02
-8.062600000000000322e-02
-8.062600000000000322e-02
-8.062600000000000322e-02
-8.062600000000000322e-02
-8.062600000000000322e-02
-8.062600000000000322e-02
-8.062600000000000322e-02
-8.062400000000000122e-02
-8.062400000000000122e-02
-8.062400000000000122e-02
-8.062400000000000122e-02
-8.062400000000000122e-02
-8.061649999999999372e-02
-8.061649999999999372e-02
-8.061649999999999372e-02
-8.060649999999999760e-02
-8.060100000000000597e-02
-8.060100000000000597e-02
-8.059850000000000347e-02
-8.058750000000000635e-02
-8.058750000000000635e-02
-8.058400000000000285e-02
-8.058400000000000285e-02
-8.058400000000000285e-02
-8.057649999999999535e-02
-8.056750000000000023e-02
-8.056750000000000023e-02
-8.056750000000000023e-02
-8.056750000000000023e-02
-8.043849999999999612e-02
-8.043849999999999612e-02
-8.043849999999999612e-02
-8.043849999999999612e-02
-8.043849999999999612e-02
-8.043849999999999612e-02
-8.043849999999999612e-02
-8.043849999999999612e-02
-8.043849999999999612e-02
-8.043849999999999612e-02
-8.043849999999999612e-02
-8.043749999999999512e-02
-8.043749999999999512e-02
-8.043749999999999512e-02
-8.043450000000000599e-02
-8.043000000000000149e-02
-8.043000000000000149e-02
-8.043000000000000149e-02
-8.042900000000000049e-02
-8.040700000000000625e-02
-8.040700000000000625e-02
-8.040700000000000625e-02
-8.040600000000000525e-02
-8.040150000000000075e-02
-8.040049999999999975e-02
-8.039449999999999374e-02
-8.039449999999999374e-02
-8.039449999999999374e-02
-8.037600000000000300e-02
-8.037199999999999900e-02
-8.037099999999999800e-02
-8.037099999999999800e-02
-8.036899999999999600e-02
-8.036899999999999600e-02
-8.036849999999999550e-02
-8.036849999999999550e-02
-8.036849999999999550e-02
-8.036849999999999550e-02
-8.036799999999999500e-02
-8.036600000000000688e-02
-8.033250000000000113e-02
-8.033250000000000113e-02
-8.033250000000000113e-02
-8.033250000000000113e-02
-8.033250000000000113e-02
-8.033250000000000113e-02
-8.033250000000000113e-02
-8.033250000000000113e-02
-8.032799999999999663e-02
-8.032799999999999663e-02
-8.032749999999999613e-02
-8.032599999999999463e-02
-8.032599999999999463e-02
-8.032400000000000651e-02
-8.032250000000000500e-02
-8.032250000000000500e-02
-8.032250000000000500e-02
-8.032250000000000500e-02
-8.032200000000000450e-02
-8.032200000000000450e-02
-8.030099999999999738e-02
-8.030099999999999738e-02
-8.030099999999999738e-02
-8.030049999999999688e-02
-8.030049999999999688e-02
-8.030049999999999688e-02
-8.030049999999999688e-02
-8.030049999999999688e-02
-8.030049999999999688e-02
-8.030049999999999688e-02
-8.030049999999999688e-02
-8.030049999999999688e-02
-8.029999999999999638e-02
-8.029849999999999488e-02
-8.029849999999999488e-02
-8.029849999999999488e-02
-8.029550000000000576e-02
-8.029550000000000576e-02
-8.029550000000000576e-02
-8.029550000000000576e-02
-8.028699999999999726e-02
-8.028699999999999726e-02
-8.028699999999999726e-02
-8.028699999999999726e-02
-8.028699999999999726e-02
-8.028699999999999726e-02
-8.028649999999999676e-02
-8.028549999999999576e-02
-8.028449999999999476e-02
-8.028349999999999376e-02
-8.028349999999999376e-02
-8.028349999999999376e-02
-8.028250000000000663e-02
-8.028150000000000563e-02
-8.028150000000000563e-02
-8.028150000000000563e-02
-8.028050000000000463e-02
-8.028000000000000413e-02
-8.027950000000000363e-02
-8.027700000000000113e-02
-8.027650000000000063e-02
-8.027650000000000063e-02
-8.027650000000000063e-02
-8.026949999999999363e-02
-8.022500000000000464e-02
-8.022500000000000464e-02
-8.022500000000000464e-02
-8.022500000000000464e-02
-8.022500000000000464e-02
-8.022500000000000464e-02
-7.983300000000000118e-02
-7.983300000000000118e-02
-7.983300000000000118e-02
-7.983300000000000118e-02
-7.983300000000000118e-02
-7.983300000000000118e-02
-7.983300000000000118e-02
-7.982599999999999418e-02
-7.980850000000000444e-02
-7.969900000000000595e-02
-7.968400000000000483e-02
-7.968400000000000483e-02
-7.964699999999999558e-02
-7.963000000000000633e-02
-7.962249999999999883e-02
-7.960200000000000609e-02
-7.959149999999999558e-02
-7.959149999999999558e-02
-7.959149999999999558e-02
-7.958949999999999358e-02
-7.958400000000000196e-02
-7.958350000000000146e-02
-7.957999999999999796e-02
-7.957999999999999796e-02
-7.957999999999999796e-02
-7.957649999999999446e-02
-7.952149999999999497e-02
-7.952149999999999497e-02
-7.952149999999999497e-02
-7.952149999999999497e-02
-7.952149999999999497e-02
-7.951900000000000635e-02
-7.951400000000000134e-02
-7.950949999999999684e-02
-7.950949999999999684e-02
-7.950949999999999684e-02
-7.950500000000000622e-02
-7.950250000000000372e-02
-7.950250000000000372e-02
-7.950250000000000372e-02
-7.948550000000000060e-02
-7.948550000000000060e-02
-7.948249999999999760e-02
-7.948149999999999660e-02
-7.947799999999999310e-02
-7.947799999999999310e-02
-7.946799999999999697e-02
-7.946799999999999697e-02
-7.946599999999999497e-02
-7.946599999999999497e-02
-7.946599999999999497e-02
-7.943899999999999573e-02
-7.943899999999999573e-02
-7.943899999999999573e-02
-7.943250000000000310e-02
-7.943250000000000310e-02
-7.943250000000000310e-02
-7.943250000000000310e-02
-7.943250000000000310e-02
-7.939050000000000273e-02
-7.939050000000000273e-02
-7.938599999999999823e-02
-7.938599999999999823e-02
-7.938599999999999823e-02
-7.937299999999999911e-02
-7.936450000000000449e-02
-7.936450000000000449e-02
-7.936300000000000299e-02
-7.935849999999999849e-02
-7.935849999999999849e-02
-7.935599999999999599e-02
-7.935399999999999399e-02
-7.935399999999999399e-02
-7.935399999999999399e-02
-7.935100000000000486e-02
-7.935100000000000486e-02
-7.935050000000000436e-02
-7.934950000000000336e-02
-7.934950000000000336e-02
-7.934950000000000336e-02
-7.934950000000000336e-02
-7.934950000000000336e-02
-7.934900000000000286e-02
-7.934900000000000286e-02
-7.934900000000000286e-02
-7.934850000000000236e-02
-7.934850000000000236e-02
-7.934800000000000186e-02
-7.934750000000000136e-02
-7.934750000000000136e-02
-7.934750000000000136e-02
-7.934750000000000136e-02
-7.934750000000000136e-02
-7.934549999999999936e-02
-7.929250000000000187e-02
-7.929250000000000187e-02
-7.929250000000000187e-02
-7.928949999999999887e-02
-7.928949999999999887e-02
-7.928949999999999887e-02
-7.927499999999999825e-02
-7.926900000000000612e-02
-7.926900000000000612e-02
-7.926900000000000612e-02
-7.926900000000000612e-02
-7.926099999999999812e-02
-7.926099999999999812e-02
-7.926099999999999812e-02
-7.926099999999999812e-02
-7.926099999999999812e-02
-7.926099999999999812e-02
-7.926099999999999812e-02
-7.926099999999999812e-02
-7.925949999999999662e-02
-7.925949999999999662e-02
-7.925949999999999662e-02
-7.925949999999999662e-02
-7.925949999999999662e-02
-7.925749999999999462e-02
-7.925749999999999462e-02
-7.925749999999999462e-02
-7.924200000000000688e-02
-7.924200000000000688e-02
-7.924200000000000688e-02
-7.917749999999999788e-02
-7.917749999999999788e-02
-7.917749999999999788e-02
-7.917749999999999788e-02
-7.917749999999999788e-02
-7.917749999999999788e-02
-7.917749999999999788e-02
-7.917749999999999788e-02
-7.917749999999999788e-02
-7.917749999999999788e-02
-7.917749999999999788e-02
-7.917749999999999788e-02
-7.917749999999999788e-02
-7.917549999999999588e-02
-7.915750000000000564e-02
-7.915750000000000564e-02
-7.915750000000000564e-02
-7.915099999999999913e-02
-7.914949999999999763e-02
-7.914450000000000651e-02
-7.914450000000000651e-02
-7.914450000000000651e-02
-7.914450000000000651e-02
-7.914150000000000351e-02
-7.914150000000000351e-02
-7.913950000000000151e-02
-7.913950000000000151e-02
-7.913950000000000151e-02
-7.913950000000000151e-02
-7.913950000000000151e-02
-7.913850000000000051e-02
-7.913850000000000051e-02
-7.912650000000000239e-02
-7.912650000000000239e-02
-7.908600000000000352e-02
-7.908250000000000002e-02
-7.908250000000000002e-02
-7.908250000000000002e-02
-7.907749999999999502e-02
-7.907649999999999402e-02
-7.903399999999999315e-02
-7.903399999999999315e-02
-7.903399999999999315e-02
-7.903399999999999315e-02
-7.903399999999999315e-02
-7.903399999999999315e-02
-7.903399999999999315e-02
-7.903250000000000552e-02
-7.903250000000000552e-02
-7.903250000000000552e-02
-7.903150000000000452e-02
-7.902950000000000252e-02
-7.901350000000000040e-02
-7.901350000000000040e-02
-7.900849999999999540e-02
-7.900849999999999540e-02
-7.900849999999999540e-02
-7.900849999999999540e-02
-7.900849999999999540e-02
-7.900849999999999540e-02
-7.899849999999999928e-02
-7.899849999999999928e-02
-7.899549999999999628e-02
-7.899549999999999628e-02
-7.899399999999999478e-02
-7.899399999999999478e-02
-7.899150000000000615e-02
-7.899150000000000615e-02
-7.899100000000000565e-02
-7.899100000000000565e-02
-7.898900000000000365e-02
-7.898900000000000365e-02
-7.897200000000000053e-02
-7.897200000000000053e-02
-7.897049999999999903e-02
-7.897049999999999903e-02
-7.896699999999999553e-02
-7.896699999999999553e-02
-7.896599999999999453e-02
-7.896599999999999453e-02
-7.896599999999999453e-02
-7.896450000000000691e-02
-7.895299999999999541e-02
-7.895299999999999541e-02
-7.895299999999999541e-02
-7.895299999999999541e-02
-7.895299999999999541e-02
-7.895299999999999541e-02
-7.895299999999999541e-02
-7.895299999999999541e-02
-7.895099999999999341e-02
-7.895099999999999341e-02
-7.895050000000000678e-02
-7.894950000000000578e-02
-7.894900000000000528e-02
-7.894900000000000528e-02
-7.894850000000000478e-02
-7.892649999999999666e-02
-7.892649999999999666e-02
-7.892649999999999666e-02
-7.892649999999999666e-02
-7.892649999999999666e-02
-7.892649999999999666e-02
-7.892649999999999666e-02
-7.892649999999999666e-02
-7.892649999999999666e-02
-7.892649999999999666e-02
-7.892649999999999666e-02
-7.892649999999999666e-02
-7.892649999999999666e-02
-7.892649999999999666e-02
-7.892549999999999566e-02
-7.892549999999999566e-02
-7.892549999999999566e-02
-7.892549999999999566e-02
-7.888249999999999429e-02
-7.888249999999999429e-02
-7.888249999999999429e-02
-7.888249999999999429e-02
-7.888249999999999429e-02
-7.888249999999999429e-02
-7.888249999999999429e-02
-7.888249999999999429e-02
-7.888249999999999429e-02
-7.884850000000000192e-02
-7.884700000000000042e-02
-7.884649999999999992e-02
-7.884299999999999642e-02
-7.884299999999999642e-02
-7.884299999999999642e-02
-7.884299999999999642e-02
-7.884249999999999592e-02
-7.884199999999999542e-02
-7.884199999999999542e-02
-7.883249999999999980e-02
-7.883049999999999780e-02
-7.882849999999999580e-02
-7.882849999999999580e-02
-7.882849999999999580e-02
-7.882849999999999580e-02
-7.882849999999999580e-02
-7.882849999999999580e-02
-7.882849999999999580e-02
-7.882599999999999330e-02
-7.880700000000000205e-02
-7.879899999999999405e-02
-7.879899999999999405e-02
-7.879899999999999405e-02
-7.879899999999999405e-02
-7.879899999999999405e-02
-7.879899999999999405e-02
-7.879600000000000493e-02
-7.879600000000000493e-02
-7.879600000000000493e-02
-7.879600000000000493e-02
-7.879600000000000493e-02
-7.879550000000000443e-02
-7.879500000000000393e-02
-7.879500000000000393e-02
-7.879450000000000343e-02
-7.879450000000000343e-02
-7.879450000000000343e-02
-7.879450000000000343e-02
-7.878499999999999392e-02
-7.878499999999999392e-02
-7.878499999999999392e-02
-7.878499999999999392e-02
-7.878499999999999392e-02
-7.878499999999999392e-02
-7.878400000000000680e-02
-7.877299999999999580e-02
-7.877299999999999580e-02
-7.877299999999999580e-02
-7.877299999999999580e-02
-7.877299999999999580e-02
-7.877299999999999580e-02
-7.877299999999999580e-02
-7.877249999999999530e-02
-7.877149999999999430e-02
-7.877149999999999430e-02
-7.877149999999999430e-02
-7.877149999999999430e-02
-7.877149999999999430e-02
-7.876800000000000468e-02
-7.876800000000000468e-02
-7.876800000000000468e-02
-7.876800000000000468e-02
-7.876800000000000468e-02
-7.876700000000000368e-02
-7.876650000000000318e-02
-7.876650000000000318e-02
-7.876650000000000318e-02
-7.876650000000000318e-02
-7.876650000000000318e-02
-7.876650000000000318e-02
-7.876650000000000318e-02
-7.876650000000000318e-02
-7.876650000000000318e-02
-7.876350000000000018e-02
-7.876350000000000018e-02
-7.876299999999999968e-02
-7.876299999999999968e-02
-7.876299999999999968e-02
-7.876299999999999968e-02
-7.876249999999999918e-02
-7.876199999999999868e-02
-7.873650000000000093e-02
-7.871050000000000268e-02
-7.871050000000000268e-02
-7.871050000000000268e-02
-7.863749999999999907e-02
-7.863749999999999907e-02
-7.863749999999999907e-02
-7.863749999999999907e-02
-7.863749999999999907e-02
-7.863149999999999307e-02
-7.863149999999999307e-02
-7.863149999999999307e-02
-7.863149999999999307e-02
-7.863149999999999307e-02
-7.862399999999999944e-02
-7.862399999999999944e-02
-7.862299999999999844e-02
-7.862299999999999844e-02
-7.862299999999999844e-02
-7.862299999999999844e-02
-7.862249999999999794e-02
-7.861750000000000682e-02
-7.861550000000000482e-02
-7.861550000000000482e-02
-7.861550000000000482e-02
-7.861550000000000482e-02
-7.861550000000000482e-02
-7.861550000000000482e-02
-7.861400000000000332e-02
-7.861400000000000332e-02
-7.861400000000000332e-02
-7.861300000000000232e-02
-7.861300000000000232e-02
-7.861300000000000232e-02
-7.861300000000000232e-02
-7.861200000000000132e-02
-7.861200000000000132e-02
-7.861150000000000082e-02
-7.860350000000000670e-02
-7.860350000000000670e-02
-7.860350000000000670e-02
-7.860350000000000670e-02
-7.860350000000000670e-02
-7.860350000000000670e-02
-7.860300000000000620e-02
-7.859900000000000220e-02
-7.859900000000000220e-02
-7.859900000000000220e-02
-7.859900000000000220e-02
-7.859800000000000120e-02
-7.859800000000000120e-02
-7.859800000000000120e-02
-7.859800000000000120e-02
-7.859750000000000070e-02
-7.859750000000000070e-02
-7.859700000000000020e-02
-7.859649999999999970e-02
-7.858450000000000157e-02
-7.858400000000000107e-02
-7.858400000000000107e-02
-7.858400000000000107e-02
-7.858149999999999857e-02
-7.858149999999999857e-02
-7.858149999999999857e-02
-7.858149999999999857e-02
-7.857050000000000145e-02
-7.857050000000000145e-02
-7.857050000000000145e-02
-7.856249999999999345e-02
-7.856249999999999345e-02
-7.856249999999999345e-02
-7.856249999999999345e-02
-7.855750000000000233e-02
-7.855650000000000133e-02
-7.854999999999999483e-02
-7.854999999999999483e-02
-7.854999999999999483e-02
-7.854999999999999483e-02
-7.854999999999999483e-02
-7.854949999999999433e-02
-7.853999999999999870e-02
-7.853699999999999570e-02
-7.853699999999999570e-02
-7.853699999999999570e-02
-7.852000000000000646e-02
-7.852000000000000646e-02
-7.852000000000000646e-02
-7.852000000000000646e-02
-7.852000000000000646e-02
-7.852000000000000646e-02
-7.852000000000000646e-02
-7.852000000000000646e-02
-7.852000000000000646e-02
-7.852000000000000646e-02
-7.851950000000000596e-02
-7.851950000000000596e-02
-7.851950000000000596e-02
-7.851950000000000596e-02
-7.851600000000000246e-02
-7.851600000000000246e-02
-7.851600000000000246e-02
-7.851249999999999896e-02
-7.851199999999999846e-02
-7.851199999999999846e-02
-7.851149999999999796e-02
-7.850100000000000133e-02
-7.848850000000000271e-02
-7.848850000000000271e-02
-7.848449999999999871e-02
-7.848449999999999871e-02
-7.848449999999999871e-02
-7.848449999999999871e-02
-7.848449999999999871e-02
-7.848449999999999871e-02
-7.848449999999999871e-02
-7.848299999999999721e-02
-7.848299999999999721e-02
-7.848299999999999721e-02
-7.848199999999999621e-02
-7.848199999999999621e-02
-7.846949999999999759e-02
-7.846949999999999759e-02
-7.846949999999999759e-02
-7.846949999999999759e-02
-7.846949999999999759e-02
-7.846949999999999759e-02
-7.846949999999999759e-02
-7.846949999999999759e-02
-7.846949999999999759e-02
-7.846799999999999609e-02
-7.846799999999999609e-02
-7.843899999999999484e-02
-7.843899999999999484e-02
-7.843899999999999484e-02
-7.843899999999999484e-02
-7.843899999999999484e-02
-7.843899999999999484e-02
-7.843899999999999484e-02
-7.843899999999999484e-02
-7.843899999999999484e-02
-7.843899999999999484e-02
-7.840300000000000047e-02
-7.840300000000000047e-02
-7.840300000000000047e-02
-7.840300000000000047e-02
-7.839250000000000385e-02
-7.838849999999999985e-02
-7.838849999999999985e-02
-7.837800000000000322e-02
-7.835949999999999860e-02
-7.835949999999999860e-02
-7.835949999999999860e-02
-7.835799999999999710e-02
-7.835799999999999710e-02
-7.835799999999999710e-02
-7.835699999999999610e-02
-7.835150000000000448e-02
-7.835150000000000448e-02
-7.835150000000000448e-02
-7.834950000000000248e-02
-7.834950000000000248e-02
-7.834900000000000198e-02
-7.834900000000000198e-02
-7.834900000000000198e-02
-7.834900000000000198e-02
-7.834900000000000198e-02
-7.834900000000000198e-02
-7.832300000000000373e-02
-7.831649999999999723e-02
-7.831649999999999723e-02
-7.831499999999999573e-02
-7.831499999999999573e-02
-7.831499999999999573e-02
-7.831150000000000611e-02
-7.829849999999999310e-02
-7.829849999999999310e-02
-7.829849999999999310e-02
-7.818899999999999462e-02
-7.799349999999999339e-02
-7.799349999999999339e-02
-7.796699999999999464e-02
-7.796699999999999464e-02
-7.796699999999999464e-02
-7.796699999999999464e-02
-7.796699999999999464e-02
-7.796200000000000352e-02
-7.796200000000000352e-02
-7.796200000000000352e-02
-7.796200000000000352e-02
-7.796200000000000352e-02
-7.796200000000000352e-02
-7.796150000000000302e-02
-7.796150000000000302e-02
-7.796100000000000252e-02
-7.793899999999999439e-02
-7.793899999999999439e-02
-7.789250000000000340e-02
-7.789250000000000340e-02
-7.789250000000000340e-02
-7.789250000000000340e-02
-7.789000000000000090e-02
-7.789000000000000090e-02
-7.788349999999999440e-02
-7.787750000000000228e-02
-7.787550000000000028e-02
-7.787049999999999528e-02
-7.787049999999999528e-02
-7.786949999999999428e-02
-7.785849999999999715e-02
-7.785849999999999715e-02
-7.785849999999999715e-02
-7.785749999999999615e-02
-7.785449999999999315e-02
-7.785449999999999315e-02
-7.785449999999999315e-02
-7.785300000000000553e-02
-7.784950000000000203e-02
-7.783800000000000441e-02
-7.783800000000000441e-02
-7.783800000000000441e-02
-7.783249999999999891e-02
-7.783249999999999891e-02
-7.783249999999999891e-02
-7.783249999999999891e-02
-7.783249999999999891e-02
-7.782849999999999491e-02
-7.782699999999999341e-02
-7.782699999999999341e-02
-7.782600000000000628e-02
-7.782600000000000628e-02
-7.782600000000000628e-02
-7.782600000000000628e-02
-7.782550000000000578e-02
-7.782500000000000528e-02
-7.782500000000000528e-02
-7.782100000000000128e-02
-7.782100000000000128e-02
-7.782100000000000128e-02
-7.782100000000000128e-02
-7.782100000000000128e-02
-7.782100000000000128e-02
-7.782000000000000028e-02
-7.782000000000000028e-02
-7.782000000000000028e-02
-7.781949999999999978e-02
-7.781849999999999878e-02
-7.781849999999999878e-02
-7.781799999999999828e-02
-7.781749999999999778e-02
-7.781699999999999728e-02
-7.781699999999999728e-02
-7.781699999999999728e-02
-7.781699999999999728e-02
-7.781549999999999578e-02
-7.781549999999999578e-02
-7.781549999999999578e-02
-7.781100000000000516e-02
-7.781100000000000516e-02
-7.780600000000000016e-02
-7.780600000000000016e-02
-7.780600000000000016e-02
-7.780600000000000016e-02
-7.780600000000000016e-02
-7.780299999999999716e-02
-7.780299999999999716e-02
-7.780299999999999716e-02
-7.780249999999999666e-02
-7.780249999999999666e-02
-7.780249999999999666e-02
-7.780199999999999616e-02
-7.779899999999999316e-02
-7.779850000000000654e-02
-7.779850000000000654e-02
-7.779800000000000604e-02
-7.779700000000000504e-02
-7.779600000000000404e-02
-7.779600000000000404e-02
-7.779600000000000404e-02
-7.779600000000000404e-02
-7.779600000000000404e-02
-7.779600000000000404e-02
-7.779550000000000354e-02
-7.779550000000000354e-02
-7.779550000000000354e-02
-7.779550000000000354e-02
-7.779550000000000354e-02
-7.778400000000000591e-02
-7.778400000000000591e-02
-7.778400000000000591e-02
-7.778400000000000591e-02
-7.778400000000000591e-02
-7.777950000000000141e-02
-7.777950000000000141e-02
-7.777950000000000141e-02
-7.777850000000000041e-02
-7.777850000000000041e-02
-7.777749999999999941e-02
-7.774349999999999317e-02
-7.774349999999999317e-02
-7.774349999999999317e-02
-7.774349999999999317e-02
-7.774349999999999317e-02
-7.774349999999999317e-02
-7.774349999999999317e-02
-7.773950000000000304e-02
-7.772199999999999942e-02
-7.772199999999999942e-02
-7.772199999999999942e-02
-7.772199999999999942e-02
-7.772199999999999942e-02
-7.772199999999999942e-02
-7.771949999999999692e-02
-7.771899999999999642e-02
-7.771849999999999592e-02
-7.771849999999999592e-02
-7.771400000000000530e-02
-7.771400000000000530e-02
-7.771400000000000530e-02
-7.771150000000000280e-02
-7.771150000000000280e-02
-7.771150000000000280e-02
-7.771150000000000280e-02
-7.771150000000000280e-02
-7.771050000000000180e-02
-7.771050000000000180e-02
-7.771000000000000130e-02
-7.770950000000000080e-02
-7.770749999999999880e-02
-7.770749999999999880e-02
-7.770749999999999880e-02
-7.770749999999999880e-02
-7.770749999999999880e-02
-7.770699999999999830e-02
-7.770549999999999680e-02
-7.770449999999999580e-02
-7.770449999999999580e-02
-7.770449999999999580e-02
-7.770399999999999530e-02
-7.769800000000000317e-02
-7.769700000000000217e-02
-7.769550000000000067e-02
-7.769399999999999917e-02
-7.769399999999999917e-02
-7.769399999999999917e-02
-7.769349999999999867e-02
-7.769349999999999867e-02
-7.769349999999999867e-02
-7.769349999999999867e-02
-7.769349999999999867e-02
-7.769299999999999817e-02
-7.769299999999999817e-02
-7.769249999999999767e-02
-7.769249999999999767e-02
-7.769249999999999767e-02
-7.769249999999999767e-02
-7.769249999999999767e-02
-7.769249999999999767e-02
-7.769249999999999767e-02
-7.769049999999999567e-02
-7.768849999999999367e-02
-7.768849999999999367e-02
-7.768849999999999367e-02
-7.768849999999999367e-02
-7.765199999999999880e-02
-7.765199999999999880e-02
-7.765199999999999880e-02
-7.765199999999999880e-02
-7.765199999999999880e-02
-7.765199999999999880e-02
-7.764949999999999630e-02
-7.764949999999999630e-02
-7.764699999999999380e-02
-7.764699999999999380e-02
-7.764699999999999380e-02
-7.743800000000000683e-02
-7.743800000000000683e-02
-7.743500000000000383e-02
-7.742949999999999833e-02
-7.737750000000000183e-02
-7.737750000000000183e-02
-7.737750000000000183e-02
-7.737750000000000183e-02
-7.737199999999999633e-02
-7.737199999999999633e-02
-7.737199999999999633e-02
-7.725100000000000022e-02
-7.725100000000000022e-02
-7.723800000000000110e-02
-7.722550000000000248e-02
-7.722550000000000248e-02
-7.722550000000000248e-02
-7.722550000000000248e-02
-7.722550000000000248e-02
-7.722550000000000248e-02
-7.722550000000000248e-02
-7.722550000000000248e-02
-7.722550000000000248e-02
-7.722550000000000248e-02
-7.722550000000000248e-02
-7.722550000000000248e-02
-7.722450000000000148e-02
-7.722249999999999948e-02
