4.865640141566855981e-01
1.524670904373342031e-02
6.324287704745221728e-01
9.987379478711381209e-01
6.165256806380832177e-01
5.855298694260204773e-01
9.985860473197705200e-01
6.220054263706660258e-01
5.991410385981428277e-01
9.975193332995784257e-01
6.320883638960408391e-01
6.274420478520884581e-01
9.971604173933490411e-01
6.420411622343684677e-01
6.299230460476732407e-01
9.982059410530730315e-01
6.501647583703168420e-01
6.281820806458334738e-01
9.995661207606811871e-01
6.751104746260154776e-01
6.814893906582388805e-01
9.992850661402816748e-01
6.649980373746192663e-01
6.649119559041540839e-01
9.994027430717475902e-01
6.745777569438526911e-01
6.766872699722563667e-01
9.967347680802938203e-01
7.011900364030621002e-01
7.210947973166501601e-01
9.989539442922090728e-01
6.922226874243151418e-01
7.084735344799759638e-01
9.983203253349290929e-01
6.752319472920587096e-01
7.321218972273476622e-01
9.978869424676013455e-01
7.260696859140898241e-01
7.677012453722567020e-01
9.988679129947384272e-01
7.023780460159325667e-01
2.154970315991113772e-01
9.986330304943307201e-01
6.809305119472344181e-01
2.676699260943745662e-01
9.983669803744572580e-01
6.833575326232205205e-01
8.104022466931968260e-01
9.985237463214220455e-01
7.091934286700434242e-01
8.121668799874142142e-01
9.988764220183710130e-01
6.936413197167091704e-01
4.049046460482509935e-01
9.993442874149773836e-01
6.980571735238733089e-01
4.838110400615943663e-01
9.968989134874097768e-01
7.530465926032618995e-01
7.318751989961412852e-01
9.968975323528499466e-01
7.140769562450810515e-01
7.684783106702772759e-01
9.975947274920875518e-01
6.292803979198129394e-01
8.951955862509013429e-01
9.994952855504690703e-01
6.052672092651025793e-01
9.272907252599122963e-01
9.978276713389393482e-01
5.851342773137307995e-01
9.683308235866533442e-01
9.988926532127075930e-01
5.551463785499735071e-01
3.272005938297262856e-02
9.996494116380363337e-01
5.437775706457463887e-01
6.006570667254676477e-02
9.958089835907784071e-01
5.291070676411443463e-01
9.671440161704501770e-02
9.972232657227055874e-01
5.152502651853936300e-01
1.338337925887201629e-01
9.987931505971474611e-01
5.100939515774217670e-01
1.570726120191573705e-01
9.975402702501625640e-01
5.044395466588775800e-01
1.934496375855663253e-01
