-7.535500000000000531e-02
-6.838500000000000134e-02
-6.838500000000000134e-02
-6.356599999999999751e-02
-6.237000000000000183e-02
-5.942850000000000216e-02
-5.547300000000000147e-02
-4.585999999999999799e-02
-4.174400000000000333e-02
-4.174400000000000333e-02
-4.174400000000000333e-02
-4.174400000000000333e-02
-3.979350000000000248e-02
-3.737100000000000144e-02
-3.737100000000000144e-02
-3.737100000000000144e-02
-3.678950000000000276e-02
-3.678950000000000276e-02
-3.678950000000000276e-02
-3.678950000000000276e-02
-3.678950000000000276e-02
-3.678950000000000276e-02
-3.678950000000000276e-02
-3.678950000000000276e-02
-3.678950000000000276e-02
-3.678950000000000276e-02
-3.672450000000000020e-02
-3.672450000000000020e-02
-3.672450000000000020e-02
-3.672450000000000020e-02
-3.672450000000000020e-02
-3.670949999999999908e-02
-3.670949999999999908e-02
-3.670949999999999908e-02
-3.669050000000000089e-02
-3.669050000000000089e-02
-3.668849999999999889e-02
-3.668849999999999889e-02
-3.668849999999999889e-02
-3.658349999999999796e-02
-3.658349999999999796e-02
-3.654199999999999809e-02
-3.654199999999999809e-02
-3.654199999999999809e-02
-3.654199999999999809e-02
-3.654199999999999809e-02
-3.652099999999999791e-02
-3.652099999999999791e-02
-3.652099999999999791e-02
-3.652099999999999791e-02
-3.652099999999999791e-02
-3.652099999999999791e-02
-3.651850000000000235e-02
-3.651850000000000235e-02
-3.651850000000000235e-02
-3.651850000000000235e-02
-3.651549999999999935e-02
-3.650599999999999679e-02
-3.650599999999999679e-02
-3.650599999999999679e-02
-3.650599999999999679e-02
-3.650599999999999679e-02
-3.650599999999999679e-02
-3.650599999999999679e-02
-3.650599999999999679e-02
-3.650450000000000222e-02
-3.650450000000000222e-02
-3.650450000000000222e-02
-3.650450000000000222e-02
-3.650450000000000222e-02
-3.650350000000000122e-02
-3.650350000000000122e-02
-3.650350000000000122e-02
-3.650350000000000122e-02
-3.650350000000000122e-02
-3.650350000000000122e-02
-3.650300000000000072e-02
-3.650300000000000072e-02
-3.650300000000000072e-02
-3.650250000000000022e-02
-3.650250000000000022e-02
-3.650250000000000022e-02
-3.650199999999999972e-02
-3.650199999999999972e-02
-3.650199999999999972e-02
-3.650149999999999922e-02
-3.650149999999999922e-02
-3.650149999999999922e-02
-3.650149999999999922e-02
-3.650149999999999922e-02
-3.650149999999999922e-02
-3.650149999999999922e-02
-3.650149999999999922e-02
-3.650149999999999922e-02
-3.650149999999999922e-02
-3.650149999999999922e-02
-3.650149999999999922e-02
-3.650149999999999922e-02
-3.650149999999999922e-02
-3.650149999999999922e-02
-3.650149999999999922e-02
-3.646850000000000092e-02
-3.646850000000000092e-02
-3.646850000000000092e-02
-3.646850000000000092e-02
-3.646850000000000092e-02
-3.646850000000000092e-02
-3.646800000000000042e-02
-3.646800000000000042e-02
-3.646800000000000042e-02
-3.646800000000000042e-02
-3.646800000000000042e-02
-3.646800000000000042e-02
-3.646800000000000042e-02
-3.646800000000000042e-02
-3.646800000000000042e-02
-3.646800000000000042e-02
-3.646800000000000042e-02
-3.646800000000000042e-02
-3.646800000000000042e-02
-3.646800000000000042e-02
-3.646800000000000042e-02
-3.646800000000000042e-02
-3.646800000000000042e-02
-3.646800000000000042e-02
-3.646800000000000042e-02
-3.646800000000000042e-02
-3.646800000000000042e-02
-3.646800000000000042e-02
-3.646800000000000042e-02
-3.646800000000000042e-02
-3.646800000000000042e-02
-3.646800000000000042e-02
-3.646800000000000042e-02
-3.646800000000000042e-02
-3.646800000000000042e-02
-3.646649999999999892e-02
-3.646649999999999892e-02
-3.646649999999999892e-02
-3.646449999999999692e-02
-3.646449999999999692e-02
-3.646449999999999692e-02
-3.646449999999999692e-02
-3.646449999999999692e-02
-3.646400000000000335e-02
-3.646400000000000335e-02
-3.646400000000000335e-02
-3.645099999999999729e-02
-3.644000000000000017e-02
-3.644000000000000017e-02
-3.643600000000000311e-02
-3.643600000000000311e-02
-3.643600000000000311e-02
-3.643600000000000311e-02
-3.643600000000000311e-02
-3.643600000000000311e-02
-3.643600000000000311e-02
-3.643550000000000261e-02
-3.643550000000000261e-02
-3.643550000000000261e-02
-3.643550000000000261e-02
-3.643500000000000211e-02
-3.643500000000000211e-02
-3.643500000000000211e-02
-3.643500000000000211e-02
-3.643500000000000211e-02
-3.643500000000000211e-02
-3.643500000000000211e-02
-3.643500000000000211e-02
-3.642900000000000305e-02
-3.642900000000000305e-02
-3.642900000000000305e-02
-3.642900000000000305e-02
-3.642900000000000305e-02
-3.642900000000000305e-02
-3.642900000000000305e-02
-3.642900000000000305e-02
-3.642900000000000305e-02
-3.642850000000000255e-02
-3.642850000000000255e-02
-3.642850000000000255e-02
-3.642850000000000255e-02
-3.642150000000000248e-02
-3.640349999999999836e-02
-3.640349999999999836e-02
-3.640349999999999836e-02
-3.640100000000000280e-02
-3.640100000000000280e-02
-3.639450000000000324e-02
-3.639150000000000024e-02
-3.639150000000000024e-02
-3.639150000000000024e-02
-3.639150000000000024e-02
-3.639150000000000024e-02
-3.639150000000000024e-02
-3.639150000000000024e-02
-3.639150000000000024e-02
-3.639150000000000024e-02
-3.638050000000000311e-02
-3.638000000000000261e-02
-3.638000000000000261e-02
-3.637900000000000161e-02
-3.637900000000000161e-02
-3.637900000000000161e-02
-3.637900000000000161e-02
-3.637800000000000061e-02
-3.637800000000000061e-02
-3.637750000000000011e-02
-3.637750000000000011e-02
-3.637699999999999961e-02
-3.637699999999999961e-02
-3.637699999999999961e-02
-3.637699999999999961e-02
-3.637699999999999961e-02
-3.637699999999999961e-02
-3.637699999999999961e-02
-3.637699999999999961e-02
-3.637699999999999961e-02
-3.637699999999999961e-02
-3.637699999999999961e-02
-3.636550000000000199e-02
-3.636550000000000199e-02
-3.636550000000000199e-02
-3.635850000000000193e-02
-3.635800000000000143e-02
-3.635800000000000143e-02
-3.635800000000000143e-02
-3.635750000000000093e-02
-3.635750000000000093e-02
-3.635750000000000093e-02
-3.635750000000000093e-02
-3.635750000000000093e-02
-3.635750000000000093e-02
-3.635750000000000093e-02
-3.635750000000000093e-02
-3.635750000000000093e-02
-3.635750000000000093e-02
-3.630049999999999943e-02
-3.630049999999999943e-02
-3.630049999999999943e-02
-3.630049999999999943e-02
-3.630049999999999943e-02
-3.630049999999999943e-02
-3.629999999999999893e-02
-3.629999999999999893e-02
-3.629999999999999893e-02
-3.629999999999999893e-02
-3.629999999999999893e-02
-3.629999999999999893e-02
-3.629949999999999843e-02
-3.629949999999999843e-02
-3.629949999999999843e-02
-3.629949999999999843e-02
-3.629949999999999843e-02
-3.629949999999999843e-02
-3.629899999999999793e-02
-3.629899999999999793e-02
-3.629899999999999793e-02
-3.629899999999999793e-02
-3.629849999999999743e-02
-3.629849999999999743e-02
-3.629849999999999743e-02
-3.629849999999999743e-02
-3.629849999999999743e-02
-3.627299999999999969e-02
-3.627299999999999969e-02
-3.627099999999999769e-02
-3.625950000000000006e-02
-3.625950000000000006e-02
-3.625950000000000006e-02
-3.625950000000000006e-02
-3.625950000000000006e-02
-3.625950000000000006e-02
-3.625950000000000006e-02
-3.625950000000000006e-02
-3.625950000000000006e-02
-3.625950000000000006e-02
-3.625950000000000006e-02
-3.625950000000000006e-02
-3.625950000000000006e-02
-3.625950000000000006e-02
-3.625950000000000006e-02
-3.625950000000000006e-02
-3.625950000000000006e-02
-3.625950000000000006e-02
-3.625950000000000006e-02
-3.625950000000000006e-02
-3.625950000000000006e-02
-3.625950000000000006e-02
-3.625950000000000006e-02
-3.625899999999999956e-02
-3.619950000000000251e-02
-3.619950000000000251e-02
-3.619950000000000251e-02
-3.619950000000000251e-02
-3.618749999999999745e-02
-3.618749999999999745e-02
-3.618749999999999745e-02
-3.617000000000000076e-02
-3.617000000000000076e-02
-3.617000000000000076e-02
-3.617000000000000076e-02
-3.617000000000000076e-02
-3.617000000000000076e-02
-3.617000000000000076e-02
-3.617000000000000076e-02
-3.617000000000000076e-02
-3.617000000000000076e-02
-3.617000000000000076e-02
-3.617000000000000076e-02
-3.617000000000000076e-02
-3.617000000000000076e-02
-3.616799999999999876e-02
-3.616599999999999676e-02
-3.616550000000000320e-02
-3.616350000000000120e-02
-3.616350000000000120e-02
-3.616350000000000120e-02
-3.616300000000000070e-02
-3.616300000000000070e-02
-3.616300000000000070e-02
-3.616300000000000070e-02
-3.616300000000000070e-02
-3.616250000000000020e-02
-3.616250000000000020e-02
-3.616250000000000020e-02
-3.616250000000000020e-02
-3.616250000000000020e-02
-3.615700000000000164e-02
-3.615700000000000164e-02
-3.615700000000000164e-02
-3.615600000000000064e-02
-3.615600000000000064e-02
-3.615600000000000064e-02
-3.615399999999999864e-02
-3.615349999999999814e-02
-3.615349999999999814e-02
-3.615349999999999814e-02
-3.615349999999999814e-02
-3.615349999999999814e-02
-3.615349999999999814e-02
-3.615349999999999814e-02
-3.615349999999999814e-02
-3.612150000000000083e-02
-3.612150000000000083e-02
-3.611700000000000327e-02
-3.611700000000000327e-02
-3.611700000000000327e-02
-3.611700000000000327e-02
-3.611700000000000327e-02
-3.611349999999999977e-02
-3.611349999999999977e-02
-3.611349999999999977e-02
-3.611349999999999977e-02
-3.611349999999999977e-02
-3.611299999999999927e-02
-3.611299999999999927e-02
-3.611299999999999927e-02
-3.611299999999999927e-02
-3.610800000000000121e-02
-3.610300000000000314e-02
-3.610300000000000314e-02
-3.610300000000000314e-02
-3.610300000000000314e-02
-3.610300000000000314e-02
-3.610300000000000314e-02
-3.610300000000000314e-02
-3.610150000000000164e-02
-3.610150000000000164e-02
-3.610150000000000164e-02
-3.610150000000000164e-02
-3.610150000000000164e-02
-3.610150000000000164e-02
-3.610150000000000164e-02
-3.610150000000000164e-02
-3.610150000000000164e-02
-3.610150000000000164e-02
-3.610150000000000164e-02
-3.610150000000000164e-02
-3.610150000000000164e-02
-3.610100000000000114e-02
-3.610100000000000114e-02
-3.610100000000000114e-02
-3.610100000000000114e-02
-3.610100000000000114e-02
-3.610100000000000114e-02
-3.610100000000000114e-02
-3.610100000000000114e-02
-3.610100000000000114e-02
-3.610100000000000114e-02
-3.610100000000000114e-02
-3.610100000000000114e-02
-3.610100000000000114e-02
-3.610100000000000114e-02
-3.610100000000000114e-02
-3.610100000000000114e-02
-3.610100000000000114e-02
-3.610100000000000114e-02
-3.610100000000000114e-02
-3.610100000000000114e-02
-3.610100000000000114e-02
-3.610100000000000114e-02
-3.610100000000000114e-02
-3.610100000000000114e-02
-3.610100000000000114e-02
-3.610100000000000114e-02
-3.610100000000000114e-02
-3.610100000000000114e-02
-3.610100000000000114e-02
-3.610100000000000114e-02
-3.609600000000000308e-02
-3.609600000000000308e-02
-3.609600000000000308e-02
-3.609600000000000308e-02
-3.609600000000000308e-02
-3.609600000000000308e-02
-3.609600000000000308e-02
-3.609600000000000308e-02
-3.609600000000000308e-02
-3.609600000000000308e-02
-3.609600000000000308e-02
-3.609600000000000308e-02
-3.609600000000000308e-02
-3.609600000000000308e-02
-3.609600000000000308e-02
-3.609600000000000308e-02
-3.609500000000000208e-02
-3.609500000000000208e-02
-3.609500000000000208e-02
-3.609500000000000208e-02
-3.609500000000000208e-02
-3.609500000000000208e-02
-3.609500000000000208e-02
-3.609500000000000208e-02
-3.609500000000000208e-02
-3.609500000000000208e-02
-3.609500000000000208e-02
-3.609500000000000208e-02
-3.609500000000000208e-02
-3.609500000000000208e-02
-3.609500000000000208e-02
-3.609450000000000158e-02
-3.609300000000000008e-02
-3.609300000000000008e-02
-3.609300000000000008e-02
-3.609099999999999808e-02
-3.609099999999999808e-02
-3.609049999999999758e-02
-3.609049999999999758e-02
-3.608999999999999708e-02
-3.608999999999999708e-02
-3.608999999999999708e-02
-3.608650000000000052e-02
-3.608650000000000052e-02
-3.608650000000000052e-02
-3.608650000000000052e-02
-3.608650000000000052e-02
-3.608650000000000052e-02
-3.608650000000000052e-02
-3.608650000000000052e-02
-3.608650000000000052e-02
-3.608650000000000052e-02
-3.608650000000000052e-02
-3.608650000000000052e-02
-3.608600000000000002e-02
-3.608600000000000002e-02
-3.608600000000000002e-02
-3.608600000000000002e-02
-3.606800000000000284e-02
-3.606800000000000284e-02
-3.606800000000000284e-02
-3.606800000000000284e-02
-3.606800000000000284e-02
-3.606800000000000284e-02
-3.606800000000000284e-02
-3.606800000000000284e-02
-3.606750000000000234e-02
-3.606750000000000234e-02
-3.606750000000000234e-02
-3.606750000000000234e-02
-3.606700000000000184e-02
-3.606700000000000184e-02
-3.606700000000000184e-02
-3.606700000000000184e-02
-3.606700000000000184e-02
-3.606700000000000184e-02
-3.606700000000000184e-02
-3.606700000000000184e-02
-3.606700000000000184e-02
-3.606700000000000184e-02
-3.606700000000000184e-02
-3.606700000000000184e-02
-3.606700000000000184e-02
-3.606700000000000184e-02
-3.606700000000000184e-02
-3.606700000000000184e-02
-3.606700000000000184e-02
-3.606700000000000184e-02
-3.606700000000000184e-02
-3.606700000000000184e-02
-3.606650000000000134e-02
-3.605450000000000321e-02
-3.605450000000000321e-02
-3.605450000000000321e-02
-3.605450000000000321e-02
-3.605450000000000321e-02
-3.605450000000000321e-02
-3.604249999999999815e-02
-3.604249999999999815e-02
-3.604249999999999815e-02
-3.604249999999999815e-02
-3.604050000000000309e-02
-3.603150000000000103e-02
-3.603150000000000103e-02
-3.603150000000000103e-02
-3.602349999999999997e-02
-3.602349999999999997e-02
-3.602299999999999947e-02
-3.602199999999999847e-02
-3.602099999999999747e-02
-3.602099999999999747e-02
-3.602099999999999747e-02
-3.600899999999999934e-02
-3.600899999999999934e-02
-3.600899999999999934e-02
-3.600149999999999878e-02
-3.600149999999999878e-02
-3.600149999999999878e-02
-3.600099999999999828e-02
-3.600099999999999828e-02
-3.599900000000000322e-02
-3.599900000000000322e-02
-3.598500000000000310e-02
-3.598500000000000310e-02
-3.598500000000000310e-02
-3.598500000000000310e-02
-3.598500000000000310e-02
-3.598500000000000310e-02
-3.598500000000000310e-02
-3.598500000000000310e-02
-3.598500000000000310e-02
-3.597849999999999659e-02
-3.597849999999999659e-02
-3.597849999999999659e-02
-3.597849999999999659e-02
-3.597849999999999659e-02
-3.597849999999999659e-02
-3.597849999999999659e-02
-3.597849999999999659e-02
-3.597849999999999659e-02
-3.597700000000000203e-02
-3.597700000000000203e-02
-3.597700000000000203e-02
-3.597650000000000153e-02
-3.597600000000000103e-02
-3.597600000000000103e-02
-3.593849999999999822e-02
-3.593849999999999822e-02
-3.593849999999999822e-02
-3.593849999999999822e-02
-3.593849999999999822e-02
-3.592950000000000310e-02
-3.592850000000000210e-02
-3.592850000000000210e-02
-3.592700000000000060e-02
-3.592700000000000060e-02
-3.592349999999999710e-02
-3.592349999999999710e-02
-3.592299999999999660e-02
-3.592299999999999660e-02
-3.591350000000000098e-02
-3.591350000000000098e-02
-3.591350000000000098e-02
-3.588449999999999973e-02
-3.588449999999999973e-02
-3.588449999999999973e-02
-3.587400000000000311e-02
-3.587400000000000311e-02
-3.587250000000000161e-02
-3.587250000000000161e-02
-3.587250000000000161e-02
-3.587250000000000161e-02
-3.587250000000000161e-02
-3.587250000000000161e-02
-3.587250000000000161e-02
-3.587200000000000111e-02
-3.587200000000000111e-02
-3.587200000000000111e-02
-3.587200000000000111e-02
-3.587200000000000111e-02
-3.585699999999999998e-02
-3.583850000000000230e-02
-3.583850000000000230e-02
-3.583850000000000230e-02
-3.583000000000000074e-02
-3.583000000000000074e-02
-3.583000000000000074e-02
-3.583000000000000074e-02
-3.583000000000000074e-02
-3.583000000000000074e-02
-3.582950000000000024e-02
-3.582950000000000024e-02
-3.582950000000000024e-02
-3.582899999999999974e-02
-3.582899999999999974e-02
-3.582899999999999974e-02
-3.582899999999999974e-02
-3.582899999999999974e-02
-3.581600000000000061e-02
-3.581600000000000061e-02
-3.581199999999999661e-02
-3.581100000000000255e-02
-3.581100000000000255e-02
-3.580850000000000005e-02
-3.580850000000000005e-02
-3.580850000000000005e-02
-3.580599999999999755e-02
-3.580549999999999705e-02
-3.580149999999999999e-02
-3.580149999999999999e-02
-3.580149999999999999e-02
-3.580149999999999999e-02
-3.580149999999999999e-02
-3.580149999999999999e-02
-3.580099999999999949e-02
-3.580049999999999899e-02
-3.580049999999999899e-02
-3.580049999999999899e-02
-3.580049999999999899e-02
-3.580049999999999899e-02
-3.578350000000000281e-02
-3.578350000000000281e-02
-3.578350000000000281e-02
-3.578350000000000281e-02
-3.578350000000000281e-02
-3.578300000000000231e-02
-3.578300000000000231e-02
-3.578300000000000231e-02
-3.578300000000000231e-02
-3.578300000000000231e-02
-3.577899999999999830e-02
-3.577899999999999830e-02
-3.577899999999999830e-02
-3.574399999999999800e-02
-3.574399999999999800e-02
-3.574399999999999800e-02
-3.574399999999999800e-02
-3.574399999999999800e-02
-3.574399999999999800e-02
-3.574399999999999800e-02
-3.574399999999999800e-02
-3.574399999999999800e-02
-3.574399999999999800e-02
-3.574399999999999800e-02
-3.574399999999999800e-02
-3.573899999999999993e-02
-3.573699999999999793e-02
-3.573699999999999793e-02
-3.573649999999999743e-02
-3.573649999999999743e-02
-3.573649999999999743e-02
-3.573649999999999743e-02
-3.573649999999999743e-02
-3.573649999999999743e-02
-3.573649999999999743e-02
-3.573649999999999743e-02
-3.573649999999999743e-02
-3.573649999999999743e-02
-3.573649999999999743e-02
-3.573649999999999743e-02
-3.573649999999999743e-02
-3.573649999999999743e-02
-3.573649999999999743e-02
-3.573649999999999743e-02
-3.573649999999999743e-02
-3.573649999999999743e-02
-3.573599999999999693e-02
-3.573599999999999693e-02
-3.573599999999999693e-02
-3.573599999999999693e-02
-3.573599999999999693e-02
-3.573599999999999693e-02
-3.573599999999999693e-02
-3.573599999999999693e-02
-3.573599999999999693e-02
-3.573599999999999693e-02
-3.573500000000000287e-02
-3.573199999999999987e-02
-3.572999999999999787e-02
-3.572999999999999787e-02
-3.572999999999999787e-02
-3.572899999999999687e-02
-3.572899999999999687e-02
-3.572899999999999687e-02
-3.570849999999999719e-02
-3.570849999999999719e-02
-3.570849999999999719e-02
-3.570849999999999719e-02
-3.570849999999999719e-02
-3.570849999999999719e-02
-3.570849999999999719e-02
-3.570849999999999719e-02
-3.570849999999999719e-02
-3.570849999999999719e-02
-3.570849999999999719e-02
-3.570849999999999719e-02
-3.570849999999999719e-02
-3.570849999999999719e-02
-3.570849999999999719e-02
-3.570849999999999719e-02
-3.570849999999999719e-02
-3.570849999999999719e-02
-3.570849999999999719e-02
-3.570849999999999719e-02
-3.570849999999999719e-02
-3.569750000000000006e-02
-3.569750000000000006e-02
-3.568749999999999700e-02
-3.568349999999999994e-02
-3.568349999999999994e-02
-3.568349999999999994e-02
-3.568349999999999994e-02
-3.568349999999999994e-02
-3.568349999999999994e-02
-3.568349999999999994e-02
-3.568349999999999994e-02
-3.568349999999999994e-02
-3.568349999999999994e-02
-3.568349999999999994e-02
-3.568349999999999994e-02
-3.568349999999999994e-02
-3.568349999999999994e-02
-3.568349999999999994e-02
-3.568349999999999994e-02
-3.568349999999999994e-02
-3.568349999999999994e-02
-3.568349999999999994e-02
-3.568349999999999994e-02
-3.568349999999999994e-02
-3.568349999999999994e-02
-3.568349999999999994e-02
-3.568349999999999994e-02
-3.568349999999999994e-02
-3.568349999999999994e-02
-3.568349999999999994e-02
-3.568349999999999994e-02
-3.568349999999999994e-02
-3.568349999999999994e-02
-3.568349999999999994e-02
-3.568349999999999994e-02
-3.568349999999999994e-02
-3.568349999999999994e-02
-3.568349999999999994e-02
-3.568349999999999994e-02
-3.568349999999999994e-02
-3.568349999999999994e-02
-3.568349999999999994e-02
-3.568349999999999994e-02
-3.568349999999999994e-02
-3.568349999999999994e-02
-3.568349999999999994e-02
-3.564649999999999763e-02
-3.564649999999999763e-02
-3.536799999999999666e-02
-3.536600000000000160e-02
-3.536600000000000160e-02
-3.534299999999999942e-02
-3.534299999999999942e-02
-3.534299999999999942e-02
-3.534299999999999942e-02
-3.534299999999999942e-02
-3.517850000000000144e-02
-3.509749999999999676e-02
-3.509749999999999676e-02
-3.502249999999999808e-02
-3.499850000000000183e-02
-3.499850000000000183e-02
-3.499850000000000183e-02
-3.499850000000000183e-02
-3.499850000000000183e-02
-3.499850000000000183e-02
-3.499850000000000183e-02
-3.499850000000000183e-02
-3.499850000000000183e-02
-3.499850000000000183e-02
-3.499850000000000183e-02
-3.499850000000000183e-02
-3.499850000000000183e-02
-3.495700000000000196e-02
-3.495700000000000196e-02
-3.495700000000000196e-02
-3.495700000000000196e-02
-3.495700000000000196e-02
-3.495700000000000196e-02
-3.495700000000000196e-02
-3.495700000000000196e-02
-3.495700000000000196e-02
-3.495700000000000196e-02
-3.495150000000000340e-02
-3.495150000000000340e-02
-3.495150000000000340e-02
-3.492549999999999821e-02
-3.492549999999999821e-02
-3.492549999999999821e-02
-3.492549999999999821e-02
-3.490399999999999753e-02
-3.490100000000000147e-02
-3.489450000000000190e-02
-3.489450000000000190e-02
-3.489450000000000190e-02
-3.489450000000000190e-02
-3.489400000000000140e-02
-3.489400000000000140e-02
-3.489400000000000140e-02
-3.489400000000000140e-02
-3.489400000000000140e-02
-3.489400000000000140e-02
-3.489350000000000090e-02
-3.489350000000000090e-02
-3.489350000000000090e-02
-3.489350000000000090e-02
-3.489350000000000090e-02
-3.489350000000000090e-02
-3.478250000000000092e-02
-3.478250000000000092e-02
-3.478250000000000092e-02
-3.478250000000000092e-02
-3.478250000000000092e-02
-3.478250000000000092e-02
-3.478250000000000092e-02
-3.478250000000000092e-02
-3.478250000000000092e-02
-3.478250000000000092e-02
-3.478250000000000092e-02
-3.478250000000000092e-02
-3.478250000000000092e-02
-3.477000000000000229e-02
-3.472549999999999942e-02
-3.471599999999999686e-02
-3.471599999999999686e-02
-3.470949999999999730e-02
-3.470949999999999730e-02
-3.470949999999999730e-02
-3.470949999999999730e-02
-3.470899999999999680e-02
-3.470899999999999680e-02
-3.470899999999999680e-02
-3.470899999999999680e-02
-3.470850000000000324e-02
-3.470850000000000324e-02
-3.470800000000000274e-02
-3.470800000000000274e-02
-3.470800000000000274e-02
-3.469950000000000118e-02
-3.469950000000000118e-02
-3.469649999999999818e-02
-3.469599999999999768e-02
-3.469499999999999668e-02
-3.469450000000000311e-02
-3.469450000000000311e-02
-3.467699999999999949e-02
-3.467049999999999993e-02
-3.467049999999999993e-02
-3.467049999999999993e-02
-3.467049999999999993e-02
-3.467049999999999993e-02
-3.467049999999999993e-02
-3.467049999999999993e-02
-3.467049999999999993e-02
-3.466999999999999943e-02
-3.466999999999999943e-02
-3.466999999999999943e-02
-3.466999999999999943e-02
-3.466999999999999943e-02
-3.466999999999999943e-02
-3.466999999999999943e-02
-3.466999999999999943e-02
-3.466949999999999893e-02
-3.466949999999999893e-02
-3.466949999999999893e-02
-3.466949999999999893e-02
-3.466949999999999893e-02
-3.466949999999999893e-02
-3.466949999999999893e-02
-3.466949999999999893e-02
-3.466949999999999893e-02
-3.465950000000000281e-02
-3.464849999999999874e-02
-3.464099999999999818e-02
-3.464099999999999818e-02
-3.463299999999999712e-02
-3.463299999999999712e-02
-3.461850000000000344e-02
-3.461850000000000344e-02
-3.455400000000000138e-02
-3.455400000000000138e-02
-3.455400000000000138e-02
-3.455400000000000138e-02
-3.455400000000000138e-02
-3.455400000000000138e-02
-3.455400000000000138e-02
-3.455400000000000138e-02
-3.455400000000000138e-02
-3.455400000000000138e-02
-3.455400000000000138e-02
-3.455400000000000138e-02
-3.454349999999999782e-02
-3.452500000000000013e-02
-3.312949999999999923e-02
-3.312949999999999923e-02
-3.312949999999999923e-02
-2.873500000000000013e-02
-2.816849999999999909e-02
-2.816849999999999909e-02
-2.816849999999999909e-02
-2.711699999999999874e-02
-2.711699999999999874e-02
-2.711699999999999874e-02
-2.711699999999999874e-02
-2.586950000000000013e-02
-2.586950000000000013e-02
-2.586950000000000013e-02
-2.577700000000000130e-02
-2.543250000000000025e-02
-2.528700000000000045e-02
-2.528700000000000045e-02
-2.528700000000000045e-02
-2.528700000000000045e-02
-2.528700000000000045e-02
-2.528700000000000045e-02
-2.523399999999999949e-02
-2.523399999999999949e-02
-2.523399999999999949e-02
-2.522949999999999846e-02
-2.520649999999999974e-02
-2.517749999999999849e-02
-2.517749999999999849e-02
-2.517749999999999849e-02
-2.517749999999999849e-02
-2.517749999999999849e-02
-2.517749999999999849e-02
-2.517749999999999849e-02
-2.517749999999999849e-02
-2.517449999999999896e-02
-2.517399999999999846e-02
-2.517300000000000093e-02
-2.515999999999999834e-02
-2.515999999999999834e-02
-2.515999999999999834e-02
-2.515999999999999834e-02
-2.515999999999999834e-02
-2.515999999999999834e-02
-2.515999999999999834e-02
-2.515999999999999834e-02
-2.515999999999999834e-02
-2.514150000000000065e-02
-2.513800000000000062e-02
-2.513800000000000062e-02
-2.513800000000000062e-02
-2.513750000000000012e-02
-2.513750000000000012e-02
-2.513750000000000012e-02
-2.513750000000000012e-02
-2.513750000000000012e-02
-2.513750000000000012e-02
-2.513599999999999862e-02
-2.513599999999999862e-02
-2.513599999999999862e-02
-2.513599999999999862e-02
-2.513599999999999862e-02
-2.513550000000000159e-02
-2.513550000000000159e-02
-2.513550000000000159e-02
-2.513550000000000159e-02
-2.513550000000000159e-02
-2.513550000000000159e-02
-2.513550000000000159e-02
-2.513550000000000159e-02
-2.513550000000000159e-02
-2.513550000000000159e-02
-2.513550000000000159e-02
-2.513550000000000159e-02
-2.513550000000000159e-02
-2.513550000000000159e-02
-2.512400000000000050e-02
-2.512400000000000050e-02
-2.512400000000000050e-02
-2.512400000000000050e-02
-2.512400000000000050e-02
-2.512400000000000050e-02
-2.509350000000000122e-02
-2.507799999999999960e-02
-2.507049999999999904e-02
-2.506349999999999897e-02
-2.506349999999999897e-02
-2.506049999999999944e-02
-2.506049999999999944e-02
-2.506049999999999944e-02
-2.506049999999999944e-02
-2.506049999999999944e-02
