-2.782720000000000193e-01
-2.782720000000000193e-01
-2.782720000000000193e-01
-2.782720000000000193e-01
-2.729260000000000019e-01
-2.729260000000000019e-01
-2.647100000000000009e-01
-2.638575000000000226e-01
-2.638575000000000226e-01
-2.536120000000000041e-01
-2.536120000000000041e-01
-2.536120000000000041e-01
-2.501499999999999835e-01
-2.465459999999999874e-01
-2.465459999999999874e-01
-2.448285000000000045e-01
-2.412289999999999990e-01
-2.411544999999999939e-01
-2.377960000000000074e-01
-2.377960000000000074e-01
-2.341560000000000030e-01
-2.341560000000000030e-01
-2.303870000000000084e-01
-2.265224999999999878e-01
-2.246704999999999952e-01
-2.235739999999999950e-01
-2.198829999999999951e-01
-2.141865000000000019e-01
-2.141865000000000019e-01
-2.141865000000000019e-01
-2.141865000000000019e-01
-2.141865000000000019e-01
-2.125219999999999887e-01
-2.107505000000000073e-01
-2.107505000000000073e-01
-2.099149999999999905e-01
-2.067440000000000111e-01
-2.067440000000000111e-01
-2.051695000000000046e-01
-2.049509999999999943e-01
-2.024819999999999953e-01
-2.022944999999999882e-01
-1.987049999999999927e-01
-1.981565000000000132e-01
-1.978000000000000036e-01
-1.978000000000000036e-01
-1.945820000000000050e-01
-1.932679999999999954e-01
-1.925109999999999877e-01
-1.908080000000000054e-01
-1.906599999999999961e-01
-1.906599999999999961e-01
-1.887989999999999946e-01
-1.861994999999999900e-01
-1.861994999999999900e-01
-1.856464999999999921e-01
-1.853289999999999937e-01
-1.853289999999999937e-01
-1.840444999999999998e-01
-1.803524999999999989e-01
-1.803524999999999989e-01
-1.803524999999999989e-01
-1.803524999999999989e-01
-1.781629999999999880e-01
-1.781629999999999880e-01
-1.781629999999999880e-01
-1.781629999999999880e-01
-1.770450000000000079e-01
-1.761399999999999910e-01
-1.744525000000000103e-01
-1.744525000000000103e-01
-1.744525000000000103e-01
-1.729580000000000006e-01
-1.729580000000000006e-01
-1.722094999999999876e-01
-1.722094999999999876e-01
-1.719775000000000054e-01
-1.712964999999999904e-01
-1.712964999999999904e-01
-1.693125000000000047e-01
-1.683280000000000054e-01
-1.683280000000000054e-01
-1.683280000000000054e-01
-1.667575000000000029e-01
-1.667575000000000029e-01
-1.666789999999999938e-01
-1.666249999999999953e-01
-1.643999999999999906e-01
-1.643999999999999906e-01
-1.641990000000000116e-01
-1.609835000000000016e-01
-1.599170000000000036e-01
-1.595054999999999945e-01
-1.595054999999999945e-01
-1.583275000000000099e-01
-1.583275000000000099e-01
-1.581045000000000089e-01
-1.581045000000000089e-01
-1.546524999999999983e-01
-1.536005000000000009e-01
-1.533325000000000105e-01
-1.533325000000000105e-01
-1.533325000000000105e-01
-1.512469999999999926e-01
-1.512469999999999926e-01
-1.511949999999999961e-01
-1.511949999999999961e-01
-1.509820000000000051e-01
-1.506025000000000003e-01
-1.500360000000000027e-01
-1.480080000000000007e-01
-1.480080000000000007e-01
-1.480080000000000007e-01
-1.480080000000000007e-01
-1.480080000000000007e-01
-1.478434999999999888e-01
-1.471995000000000109e-01
-1.462604999999999877e-01
-1.462604999999999877e-01
-1.460950000000000026e-01
-1.454630000000000090e-01
-1.445230000000000126e-01
-1.431759999999999977e-01
-1.431759999999999977e-01
-1.428909999999999902e-01
-1.428909999999999902e-01
-1.428909999999999902e-01
-1.421395000000000020e-01
-1.421395000000000020e-01
-1.420234999999999970e-01
-1.417609999999999981e-01
-1.411284999999999901e-01
-1.409225000000000061e-01
-1.407104999999999884e-01
-1.407104999999999884e-01
-1.405780000000000085e-01
-1.404799999999999938e-01
-1.400975000000000137e-01
-1.400144999999999862e-01
-1.383485000000000131e-01
-1.383485000000000131e-01
-1.383485000000000131e-01
-1.383485000000000131e-01
-1.383485000000000131e-01
-1.377450000000000063e-01
-1.372670000000000001e-01
-1.372670000000000001e-01
-1.372670000000000001e-01
-1.362929999999999975e-01
-1.362929999999999975e-01
-1.362929999999999975e-01
-1.355020000000000113e-01
-1.347585000000000033e-01
-1.347585000000000033e-01
-1.347585000000000033e-01
-1.346195000000000030e-01
-1.346195000000000030e-01
-1.343959999999999877e-01
-1.343959999999999877e-01
-1.337170000000000025e-01
-1.337170000000000025e-01
-1.337170000000000025e-01
-1.337170000000000025e-01
-1.337170000000000025e-01
-1.325365000000000015e-01
-1.322669999999999957e-01
-1.322669999999999957e-01
-1.322669999999999957e-01
-1.321890000000000009e-01
-1.321890000000000009e-01
-1.314315000000000067e-01
-1.314315000000000067e-01
-1.314315000000000067e-01
-1.309009999999999896e-01
-1.309009999999999896e-01
-1.309009999999999896e-01
-1.309009999999999896e-01
-1.306499999999999884e-01
-1.298469999999999902e-01
-1.296470000000000122e-01
-1.291845000000000077e-01
-1.291845000000000077e-01
-1.291845000000000077e-01
-1.291845000000000077e-01
-1.288555000000000117e-01
-1.288555000000000117e-01
-1.287760000000000016e-01
-1.286259999999999903e-01
-1.285765000000000102e-01
-1.285765000000000102e-01
-1.283839999999999981e-01
-1.283074999999999910e-01
-1.279389999999999972e-01
-1.279389999999999972e-01
-1.278384999999999938e-01
-1.275685000000000013e-01
-1.268130000000000090e-01
-1.268130000000000090e-01
-1.266694999999999904e-01
-1.266690000000000038e-01
-1.262995000000000090e-01
-1.258884999999999865e-01
-1.258884999999999865e-01
-1.254385000000000083e-01
-1.254385000000000083e-01
-1.254385000000000083e-01
-1.254385000000000083e-01
-1.247420000000000057e-01
-1.247420000000000057e-01
-1.242645000000000000e-01
-1.242645000000000000e-01
-1.242645000000000000e-01
-1.241669999999999996e-01
-1.241669999999999996e-01
-1.240784999999999944e-01
-1.240730000000000027e-01
-1.240730000000000027e-01
-1.230664999999999953e-01
-1.230664999999999953e-01
-1.230664999999999953e-01
-1.223685000000000050e-01
-1.223685000000000050e-01
-1.218899999999999983e-01
-1.218899999999999983e-01
-1.218899999999999983e-01
-1.209159999999999957e-01
-1.209159999999999957e-01
-1.209159999999999957e-01
-1.209159999999999957e-01
-1.209159999999999957e-01
-1.209159999999999957e-01
-1.207674999999999998e-01
-1.207674999999999998e-01
-1.207389999999999991e-01
-1.203815000000000024e-01
-1.203815000000000024e-01
-1.203815000000000024e-01
-1.201659999999999950e-01
-1.196920000000000067e-01
-1.196920000000000067e-01
-1.196920000000000067e-01
-1.196920000000000067e-01
-1.194120000000000043e-01
-1.190859999999999974e-01
-1.187389999999999973e-01
-1.187389999999999973e-01
-1.187389999999999973e-01
-1.187389999999999973e-01
-1.187389999999999973e-01
-1.187389999999999973e-01
-1.187389999999999973e-01
-1.187129999999999991e-01
-1.184339999999999976e-01
-1.184339999999999976e-01
-1.184339999999999976e-01
-1.184339999999999976e-01
-1.182180000000000036e-01
-1.182180000000000036e-01
-1.178595000000000059e-01
-1.178595000000000059e-01
-1.178545000000000009e-01
-1.177924999999999944e-01
-1.177924999999999944e-01
-1.172725000000000017e-01
-1.172725000000000017e-01
-1.172725000000000017e-01
-1.172725000000000017e-01
-1.172534999999999966e-01
-1.166790000000000049e-01
-1.166790000000000049e-01
-1.166790000000000049e-01
-1.166790000000000049e-01
-1.166790000000000049e-01
-1.166790000000000049e-01
-1.159425000000000039e-01
-1.159425000000000039e-01
-1.159425000000000039e-01
-1.159425000000000039e-01
-1.159425000000000039e-01
-1.159425000000000039e-01
-1.159425000000000039e-01
-1.148359999999999936e-01
-1.148359999999999936e-01
-1.148359999999999936e-01
-1.147175000000000000e-01
-1.147175000000000000e-01
-1.147175000000000000e-01
-1.147175000000000000e-01
-1.147175000000000000e-01
-1.147175000000000000e-01
-1.146329999999999988e-01
-1.146329999999999988e-01
-1.146329999999999988e-01
-1.144084999999999963e-01
-1.144084999999999963e-01
-1.144084999999999963e-01
-1.144084999999999963e-01
-1.138445000000000012e-01
-1.138389999999999957e-01
-1.137569999999999970e-01
-1.137569999999999970e-01
-1.137554999999999955e-01
-1.136144999999999933e-01
-1.136144999999999933e-01
-1.135074999999999973e-01
-1.133104999999999946e-01
-1.131510000000000016e-01
-1.130430000000000046e-01
-1.130430000000000046e-01
-1.130430000000000046e-01
-1.127780000000000032e-01
-1.127434999999999965e-01
-1.125644999999999979e-01
-1.125644999999999979e-01
-1.125644999999999979e-01
-1.122535000000000061e-01
-1.121380000000000016e-01
-1.121380000000000016e-01
-1.121380000000000016e-01
-1.121380000000000016e-01
-1.120329999999999937e-01
-1.120329999999999937e-01
-1.120094999999999980e-01
-1.120094999999999980e-01
-1.120094999999999980e-01
-1.118119999999999947e-01
-1.117749999999999994e-01
-1.117395000000000055e-01
-1.113704999999999973e-01
-1.113704999999999973e-01
-1.113704999999999973e-01
-1.113704999999999973e-01
-1.113704999999999973e-01
-1.113704999999999973e-01
-1.113704999999999973e-01
-1.113704999999999973e-01
-1.113704999999999973e-01
-1.113704999999999973e-01
-1.113704999999999973e-01
-1.113704999999999973e-01
-1.111685000000000034e-01
-1.111420000000000047e-01
-1.103920000000000040e-01
-1.103920000000000040e-01
-1.103920000000000040e-01
-1.103920000000000040e-01
-1.103920000000000040e-01
-1.100975000000000009e-01
-1.100975000000000009e-01
-1.100975000000000009e-01
-1.100975000000000009e-01
-1.100975000000000009e-01
-1.100975000000000009e-01
-1.100975000000000009e-01
-1.100975000000000009e-01
-1.100975000000000009e-01
-1.100975000000000009e-01
-1.100975000000000009e-01
-1.100624999999999937e-01
-1.099234999999999934e-01
-1.099215000000000053e-01
-1.099215000000000053e-01
-1.098174999999999985e-01
-1.098174999999999985e-01
-1.098174999999999985e-01
-1.098174999999999985e-01
-1.098029999999999978e-01
-1.095455000000000040e-01
-1.095440000000000025e-01
-1.095379999999999965e-01
-1.095310000000000034e-01
-1.094485000000000041e-01
-1.094485000000000041e-01
-1.094485000000000041e-01
-1.094485000000000041e-01
-1.094485000000000041e-01
-1.094394999999999951e-01
-1.094394999999999951e-01
-1.092095000000000010e-01
-1.092095000000000010e-01
-1.092095000000000010e-01
-1.092095000000000010e-01
-1.092095000000000010e-01
-1.092095000000000010e-01
-1.092095000000000010e-01
-1.089819999999999955e-01
-1.089819999999999955e-01
-1.089819999999999955e-01
-1.089650000000000063e-01
-1.089330000000000020e-01
-1.088964999999999933e-01
-1.088884999999999992e-01
-1.088704999999999951e-01
-1.088699999999999946e-01
-1.088515000000000038e-01
-1.087950000000000028e-01
-1.087909999999999988e-01
-1.087909999999999988e-01
-1.087049999999999961e-01
-1.086870000000000058e-01
-1.085015000000000007e-01
-1.085015000000000007e-01
-1.083689999999999931e-01
-1.081634999999999958e-01
-1.081634999999999958e-01
-1.081634999999999958e-01
-1.081634999999999958e-01
-1.081634999999999958e-01
-1.080259999999999970e-01
-1.080259999999999970e-01
-1.080259999999999970e-01
-1.080259999999999970e-01
-1.080259999999999970e-01
-1.080259999999999970e-01
-1.080200000000000049e-01
-1.080200000000000049e-01
-1.079954999999999943e-01
-1.079954999999999943e-01
-1.079954999999999943e-01
-1.079554999999999959e-01
-1.079544999999999949e-01
-1.078979999999999939e-01
-1.077690000000000037e-01
-1.076865000000000044e-01
-1.076865000000000044e-01
-1.076865000000000044e-01
-1.076865000000000044e-01
-1.076384999999999981e-01
-1.073164999999999952e-01
-1.073164999999999952e-01
-1.073164999999999952e-01
-1.073164999999999952e-01
-1.073164999999999952e-01
-1.072685000000000027e-01
-1.072644999999999987e-01
-1.072644999999999987e-01
-1.072644999999999987e-01
-1.072619999999999962e-01
-1.072135000000000032e-01
-1.072135000000000032e-01
-1.069699999999999956e-01
-1.069699999999999956e-01
-1.069699999999999956e-01
-1.069699999999999956e-01
-1.069699999999999956e-01
-1.069699999999999956e-01
-1.069699999999999956e-01
-1.069699999999999956e-01
-1.069699999999999956e-01
-1.067779999999999979e-01
-1.067779999999999979e-01
-1.067779999999999979e-01
-1.067484999999999962e-01
-1.067484999999999962e-01
-1.067484999999999962e-01
-1.064139999999999947e-01
-1.064139999999999947e-01
-1.064139999999999947e-01
-1.064139999999999947e-01
-1.064139999999999947e-01
-1.064139999999999947e-01
-1.063425000000000065e-01
-1.063425000000000065e-01
-1.063425000000000065e-01
-1.063425000000000065e-01
-1.063290000000000068e-01
-1.063095000000000012e-01
-1.062830000000000025e-01
-1.061895000000000061e-01
-1.059159999999999963e-01
-1.059159999999999963e-01
-1.059159999999999963e-01
-1.059159999999999963e-01
-1.059159999999999963e-01
-1.059159999999999963e-01
-1.056789999999999952e-01
-1.056789999999999952e-01
-1.056789999999999952e-01
-1.056789999999999952e-01
-1.056789999999999952e-01
-1.056789999999999952e-01
-1.056789999999999952e-01
-1.056789999999999952e-01
-1.056789999999999952e-01
-1.056789999999999952e-01
-1.056789999999999952e-01
-1.056789999999999952e-01
-1.056789999999999952e-01
-1.055605000000000016e-01
-1.055605000000000016e-01
-1.055605000000000016e-01
-1.055605000000000016e-01
-1.053639999999999993e-01
-1.053639999999999993e-01
-1.053639999999999993e-01
-1.053639999999999993e-01
-1.053639999999999993e-01
-1.053639999999999993e-01
-1.053639999999999993e-01
-1.053639999999999993e-01
-1.053219999999999990e-01
-1.052624999999999950e-01
-1.052295000000000036e-01
-1.052295000000000036e-01
-1.052295000000000036e-01
-1.052275000000000016e-01
-1.052275000000000016e-01
-1.052114999999999995e-01
-1.052114999999999995e-01
-1.050360000000000044e-01
-1.050360000000000044e-01
-1.050360000000000044e-01
-1.050360000000000044e-01
-1.049490000000000006e-01
-1.049490000000000006e-01
-1.049490000000000006e-01
-1.049490000000000006e-01
-1.049490000000000006e-01
-1.049490000000000006e-01
-1.049339999999999995e-01
-1.049339999999999995e-01
-1.049339999999999995e-01
-1.049339999999999995e-01
-1.048980000000000051e-01
-1.048980000000000051e-01
-1.048980000000000051e-01
-1.048980000000000051e-01
-1.047794999999999976e-01
-1.047794999999999976e-01
-1.047794999999999976e-01
-1.047794999999999976e-01
-1.047794999999999976e-01
-1.047745000000000065e-01
-1.047565000000000024e-01
-1.047399999999999998e-01
-1.047399999999999998e-01
-1.047094999999999970e-01
-1.047094999999999970e-01
-1.047094999999999970e-01
-1.047094999999999970e-01
-1.047094999999999970e-01
-1.047094999999999970e-01
-1.047094999999999970e-01
-1.046330000000000038e-01
-1.045814999999999939e-01
-1.045814999999999939e-01
-1.045814999999999939e-01
-1.045814999999999939e-01
-1.045660000000000062e-01
-1.045660000000000062e-01
-1.045589999999999992e-01
-1.045589999999999992e-01
-1.045510000000000050e-01
-1.045490000000000030e-01
-1.045070000000000027e-01
-1.045070000000000027e-01
-1.045070000000000027e-01
-1.045070000000000027e-01
-1.045065000000000022e-01
-1.043904999999999972e-01
-1.043904999999999972e-01
-1.043904999999999972e-01
-1.043904999999999972e-01
-1.043904999999999972e-01
-1.043904999999999972e-01
-1.043904999999999972e-01
-1.042465000000000058e-01
-1.042465000000000058e-01
-1.042465000000000058e-01
-1.042465000000000058e-01
-1.042465000000000058e-01
-1.042465000000000058e-01
-1.042330000000000062e-01
-1.042124999999999996e-01
-1.042089999999999961e-01
-1.041819999999999968e-01
-1.041819999999999968e-01
-1.041699999999999987e-01
-1.041580000000000006e-01
-1.041139999999999982e-01
-1.039584999999999954e-01
-1.039584999999999954e-01
-1.039584999999999954e-01
-1.039584999999999954e-01
-1.039584999999999954e-01
-1.039584999999999954e-01
-1.039584999999999954e-01
-1.039584999999999954e-01
-1.039584999999999954e-01
-1.039584999999999954e-01
-1.039584999999999954e-01
-1.035775000000000029e-01
-1.035775000000000029e-01
-1.035775000000000029e-01
-1.035775000000000029e-01
-1.035775000000000029e-01
-1.035775000000000029e-01
-1.035775000000000029e-01
-1.035775000000000029e-01
-1.035775000000000029e-01
-1.035775000000000029e-01
-1.035775000000000029e-01
-1.035775000000000029e-01
-1.035739999999999994e-01
-1.035739999999999994e-01
-1.035739999999999994e-01
-1.035739999999999994e-01
-1.035319999999999990e-01
-1.034425000000000067e-01
-1.034425000000000067e-01
-1.034425000000000067e-01
-1.034425000000000067e-01
-1.034415000000000057e-01
-1.034415000000000057e-01
-1.034280000000000060e-01
-1.034280000000000060e-01
-1.034074999999999994e-01
-1.034074999999999994e-01
-1.034074999999999994e-01
-1.034074999999999994e-01
-1.033634999999999970e-01
-1.033555000000000029e-01
-1.033555000000000029e-01
-1.033550000000000024e-01
-1.033550000000000024e-01
-1.033310000000000062e-01
-1.033150000000000041e-01
-1.033150000000000041e-01
-1.033150000000000041e-01
-1.033150000000000041e-01
-1.033069999999999961e-01
-1.033069999999999961e-01
-1.033064999999999956e-01
-1.031264999999999959e-01
-1.031080000000000052e-01
-1.031080000000000052e-01
-1.031080000000000052e-01
-1.031080000000000052e-01
-1.031080000000000052e-01
-1.031080000000000052e-01
-1.031080000000000052e-01
-1.031080000000000052e-01
-1.031080000000000052e-01
-1.031080000000000052e-01
-1.031080000000000052e-01
-1.031080000000000052e-01
-1.031080000000000052e-01
-1.031080000000000052e-01
-1.031080000000000052e-01
-1.031019999999999992e-01
-1.030984999999999957e-01
-1.030230000000000035e-01
-1.030230000000000035e-01
-1.030230000000000035e-01
-1.030230000000000035e-01
-1.030230000000000035e-01
-1.030230000000000035e-01
-1.030230000000000035e-01
-1.030230000000000035e-01
-1.030230000000000035e-01
-1.030230000000000035e-01
-1.030230000000000035e-01
-1.029889999999999972e-01
-1.029835000000000056e-01
-1.029790000000000011e-01
-1.029785000000000006e-01
-1.029780000000000001e-01
-1.029780000000000001e-01
-1.029634999999999995e-01
-1.029634999999999995e-01
-1.029634999999999995e-01
-1.028799999999999992e-01
-1.028799999999999992e-01
-1.028799999999999992e-01
-1.028799999999999992e-01
-1.028799999999999992e-01
-1.028305000000000052e-01
-1.028305000000000052e-01
-1.028305000000000052e-01
-1.028305000000000052e-01
-1.028305000000000052e-01
-1.028285000000000032e-01
-1.028285000000000032e-01
-1.028285000000000032e-01
-1.028069999999999956e-01
-1.028069999999999956e-01
-1.028069999999999956e-01
-1.027900000000000064e-01
-1.027900000000000064e-01
-1.027900000000000064e-01
-1.027895000000000059e-01
-1.027895000000000059e-01
-1.027895000000000059e-01
-1.027809999999999974e-01
-1.027809999999999974e-01
-1.027809999999999974e-01
-1.027725000000000027e-01
-1.027725000000000027e-01
-1.027725000000000027e-01
-1.027725000000000027e-01
-1.027725000000000027e-01
-1.027414999999999995e-01
-1.027414999999999995e-01
-1.026934999999999931e-01
-1.026934999999999931e-01
-1.026934999999999931e-01
-1.026934999999999931e-01
-1.026934999999999931e-01
-1.026934999999999931e-01
-1.026934999999999931e-01
-1.026934999999999931e-01
-1.026934999999999931e-01
-1.026934999999999931e-01
-1.026934999999999931e-01
-1.026915000000000050e-01
-1.026915000000000050e-01
-1.026915000000000050e-01
-1.026915000000000050e-01
-1.026915000000000050e-01
-1.026790000000000064e-01
-1.026109999999999939e-01
-1.026109999999999939e-01
-1.026109999999999939e-01
-1.026045000000000013e-01
-1.026045000000000013e-01
-1.026009999999999978e-01
-1.025625000000000009e-01
-1.025625000000000009e-01
-1.025625000000000009e-01
-1.025625000000000009e-01
-1.025625000000000009e-01
-1.025625000000000009e-01
-1.025625000000000009e-01
-1.025559999999999944e-01
-1.025495000000000018e-01
-1.025459999999999983e-01
-1.025424999999999948e-01
-1.025424999999999948e-01
-1.025424999999999948e-01
-1.025419999999999943e-01
-1.025245000000000045e-01
-1.025245000000000045e-01
-1.025144999999999945e-01
-1.024444999999999939e-01
-1.024444999999999939e-01
-1.024444999999999939e-01
-1.024354999999999988e-01
-1.024354999999999988e-01
-1.024354999999999988e-01
-1.024354999999999988e-01
-1.024354999999999988e-01
-1.024354999999999988e-01
-1.024354999999999988e-01
-1.024354999999999988e-01
-1.024354999999999988e-01
-1.024214999999999987e-01
-1.024214999999999987e-01
-1.024214999999999987e-01
-1.024214999999999987e-01
-1.024209999999999982e-01
-1.024209999999999982e-01
-1.024064999999999975e-01
-1.024064999999999975e-01
-1.024064999999999975e-01
-1.024064999999999975e-01
-1.024064999999999975e-01
-1.024064999999999975e-01
-1.024064999999999975e-01
-1.024064999999999975e-01
-1.024064999999999975e-01
-1.024054999999999965e-01
-1.023624999999999952e-01
-1.023624999999999952e-01
-1.023609999999999937e-01
-1.023585000000000050e-01
-1.023575000000000040e-01
-1.023489999999999955e-01
-1.023489999999999955e-01
-1.023489999999999955e-01
-1.023484999999999950e-01
-1.023469999999999935e-01
-1.023364999999999969e-01
-1.023315000000000058e-01
-1.023315000000000058e-01
-1.022004999999999997e-01
-1.022004999999999997e-01
-1.022004999999999997e-01
-1.022004999999999997e-01
-1.022004999999999997e-01
-1.022004999999999997e-01
-1.022004999999999997e-01
-1.022004999999999997e-01
-1.022004999999999997e-01
-1.022004999999999997e-01
-1.022004999999999997e-01
-1.021964999999999957e-01
-1.021964999999999957e-01
-1.021954999999999947e-01
-1.021954999999999947e-01
-1.021935000000000066e-01
-1.021935000000000066e-01
-1.021935000000000066e-01
-1.021935000000000066e-01
-1.021215000000000039e-01
-1.021215000000000039e-01
-1.021215000000000039e-01
-1.021215000000000039e-01
-1.021215000000000039e-01
-1.021215000000000039e-01
-1.021215000000000039e-01
-1.021215000000000039e-01
-1.021215000000000039e-01
-1.021215000000000039e-01
-1.021215000000000039e-01
-1.021215000000000039e-01
-1.021215000000000039e-01
-1.021215000000000039e-01
-1.021215000000000039e-01
-1.021215000000000039e-01
-1.021200000000000024e-01
-1.021200000000000024e-01
-1.021200000000000024e-01
-1.021200000000000024e-01
-1.021090000000000053e-01
-1.021090000000000053e-01
-1.021090000000000053e-01
-1.021090000000000053e-01
-1.020825000000000066e-01
-1.020689999999999931e-01
-1.020689999999999931e-01
-1.020689999999999931e-01
-1.020689999999999931e-01
-1.020689999999999931e-01
-1.020670000000000049e-01
-1.020505000000000023e-01
-1.020080000000000015e-01
-1.020080000000000015e-01
-1.020080000000000015e-01
-1.020080000000000015e-01
-1.020080000000000015e-01
-1.020080000000000015e-01
-1.020080000000000015e-01
-1.020080000000000015e-01
-1.020080000000000015e-01
-1.020039999999999975e-01
-1.020024999999999959e-01
-1.020024999999999959e-01
-1.020024999999999959e-01
-1.020014999999999949e-01
-1.018410000000000010e-01
-1.018410000000000010e-01
-1.018410000000000010e-01
-1.018320000000000058e-01
-1.018320000000000058e-01
-1.018320000000000058e-01
-1.018320000000000058e-01
-1.017735000000000029e-01
-1.017735000000000029e-01
-1.017735000000000029e-01
-1.017735000000000029e-01
-1.017735000000000029e-01
-1.017735000000000029e-01
-1.017539999999999972e-01
-1.017539999999999972e-01
-1.017539999999999972e-01
-1.016689999999999955e-01
-1.016689999999999955e-01
-1.016689999999999955e-01
-1.016689999999999955e-01
-1.016689999999999955e-01
-1.016689999999999955e-01
-1.016454999999999997e-01
-1.016454999999999997e-01
-1.016449999999999992e-01
-1.016419999999999962e-01
-1.016419999999999962e-01
-1.016370000000000051e-01
-1.016325000000000006e-01
-1.016325000000000006e-01
-1.015490000000000004e-01
-1.015490000000000004e-01
-1.015490000000000004e-01
-1.015490000000000004e-01
-1.015490000000000004e-01
-1.015490000000000004e-01
-1.015474999999999989e-01
-1.015474999999999989e-01
-1.015474999999999989e-01
-1.015474999999999989e-01
-1.015474999999999989e-01
-1.015429999999999944e-01
-1.015429999999999944e-01
-1.015429999999999944e-01
-1.015429999999999944e-01
-1.015429999999999944e-01
-1.015429999999999944e-01
-1.015429999999999944e-01
-1.015429999999999944e-01
-1.015429999999999944e-01
-1.015429999999999944e-01
-1.015405000000000058e-01
-1.015289999999999943e-01
-1.015289999999999943e-01
-1.015289999999999943e-01
-1.015289999999999943e-01
-1.015100000000000030e-01
-1.015100000000000030e-01
-1.015100000000000030e-01
-1.015100000000000030e-01
-1.015100000000000030e-01
-1.015100000000000030e-01
-1.015100000000000030e-01
-1.015100000000000030e-01
-1.015100000000000030e-01
-1.015100000000000030e-01
-1.015100000000000030e-01
-1.015100000000000030e-01
-1.015100000000000030e-01
-1.015100000000000030e-01
-1.015100000000000030e-01
-1.015100000000000030e-01
-1.015100000000000030e-01
-1.015100000000000030e-01
-1.015100000000000030e-01
-1.015100000000000030e-01
-1.015100000000000030e-01
-1.015100000000000030e-01
-1.015100000000000030e-01
-1.015100000000000030e-01
-1.015100000000000030e-01
-1.015095000000000025e-01
-1.015095000000000025e-01
-1.015095000000000025e-01
-1.015095000000000025e-01
-1.015095000000000025e-01
-1.015095000000000025e-01
-1.015095000000000025e-01
-1.015095000000000025e-01
-1.015095000000000025e-01
-1.015095000000000025e-01
-1.015095000000000025e-01
-1.015095000000000025e-01
-1.014869999999999939e-01
-1.014774999999999983e-01
-1.014769999999999978e-01
-1.014749999999999958e-01
-1.014644999999999991e-01
-1.014589999999999936e-01
-1.014589999999999936e-01
-1.014589999999999936e-01
-1.014565000000000050e-01
-1.014435000000000059e-01
-1.014435000000000059e-01
-1.014435000000000059e-01
-1.014435000000000059e-01
-1.014430000000000054e-01
-1.014425000000000049e-01
-1.014425000000000049e-01
-1.014425000000000049e-01
-1.014425000000000049e-01
-1.014420000000000044e-01
-1.014420000000000044e-01
-1.014420000000000044e-01
-1.014420000000000044e-01
-1.014420000000000044e-01
-1.014295000000000058e-01
-1.014295000000000058e-01
-1.014295000000000058e-01
-1.014295000000000058e-01
-1.014295000000000058e-01
-1.014295000000000058e-01
-1.014234999999999998e-01
-1.014234999999999998e-01
-1.014140000000000041e-01
-1.014140000000000041e-01
-1.014140000000000041e-01
-1.014140000000000041e-01
-1.014140000000000041e-01
-1.014140000000000041e-01
-1.014140000000000041e-01
-1.014140000000000041e-01
-1.014140000000000041e-01
-1.014140000000000041e-01
-1.014140000000000041e-01
-1.014089999999999991e-01
-1.014039999999999941e-01
-1.013880000000000059e-01
-1.013880000000000059e-01
-1.013880000000000059e-01
-1.013880000000000059e-01
-1.013880000000000059e-01
-1.013880000000000059e-01
-1.013880000000000059e-01
-1.013880000000000059e-01
-1.013880000000000059e-01
-1.013880000000000059e-01
-1.013880000000000059e-01
-1.013875000000000054e-01
-1.013875000000000054e-01
-1.013875000000000054e-01
