9.931544906890492630e-01
1.248123784157944421e-02
6.705094155181209326e-01
9.967137309935878431e-01
6.622612692771366258e-03
6.777391343181941030e-01
9.975848684491239737e-01
1.753870884049507986e-02
5.483380457478549408e-01
9.949432302322815946e-01
1.080960131260851921e-02
4.532527421375192045e-01
9.943831784899382908e-01
1.366361342216850655e-02
3.554159292907666523e-01
9.939838739009192459e-01
1.422409451509959802e-02
6.810348122502989376e-01
9.931284374648687852e-01
1.363641596128803250e-02
1.852936726610250884e-01
9.961880925387149865e-01
7.153728322711645424e-03
3.686416221416423111e-01
9.946974967694990344e-01
1.026520098236886371e-02
5.447666758706251056e-01
9.972434922673960589e-01
1.490216431514424650e-02
1.940329040997983701e-01
9.946682883525990171e-01
1.679222023621361817e-02
3.107406205081076900e-01
9.992332502018970164e-01
7.981665418556892905e-03
4.100910888536075105e-01
