-1.832219999999999960e-01
-1.832219999999999960e-01
-1.832219999999999960e-01
-1.831975000000000131e-01
-1.727950000000000041e-01
-1.669110000000000038e-01
-1.669110000000000038e-01
-1.669110000000000038e-01
-1.669110000000000038e-01
-1.666864999999999875e-01
-1.648900000000000088e-01
-1.629174999999999929e-01
-1.623084999999999944e-01
-1.611394999999999911e-01
-1.573724999999999985e-01
-1.573724999999999985e-01
-1.555380000000000096e-01
-1.555380000000000096e-01
-1.555380000000000096e-01
-1.554685000000000095e-01
-1.531494999999999940e-01
-1.531494999999999940e-01
-1.491540000000000088e-01
-1.491540000000000088e-01
-1.491540000000000088e-01
-1.491540000000000088e-01
-1.486534999999999940e-01
-1.471069999999999878e-01
-1.471069999999999878e-01
-1.471069999999999878e-01
-1.471069999999999878e-01
-1.455909999999999982e-01
-1.454120000000000135e-01
-1.442605000000000137e-01
-1.435130000000000017e-01
-1.430669999999999997e-01
-1.426225000000000132e-01
-1.421739999999999948e-01
-1.413504999999999900e-01
-1.413504999999999900e-01
-1.408274999999999944e-01
-1.394094999999999918e-01
-1.392519999999999869e-01
-1.382130000000000025e-01
-1.378014999999999934e-01
-1.350470000000000004e-01
-1.350470000000000004e-01
-1.350470000000000004e-01
-1.350470000000000004e-01
-1.342444999999999888e-01
-1.342444999999999888e-01
-1.319319999999999937e-01
-1.313134999999999997e-01
-1.313134999999999997e-01
-1.313134999999999997e-01
-1.313134999999999997e-01
-1.312065000000000037e-01
-1.306120000000000059e-01
-1.305199999999999971e-01
-1.300705000000000056e-01
-1.300655000000000006e-01
-1.290975000000000039e-01
-1.275525000000000131e-01
-1.275525000000000131e-01
-1.275525000000000131e-01
-1.271239999999999870e-01
-1.271239999999999870e-01
-1.260445000000000038e-01
-1.260445000000000038e-01
-1.251754999999999951e-01
-1.246460000000000068e-01
-1.246460000000000068e-01
-1.228564999999999935e-01
-1.228564999999999935e-01
-1.228564999999999935e-01
-1.218624999999999986e-01
-1.218624999999999986e-01
-1.215804999999999941e-01
-1.215804999999999941e-01
-1.212040000000000062e-01
-1.201455000000000023e-01
-1.201455000000000023e-01
-1.200390000000000068e-01
-1.189479999999999982e-01
-1.182710000000000011e-01
-1.179835000000000050e-01
-1.179835000000000050e-01
-1.179835000000000050e-01
-1.174204999999999971e-01
-1.171490000000000031e-01
-1.167104999999999948e-01
-1.166954999999999937e-01
-1.147905000000000036e-01
-1.147905000000000036e-01
-1.147905000000000036e-01
-1.147579999999999989e-01
-1.125799999999999995e-01
-1.125799999999999995e-01
-1.125799999999999995e-01
-1.125799999999999995e-01
-1.124625000000000069e-01
-1.121825000000000044e-01
-1.121275000000000049e-01
-1.108014999999999972e-01
-1.108014999999999972e-01
-1.108014999999999972e-01
-1.103470000000000006e-01
-1.103470000000000006e-01
-1.091595000000000065e-01
-1.091595000000000065e-01
-1.082430000000000059e-01
-1.082430000000000059e-01
-1.073034999999999961e-01
-1.073034999999999961e-01
-1.073034999999999961e-01
-1.073034999999999961e-01
-1.073034999999999961e-01
-1.068054999999999977e-01
-1.068054999999999977e-01
-1.064034999999999981e-01
-1.061860000000000026e-01
-1.061860000000000026e-01
-1.060259999999999952e-01
-1.058655000000000013e-01
-1.050480000000000025e-01
-1.050480000000000025e-01
-1.048339999999999966e-01
-1.045724999999999988e-01
-1.043309999999999932e-01
-1.030390000000000056e-01
-1.030390000000000056e-01
-1.026240000000000069e-01
-1.026124999999999954e-01
-1.023045000000000065e-01
-1.023045000000000065e-01
-1.023045000000000065e-01
-1.023045000000000065e-01
-1.023045000000000065e-01
-1.021075000000000038e-01
-1.015469999999999984e-01
-1.011449999999999988e-01
-1.010785000000000017e-01
-1.010785000000000017e-01
-1.008580000000000032e-01
-1.008580000000000032e-01
-1.005240000000000022e-01
-9.972649999999999570e-02
-9.972649999999999570e-02
-9.972649999999999570e-02
-9.966700000000000559e-02
-9.951749999999999485e-02
-9.833550000000000624e-02
-9.833550000000000624e-02
-9.833550000000000624e-02
-9.812600000000000489e-02
-9.719700000000000562e-02
-9.719700000000000562e-02
-9.719700000000000562e-02
-9.719700000000000562e-02
-9.707699999999999663e-02
-9.703000000000000513e-02
-9.661899999999999655e-02
-9.661899999999999655e-02
-9.629350000000000409e-02
-9.615250000000000186e-02
-9.605149999999999799e-02
-9.560799999999999854e-02
-9.536150000000000182e-02
-9.511500000000000510e-02
-9.461600000000000565e-02
-9.461600000000000565e-02
-9.453899999999999804e-02
-9.453899999999999804e-02
-9.453899999999999804e-02
-9.406649999999999734e-02
-9.406649999999999734e-02
-9.405650000000000122e-02
-9.382899999999999574e-02
-9.361300000000000177e-02
-9.358950000000000602e-02
-9.358950000000000602e-02
-9.301449999999999996e-02
-9.301449999999999996e-02
-9.301449999999999996e-02
-9.301449999999999996e-02
-9.216499999999999693e-02
-9.216499999999999693e-02
-9.216499999999999693e-02
-9.216499999999999693e-02
-9.216499999999999693e-02
-9.167450000000000598e-02
-9.167450000000000598e-02
-9.167450000000000598e-02
-9.163250000000000561e-02
-9.163250000000000561e-02
-9.036750000000000338e-02
-9.036750000000000338e-02
-9.036750000000000338e-02
-9.036750000000000338e-02
-9.036750000000000338e-02
-9.036750000000000338e-02
-9.036750000000000338e-02
-9.036750000000000338e-02
-9.036750000000000338e-02
-9.018600000000000227e-02
-9.010749999999999316e-02
-8.900099999999999678e-02
-8.900099999999999678e-02
-8.900099999999999678e-02
-8.872549999999999881e-02
-8.872549999999999881e-02
-8.872549999999999881e-02
-8.838699999999999335e-02
-8.838650000000000673e-02
-8.836149999999999560e-02
-8.828199999999999936e-02
-8.767300000000000093e-02
-8.740100000000000646e-02
-8.641899999999999582e-02
-8.641899999999999582e-02
-8.641899999999999582e-02
-8.623150000000000259e-02
-8.623150000000000259e-02
-8.620500000000000385e-02
-8.620500000000000385e-02
-8.563650000000000428e-02
-8.563650000000000428e-02
-8.561050000000000604e-02
-8.532900000000000207e-02
-8.532900000000000207e-02
-8.518900000000000083e-02
-8.508499999999999397e-02
-8.508499999999999397e-02
-8.491849999999999399e-02
-8.479250000000000675e-02
-8.460099999999999565e-02
-8.456800000000000428e-02
-8.441200000000000092e-02
-8.403099999999999459e-02
-8.403099999999999459e-02
-8.398049999999999959e-02
-8.312200000000000144e-02
-8.312200000000000144e-02
-8.312200000000000144e-02
-8.312200000000000144e-02
-8.312200000000000144e-02
-8.312200000000000144e-02
-8.312200000000000144e-02
-8.311649999999999594e-02
-8.275799999999999823e-02
-8.229300000000000503e-02
-8.229300000000000503e-02
-8.229300000000000503e-02
-8.229300000000000503e-02
-8.229300000000000503e-02
-8.202950000000000519e-02
-8.202950000000000519e-02
-8.191400000000000070e-02
-8.191400000000000070e-02
-8.191400000000000070e-02
-8.185549999999999771e-02
-8.120349999999999790e-02
-8.120349999999999790e-02
-8.107100000000000417e-02
-8.107100000000000417e-02
-8.107100000000000417e-02
-8.107100000000000417e-02
-8.104550000000000642e-02
-8.098800000000000443e-02
-8.032499999999999363e-02
-8.032499999999999363e-02
-8.032499999999999363e-02
-8.032499999999999363e-02
-8.023950000000000526e-02
-8.023950000000000526e-02
-8.023950000000000526e-02
-8.014849999999999752e-02
-7.977049999999999419e-02
-7.977049999999999419e-02
-7.977049999999999419e-02
-7.977049999999999419e-02
-7.961699999999999333e-02
-7.961699999999999333e-02
-7.961699999999999333e-02
-7.961699999999999333e-02
-7.951149999999999884e-02
-7.951149999999999884e-02
-7.915500000000000314e-02
-7.889599999999999391e-02
-7.889599999999999391e-02
-7.864799999999999569e-02
-7.864799999999999569e-02
-7.864799999999999569e-02
-7.864799999999999569e-02
-7.863900000000000057e-02
-7.863900000000000057e-02
-7.841950000000000309e-02
-7.841950000000000309e-02
-7.841149999999999509e-02
-7.830650000000000110e-02
-7.815750000000000475e-02
-7.792100000000000415e-02
-7.792100000000000415e-02
-7.770649999999999780e-02
-7.764600000000000668e-02
-7.764600000000000668e-02
-7.730599999999999972e-02
-7.724599999999999522e-02
-7.720200000000000673e-02
-7.720200000000000673e-02
-7.720200000000000673e-02
-7.715750000000000386e-02
-7.715750000000000386e-02
-7.692000000000000226e-02
-7.692000000000000226e-02
-7.688899999999999901e-02
-7.680800000000000127e-02
-7.674300000000000566e-02
-7.655000000000000693e-02
-7.655000000000000693e-02
-7.640950000000000519e-02
-7.637449999999999795e-02
-7.625800000000000634e-02
-7.625800000000000634e-02
-7.613399999999999335e-02
-7.591449999999999587e-02
-7.591449999999999587e-02
-7.591449999999999587e-02
-7.591449999999999587e-02
-7.591449999999999587e-02
-7.578949999999999576e-02
-7.571650000000000602e-02
-7.564200000000000090e-02
-7.564200000000000090e-02
-7.551449999999999829e-02
-7.537750000000000006e-02
-7.522650000000000170e-02
-7.522650000000000170e-02
-7.504249999999999809e-02
-7.504249999999999809e-02
-7.504249999999999809e-02
-7.504249999999999809e-02
-7.494499999999999773e-02
-7.494499999999999773e-02
-7.458549999999999902e-02
-7.458549999999999902e-02
-7.458549999999999902e-02
-7.458549999999999902e-02
-7.440199999999999592e-02
-7.440199999999999592e-02
-7.437549999999999717e-02
-7.432650000000000368e-02
-7.432650000000000368e-02
-7.432650000000000368e-02
-7.387799999999999923e-02
-7.386700000000000210e-02
-7.357700000000000351e-02
-7.357700000000000351e-02
-7.357700000000000351e-02
-7.357700000000000351e-02
-7.356799999999999451e-02
-7.352599999999999414e-02
-7.352599999999999414e-02
-7.352599999999999414e-02
-7.333900000000000141e-02
-7.318399999999999905e-02
-7.314750000000000418e-02
-7.314750000000000418e-02
-7.314750000000000418e-02
-7.290900000000000158e-02
-7.290900000000000158e-02
-7.290900000000000158e-02
-7.290900000000000158e-02
-7.278999999999999360e-02
-7.278999999999999360e-02
-7.278999999999999360e-02
-7.278999999999999360e-02
-7.278999999999999360e-02
-7.276549999999999685e-02
-7.248200000000000476e-02
-7.248200000000000476e-02
-7.238749999999999352e-02
-7.238749999999999352e-02
-7.238749999999999352e-02
-7.237549999999999539e-02
-7.233150000000000690e-02
-7.233150000000000690e-02
-7.206899999999999418e-02
-7.184500000000000608e-02
-7.184500000000000608e-02
-7.184500000000000608e-02
-7.177050000000000096e-02
-7.152250000000000274e-02
-7.152250000000000274e-02
-7.152250000000000274e-02
-7.152250000000000274e-02
-7.152250000000000274e-02
-7.138650000000000551e-02
-7.138650000000000551e-02
-7.138650000000000551e-02
-7.119649999999999590e-02
-7.119649999999999590e-02
-7.117199999999999915e-02
-7.102550000000000530e-02
-7.102550000000000530e-02
-7.087599999999999456e-02
-7.086850000000000094e-02
-7.086850000000000094e-02
-7.067700000000000371e-02
-7.067700000000000371e-02
-7.067700000000000371e-02
-7.067700000000000371e-02
-7.067700000000000371e-02
-7.067700000000000371e-02
-7.051449999999999385e-02
-7.045949999999999436e-02
-7.040200000000000624e-02
-7.039750000000000174e-02
-7.039750000000000174e-02
-7.039750000000000174e-02
-7.006450000000000178e-02
-7.006450000000000178e-02
-6.999199999999999866e-02
-6.999199999999999866e-02
-6.999199999999999866e-02
-6.999199999999999866e-02
-6.999199999999999866e-02
-6.999199999999999866e-02
-6.984650000000000580e-02
-6.984650000000000580e-02
-6.984650000000000580e-02
-6.974249999999999894e-02
-6.948450000000000459e-02
-6.939299999999999635e-02
-6.939299999999999635e-02
-6.939299999999999635e-02
-6.939299999999999635e-02
-6.935800000000000298e-02
-6.933949999999999836e-02
-6.929899999999999949e-02
-6.926000000000000212e-02
-6.926000000000000212e-02
-6.914149999999999463e-02
-6.897150000000000503e-02
-6.897150000000000503e-02
-6.897150000000000503e-02
-6.897150000000000503e-02
-6.895450000000000190e-02
-6.892950000000000466e-02
-6.891500000000000403e-02
-6.889499999999999791e-02
-6.889499999999999791e-02
-6.871649999999999980e-02
-6.871649999999999980e-02
-6.871649999999999980e-02
-6.871649999999999980e-02
-6.827999999999999348e-02
-6.826400000000000523e-02
-6.826400000000000523e-02
-6.824449999999999961e-02
-6.824449999999999961e-02
-6.824449999999999961e-02
-6.822749999999999648e-02
-6.817349999999999799e-02
-6.790000000000000202e-02
-6.790000000000000202e-02
-6.783000000000000140e-02
-6.783000000000000140e-02
-6.783000000000000140e-02
-6.783000000000000140e-02
-6.774349999999999816e-02
-6.774349999999999816e-02
-6.774349999999999816e-02
-6.749700000000000144e-02
-6.749700000000000144e-02
-6.749700000000000144e-02
-6.749700000000000144e-02
-6.749700000000000144e-02
-6.747400000000000619e-02
-6.747400000000000619e-02
-6.747400000000000619e-02
-6.747400000000000619e-02
-6.738700000000000245e-02
-6.738500000000000045e-02
-6.737949999999999495e-02
-6.725949999999999984e-02
-6.723350000000000160e-02
-6.719500000000000473e-02
-6.711250000000000548e-02
-6.711250000000000548e-02
-6.704699999999999549e-02
-6.704699999999999549e-02
-6.704699999999999549e-02
-6.673999999999999377e-02
-6.673999999999999377e-02
-6.673999999999999377e-02
-6.652500000000000080e-02
-6.652500000000000080e-02
-6.652500000000000080e-02
-6.652500000000000080e-02
-6.652500000000000080e-02
-6.652500000000000080e-02
-6.652500000000000080e-02
-6.651550000000000518e-02
-6.649499999999999855e-02
-6.649499999999999855e-02
-6.649499999999999855e-02
-6.649499999999999855e-02
-6.635349999999999582e-02
-6.635349999999999582e-02
-6.632699999999999707e-02
-6.632699999999999707e-02
-6.626749999999999308e-02
-6.626749999999999308e-02
-6.626749999999999308e-02
-6.604999999999999760e-02
-6.604999999999999760e-02
-6.604999999999999760e-02
-6.604999999999999760e-02
-6.597550000000000636e-02
-6.597550000000000636e-02
-6.597550000000000636e-02
-6.597550000000000636e-02
-6.597550000000000636e-02
-6.597550000000000636e-02
-6.579550000000000676e-02
-6.579550000000000676e-02
-6.579550000000000676e-02
-6.579550000000000676e-02
-6.579550000000000676e-02
-6.579550000000000676e-02
-6.579550000000000676e-02
-6.579550000000000676e-02
-6.571499999999999564e-02
-6.571499999999999564e-02
-6.571399999999999464e-02
-6.571100000000000552e-02
-6.566099999999999715e-02
-6.566099999999999715e-02
-6.566099999999999715e-02
-6.562450000000000228e-02
-6.562099999999999878e-02
-6.534700000000000231e-02
-6.534700000000000231e-02
-6.534700000000000231e-02
-6.534700000000000231e-02
-6.526800000000000657e-02
-6.487600000000000311e-02
-6.485899999999999999e-02
-6.485899999999999999e-02
-6.473399999999999987e-02
-6.467249999999999388e-02
-6.467249999999999388e-02
-6.467249999999999388e-02
-6.467249999999999388e-02
-6.467249999999999388e-02
-6.464250000000000551e-02
-6.464250000000000551e-02
-6.459850000000000314e-02
-6.446899999999999853e-02
-6.446899999999999853e-02
-6.442349999999999466e-02
-6.442349999999999466e-02
-6.435299999999999354e-02
-6.435299999999999354e-02
-6.435299999999999354e-02
-6.435299999999999354e-02
-6.435299999999999354e-02
-6.435299999999999354e-02
-6.435299999999999354e-02
-6.435299999999999354e-02
-6.435299999999999354e-02
-6.421949999999999881e-02
-6.421949999999999881e-02
-6.421949999999999881e-02
-6.419149999999999856e-02
-6.419149999999999856e-02
-6.419149999999999856e-02
-6.419149999999999856e-02
-6.403599999999999570e-02
-6.403599999999999570e-02
-6.403599999999999570e-02
-6.403599999999999570e-02
-6.403599999999999570e-02
-6.403599999999999570e-02
-6.403599999999999570e-02
-6.403599999999999570e-02
-6.403599999999999570e-02
-6.403050000000000408e-02
-6.403050000000000408e-02
-6.387700000000000322e-02
-6.387700000000000322e-02
-6.387700000000000322e-02
-6.387700000000000322e-02
-6.387700000000000322e-02
-6.387700000000000322e-02
-6.387500000000000122e-02
-6.387500000000000122e-02
-6.382050000000000223e-02
-6.381850000000000023e-02
-6.381850000000000023e-02
-6.378749999999999698e-02
-6.369850000000000512e-02
-6.369850000000000512e-02
-6.369850000000000512e-02
-6.369850000000000512e-02
-6.357999999999999763e-02
-6.357999999999999763e-02
-6.356799999999999951e-02
-6.356799999999999951e-02
-6.356799999999999951e-02
-6.356799999999999951e-02
-6.354450000000000376e-02
-6.354450000000000376e-02
-6.342799999999999827e-02
-6.342799999999999827e-02
-6.342799999999999827e-02
-6.342799999999999827e-02
-6.339549999999999352e-02
-6.339549999999999352e-02
-6.339549999999999352e-02
-6.333099999999999841e-02
-6.331549999999999678e-02
-6.331549999999999678e-02
-6.331549999999999678e-02
-6.328200000000000491e-02
-6.327549999999999841e-02
-6.326249999999999929e-02
-6.322600000000000442e-02
-6.321000000000000230e-02
-6.320950000000000180e-02
-6.320950000000000180e-02
-6.310899999999999843e-02
-6.310899999999999843e-02
-6.310899999999999843e-02
-6.310899999999999843e-02
-6.310899999999999843e-02
-6.310899999999999843e-02
-6.309750000000000081e-02
-6.309750000000000081e-02
-6.309750000000000081e-02
-6.309750000000000081e-02
-6.307799999999999518e-02
-6.307799999999999518e-02
-6.307799999999999518e-02
-6.306449999999999556e-02
-6.306449999999999556e-02
-6.302449999999999719e-02
-6.302449999999999719e-02
-6.300450000000000494e-02
-6.300400000000000444e-02
-6.292999999999999983e-02
-6.292999999999999983e-02
-6.292999999999999983e-02
-6.292999999999999983e-02
-6.292999999999999983e-02
-6.292999999999999983e-02
-6.292999999999999983e-02
-6.292999999999999983e-02
-6.292999999999999983e-02
-6.292999999999999983e-02
-6.292649999999999633e-02
-6.290500000000000258e-02
-6.270850000000000035e-02
-6.269399999999999973e-02
-6.269399999999999973e-02
-6.269399999999999973e-02
-6.269399999999999973e-02
-6.269399999999999973e-02
-6.269399999999999973e-02
-6.269399999999999973e-02
-6.269399999999999973e-02
-6.269399999999999973e-02
-6.251400000000000012e-02
-6.251400000000000012e-02
-6.251400000000000012e-02
-6.251400000000000012e-02
-6.251400000000000012e-02
-6.248999999999999694e-02
-6.248999999999999694e-02
-6.248999999999999694e-02
-6.248999999999999694e-02
-6.248999999999999694e-02
-6.247300000000000075e-02
-6.247300000000000075e-02
-6.232800000000000146e-02
-6.232800000000000146e-02
-6.232800000000000146e-02
-6.232800000000000146e-02
-6.232349999999999696e-02
-6.214349999999999735e-02
-6.214349999999999735e-02
-6.214349999999999735e-02
-6.214349999999999735e-02
-6.214349999999999735e-02
-6.206099999999999811e-02
-6.206099999999999811e-02
-6.206099999999999811e-02
-6.206099999999999811e-02
-6.206099999999999811e-02
-6.206099999999999811e-02
-6.206099999999999811e-02
-6.206099999999999811e-02
-6.205700000000000105e-02
-6.204099999999999893e-02
-6.203949999999999743e-02
-6.195699999999999819e-02
-6.195699999999999819e-02
-6.195699999999999819e-02
-6.195699999999999819e-02
-6.195699999999999819e-02
-6.186599999999999738e-02
-6.186599999999999738e-02
-6.179950000000000027e-02
-6.179950000000000027e-02
-6.179950000000000027e-02
-6.179950000000000027e-02
-6.179950000000000027e-02
-6.179950000000000027e-02
-6.179950000000000027e-02
-6.179950000000000027e-02
-6.179950000000000027e-02
-6.178199999999999664e-02
-6.178199999999999664e-02
-6.178199999999999664e-02
-6.178199999999999664e-02
-6.178199999999999664e-02
-6.178199999999999664e-02
-6.169249999999999734e-02
-6.169249999999999734e-02
-6.169249999999999734e-02
-6.169249999999999734e-02
-6.169199999999999684e-02
-6.169199999999999684e-02
-6.169199999999999684e-02
-6.169100000000000278e-02
-6.169100000000000278e-02
-6.168499999999999678e-02
-6.168250000000000122e-02
-6.167949999999999822e-02
-6.167949999999999822e-02
-6.167949999999999822e-02
-6.165049999999999697e-02
-6.164150000000000185e-02
-6.164150000000000185e-02
-6.161549999999999666e-02
-6.161549999999999666e-02
-6.161549999999999666e-02
-6.158750000000000335e-02
-6.154450000000000198e-02
-6.154450000000000198e-02
-6.154450000000000198e-02
-6.154450000000000198e-02
-6.154450000000000198e-02
-6.153900000000000342e-02
-6.145350000000000118e-02
-6.145350000000000118e-02
-6.145350000000000118e-02
-6.145350000000000118e-02
-6.145350000000000118e-02
-6.145350000000000118e-02
-6.144399999999999862e-02
-6.144399999999999862e-02
-6.138849999999999862e-02
-6.138849999999999862e-02
-6.138849999999999862e-02
-6.138849999999999862e-02
-6.135399999999999882e-02
-6.132350000000000301e-02
-6.127950000000000064e-02
-6.126750000000000251e-02
-6.121950000000000308e-02
-6.117500000000000021e-02
-6.116049999999999959e-02
-6.114499999999999796e-02
-6.113450000000000134e-02
-6.113450000000000134e-02
-6.113450000000000134e-02
-6.108000000000000235e-02
-6.108000000000000235e-02
-6.108000000000000235e-02
-6.106799999999999728e-02
-6.106799999999999728e-02
-6.106799999999999728e-02
-6.106799999999999728e-02
-6.106799999999999728e-02
-6.102899999999999991e-02
-6.097799999999999748e-02
-6.097799999999999748e-02
-6.097799999999999748e-02
-6.097799999999999748e-02
-6.097799999999999748e-02
-6.097799999999999748e-02
-6.097799999999999748e-02
-6.093599999999999711e-02
-6.093599999999999711e-02
-6.093599999999999711e-02
-6.093599999999999711e-02
-6.093599999999999711e-02
-6.091150000000000037e-02
-6.091150000000000037e-02
-6.091150000000000037e-02
-6.091150000000000037e-02
-6.091150000000000037e-02
-6.091150000000000037e-02
-6.091150000000000037e-02
-6.091150000000000037e-02
-6.091150000000000037e-02
-6.091150000000000037e-02
-6.090550000000000130e-02
-6.085999999999999743e-02
-6.078850000000000225e-02
-6.078850000000000225e-02
-6.078850000000000225e-02
-6.078850000000000225e-02
-6.078850000000000225e-02
-6.078850000000000225e-02
-6.078850000000000225e-02
-6.078850000000000225e-02
-6.078850000000000225e-02
-6.078850000000000225e-02
-6.077649999999999719e-02
-6.074149999999999688e-02
-6.074149999999999688e-02
-6.068500000000000283e-02
-6.068500000000000283e-02
-6.068500000000000283e-02
-6.068500000000000283e-02
-6.068500000000000283e-02
-6.068500000000000283e-02
-6.068500000000000283e-02
-6.068500000000000283e-02
-6.068500000000000283e-02
-6.065299999999999858e-02
-6.065299999999999858e-02
-6.065299999999999858e-02
-6.063749999999999696e-02
-6.063749999999999696e-02
-6.063099999999999740e-02
-6.063099999999999740e-02
-6.061099999999999821e-02
-6.058800000000000296e-02
-6.058800000000000296e-02
-6.058750000000000246e-02
-6.046050000000000035e-02
-6.046050000000000035e-02
-6.046050000000000035e-02
-6.046050000000000035e-02
-6.046050000000000035e-02
-6.042850000000000305e-02
-6.042850000000000305e-02
-6.042850000000000305e-02
-6.042850000000000305e-02
-6.042850000000000305e-02
-6.034049999999999830e-02
-6.034049999999999830e-02
-6.034049999999999830e-02
-6.034049999999999830e-02
-6.033949999999999730e-02
-6.033949999999999730e-02
-6.029799999999999743e-02
-6.029799999999999743e-02
-6.025849999999999956e-02
-6.017900000000000332e-02
-6.017900000000000332e-02
-6.017900000000000332e-02
-6.017900000000000332e-02
-6.017900000000000332e-02
-6.017900000000000332e-02
-6.017600000000000032e-02
-6.015100000000000308e-02
-6.015100000000000308e-02
-6.015100000000000308e-02
-6.015100000000000308e-02
-6.015100000000000308e-02
-6.015100000000000308e-02
-6.014100000000000001e-02
-6.010950000000000321e-02
-6.010900000000000271e-02
-6.010900000000000271e-02
-6.010900000000000271e-02
-6.010750000000000121e-02
-6.009699999999999764e-02
-6.004299999999999915e-02
-6.004299999999999915e-02
-6.004299999999999915e-02
-5.991699999999999804e-02
-5.991699999999999804e-02
-5.991699999999999804e-02
-5.991699999999999804e-02
-5.991699999999999804e-02
-5.991699999999999804e-02
-5.991699999999999804e-02
-5.991699999999999804e-02
-5.978699999999999987e-02
-5.978699999999999987e-02
-5.978699999999999987e-02
-5.978699999999999987e-02
-5.978699999999999987e-02
-5.978699999999999987e-02
-5.978699999999999987e-02
-5.978699999999999987e-02
-5.978699999999999987e-02
-5.978699999999999987e-02
-5.978699999999999987e-02
-5.978699999999999987e-02
-5.972550000000000081e-02
-5.972550000000000081e-02
-5.972550000000000081e-02
-5.972550000000000081e-02
-5.972550000000000081e-02
-5.971400000000000319e-02
-5.971400000000000319e-02
-5.971400000000000319e-02
-5.969950000000000256e-02
-5.969950000000000256e-02
-5.969599999999999906e-02
-5.968699999999999700e-02
-5.968149999999999844e-02
-5.959300000000000014e-02
-5.959300000000000014e-02
-5.958249999999999658e-02
-5.958249999999999658e-02
-5.958249999999999658e-02
-5.958249999999999658e-02
-5.958249999999999658e-02
-5.958249999999999658e-02
-5.958249999999999658e-02
-5.958249999999999658e-02
-5.956399999999999889e-02
-5.953549999999999814e-02
-5.953549999999999814e-02
-5.950249999999999984e-02
-5.950249999999999984e-02
-5.950249999999999984e-02
-5.947399999999999909e-02
-5.947399999999999909e-02
-5.946499999999999703e-02
-5.946499999999999703e-02
-5.945750000000000340e-02
-5.943600000000000272e-02
-5.939549999999999691e-02
-5.931700000000000167e-02
-5.931700000000000167e-02
-5.931700000000000167e-02
-5.931700000000000167e-02
-5.931700000000000167e-02
-5.931700000000000167e-02
-5.927650000000000280e-02
-5.926850000000000174e-02
-5.926850000000000174e-02
-5.926850000000000174e-02
-5.926850000000000174e-02
-5.926850000000000174e-02
-5.926850000000000174e-02
-5.926850000000000174e-02
-5.926850000000000174e-02
-5.926850000000000174e-02
-5.926850000000000174e-02
-5.924499999999999905e-02
-5.924499999999999905e-02
-5.924499999999999905e-02
-5.919399999999999662e-02
-5.912499999999999700e-02
-5.912499999999999700e-02
-5.912499999999999700e-02
-5.912499999999999700e-02
-5.912499999999999700e-02
-5.912499999999999700e-02
-5.912499999999999700e-02
-5.912499999999999700e-02
-5.910750000000000032e-02
-5.910750000000000032e-02
-5.910100000000000076e-02
-5.909550000000000219e-02
-5.909550000000000219e-02
-5.909550000000000219e-02
-5.909299999999999969e-02
-5.909249999999999919e-02
-5.908750000000000113e-02
-5.898300000000000071e-02
-5.896950000000000108e-02
-5.896950000000000108e-02
-5.895349999999999896e-02
-5.894599999999999840e-02
-5.894599999999999840e-02
-5.894599999999999840e-02
-5.891649999999999665e-02
-5.891649999999999665e-02
-5.891649999999999665e-02
-5.891649999999999665e-02
-5.891649999999999665e-02
-5.891649999999999665e-02
-5.891649999999999665e-02
-5.891649999999999665e-02
-5.891649999999999665e-02
-5.891649999999999665e-02
-5.884149999999999797e-02
-5.884149999999999797e-02
-5.884149999999999797e-02
