9.739097654741241117e-01
3.165959059541864629e-02
5.444145005277146732e-01
9.918302456345313711e-01
3.264212515790780589e-02
7.925795963318712500e-01
9.785543647871892681e-01
2.814319419271594375e-02
3.741167613813586312e-01
9.775778928466536399e-01
5.590995473057928933e-02
7.487252976983206354e-01
9.930184921240181595e-01
4.077091458862988627e-02
5.491450430835195240e-01
9.896954378332388780e-01
4.396430982576265967e-02
6.755005413029951944e-01
9.824217587607564361e-01
4.354637434781963301e-02
3.240332696738102980e-01
9.897012798249199550e-01
3.769866877675558114e-02
6.845350308059425792e-01
9.730168336783159289e-01
4.581754789796792238e-02
6.253378233890043159e-02
9.903294913907282337e-01
5.601506231704411753e-02
6.565448601982575294e-01
9.874783267558213673e-01
4.474669185718642417e-02
7.498768292925658274e-01
9.776662982519999101e-01
4.743723826951472267e-02
1.423655858232527605e-01
9.927955095200358127e-01
2.317600032986402714e-02
7.695284680240538355e-01
9.882962851895019663e-01
3.473538235234147759e-02
5.316571421719757939e-01
9.716689955846438131e-01
3.079539631368108724e-02
3.338009305252543357e-01
9.829316650117229104e-01
3.792062127763886487e-02
3.629973450626091669e-01
9.913155129430299972e-01
3.543895567715648481e-02
4.900339012254880666e-01
9.852726826815636496e-01
4.855192762347435020e-02
2.941637462188617103e-01
9.845929738133958331e-01
2.964860941420315726e-02
2.518435677082943025e-01
9.812268490717327429e-01
4.222214125271654683e-02
6.146888543541224603e-01
9.882753765667308121e-01
3.334165402426183394e-02
2.379538330108744437e-01
9.904605472597473037e-01
1.910617826760172694e-02
4.985300346903043800e-01
9.745602368402728199e-01
3.761460473269827992e-02
5.201916110972708562e-01
9.775665663353296786e-01
2.390250352756539964e-02
5.657818038802374661e-01
