-1.914855000000000029e-01
-1.914855000000000029e-01
-1.839794999999999903e-01
-1.664154999999999940e-01
-1.544369999999999910e-01
-1.317854999999999999e-01
-1.072874999999999940e-01
-1.072874999999999940e-01
-1.072874999999999940e-01
-1.072874999999999940e-01
-9.730700000000000460e-02
-9.356549999999999589e-02
-9.356549999999999589e-02
-9.356549999999999589e-02
-8.710900000000000587e-02
-8.710900000000000587e-02
-8.710900000000000587e-02
-8.699550000000000338e-02
-7.915350000000000164e-02
-7.915350000000000164e-02
-7.915350000000000164e-02
-7.915350000000000164e-02
-7.851199999999999846e-02
-7.828050000000000286e-02
-7.632550000000000445e-02
-7.589100000000000013e-02
-7.589100000000000013e-02
-7.373849999999999849e-02
-7.373849999999999849e-02
-7.349100000000000077e-02
-7.267049999999999899e-02
-7.267049999999999899e-02
-7.213700000000000667e-02
-7.154050000000000686e-02
-6.921099999999999475e-02
-6.883499999999999341e-02
-6.714199999999999335e-02
-6.699800000000000200e-02
-6.699800000000000200e-02
-6.611999999999999822e-02
-6.410649999999999682e-02
-6.410649999999999682e-02
-6.408450000000000257e-02
-6.408450000000000257e-02
-6.405700000000000283e-02
-6.282150000000000234e-02
-6.282150000000000234e-02
-6.282150000000000234e-02
-6.278949999999999809e-02
-6.278949999999999809e-02
-6.278949999999999809e-02
-6.222450000000000203e-02
-6.134699999999999875e-02
-6.134699999999999875e-02
-6.134699999999999875e-02
-6.134699999999999875e-02
-6.085999999999999743e-02
-6.057150000000000034e-02
-6.057150000000000034e-02
-6.050699999999999829e-02
-6.028499999999999831e-02
-5.986249999999999905e-02
-5.986249999999999905e-02
-5.986249999999999905e-02
-5.986249999999999905e-02
-5.986249999999999905e-02
-5.980599999999999805e-02
-5.940899999999999653e-02
-5.940899999999999653e-02
-5.915000000000000119e-02
-5.900199999999999889e-02
-5.882649999999999685e-02
-5.882649999999999685e-02
-5.880149999999999960e-02
-5.868149999999999755e-02
-5.864649999999999724e-02
-5.838600000000000040e-02
-5.838600000000000040e-02
-5.838600000000000040e-02
-5.817900000000000155e-02
-5.817900000000000155e-02
-5.817900000000000155e-02
-5.808300000000000268e-02
-5.788900000000000295e-02
-5.788900000000000295e-02
-5.785300000000000165e-02
-5.785300000000000165e-02
-5.785300000000000165e-02
-5.718299999999999772e-02
-5.718299999999999772e-02
-5.718299999999999772e-02
-5.718299999999999772e-02
-5.718299999999999772e-02
-5.718299999999999772e-02
-5.695599999999999968e-02
-5.695599999999999968e-02
-5.695599999999999968e-02
-5.695599999999999968e-02
-5.655999999999999917e-02
-5.655999999999999917e-02
-5.655999999999999917e-02
-5.655999999999999917e-02
-5.655999999999999917e-02
-5.651649999999999729e-02
-5.651649999999999729e-02
-5.651649999999999729e-02
-5.651649999999999729e-02
-5.650249999999999717e-02
-5.641650000000000137e-02
-5.641249999999999737e-02
-5.620300000000000296e-02
-5.620300000000000296e-02
-5.613150000000000084e-02
-5.589700000000000224e-02
-5.589700000000000224e-02
-5.589700000000000224e-02
-5.589700000000000224e-02
-5.569600000000000245e-02
-5.569600000000000245e-02
-5.566900000000000320e-02
-5.566900000000000320e-02
-5.566900000000000320e-02
-5.566900000000000320e-02
-5.544199999999999823e-02
-5.544199999999999823e-02
-5.544199999999999823e-02
-5.544199999999999823e-02
-5.544199999999999823e-02
-5.544199999999999823e-02
-5.544199999999999823e-02
-5.544199999999999823e-02
-5.544199999999999823e-02
-5.540699999999999792e-02
-5.514199999999999657e-02
-5.514199999999999657e-02
-5.514199999999999657e-02
-5.507950000000000346e-02
-5.507950000000000346e-02
-5.507950000000000346e-02
-5.507950000000000346e-02
-5.507950000000000346e-02
-5.507950000000000346e-02
-5.501099999999999740e-02
-5.501099999999999740e-02
-5.495649999999999841e-02
-5.495649999999999841e-02
-5.495649999999999841e-02
-5.495649999999999841e-02
-5.495649999999999841e-02
-5.495649999999999841e-02
-5.495649999999999841e-02
-5.495649999999999841e-02
-5.495649999999999841e-02
-5.495649999999999841e-02
-5.492099999999999760e-02
-5.483400000000000080e-02
-5.483400000000000080e-02
-5.483400000000000080e-02
-5.477400000000000324e-02
-5.477400000000000324e-02
-5.477400000000000324e-02
-5.477400000000000324e-02
-5.477400000000000324e-02
-5.477400000000000324e-02
-5.477400000000000324e-02
-5.475800000000000112e-02
-5.475800000000000112e-02
-5.470699999999999869e-02
-5.470699999999999869e-02
-5.470699999999999869e-02
-5.470699999999999869e-02
-5.470699999999999869e-02
-5.470699999999999869e-02
-5.470699999999999869e-02
-5.470699999999999869e-02
-5.470699999999999869e-02
-5.470699999999999869e-02
-5.470699999999999869e-02
-5.470699999999999869e-02
-5.459449999999999720e-02
-5.459449999999999720e-02
-5.459449999999999720e-02
-5.459449999999999720e-02
-5.455200000000000327e-02
-5.455200000000000327e-02
-5.455200000000000327e-02
-5.455200000000000327e-02
-5.455200000000000327e-02
-5.455200000000000327e-02
-5.455200000000000327e-02
-5.447149999999999909e-02
-5.447149999999999909e-02
-5.447149999999999909e-02
-5.447149999999999909e-02
-5.447149999999999909e-02
-5.447149999999999909e-02
-5.447149999999999909e-02
-5.447149999999999909e-02
-5.447149999999999909e-02
-5.425599999999999867e-02
-5.425599999999999867e-02
-5.425599999999999867e-02
-5.425599999999999867e-02
-5.425599999999999867e-02
-5.425599999999999867e-02
-5.425599999999999867e-02
-5.425599999999999867e-02
-5.425599999999999867e-02
-5.425599999999999867e-02
-5.425599999999999867e-02
-5.425599999999999867e-02
-5.425599999999999867e-02
-5.425599999999999867e-02
-5.425599999999999867e-02
-5.425599999999999867e-02
-5.425599999999999867e-02
-5.419650000000000162e-02
-5.416900000000000187e-02
-5.416900000000000187e-02
-5.416900000000000187e-02
-5.416900000000000187e-02
-5.404199999999999976e-02
-5.404199999999999976e-02
-5.404199999999999976e-02
-5.404199999999999976e-02
-5.404199999999999976e-02
-5.404199999999999976e-02
-5.404199999999999976e-02
-5.404199999999999976e-02
-5.404199999999999976e-02
-5.404199999999999976e-02
-5.404199999999999976e-02
-5.399700000000000333e-02
-5.399700000000000333e-02
-5.399700000000000333e-02
-5.399700000000000333e-02
-5.399700000000000333e-02
-5.399700000000000333e-02
-5.399700000000000333e-02
-5.399700000000000333e-02
-5.391900000000000165e-02
-5.391900000000000165e-02
-5.391900000000000165e-02
-5.391900000000000165e-02
-5.391900000000000165e-02
-5.391900000000000165e-02
-5.389750000000000096e-02
-5.389750000000000096e-02
-5.389750000000000096e-02
-5.389750000000000096e-02
-5.389750000000000096e-02
-5.389750000000000096e-02
-5.389750000000000096e-02
-5.389750000000000096e-02
-5.389750000000000096e-02
-5.389750000000000096e-02
-5.389750000000000096e-02
-5.389750000000000096e-02
-5.389750000000000096e-02
-5.389750000000000096e-02
-5.389750000000000096e-02
-5.387349999999999778e-02
-5.385600000000000109e-02
-5.385600000000000109e-02
-5.385600000000000109e-02
-5.385600000000000109e-02
-5.385600000000000109e-02
-5.381350000000000022e-02
-5.381350000000000022e-02
-5.381350000000000022e-02
-5.381350000000000022e-02
-5.381350000000000022e-02
-5.381350000000000022e-02
-5.381350000000000022e-02
-5.381350000000000022e-02
-5.380000000000000060e-02
-5.373499999999999804e-02
-5.373499999999999804e-02
-5.373499999999999804e-02
-5.373499999999999804e-02
-5.373499999999999804e-02
-5.372799999999999798e-02
-5.372799999999999798e-02
-5.372799999999999798e-02
-5.372799999999999798e-02
-5.369600000000000067e-02
-5.369600000000000067e-02
-5.369600000000000067e-02
-5.369600000000000067e-02
-5.369600000000000067e-02
-5.369100000000000261e-02
-5.369100000000000261e-02
-5.367949999999999805e-02
-5.367949999999999805e-02
-5.367949999999999805e-02
-5.367949999999999805e-02
-5.367949999999999805e-02
-5.367949999999999805e-02
-5.367949999999999805e-02
-5.367949999999999805e-02
-5.367949999999999805e-02
-5.367949999999999805e-02
-5.367949999999999805e-02
-5.367949999999999805e-02
-5.367949999999999805e-02
-5.367949999999999805e-02
-5.367949999999999805e-02
-5.367949999999999805e-02
-5.367949999999999805e-02
-5.367949999999999805e-02
-5.367949999999999805e-02
-5.367949999999999805e-02
-5.367949999999999805e-02
-5.367949999999999805e-02
-5.367949999999999805e-02
-5.367949999999999805e-02
-5.365749999999999686e-02
-5.365749999999999686e-02
-5.365749999999999686e-02
-5.365749999999999686e-02
-5.365749999999999686e-02
-5.365749999999999686e-02
-5.365749999999999686e-02
-5.365749999999999686e-02
-5.365500000000000130e-02
-5.365500000000000130e-02
-5.364300000000000318e-02
-5.364300000000000318e-02
-5.364300000000000318e-02
-5.364300000000000318e-02
-5.361699999999999799e-02
-5.361699999999999799e-02
-5.361699999999999799e-02
-5.361699999999999799e-02
-5.361699999999999799e-02
-5.361699999999999799e-02
-5.361699999999999799e-02
-5.361699999999999799e-02
-5.361149999999999943e-02
-5.361149999999999943e-02
-5.361149999999999943e-02
-5.360899999999999693e-02
-5.360899999999999693e-02
-5.360899999999999693e-02
-5.360899999999999693e-02
-5.360899999999999693e-02
-5.360899999999999693e-02
-5.360899999999999693e-02
-5.360899999999999693e-02
-5.360899999999999693e-02
-5.360899999999999693e-02
-5.360899999999999693e-02
-5.360899999999999693e-02
-5.358949999999999825e-02
-5.358949999999999825e-02
-5.358949999999999825e-02
-5.358949999999999825e-02
-5.358949999999999825e-02
-5.358949999999999825e-02
-5.358949999999999825e-02
-5.358949999999999825e-02
-5.358949999999999825e-02
-5.358949999999999825e-02
-5.358949999999999825e-02
-5.354550000000000282e-02
-5.354550000000000282e-02
-5.354550000000000282e-02
-5.354550000000000282e-02
-5.354550000000000282e-02
-5.354550000000000282e-02
-5.354550000000000282e-02
-5.354550000000000282e-02
-5.354350000000000082e-02
-5.354350000000000082e-02
-5.354350000000000082e-02
-5.354350000000000082e-02
-5.354350000000000082e-02
-5.354350000000000082e-02
-5.354350000000000082e-02
-5.354350000000000082e-02
-5.354350000000000082e-02
-5.354350000000000082e-02
-5.353299999999999725e-02
-5.353299999999999725e-02
-5.353299999999999725e-02
-5.353299999999999725e-02
-5.353299999999999725e-02
-5.353299999999999725e-02
-5.353299999999999725e-02
-5.353299999999999725e-02
-5.349799999999999695e-02
-5.349799999999999695e-02
-5.349799999999999695e-02
-5.349799999999999695e-02
-5.348449999999999732e-02
-5.348449999999999732e-02
-5.348449999999999732e-02
-5.348449999999999732e-02
-5.348449999999999732e-02
-5.348449999999999732e-02
-5.348449999999999732e-02
-5.348449999999999732e-02
-5.348449999999999732e-02
-5.348449999999999732e-02
-5.348449999999999732e-02
-5.348449999999999732e-02
-5.348449999999999732e-02
-5.348449999999999732e-02
-5.348449999999999732e-02
-5.348449999999999732e-02
-5.348449999999999732e-02
-5.348449999999999732e-02
-5.348449999999999732e-02
-5.348449999999999732e-02
-5.348449999999999732e-02
-5.348449999999999732e-02
-5.348449999999999732e-02
-5.348449999999999732e-02
-5.345649999999999707e-02
-5.345649999999999707e-02
-5.345649999999999707e-02
-5.345649999999999707e-02
-5.345649999999999707e-02
-5.345649999999999707e-02
-5.345649999999999707e-02
-5.345649999999999707e-02
-5.345649999999999707e-02
-5.345649999999999707e-02
-5.345649999999999707e-02
-5.345649999999999707e-02
-5.343350000000000183e-02
-5.343350000000000183e-02
-5.343350000000000183e-02
-5.343350000000000183e-02
-5.343350000000000183e-02
-5.343350000000000183e-02
-5.343350000000000183e-02
-5.343350000000000183e-02
-5.343350000000000183e-02
-5.343350000000000183e-02
-5.343350000000000183e-02
-5.343350000000000183e-02
-5.343350000000000183e-02
-5.343350000000000183e-02
-5.342949999999999783e-02
-5.342949999999999783e-02
-5.342949999999999783e-02
-5.342949999999999783e-02
-5.342949999999999783e-02
-5.342949999999999783e-02
-5.342949999999999783e-02
-5.342949999999999783e-02
-5.342949999999999783e-02
-5.342949999999999783e-02
-5.342949999999999783e-02
-5.342949999999999783e-02
-5.342949999999999783e-02
-5.342949999999999783e-02
-5.342949999999999783e-02
-5.342949999999999783e-02
-5.342949999999999783e-02
-5.342949999999999783e-02
-5.342949999999999783e-02
-5.342949999999999783e-02
-5.342949999999999783e-02
-5.342949999999999783e-02
-5.342949999999999783e-02
-5.342949999999999783e-02
-5.342949999999999783e-02
-5.342949999999999783e-02
-5.342949999999999783e-02
-5.342949999999999783e-02
-5.342949999999999783e-02
-5.342949999999999783e-02
-5.342949999999999783e-02
-5.342949999999999783e-02
-5.342949999999999783e-02
-5.342949999999999783e-02
-5.342949999999999783e-02
-5.342949999999999783e-02
-5.342949999999999783e-02
-5.342949999999999783e-02
-5.342949999999999783e-02
-5.342949999999999783e-02
-5.342899999999999733e-02
-5.342899999999999733e-02
-5.342899999999999733e-02
-5.342899999999999733e-02
-5.342899999999999733e-02
-5.342899999999999733e-02
-5.342899999999999733e-02
-5.342899999999999733e-02
-5.342899999999999733e-02
-5.342899999999999733e-02
-5.342899999999999733e-02
-5.342899999999999733e-02
-5.342899999999999733e-02
-5.342899999999999733e-02
-5.342899999999999733e-02
-5.342899999999999733e-02
-5.342899999999999733e-02
-5.342899999999999733e-02
-5.342349999999999877e-02
-5.342349999999999877e-02
-5.342349999999999877e-02
-5.342349999999999877e-02
-5.342349999999999877e-02
-5.342349999999999877e-02
-5.342349999999999877e-02
-5.342349999999999877e-02
-5.342349999999999877e-02
-5.342349999999999877e-02
-5.342349999999999877e-02
-5.342349999999999877e-02
-5.342349999999999877e-02
-5.342349999999999877e-02
-5.342349999999999877e-02
-5.342349999999999877e-02
-5.342349999999999877e-02
-5.342349999999999877e-02
-5.342000000000000220e-02
-5.342000000000000220e-02
-5.342000000000000220e-02
-5.341699999999999920e-02
-5.341699999999999920e-02
-5.341699999999999920e-02
-5.341699999999999920e-02
-5.341699999999999920e-02
-5.341699999999999920e-02
-5.341699999999999920e-02
-5.341699999999999920e-02
-5.341699999999999920e-02
-5.341699999999999920e-02
-5.341699999999999920e-02
-5.341699999999999920e-02
-5.341699999999999920e-02
-5.341699999999999920e-02
-5.341699999999999920e-02
-5.341699999999999920e-02
-5.341449999999999670e-02
-5.341449999999999670e-02
-5.341449999999999670e-02
-5.341449999999999670e-02
-5.341449999999999670e-02
-5.341449999999999670e-02
-5.341449999999999670e-02
-5.341449999999999670e-02
-5.341449999999999670e-02
-5.341449999999999670e-02
-5.341449999999999670e-02
-5.341449999999999670e-02
-5.341449999999999670e-02
-5.341449999999999670e-02
-5.341449999999999670e-02
-5.341449999999999670e-02
-5.341449999999999670e-02
-5.341449999999999670e-02
-5.341449999999999670e-02
-5.341449999999999670e-02
-5.341449999999999670e-02
-5.341449999999999670e-02
-5.341449999999999670e-02
-5.341449999999999670e-02
-5.341449999999999670e-02
-5.341449999999999670e-02
-5.341449999999999670e-02
-5.341449999999999670e-02
-5.341449999999999670e-02
-5.341449999999999670e-02
-5.341449999999999670e-02
-5.341350000000000264e-02
-5.341350000000000264e-02
-5.341350000000000264e-02
-5.341350000000000264e-02
-5.341350000000000264e-02
-5.341350000000000264e-02
-5.341350000000000264e-02
-5.341350000000000264e-02
-5.341350000000000264e-02
-5.341350000000000264e-02
-5.341350000000000264e-02
-5.341350000000000264e-02
-5.341350000000000264e-02
-5.341350000000000264e-02
-5.341350000000000264e-02
-5.341350000000000264e-02
-5.341350000000000264e-02
-5.341350000000000264e-02
-5.341350000000000264e-02
-5.341350000000000264e-02
-5.341350000000000264e-02
-5.341350000000000264e-02
-5.341350000000000264e-02
-5.341350000000000264e-02
-5.341350000000000264e-02
-5.341350000000000264e-02
-5.341350000000000264e-02
-5.341350000000000264e-02
-5.341350000000000264e-02
-5.341350000000000264e-02
-5.341350000000000264e-02
-5.341350000000000264e-02
-5.341350000000000264e-02
-5.341350000000000264e-02
-5.341350000000000264e-02
-5.341350000000000264e-02
-5.341350000000000264e-02
-5.341350000000000264e-02
-5.341350000000000264e-02
-5.341350000000000264e-02
-5.341350000000000264e-02
-5.341350000000000264e-02
-5.341350000000000264e-02
-5.341350000000000264e-02
-5.341350000000000264e-02
-5.341350000000000264e-02
-5.341350000000000264e-02
-5.341350000000000264e-02
-5.341350000000000264e-02
-5.341350000000000264e-02
-5.341350000000000264e-02
-5.341350000000000264e-02
-5.340650000000000258e-02
-5.340650000000000258e-02
-5.340650000000000258e-02
-5.340650000000000258e-02
-5.340650000000000258e-02
-5.340650000000000258e-02
-5.340650000000000258e-02
-5.340650000000000258e-02
-5.340650000000000258e-02
-5.339800000000000102e-02
-5.339800000000000102e-02
-5.339800000000000102e-02
-5.339800000000000102e-02
-5.339800000000000102e-02
-5.339800000000000102e-02
-5.339549999999999852e-02
-5.339549999999999852e-02
-5.339549999999999852e-02
-5.339549999999999852e-02
-5.339549999999999852e-02
-5.339549999999999852e-02
-5.339549999999999852e-02
-5.339549999999999852e-02
-5.339549999999999852e-02
-5.339549999999999852e-02
-5.339549999999999852e-02
-5.339549999999999852e-02
-5.339549999999999852e-02
-5.339549999999999852e-02
-5.339549999999999852e-02
-5.339549999999999852e-02
-5.339549999999999852e-02
-5.339549999999999852e-02
-5.339549999999999852e-02
-5.339549999999999852e-02
-5.339549999999999852e-02
-5.339549999999999852e-02
-5.339549999999999852e-02
-5.339549999999999852e-02
-5.339549999999999852e-02
-5.338999999999999996e-02
-5.338999999999999996e-02
-5.338999999999999996e-02
-5.338999999999999996e-02
-5.338999999999999996e-02
-5.338999999999999996e-02
-5.338999999999999996e-02
-5.338999999999999996e-02
-5.338999999999999996e-02
-5.338999999999999996e-02
-5.338999999999999996e-02
-5.338999999999999996e-02
-5.338999999999999996e-02
-5.338999999999999996e-02
-5.338999999999999996e-02
-5.338999999999999996e-02
-5.338999999999999996e-02
-5.338999999999999996e-02
-5.338999999999999996e-02
-5.338999999999999996e-02
-5.338999999999999996e-02
-5.338999999999999996e-02
-5.338999999999999996e-02
-5.338999999999999996e-02
-5.338999999999999996e-02
-5.338999999999999996e-02
-5.338999999999999996e-02
-5.338999999999999996e-02
-5.338999999999999996e-02
-5.338999999999999996e-02
-5.338999999999999996e-02
-5.338899999999999896e-02
-5.338899999999999896e-02
-5.338899999999999896e-02
-5.338899999999999896e-02
-5.338899999999999896e-02
-5.338899999999999896e-02
-5.338899999999999896e-02
-5.338899999999999896e-02
-5.338899999999999896e-02
-5.338899999999999896e-02
-5.338899999999999896e-02
-5.338899999999999896e-02
-5.338899999999999896e-02
-5.338899999999999896e-02
-5.338899999999999896e-02
-5.338899999999999896e-02
-5.338899999999999896e-02
-5.338899999999999896e-02
-5.338899999999999896e-02
-5.338899999999999896e-02
-5.338899999999999896e-02
-5.338899999999999896e-02
-5.338899999999999896e-02
-5.338899999999999896e-02
-5.338899999999999896e-02
-5.338899999999999896e-02
-5.338899999999999896e-02
-5.338899999999999896e-02
-5.338899999999999896e-02
-5.338899999999999896e-02
-5.338899999999999896e-02
-5.338899999999999896e-02
-5.338899999999999896e-02
-5.338899999999999896e-02
-5.338899999999999896e-02
-5.338899999999999896e-02
-5.338899999999999896e-02
-5.338899999999999896e-02
-5.338899999999999896e-02
-5.338899999999999896e-02
-5.338899999999999896e-02
-5.338899999999999896e-02
-5.338899999999999896e-02
-5.338899999999999896e-02
-5.338899999999999896e-02
-5.338899999999999896e-02
-5.338899999999999896e-02
-5.338899999999999896e-02
-5.338899999999999896e-02
-5.338899999999999896e-02
-5.338899999999999896e-02
-5.338899999999999896e-02
-5.338899999999999896e-02
-5.338899999999999896e-02
-5.338899999999999896e-02
-5.338899999999999896e-02
-5.338899999999999896e-02
-5.338899999999999896e-02
-5.338899999999999896e-02
-5.338899999999999896e-02
-5.338899999999999896e-02
-5.338899999999999896e-02
-5.338899999999999896e-02
-5.338899999999999896e-02
-5.338899999999999896e-02
-5.338899999999999896e-02
-5.338899999999999896e-02
-5.338899999999999896e-02
-5.338749999999999746e-02
-5.338749999999999746e-02
-5.338749999999999746e-02
-5.338749999999999746e-02
-5.338749999999999746e-02
-5.338749999999999746e-02
-5.338749999999999746e-02
-5.338749999999999746e-02
-5.338749999999999746e-02
-5.338749999999999746e-02
-5.338749999999999746e-02
-5.338749999999999746e-02
-5.338749999999999746e-02
-5.338749999999999746e-02
-5.338749999999999746e-02
-5.338749999999999746e-02
-5.338749999999999746e-02
-5.338550000000000240e-02
-5.337050000000000127e-02
-5.337050000000000127e-02
-5.337050000000000127e-02
-5.337050000000000127e-02
-5.337050000000000127e-02
-5.337050000000000127e-02
-5.337050000000000127e-02
-5.337050000000000127e-02
-5.337050000000000127e-02
-5.337050000000000127e-02
-5.337050000000000127e-02
-5.337050000000000127e-02
-5.337050000000000127e-02
-5.337050000000000127e-02
-5.337050000000000127e-02
-5.337050000000000127e-02
-5.337050000000000127e-02
-5.337050000000000127e-02
-5.337050000000000127e-02
-5.337050000000000127e-02
-5.337050000000000127e-02
-5.337050000000000127e-02
-5.337050000000000127e-02
-5.337050000000000127e-02
-5.337050000000000127e-02
-5.337050000000000127e-02
-5.337050000000000127e-02
-5.337050000000000127e-02
-5.337050000000000127e-02
-5.337050000000000127e-02
-5.337050000000000127e-02
-5.337050000000000127e-02
-5.337050000000000127e-02
-5.337050000000000127e-02
-5.337050000000000127e-02
-5.337050000000000127e-02
-5.337050000000000127e-02
-5.337050000000000127e-02
-5.337050000000000127e-02
-5.337050000000000127e-02
-5.337050000000000127e-02
-5.337050000000000127e-02
-5.337050000000000127e-02
-5.337050000000000127e-02
-5.335349999999999815e-02
-5.335349999999999815e-02
-5.335349999999999815e-02
-5.335349999999999815e-02
-5.335349999999999815e-02
-5.335349999999999815e-02
-5.335349999999999815e-02
-5.335349999999999815e-02
-5.335349999999999815e-02
-5.335349999999999815e-02
-5.335349999999999815e-02
-5.335349999999999815e-02
-5.335349999999999815e-02
-5.335299999999999765e-02
-5.335299999999999765e-02
-5.335299999999999765e-02
-5.335299999999999765e-02
-5.335299999999999765e-02
-5.335299999999999765e-02
-5.335299999999999765e-02
-5.335299999999999765e-02
-5.335299999999999765e-02
-5.335299999999999765e-02
-5.335299999999999765e-02
-5.335299999999999765e-02
-5.335299999999999765e-02
-5.335299999999999765e-02
-5.335299999999999765e-02
-5.335299999999999765e-02
-5.335299999999999765e-02
-5.335299999999999765e-02
-5.335299999999999765e-02
-5.335299999999999765e-02
-5.335299999999999765e-02
-5.335299999999999765e-02
-5.335299999999999765e-02
-5.335299999999999765e-02
-5.335299999999999765e-02
-5.335299999999999765e-02
-5.335299999999999765e-02
-5.335299999999999765e-02
-5.335299999999999765e-02
-5.335299999999999765e-02
-5.335299999999999765e-02
-5.335299999999999765e-02
-5.335299999999999765e-02
-5.335299999999999765e-02
-5.335000000000000159e-02
-5.335000000000000159e-02
-5.335000000000000159e-02
-5.335000000000000159e-02
-5.335000000000000159e-02
-5.335000000000000159e-02
-5.335000000000000159e-02
-5.335000000000000159e-02
-5.335000000000000159e-02
-5.335000000000000159e-02
-5.335000000000000159e-02
-5.335000000000000159e-02
-5.335000000000000159e-02
-5.335000000000000159e-02
-5.335000000000000159e-02
-5.335000000000000159e-02
-5.335000000000000159e-02
-5.335000000000000159e-02
-5.335000000000000159e-02
-5.335000000000000159e-02
-5.335000000000000159e-02
-5.335000000000000159e-02
-5.335000000000000159e-02
-5.335000000000000159e-02
-5.335000000000000159e-02
-5.335000000000000159e-02
-5.335000000000000159e-02
-5.335000000000000159e-02
-5.335000000000000159e-02
-5.335000000000000159e-02
-5.335000000000000159e-02
-5.335000000000000159e-02
-5.335000000000000159e-02
-5.334699999999999859e-02
-5.334699999999999859e-02
-5.334699999999999859e-02
-5.334599999999999759e-02
-5.334450000000000303e-02
-5.334450000000000303e-02
-5.334450000000000303e-02
-5.334450000000000303e-02
-5.334450000000000303e-02
-5.334450000000000303e-02
-5.334450000000000303e-02
-5.334450000000000303e-02
-5.334450000000000303e-02
-5.334450000000000303e-02
-5.334450000000000303e-02
-5.334450000000000303e-02
-5.334450000000000303e-02
-5.334450000000000303e-02
-5.334450000000000303e-02
-5.333949999999999803e-02
-5.333949999999999803e-02
-5.333949999999999803e-02
-5.333949999999999803e-02
-5.333949999999999803e-02
-5.333949999999999803e-02
-5.333949999999999803e-02
-5.333949999999999803e-02
-5.333750000000000296e-02
-5.333750000000000296e-02
-5.333750000000000296e-02
-5.333750000000000296e-02
-5.333750000000000296e-02
-5.333750000000000296e-02
-5.333750000000000296e-02
-5.333750000000000296e-02
-5.333750000000000296e-02
-5.333700000000000246e-02
-5.333700000000000246e-02
-5.333700000000000246e-02
-5.333700000000000246e-02
-5.333700000000000246e-02
-5.333700000000000246e-02
-5.333700000000000246e-02
-5.333700000000000246e-02
-5.333700000000000246e-02
-5.333700000000000246e-02
-5.333700000000000246e-02
-5.333700000000000246e-02
-5.333700000000000246e-02
-5.333700000000000246e-02
-5.333700000000000246e-02
-5.333700000000000246e-02
-5.333700000000000246e-02
-5.333600000000000146e-02
-5.333600000000000146e-02
-5.333600000000000146e-02
-5.333600000000000146e-02
-5.333600000000000146e-02
-5.333600000000000146e-02
-5.333600000000000146e-02
-5.333600000000000146e-02
-5.333600000000000146e-02
-5.333600000000000146e-02
-5.333600000000000146e-02
-5.333600000000000146e-02
-5.333600000000000146e-02
-5.333600000000000146e-02
-5.333249999999999796e-02
-5.333249999999999796e-02
-5.333249999999999796e-02
-5.333249999999999796e-02
-5.333249999999999796e-02
-5.333249999999999796e-02
-5.333249999999999796e-02
-5.333249999999999796e-02
-5.333249999999999796e-02
-5.333249999999999796e-02
-5.333249999999999796e-02
-5.333249999999999796e-02
-5.333249999999999796e-02
-5.333249999999999796e-02
-5.333249999999999796e-02
-5.333249999999999796e-02
-5.333249999999999796e-02
-5.333249999999999796e-02
-5.333249999999999796e-02
-5.333249999999999796e-02
-5.333249999999999796e-02
-5.333249999999999796e-02
-5.333249999999999796e-02
-5.333249999999999796e-02
-5.333249999999999796e-02
-5.331650000000000278e-02
-5.331650000000000278e-02
-5.331650000000000278e-02
-5.331650000000000278e-02
-5.331650000000000278e-02
