-6.817079999999999806e-01
-6.222145000000000037e-01
-6.222145000000000037e-01
-6.222145000000000037e-01
-5.759005000000000374e-01
-5.759005000000000374e-01
-5.715204999999999869e-01
-5.592449999999999921e-01
-5.413885000000000502e-01
-5.364860000000000184e-01
-5.231685000000000363e-01
-5.212234999999999507e-01
-5.212234999999999507e-01
-5.112630000000000230e-01
-5.016150000000000331e-01
-4.945869999999999989e-01
-4.931825000000000236e-01
-4.819979999999999820e-01
-4.716445000000000221e-01
-4.678550000000000209e-01
-4.623774999999999968e-01
-4.623774999999999968e-01
-4.616135000000000099e-01
-4.539839999999999987e-01
-4.539839999999999987e-01
-4.537034999999999818e-01
-4.472794999999999965e-01
-4.472794999999999965e-01
-4.431410000000000071e-01
-4.396880000000000233e-01
-4.354465000000000141e-01
-4.328274999999999761e-01
-4.314414999999999778e-01
-4.314414999999999778e-01
-4.256190000000000251e-01
-4.255444999999999922e-01
-4.255444999999999922e-01
-4.254505000000000092e-01
-4.220265000000000266e-01
-4.220265000000000266e-01
-4.187359999999999971e-01
-4.187359999999999971e-01
-4.139459999999999806e-01
-4.062275000000000191e-01
-4.062275000000000191e-01
-4.062275000000000191e-01
-4.053605000000000125e-01
-4.053605000000000125e-01
-4.053605000000000125e-01
-3.988610000000000211e-01
-3.986235000000000195e-01
-3.956359999999999877e-01
-3.923139999999999961e-01
-3.923139999999999961e-01
-3.908865000000000256e-01
-3.868599999999999817e-01
-3.868599999999999817e-01
-3.842840000000000145e-01
-3.842840000000000145e-01
-3.842840000000000145e-01
-3.819549999999999890e-01
-3.819549999999999890e-01
-3.793285000000000129e-01
-3.784000000000000141e-01
-3.779669999999999974e-01
-3.742964999999999764e-01
-3.741134999999999877e-01
-3.726114999999999844e-01
-3.689144999999999786e-01
-3.647619999999999751e-01
-3.632164999999999977e-01
-3.606679999999999886e-01
-3.590999999999999748e-01
-3.590999999999999748e-01
-3.585214999999999930e-01
-3.558200000000000252e-01
-3.558200000000000252e-01
-3.519034999999999802e-01
-3.519034999999999802e-01
-3.513315000000000188e-01
-3.513315000000000188e-01
-3.411609999999999920e-01
-3.411609999999999920e-01
-3.411609999999999920e-01
-3.410314999999999874e-01
-3.405670000000000086e-01
-3.385750000000000148e-01
-3.368915000000000104e-01
-3.297574999999999812e-01
-3.297574999999999812e-01
-3.297574999999999812e-01
-3.297574999999999812e-01
-3.293130000000000224e-01
-3.261924999999999963e-01
-3.247545000000000015e-01
-3.223354999999999970e-01
-3.218455000000000066e-01
-3.209564999999999779e-01
-3.192185000000000161e-01
-3.135109999999999841e-01
-3.135109999999999841e-01
-3.133385000000000198e-01
-3.111304999999999765e-01
-3.090844999999999843e-01
-3.076875000000000027e-01
-3.046285000000000243e-01
-3.046285000000000243e-01
-3.040475000000000261e-01
-3.030070000000000263e-01
-3.030070000000000263e-01
-3.023449999999999749e-01
-3.008419999999999983e-01
-2.995389999999999997e-01
-2.995389999999999997e-01
-2.976575000000000193e-01
-2.972429999999999795e-01
-2.963275000000000214e-01
-2.947164999999999924e-01
-2.947164999999999924e-01
-2.933189999999999964e-01
-2.933189999999999964e-01
-2.929109999999999769e-01
-2.919804999999999762e-01
-2.909605000000000108e-01
-2.891825000000000090e-01
-2.870770000000000266e-01
-2.870770000000000266e-01
-2.870770000000000266e-01
-2.859570000000000167e-01
-2.840599999999999792e-01
-2.825415000000000010e-01
-2.822445000000000093e-01
-2.822445000000000093e-01
-2.809864999999999724e-01
-2.808860000000000245e-01
-2.791545000000000276e-01
-2.791545000000000276e-01
-2.791545000000000276e-01
-2.788685000000000191e-01
-2.780595000000000150e-01
-2.780595000000000150e-01
-2.766275000000000261e-01
-2.749865000000000226e-01
-2.749865000000000226e-01
-2.749865000000000226e-01
-2.729575000000000196e-01
-2.729575000000000196e-01
-2.729575000000000196e-01
-2.681954999999999756e-01
-2.681954999999999756e-01
-2.681954999999999756e-01
-2.674265000000000114e-01
-2.649920000000000053e-01
-2.649920000000000053e-01
-2.627114999999999867e-01
-2.627114999999999867e-01
-2.627114999999999867e-01
-2.627114999999999867e-01
-2.624889999999999723e-01
-2.621519999999999961e-01
-2.610370000000000190e-01
-2.610370000000000190e-01
-2.604409999999999781e-01
-2.566295000000000104e-01
-2.566295000000000104e-01
-2.561545000000000072e-01
-2.561545000000000072e-01
-2.547579999999999845e-01
-2.547579999999999845e-01
-2.537590000000000123e-01
-2.526920000000000277e-01
-2.526920000000000277e-01
-2.522845000000000226e-01
-2.505959999999999854e-01
-2.505959999999999854e-01
-2.490195000000000047e-01
-2.490195000000000047e-01
-2.490195000000000047e-01
-2.490195000000000047e-01
-2.472320000000000073e-01
-2.472320000000000073e-01
-2.464645000000000030e-01
-2.464645000000000030e-01
-2.433929999999999982e-01
-2.433929999999999982e-01
-2.433929999999999982e-01
-2.430859999999999965e-01
-2.413369999999999960e-01
-2.413369999999999960e-01
-2.412984999999999991e-01
-2.394614999999999938e-01
-2.389415000000000011e-01
-2.349215000000000053e-01
-2.349215000000000053e-01
-2.349215000000000053e-01
-2.349215000000000053e-01
-2.349215000000000053e-01
-2.256650000000000045e-01
-2.243364999999999942e-01
-2.243364999999999942e-01
-2.243364999999999942e-01
-2.243364999999999942e-01
-2.243364999999999942e-01
-2.243364999999999942e-01
-2.243364999999999942e-01
-2.239929999999999977e-01
-2.239929999999999977e-01
-2.231589999999999963e-01
-2.231589999999999963e-01
-2.222514999999999907e-01
-2.212030000000000107e-01
-2.212030000000000107e-01
-2.207959999999999923e-01
-2.197530000000000039e-01
-2.197530000000000039e-01
-2.191430000000000045e-01
-2.191430000000000045e-01
-2.170185000000000031e-01
-2.170185000000000031e-01
-2.170185000000000031e-01
-2.170185000000000031e-01
-2.160140000000000116e-01
-2.160140000000000116e-01
-2.160140000000000116e-01
-2.160140000000000116e-01
-2.142884999999999929e-01
-2.142884999999999929e-01
-2.133349999999999969e-01
-2.133349999999999969e-01
-2.133349999999999969e-01
-2.125215000000000021e-01
-2.124034999999999951e-01
-2.119044999999999956e-01
-2.080645000000000133e-01
-2.080645000000000133e-01
-2.080645000000000133e-01
-2.080645000000000133e-01
-2.080645000000000133e-01
-2.080645000000000133e-01
-2.076455000000000106e-01
-2.076455000000000106e-01
-2.076455000000000106e-01
-2.073224999999999929e-01
-2.073224999999999929e-01
-2.069995000000000029e-01
-2.060555000000000025e-01
-2.053204999999999891e-01
-2.027885000000000104e-01
-2.027885000000000104e-01
-2.019400000000000084e-01
-2.019400000000000084e-01
-2.019400000000000084e-01
-2.019400000000000084e-01
-2.018719999999999959e-01
-2.018719999999999959e-01
-2.012404999999999888e-01
-2.012190000000000090e-01
-2.006245000000000112e-01
-1.997974999999999890e-01
-1.974464999999999970e-01
-1.974464999999999970e-01
-1.963459999999999928e-01
-1.963459999999999928e-01
-1.963459999999999928e-01
-1.963459999999999928e-01
-1.961265000000000092e-01
-1.959235000000000004e-01
-1.949929999999999997e-01
-1.943815000000000126e-01
-1.941005000000000091e-01
-1.941005000000000091e-01
-1.941005000000000091e-01
-1.930244999999999878e-01
-1.930244999999999878e-01
-1.908539999999999959e-01
-1.908539999999999959e-01
-1.908539999999999959e-01
-1.908539999999999959e-01
-1.908539999999999959e-01
-1.906055000000000110e-01
-1.904274999999999995e-01
-1.899919999999999942e-01
-1.895620000000000083e-01
-1.890185000000000060e-01
-1.890185000000000060e-01
-1.887985000000000080e-01
-1.886855000000000060e-01
-1.874304999999999999e-01
-1.873954999999999926e-01
-1.873954999999999926e-01
-1.870989999999999875e-01
-1.863674999999999915e-01
-1.863615000000000133e-01
-1.854335000000000011e-01
-1.854335000000000011e-01
-1.813144999999999896e-01
-1.813144999999999896e-01
-1.813144999999999896e-01
-1.813144999999999896e-01
-1.813144999999999896e-01
-1.813144999999999896e-01
-1.813144999999999896e-01
-1.813144999999999896e-01
-1.812654999999999961e-01
-1.810060000000000002e-01
-1.810060000000000002e-01
-1.803369999999999973e-01
-1.803369999999999973e-01
-1.801965000000000094e-01
-1.801899999999999891e-01
-1.790785000000000016e-01
-1.790785000000000016e-01
-1.790785000000000016e-01
-1.790785000000000016e-01
-1.778720000000000023e-01
-1.778720000000000023e-01
-1.778720000000000023e-01
-1.768399999999999972e-01
-1.768399999999999972e-01
-1.768399999999999972e-01
-1.768399999999999972e-01
-1.768105000000000093e-01
-1.768105000000000093e-01
-1.763655000000000084e-01
-1.763655000000000084e-01
-1.763244999999999951e-01
-1.763244999999999951e-01
-1.758609999999999896e-01
-1.754225000000000090e-01
-1.752450000000000119e-01
-1.752450000000000119e-01
-1.746250000000000024e-01
-1.746250000000000024e-01
-1.744644999999999946e-01
-1.742795000000000039e-01
-1.738425000000000109e-01
-1.738425000000000109e-01
-1.722090000000000010e-01
-1.722090000000000010e-01
-1.722090000000000010e-01
-1.722090000000000010e-01
-1.722090000000000010e-01
-1.717895000000000116e-01
-1.716745000000000076e-01
-1.716745000000000076e-01
-1.715129999999999988e-01
-1.715129999999999988e-01
-1.705230000000000079e-01
-1.705230000000000079e-01
-1.699815000000000076e-01
-1.692120000000000013e-01
-1.692120000000000013e-01
-1.692120000000000013e-01
-1.692120000000000013e-01
-1.688959999999999906e-01
-1.688209999999999988e-01
-1.684624999999999873e-01
-1.678119999999999890e-01
-1.678119999999999890e-01
-1.678119999999999890e-01
-1.671624999999999917e-01
-1.671624999999999917e-01
-1.671624999999999917e-01
-1.670605000000000007e-01
-1.663135000000000030e-01
-1.663135000000000030e-01
-1.663135000000000030e-01
-1.662970000000000004e-01
-1.662970000000000004e-01
-1.657440000000000024e-01
-1.657440000000000024e-01
-1.657440000000000024e-01
-1.652760000000000062e-01
-1.652760000000000062e-01
-1.645659999999999901e-01
-1.645659999999999901e-01
-1.645659999999999901e-01
-1.643284999999999885e-01
-1.643284999999999885e-01
-1.642484999999999917e-01
-1.642484999999999917e-01
-1.632079999999999920e-01
-1.628265000000000129e-01
-1.628265000000000129e-01
-1.628265000000000129e-01
-1.628265000000000129e-01
-1.628155000000000019e-01
-1.624309999999999921e-01
-1.624309999999999921e-01
-1.619555000000000022e-01
-1.613165000000000016e-01
-1.613165000000000016e-01
-1.613165000000000016e-01
-1.613165000000000016e-01
-1.613165000000000016e-01
-1.613165000000000016e-01
-1.611384999999999901e-01
-1.601190000000000113e-01
-1.573900000000000021e-01
-1.573900000000000021e-01
-1.573900000000000021e-01
-1.573900000000000021e-01
-1.573900000000000021e-01
-1.573900000000000021e-01
-1.573900000000000021e-01
-1.558799999999999908e-01
-1.558799999999999908e-01
-1.558799999999999908e-01
-1.558799999999999908e-01
-1.558799999999999908e-01
-1.558799999999999908e-01
-1.558799999999999908e-01
-1.558799999999999908e-01
-1.558184999999999987e-01
-1.549135000000000095e-01
-1.549135000000000095e-01
-1.549135000000000095e-01
-1.549135000000000095e-01
-1.549135000000000095e-01
-1.549135000000000095e-01
-1.546484999999999943e-01
-1.546484999999999943e-01
-1.510740000000000138e-01
-1.509985000000000077e-01
-1.509985000000000077e-01
-1.509985000000000077e-01
-1.509985000000000077e-01
-1.509985000000000077e-01
-1.508940000000000003e-01
-1.508940000000000003e-01
-1.508929999999999993e-01
-1.508929999999999993e-01
-1.508929999999999993e-01
-1.507390000000000119e-01
-1.504900000000000126e-01
-1.473615000000000064e-01
-1.473615000000000064e-01
-1.473615000000000064e-01
-1.470110000000000028e-01
-1.464350000000000096e-01
-1.464350000000000096e-01
-1.464350000000000096e-01
-1.462930000000000064e-01
-1.459324999999999928e-01
-1.459324999999999928e-01
-1.459324999999999928e-01
-1.453434999999999866e-01
-1.452009999999999967e-01
-1.452009999999999967e-01
-1.447704999999999964e-01
-1.445214999999999972e-01
-1.444799999999999973e-01
-1.443979999999999986e-01
-1.441500000000000004e-01
-1.438639999999999919e-01
-1.438149999999999984e-01
-1.434614999999999918e-01
-1.434614999999999918e-01
-1.434465000000000046e-01
-1.428540000000000088e-01
-1.428540000000000088e-01
-1.426344999999999974e-01
-1.426344999999999974e-01
-1.424584999999999879e-01
-1.424584999999999879e-01
-1.424584999999999879e-01
-1.423925000000000052e-01
-1.423925000000000052e-01
-1.421395000000000020e-01
-1.419950000000000101e-01
-1.417625000000000135e-01
-1.417625000000000135e-01
-1.417144999999999933e-01
-1.416374999999999995e-01
-1.415579999999999894e-01
-1.410329999999999917e-01
-1.406274999999999886e-01
-1.406274999999999886e-01
-1.403119999999999923e-01
-1.403119999999999923e-01
-1.392855000000000065e-01
-1.392855000000000065e-01
-1.391644999999999965e-01
-1.390095000000000081e-01
-1.389350000000000029e-01
-1.389350000000000029e-01
-1.385945000000000094e-01
-1.382424999999999904e-01
-1.382424999999999904e-01
-1.382424999999999904e-01
-1.382049999999999945e-01
-1.369344999999999868e-01
-1.369344999999999868e-01
-1.369344999999999868e-01
-1.369344999999999868e-01
-1.369344999999999868e-01
-1.367724999999999913e-01
-1.367724999999999913e-01
-1.367724999999999913e-01
-1.358749999999999958e-01
-1.358749999999999958e-01
-1.358749999999999958e-01
-1.358749999999999958e-01
-1.355484999999999884e-01
-1.353870000000000073e-01
-1.353870000000000073e-01
-1.352814999999999990e-01
-1.349754999999999983e-01
-1.349754999999999983e-01
-1.336275000000000102e-01
-1.336275000000000102e-01
-1.333044999999999924e-01
-1.333044999999999924e-01
-1.331789999999999918e-01
-1.330749999999999988e-01
-1.330749999999999988e-01
-1.323779999999999957e-01
-1.323779999999999957e-01
-1.322629999999999917e-01
-1.322629999999999917e-01
-1.322629999999999917e-01
-1.320770000000000000e-01
-1.320770000000000000e-01
-1.320770000000000000e-01
-1.320139999999999925e-01
-1.319839999999999902e-01
-1.314120000000000010e-01
-1.314120000000000010e-01
-1.312744999999999884e-01
-1.312744999999999884e-01
-1.309730000000000061e-01
-1.309730000000000061e-01
-1.306344999999999867e-01
-1.306344999999999867e-01
-1.303690000000000127e-01
-1.297395000000000076e-01
-1.297395000000000076e-01
-1.297395000000000076e-01
-1.297395000000000076e-01
-1.295294999999999919e-01
-1.295294999999999919e-01
-1.295294999999999919e-01
-1.294200000000000073e-01
-1.294200000000000073e-01
-1.294200000000000073e-01
-1.284240000000000104e-01
-1.284240000000000104e-01
-1.284240000000000104e-01
-1.284240000000000104e-01
-1.283360000000000056e-01
-1.283360000000000056e-01
-1.283360000000000056e-01
-1.283360000000000056e-01
-1.278505000000000058e-01
-1.274230000000000085e-01
-1.274230000000000085e-01
-1.274230000000000085e-01
-1.267344999999999999e-01
-1.267344999999999999e-01
-1.267344999999999999e-01
-1.267344999999999999e-01
-1.267344999999999999e-01
-1.267344999999999999e-01
-1.262675000000000047e-01
-1.262675000000000047e-01
-1.261664999999999870e-01
-1.261664999999999870e-01
-1.261664999999999870e-01
-1.261664999999999870e-01
-1.243070000000000008e-01
-1.243070000000000008e-01
-1.243070000000000008e-01
-1.240499999999999936e-01
-1.233375000000000027e-01
-1.230269999999999975e-01
-1.230269999999999975e-01
-1.222815000000000013e-01
-1.222815000000000013e-01
-1.222815000000000013e-01
-1.222815000000000013e-01
-1.222815000000000013e-01
-1.222815000000000013e-01
-1.222815000000000013e-01
-1.216565000000000007e-01
-1.216565000000000007e-01
-1.216565000000000007e-01
-1.212489999999999957e-01
-1.212489999999999957e-01
-1.212489999999999957e-01
-1.205200000000000021e-01
-1.205200000000000021e-01
-1.205200000000000021e-01
-1.205200000000000021e-01
-1.205200000000000021e-01
-1.197919999999999957e-01
-1.197919999999999957e-01
-1.197919999999999957e-01
-1.197000000000000008e-01
-1.196109999999999951e-01
-1.195500000000000035e-01
-1.195500000000000035e-01
-1.194874999999999965e-01
-1.191050000000000025e-01
-1.191050000000000025e-01
-1.191050000000000025e-01
-1.191050000000000025e-01
-1.186719999999999997e-01
-1.182514999999999955e-01
-1.182514999999999955e-01
-1.182514999999999955e-01
-1.178725000000000050e-01
-1.178725000000000050e-01
-1.178725000000000050e-01
-1.177045000000000036e-01
-1.175965000000000066e-01
-1.174815000000000026e-01
-1.173889999999999934e-01
-1.173889999999999934e-01
-1.167149999999999993e-01
-1.167149999999999993e-01
-1.167149999999999993e-01
-1.167149999999999993e-01
-1.167149999999999993e-01
-1.167149999999999993e-01
-1.167149999999999993e-01
-1.166910000000000031e-01
-1.166910000000000031e-01
-1.165189999999999976e-01
-1.163465000000000055e-01
-1.159315000000000068e-01
-1.158659999999999968e-01
-1.154519999999999991e-01
-1.154445000000000054e-01
-1.154445000000000054e-01
-1.152905000000000041e-01
-1.152905000000000041e-01
-1.140670000000000017e-01
-1.140670000000000017e-01
-1.140670000000000017e-01
-1.140670000000000017e-01
-1.137579999999999980e-01
-1.137579999999999980e-01
-1.137579999999999980e-01
-1.137459999999999999e-01
-1.137459999999999999e-01
-1.137459999999999999e-01
-1.136915000000000009e-01
-1.136915000000000009e-01
-1.133485000000000048e-01
-1.133485000000000048e-01
-1.133485000000000048e-01
-1.133485000000000048e-01
-1.130020000000000052e-01
-1.130020000000000052e-01
-1.130020000000000052e-01
-1.130020000000000052e-01
-1.130020000000000052e-01
-1.128040000000000015e-01
-1.126299999999999940e-01
-1.126299999999999940e-01
-1.126019999999999938e-01
-1.122900000000000009e-01
-1.119030000000000025e-01
-1.119030000000000025e-01
-1.119030000000000025e-01
-1.119030000000000025e-01
-1.114799999999999958e-01
-1.114799999999999958e-01
-1.114799999999999958e-01
-1.114799999999999958e-01
-1.113615000000000022e-01
-1.113254999999999939e-01
-1.113254999999999939e-01
-1.113254999999999939e-01
-1.113230000000000053e-01
-1.110489999999999949e-01
-1.110489999999999949e-01
-1.108350000000000030e-01
-1.108350000000000030e-01
-1.107540000000000052e-01
-1.107540000000000052e-01
-1.107540000000000052e-01
-1.105015000000000025e-01
-1.103399999999999936e-01
-1.103399999999999936e-01
-1.099099999999999938e-01
-1.099099999999999938e-01
-1.099099999999999938e-01
-1.099099999999999938e-01
-1.092570000000000069e-01
-1.092570000000000069e-01
-1.092570000000000069e-01
-1.090750000000000053e-01
-1.090750000000000053e-01
-1.090750000000000053e-01
-1.090750000000000053e-01
-1.090544999999999987e-01
-1.090544999999999987e-01
-1.089515000000000067e-01
-1.089515000000000067e-01
-1.087329999999999963e-01
-1.084070000000000034e-01
-1.084070000000000034e-01
-1.083059999999999995e-01
-1.078714999999999952e-01
-1.078714999999999952e-01
-1.074849999999999972e-01
-1.073665000000000036e-01
-1.071624999999999939e-01
-1.070099999999999940e-01
-1.070099999999999940e-01
-1.070099999999999940e-01
-1.070099999999999940e-01
-1.070099999999999940e-01
-1.069050000000000000e-01
-1.068915000000000004e-01
-1.067700000000000038e-01
-1.062514999999999987e-01
-1.061590000000000034e-01
-1.061590000000000034e-01
-1.061590000000000034e-01
-1.061590000000000034e-01
-1.059189999999999993e-01
-1.059189999999999993e-01
-1.059189999999999993e-01
-1.059189999999999993e-01
-1.058530000000000026e-01
-1.058530000000000026e-01
-1.058235000000000009e-01
-1.058000000000000052e-01
-1.057609999999999939e-01
-1.057560000000000028e-01
-1.055640000000000051e-01
-1.055640000000000051e-01
-1.050974999999999965e-01
-1.049660000000000037e-01
-1.049660000000000037e-01
-1.049660000000000037e-01
-1.049660000000000037e-01
-1.049660000000000037e-01
-1.049439999999999956e-01
-1.049439999999999956e-01
-1.048945000000000016e-01
-1.048945000000000016e-01
-1.048945000000000016e-01
-1.048945000000000016e-01
-1.047005000000000019e-01
-1.044994999999999952e-01
-1.044994999999999952e-01
-1.043120000000000019e-01
-1.041504999999999931e-01
-1.041504999999999931e-01
-1.041504999999999931e-01
-1.036154999999999993e-01
-1.036154999999999993e-01
-1.036154999999999993e-01
-1.031485000000000041e-01
-1.031485000000000041e-01
-1.031485000000000041e-01
-1.031485000000000041e-01
-1.031485000000000041e-01
-1.027824999999999989e-01
-1.027824999999999989e-01
-1.027224999999999944e-01
-1.023730000000000057e-01
-1.023730000000000057e-01
-1.023730000000000057e-01
-1.022045000000000037e-01
-1.021205000000000029e-01
-1.020589999999999969e-01
-1.020070000000000005e-01
-1.020070000000000005e-01
-1.018209999999999948e-01
-1.018209999999999948e-01
-1.012109999999999954e-01
-1.012109999999999954e-01
-1.012040000000000023e-01
-1.012040000000000023e-01
-1.009879999999999944e-01
-1.009879999999999944e-01
-1.009879999999999944e-01
-1.009879999999999944e-01
-1.009879999999999944e-01
-1.009879999999999944e-01
-1.009879999999999944e-01
-1.009609999999999952e-01
-1.005349999999999994e-01
-1.005349999999999994e-01
-1.005349999999999994e-01
-1.004300000000000054e-01
-1.004300000000000054e-01
-1.003975000000000006e-01
-1.003975000000000006e-01
-1.002524999999999944e-01
-1.002524999999999944e-01
-1.002315000000000011e-01
-9.967449999999999921e-02
-9.967449999999999921e-02
-9.967449999999999921e-02
-9.967449999999999921e-02
-9.966200000000000059e-02
-9.966200000000000059e-02
-9.966200000000000059e-02
-9.960299999999999709e-02
-9.924349999999999838e-02
-9.889000000000000568e-02
-9.889000000000000568e-02
-9.889000000000000568e-02
-9.889000000000000568e-02
-9.885750000000000093e-02
-9.885750000000000093e-02
-9.885750000000000093e-02
-9.884249999999999980e-02
-9.884249999999999980e-02
-9.884249999999999980e-02
-9.884249999999999980e-02
-9.884249999999999980e-02
-9.757799999999999807e-02
-9.757799999999999807e-02
-9.757799999999999807e-02
-9.757799999999999807e-02
-9.757799999999999807e-02
-9.757799999999999807e-02
-9.757799999999999807e-02
-9.722949999999999648e-02
-9.722949999999999648e-02
-9.722949999999999648e-02
-9.722949999999999648e-02
-9.722949999999999648e-02
-9.722949999999999648e-02
-9.692349999999999577e-02
-9.692349999999999577e-02
-9.692349999999999577e-02
-9.692349999999999577e-02
-9.692349999999999577e-02
-9.692349999999999577e-02
-9.692349999999999577e-02
-9.692349999999999577e-02
-9.689449999999999452e-02
-9.687400000000000178e-02
-9.682899999999999840e-02
-9.679400000000000504e-02
-9.674599999999999866e-02
-9.670049999999999479e-02
-9.666650000000000242e-02
-9.666349999999999942e-02
-9.666349999999999942e-02
-9.661450000000000593e-02
-9.642449999999999632e-02
-9.631499999999999784e-02
-9.631499999999999784e-02
-9.631499999999999784e-02
-9.631499999999999784e-02
-9.490750000000000575e-02
-9.490750000000000575e-02
-9.490750000000000575e-02
-9.490750000000000575e-02
-9.490750000000000575e-02
-9.490750000000000575e-02
-9.451700000000000379e-02
-9.451700000000000379e-02
-9.451700000000000379e-02
-9.451700000000000379e-02
-9.451700000000000379e-02
-9.451700000000000379e-02
-9.443550000000000555e-02
-9.438199999999999368e-02
-9.422800000000000620e-02
-9.422800000000000620e-02
-9.391499999999999848e-02
-9.391499999999999848e-02
-9.391499999999999848e-02
-9.391499999999999848e-02
-9.386150000000000049e-02
-9.384299999999999586e-02
-9.376249999999999862e-02
-9.367399999999999338e-02
-9.367399999999999338e-02
-9.365199999999999914e-02
-9.363499999999999601e-02
-9.363499999999999601e-02
-9.363499999999999601e-02
-9.333550000000000180e-02
-9.333550000000000180e-02
-9.309099999999999320e-02
-9.307050000000000045e-02
-9.285799999999999610e-02
-9.285799999999999610e-02
-9.275849999999999373e-02
-9.275849999999999373e-02
-9.275849999999999373e-02
-9.265349999999999975e-02
-9.265349999999999975e-02
-9.227399999999999491e-02
-9.227399999999999491e-02
-9.227399999999999491e-02
-9.220799999999999830e-02
-9.190299999999999858e-02
-9.190299999999999858e-02
-9.190299999999999858e-02
-9.190299999999999858e-02
-9.190099999999999658e-02
-9.165800000000000336e-02
-9.160450000000000537e-02
-9.160450000000000537e-02
-9.154199999999999837e-02
-9.143099999999999838e-02
-9.143099999999999838e-02
-9.131499999999999340e-02
-9.120799999999999741e-02
-9.102549999999999530e-02
-9.102549999999999530e-02
-9.090650000000000119e-02
-9.001349999999999629e-02
-9.001349999999999629e-02
-9.001349999999999629e-02
-8.985899999999999443e-02
-8.985899999999999443e-02
-8.985899999999999443e-02
-8.985899999999999443e-02
-8.985899999999999443e-02
-8.985899999999999443e-02
-8.958199999999999497e-02
-8.958199999999999497e-02
-8.958199999999999497e-02
-8.958199999999999497e-02
-8.958199999999999497e-02
-8.958199999999999497e-02
-8.952350000000000585e-02
-8.945250000000000423e-02
-8.940599999999999936e-02
-8.940599999999999936e-02
-8.940599999999999936e-02
-8.940599999999999936e-02
-8.927749999999999575e-02
-8.927749999999999575e-02
-8.926800000000000013e-02
-8.926800000000000013e-02
-8.926800000000000013e-02
-8.924899999999999500e-02
-8.876649999999999818e-02
-8.876649999999999818e-02
-8.876649999999999818e-02
-8.876649999999999818e-02
-8.876649999999999818e-02
-8.869349999999999457e-02
-8.869349999999999457e-02
-8.862000000000000433e-02
-8.856100000000000083e-02
-8.856100000000000083e-02
-8.856100000000000083e-02
-8.855599999999999583e-02
-8.851549999999999696e-02
-8.850550000000000084e-02
-8.838000000000000023e-02
-8.834400000000000586e-02
-8.834400000000000586e-02
-8.834400000000000586e-02
-8.833100000000000673e-02
-8.831949999999999523e-02
-8.826649999999999774e-02
-8.807249999999999801e-02
-8.807249999999999801e-02
-8.800750000000000239e-02
-8.787449999999999428e-02
-8.787449999999999428e-02
-8.777450000000000530e-02
-8.777450000000000530e-02
-8.777450000000000530e-02
-8.770000000000000018e-02
-8.770000000000000018e-02
-8.770000000000000018e-02
-8.763400000000000356e-02
-8.745300000000000296e-02
-8.745300000000000296e-02
-8.745300000000000296e-02
-8.740399999999999558e-02
-8.740399999999999558e-02
-8.723400000000000598e-02
-8.712999999999999912e-02
-8.711449999999999749e-02
-8.704000000000000625e-02
-8.704000000000000625e-02
-8.704000000000000625e-02
-8.696099999999999663e-02
-8.696099999999999663e-02
-8.667049999999999754e-02
-8.664600000000000080e-02
-8.653049999999999631e-02
-8.653049999999999631e-02
-8.653049999999999631e-02
-8.653049999999999631e-02
-8.653049999999999631e-02
-8.653049999999999631e-02
-8.648400000000000531e-02
-8.648400000000000531e-02
-8.648400000000000531e-02
-8.647950000000000081e-02
-8.647900000000000031e-02
-8.634799999999999420e-02
-8.634799999999999420e-02
-8.611199999999999410e-02
-8.611199999999999410e-02
-8.611199999999999410e-02
-8.611199999999999410e-02
-8.601749999999999674e-02
-8.587100000000000288e-02
-8.587100000000000288e-02
-8.583399999999999364e-02
-8.581950000000000689e-02
-8.581950000000000689e-02
-8.576200000000000490e-02
-8.576200000000000490e-02
-8.567550000000000165e-02
-8.547699999999999743e-02
-8.547699999999999743e-02
-8.547699999999999743e-02
-8.538949999999999319e-02
-8.538949999999999319e-02
-8.538949999999999319e-02
-8.470400000000000151e-02
-8.470400000000000151e-02
-8.470400000000000151e-02
-8.470400000000000151e-02
-8.470400000000000151e-02
-8.470400000000000151e-02
-8.470400000000000151e-02
-8.470400000000000151e-02
-8.470400000000000151e-02
-8.470400000000000151e-02
-8.465250000000000552e-02
-8.458749999999999603e-02
-8.450499999999999678e-02
-8.445300000000000029e-02
-8.445300000000000029e-02
-8.445300000000000029e-02
-8.440449999999999342e-02
-8.418499999999999595e-02
-8.418349999999999445e-02
-8.417449999999999932e-02
-8.417449999999999932e-02
-8.417449999999999932e-02
-8.417449999999999932e-02
-8.417449999999999932e-02
-8.393349999999999422e-02
-8.393349999999999422e-02
-8.393349999999999422e-02
-8.393349999999999422e-02
-8.386949999999999961e-02
-8.386949999999999961e-02
-8.386949999999999961e-02
-8.363149999999999751e-02
-8.363149999999999751e-02
-8.358100000000000251e-02
-8.358100000000000251e-02
-8.358100000000000251e-02
-8.358100000000000251e-02
-8.358100000000000251e-02
-8.358100000000000251e-02
-8.358100000000000251e-02
-8.352500000000000202e-02
-8.341700000000000503e-02
-8.325299999999999367e-02
-8.325299999999999367e-02
-8.325299999999999367e-02
-8.308250000000000357e-02
-8.308250000000000357e-02
-8.308250000000000357e-02
-8.308250000000000357e-02
-8.308250000000000357e-02
-8.266199999999999937e-02
-8.266199999999999937e-02
-8.255850000000000688e-02
-8.249499999999999889e-02
-8.248250000000000026e-02
-8.248250000000000026e-02
-8.248250000000000026e-02
-8.242099999999999427e-02
-8.242099999999999427e-02
-8.226450000000000429e-02
-8.205900000000000694e-02
-8.205900000000000694e-02
-8.205900000000000694e-02
-8.203449999999999631e-02
-8.203449999999999631e-02
-8.203449999999999631e-02
-8.198450000000000182e-02
-8.198450000000000182e-02
-8.195700000000000207e-02
-8.195700000000000207e-02
-8.194899999999999407e-02
-8.194899999999999407e-02
-8.194899999999999407e-02
-8.194899999999999407e-02
-8.194150000000000045e-02
-8.194150000000000045e-02
-8.194150000000000045e-02
-8.139499999999999513e-02
-8.139499999999999513e-02
-8.138499999999999901e-02
-8.138499999999999901e-02
-8.138199999999999601e-02
-8.138199999999999601e-02
-8.138199999999999601e-02
-8.130249999999999977e-02
-8.129350000000000465e-02
-8.129350000000000465e-02
-8.127049999999999552e-02
-8.117349999999999566e-02
-8.117349999999999566e-02
-8.117349999999999566e-02
-8.115400000000000391e-02
-8.107449999999999379e-02
-8.107449999999999379e-02
-8.094949999999999368e-02
-8.092100000000000681e-02
-8.092100000000000681e-02
-8.092100000000000681e-02
-8.089100000000000457e-02
-8.083450000000000357e-02
-8.076099999999999945e-02
-8.076099999999999945e-02
-8.076099999999999945e-02
-8.076099999999999945e-02
-8.051350000000000173e-02
-8.051350000000000173e-02
-8.049850000000000061e-02
-8.040500000000000425e-02
-8.039200000000000512e-02
-8.036899999999999600e-02
-8.036899999999999600e-02
-8.036600000000000688e-02
-8.019600000000000339e-02
-8.019600000000000339e-02
-8.019600000000000339e-02
-8.015250000000000152e-02
-8.004949999999999566e-02
-8.004949999999999566e-02
-8.004949999999999566e-02
-8.000050000000000217e-02
-7.940899999999999348e-02
-7.940899999999999348e-02
-7.940899999999999348e-02
-7.940899999999999348e-02
-7.940899999999999348e-02
-7.940899999999999348e-02
-7.940899999999999348e-02
-7.940899999999999348e-02
-7.940899999999999348e-02
-7.938099999999999323e-02
-7.934650000000000036e-02
-7.934650000000000036e-02
-7.930650000000000199e-02
-7.911899999999999489e-02
-7.911899999999999489e-02
-7.905950000000000477e-02
-7.905950000000000477e-02
-7.889500000000000679e-02
-7.889500000000000679e-02
-7.889500000000000679e-02
-7.888399999999999579e-02
-7.888399999999999579e-02
-7.888149999999999329e-02
-7.888149999999999329e-02
-7.842899999999999872e-02
-7.842899999999999872e-02
-7.837500000000000022e-02
-7.837500000000000022e-02
-7.837500000000000022e-02
-7.834699999999999998e-02
-7.824150000000000549e-02
-7.821899999999999686e-02
-7.816349999999999687e-02
-7.813699999999999812e-02
-7.810999999999999888e-02
-7.799699999999999689e-02
-7.798399999999999777e-02
-7.788449999999999540e-02
-7.788449999999999540e-02
-7.788449999999999540e-02
-7.788449999999999540e-02
-7.786800000000000666e-02
-7.786800000000000666e-02
-7.780299999999999716e-02
-7.780299999999999716e-02
-7.780299999999999716e-02
-7.780299999999999716e-02
-7.780299999999999716e-02
-7.780149999999999566e-02
-7.780149999999999566e-02
-7.780149999999999566e-02
-7.780149999999999566e-02
-7.778050000000000241e-02
-7.778050000000000241e-02
-7.778050000000000241e-02
-7.777599999999999791e-02
-7.773399999999999754e-02
-7.764649999999999330e-02
-7.760200000000000431e-02
-7.760200000000000431e-02
-7.760200000000000431e-02
-7.760200000000000431e-02
-7.760200000000000431e-02
-7.760200000000000431e-02
-7.755700000000000094e-02
-7.754750000000000532e-02
-7.745749999999999857e-02
-7.745749999999999857e-02
-7.745749999999999857e-02
-7.745299999999999407e-02
-7.738499999999999546e-02
-7.738499999999999546e-02
-7.738499999999999546e-02
-7.734199999999999409e-02
-7.712700000000000111e-02
-7.712700000000000111e-02
-7.712700000000000111e-02
-7.712700000000000111e-02
-7.712700000000000111e-02
-7.703899999999999637e-02
-7.703899999999999637e-02
-7.703899999999999637e-02
-7.701149999999999662e-02
-7.701149999999999662e-02
-7.686300000000000077e-02
-7.686300000000000077e-02
-7.686300000000000077e-02
-7.686300000000000077e-02
-7.673149999999999415e-02
-7.673149999999999415e-02
-7.670299999999999341e-02
-7.670299999999999341e-02
-7.670299999999999341e-02
-7.664500000000000479e-02
-7.664500000000000479e-02
-7.652200000000000668e-02
-7.652200000000000668e-02
-7.652200000000000668e-02
-7.652200000000000668e-02
-7.644199999999999606e-02
-7.620200000000000584e-02
-7.613549999999999485e-02
-7.613549999999999485e-02
-7.613549999999999485e-02
-7.613549999999999485e-02
-7.612750000000000072e-02
-7.612750000000000072e-02
-7.601650000000000074e-02
-7.599949999999999761e-02
-7.597950000000000537e-02
-7.593600000000000350e-02
-7.593600000000000350e-02
-7.593600000000000350e-02
-7.590149999999999675e-02
-7.565950000000000453e-02
-7.565950000000000453e-02
-7.565950000000000453e-02
-7.565950000000000453e-02
-7.565950000000000453e-02
-7.565950000000000453e-02
-7.565950000000000453e-02
-7.564099999999999990e-02
-7.559449999999999503e-02
-7.559449999999999503e-02
-7.559250000000000691e-02
-7.553650000000000642e-02
-7.549400000000000555e-02
-7.549400000000000555e-02
-7.549400000000000555e-02
-7.545100000000000418e-02
-7.543650000000000355e-02
-7.526299999999999657e-02
-7.526299999999999657e-02
-7.526299999999999657e-02
-7.526299999999999657e-02
-7.524949999999999695e-02
-7.524100000000000232e-02
-7.524100000000000232e-02
-7.519549999999999845e-02
-7.518750000000000433e-02
-7.518700000000000383e-02
-7.505249999999999422e-02
-7.502100000000000435e-02
-7.491200000000000636e-02
-7.491200000000000636e-02
-7.491200000000000636e-02
-7.489750000000000574e-02
-7.489750000000000574e-02
-7.488549999999999374e-02
-7.485150000000000137e-02
-7.470150000000000401e-02
-7.470150000000000401e-02
-7.470150000000000401e-02
-7.468700000000000339e-02
-7.449400000000000466e-02
-7.449400000000000466e-02
-7.449400000000000466e-02
-7.449400000000000466e-02
-7.449400000000000466e-02
-7.449400000000000466e-02
-7.444099999999999329e-02
-7.415149999999999519e-02
-7.415149999999999519e-02
-7.415149999999999519e-02
-7.415149999999999519e-02
-7.415149999999999519e-02
-7.415149999999999519e-02
-7.415149999999999519e-02
-7.415149999999999519e-02
-7.410550000000000470e-02
-7.407299999999999995e-02
-7.407299999999999995e-02
-7.407299999999999995e-02
-7.402150000000000396e-02
-7.402150000000000396e-02
-7.399300000000000321e-02
-7.395599999999999397e-02
-7.394499999999999684e-02
-7.392250000000000210e-02
-7.390900000000000247e-02
-7.389700000000000435e-02
-7.384999999999999898e-02
-7.384999999999999898e-02
-7.383349999999999635e-02
-7.378850000000000686e-02
-7.378099999999999936e-02
-7.370699999999999474e-02
-7.370699999999999474e-02
-7.368299999999999850e-02
-7.368299999999999850e-02
-7.358399999999999663e-02
-7.358399999999999663e-02
-7.356699999999999351e-02
-7.351149999999999352e-02
-7.345150000000000290e-02
-7.345150000000000290e-02
-7.345150000000000290e-02
-7.345150000000000290e-02
-7.344050000000000578e-02
-7.344050000000000578e-02
-7.344050000000000578e-02
-7.344050000000000578e-02
-7.343149999999999678e-02
-7.342700000000000615e-02
-7.335099999999999953e-02
-7.335099999999999953e-02
-7.335099999999999953e-02
-7.335099999999999953e-02
-7.335099999999999953e-02
-7.335099999999999953e-02
-7.331350000000000366e-02
-7.325500000000000067e-02
-7.320799999999999530e-02
-7.320799999999999530e-02
-7.320799999999999530e-02
-7.320350000000000468e-02
-7.317099999999999993e-02
-7.317099999999999993e-02
-7.317099999999999993e-02
-7.317099999999999993e-02
-7.317099999999999993e-02
-7.315449999999999731e-02
-7.315449999999999731e-02
-7.315449999999999731e-02
-7.297800000000000120e-02
-7.297800000000000120e-02
-7.297800000000000120e-02
-7.297800000000000120e-02
-7.297800000000000120e-02
-7.297800000000000120e-02
-7.297800000000000120e-02
-7.297800000000000120e-02
-7.297800000000000120e-02
-7.295599999999999308e-02
-7.295599999999999308e-02
-7.295599999999999308e-02
-7.295599999999999308e-02
-7.285999999999999421e-02
-7.285999999999999421e-02
-7.285999999999999421e-02
-7.285999999999999421e-02
-7.285999999999999421e-02
-7.285600000000000409e-02
-7.279800000000000160e-02
-7.279199999999999560e-02
-7.276849999999999985e-02
-7.276849999999999985e-02
-7.254700000000000037e-02
-7.253400000000000125e-02
-7.253400000000000125e-02
-7.248749999999999638e-02
-7.248749999999999638e-02
-7.248749999999999638e-02
-7.248749999999999638e-02
-7.247099999999999376e-02
-7.247099999999999376e-02
-7.243800000000000239e-02
-7.243800000000000239e-02
-7.243800000000000239e-02
-7.243800000000000239e-02
-7.243800000000000239e-02
-7.242949999999999389e-02
-7.242949999999999389e-02
-7.242949999999999389e-02
-7.242949999999999389e-02
-7.242949999999999389e-02
-7.242949999999999389e-02
-7.242949999999999389e-02
-7.242949999999999389e-02
-7.242949999999999389e-02
-7.242800000000000626e-02
-7.242800000000000626e-02
-7.238400000000000389e-02
-7.238400000000000389e-02
-7.238400000000000389e-02
-7.238400000000000389e-02
-7.238400000000000389e-02
-7.238400000000000389e-02
-7.238400000000000389e-02
-7.238400000000000389e-02
-7.238400000000000389e-02
-7.230699999999999628e-02
-7.230699999999999628e-02
-7.230699999999999628e-02
-7.230699999999999628e-02
-7.227999999999999703e-02
-7.227999999999999703e-02
-7.227649999999999353e-02
-7.227649999999999353e-02
-7.221249999999999891e-02
-7.221249999999999891e-02
-7.212349999999999317e-02
-7.212300000000000655e-02
-7.212300000000000655e-02
-7.211950000000000305e-02
-7.206949999999999468e-02
-7.206600000000000505e-02
-7.206600000000000505e-02
-7.204449999999999743e-02
-7.200800000000000256e-02
-7.200800000000000256e-02
-7.200099999999999556e-02
-7.200099999999999556e-02
-7.199250000000000094e-02
-7.199250000000000094e-02
-7.190649999999999820e-02
-7.188899999999999457e-02
-7.187100000000000433e-02
-7.179449999999999721e-02
-7.179449999999999721e-02
-7.179449999999999721e-02
-7.179449999999999721e-02
-7.172850000000000059e-02
-7.130649999999999489e-02
-7.130649999999999489e-02
-7.130649999999999489e-02
-7.130649999999999489e-02
-7.130649999999999489e-02
-7.130649999999999489e-02
-7.130649999999999489e-02
-7.130649999999999489e-02
-7.127300000000000302e-02
-7.127300000000000302e-02
-7.121199999999999752e-02
-7.121199999999999752e-02
-7.116000000000000103e-02
-7.116000000000000103e-02
-7.116000000000000103e-02
-7.116000000000000103e-02
-7.116000000000000103e-02
-7.116000000000000103e-02
-7.116000000000000103e-02
-7.108200000000000629e-02
-7.108200000000000629e-02
-7.108200000000000629e-02
-7.108200000000000629e-02
-7.108200000000000629e-02
-7.108200000000000629e-02
-7.108200000000000629e-02
-7.108200000000000629e-02
-7.106300000000000117e-02
-7.105150000000000354e-02
-7.100499999999999867e-02
-7.100499999999999867e-02
-7.100499999999999867e-02
-7.100299999999999667e-02
-7.100299999999999667e-02
-7.100299999999999667e-02
-7.098849999999999605e-02
-7.098849999999999605e-02
-7.098799999999999555e-02
-7.098649999999999405e-02
-7.098649999999999405e-02
-7.098100000000000243e-02
-7.098100000000000243e-02
-7.098100000000000243e-02
-7.097399999999999542e-02
-7.097050000000000580e-02
-7.097050000000000580e-02
-7.093599999999999905e-02
-7.093599999999999905e-02
-7.093599999999999905e-02
-7.092850000000000543e-02
-7.092850000000000543e-02
-7.092850000000000543e-02
-7.092400000000000093e-02
-7.092400000000000093e-02
-7.091000000000000081e-02
-7.090449999999999531e-02
-7.089650000000000118e-02
-7.089650000000000118e-02
-7.089650000000000118e-02
-7.087499999999999356e-02
-7.087450000000000694e-02
-7.087450000000000694e-02
-7.087450000000000694e-02
-7.087350000000000594e-02
-7.087350000000000594e-02
-7.085900000000000531e-02
-7.085900000000000531e-02
-7.085900000000000531e-02
-7.085900000000000531e-02
-7.085900000000000531e-02
-7.085750000000000381e-02
-7.085750000000000381e-02
-7.085099999999999731e-02
-7.085099999999999731e-02
-7.075149999999999495e-02
-7.074900000000000633e-02
-7.074750000000000483e-02
-7.074600000000000333e-02
-7.049049999999999760e-02
-7.049049999999999760e-02
-7.049049999999999760e-02
-7.049049999999999760e-02
-7.049049999999999760e-02
-7.049049999999999760e-02
-7.049049999999999760e-02
-7.049049999999999760e-02
-7.043549999999999811e-02
-7.043449999999999711e-02
-7.039850000000000274e-02
-7.039850000000000274e-02
-7.039850000000000274e-02
-7.036549999999999749e-02
-7.036549999999999749e-02
-7.029100000000000625e-02
-7.028199999999999725e-02
-7.028199999999999725e-02
-7.027250000000000163e-02
-7.024550000000000238e-02
-7.024550000000000238e-02
-7.024550000000000238e-02
-7.022000000000000464e-02
-7.022000000000000464e-02
-7.022000000000000464e-02
-7.019400000000000639e-02
-7.017650000000000277e-02
-7.017650000000000277e-02
-7.017650000000000277e-02
-7.017650000000000277e-02
-7.017650000000000277e-02
-7.016749999999999376e-02
-7.000649999999999928e-02
-7.000649999999999928e-02
-7.000649999999999928e-02
-7.000649999999999928e-02
-7.000649999999999928e-02
-7.000649999999999928e-02
-7.000649999999999928e-02
-6.998999999999999666e-02
-6.992650000000000254e-02
-6.992650000000000254e-02
-6.987500000000000655e-02
-6.986449999999999605e-02
-6.986449999999999605e-02
-6.986449999999999605e-02
-6.985850000000000393e-02
-6.983050000000000368e-02
-6.978650000000000131e-02
-6.971499999999999919e-02
-6.971499999999999919e-02
-6.971499999999999919e-02
-6.971499999999999919e-02
-6.949800000000000422e-02
-6.949800000000000422e-02
-6.944250000000000422e-02
-6.944250000000000422e-02
-6.944250000000000422e-02
-6.943599999999999772e-02
-6.939249999999999585e-02
-6.939249999999999585e-02
-6.939249999999999585e-02
-6.937250000000000361e-02
-6.934999999999999498e-02
-6.933999999999999886e-02
-6.931099999999999761e-02
-6.926749999999999574e-02
-6.926749999999999574e-02
-6.926749999999999574e-02
-6.926749999999999574e-02
-6.923100000000000087e-02
-6.923100000000000087e-02
-6.923100000000000087e-02
-6.923100000000000087e-02
-6.921599999999999975e-02
-6.921599999999999975e-02
-6.917900000000000438e-02
-6.917900000000000438e-02
-6.917850000000000388e-02
-6.916500000000000425e-02
-6.913999999999999313e-02
-6.913999999999999313e-02
-6.912400000000000488e-02
-6.912400000000000488e-02
-6.912400000000000488e-02
-6.910750000000000226e-02
-6.906700000000000339e-02
-6.906700000000000339e-02
-6.906700000000000339e-02
-6.905500000000000527e-02
-6.905500000000000527e-02
-6.902550000000000352e-02
-6.902550000000000352e-02
-6.899750000000000327e-02
-6.899750000000000327e-02
-6.899750000000000327e-02
-6.899750000000000327e-02
-6.899750000000000327e-02
-6.897300000000000653e-02
-6.897300000000000653e-02
-6.894849999999999590e-02
-6.894849999999999590e-02
-6.894849999999999590e-02
-6.889299999999999591e-02
-6.889299999999999591e-02
-6.889299999999999591e-02
-6.889299999999999591e-02
-6.888750000000000429e-02
-6.887150000000000216e-02
-6.887150000000000216e-02
-6.887150000000000216e-02
-6.885049999999999504e-02
-6.885049999999999504e-02
-6.885049999999999504e-02
-6.885049999999999504e-02
-6.882900000000000129e-02
-6.880650000000000654e-02
-6.879200000000000592e-02
-6.878099999999999492e-02
-6.874249999999999805e-02
-6.873650000000000593e-02
-6.873650000000000593e-02
-6.872999999999999943e-02
-6.865499999999999381e-02
-6.855999999999999595e-02
-6.855999999999999595e-02
-6.855999999999999595e-02
-6.855999999999999595e-02
-6.854150000000000520e-02
-6.850449999999999595e-02
-6.847050000000000358e-02
-6.847050000000000358e-02
-6.847050000000000358e-02
-6.847050000000000358e-02
-6.847050000000000358e-02
-6.847050000000000358e-02
-6.847050000000000358e-02
-6.845650000000000346e-02
-6.845500000000000196e-02
-6.845500000000000196e-02
-6.844999999999999696e-02
-6.844200000000000284e-02
-6.843100000000000571e-02
-6.843100000000000571e-02
-6.843100000000000571e-02
-6.842950000000000421e-02
-6.842299999999999771e-02
-6.831049999999999622e-02
-6.831049999999999622e-02
-6.831049999999999622e-02
-6.831049999999999622e-02
-6.831049999999999622e-02
-6.831049999999999622e-02
-6.830799999999999372e-02
-6.830749999999999322e-02
-6.830749999999999322e-02
-6.826300000000000423e-02
-6.825900000000000023e-02
-6.825900000000000023e-02
-6.825900000000000023e-02
-6.824850000000000361e-02
-6.824850000000000361e-02
-6.822050000000000336e-02
-6.822050000000000336e-02
-6.821199999999999486e-02
-6.818549999999999611e-02
-6.818549999999999611e-02
-6.818549999999999611e-02
-6.818549999999999611e-02
-6.817850000000000299e-02
-6.817750000000000199e-02
-6.817700000000000149e-02
-6.816850000000000687e-02
-6.815949999999999787e-02
-6.815949999999999787e-02
-6.815949999999999787e-02
-6.815949999999999787e-02
-6.815949999999999787e-02
-6.815949999999999787e-02
-6.815799999999999637e-02
-6.815150000000000374e-02
-6.815150000000000374e-02
-6.814950000000000174e-02
-6.814950000000000174e-02
-6.814950000000000174e-02
-6.814599999999999824e-02
-6.812150000000000150e-02
-6.810850000000000237e-02
-6.810850000000000237e-02
-6.810850000000000237e-02
-6.807699999999999863e-02
-6.807699999999999863e-02
-6.804599999999999538e-02
-6.803599999999999925e-02
-6.803599999999999925e-02
-6.802950000000000663e-02
-6.800349999999999451e-02
-6.798949999999999438e-02
-6.798949999999999438e-02
-6.795650000000000301e-02
-6.795650000000000301e-02
-6.795650000000000301e-02
-6.795650000000000301e-02
-6.795650000000000301e-02
-6.795650000000000301e-02
-6.795650000000000301e-02
-6.793150000000000577e-02
-6.793150000000000577e-02
-6.793150000000000577e-02
-6.793150000000000577e-02
-6.793150000000000577e-02
-6.793150000000000577e-02
-6.793150000000000577e-02
-6.750799999999999856e-02
-6.750799999999999856e-02
-6.750799999999999856e-02
-6.750799999999999856e-02
-6.750799999999999856e-02
-6.750799999999999856e-02
-6.750799999999999856e-02
-6.750799999999999856e-02
-6.750799999999999856e-02
-6.749499999999999944e-02
-6.749499999999999944e-02
-6.749499999999999944e-02
-6.745299999999999907e-02
-6.745299999999999907e-02
-6.739599999999999758e-02
-6.739599999999999758e-02
-6.730150000000000021e-02
-6.730150000000000021e-02
-6.730150000000000021e-02
-6.730150000000000021e-02
-6.730150000000000021e-02
-6.730150000000000021e-02
-6.730150000000000021e-02
-6.715550000000000685e-02
-6.714349999999999485e-02
-6.714349999999999485e-02
-6.714349999999999485e-02
-6.713800000000000323e-02
-6.713099999999999623e-02
-6.713099999999999623e-02
-6.712400000000000311e-02
-6.712400000000000311e-02
-6.712400000000000311e-02
-6.712350000000000261e-02
-6.710349999999999648e-02
-6.710349999999999648e-02
-6.676100000000000090e-02
-6.676100000000000090e-02
-6.676100000000000090e-02
-6.676100000000000090e-02
-6.676100000000000090e-02
-6.676100000000000090e-02
-6.676100000000000090e-02
-6.676100000000000090e-02
-6.676100000000000090e-02
-6.674950000000000327e-02
-6.674950000000000327e-02
-6.674950000000000327e-02
-6.674950000000000327e-02
-6.674950000000000327e-02
-6.674950000000000327e-02
-6.674950000000000327e-02
-6.674950000000000327e-02
-6.674950000000000327e-02
-6.674950000000000327e-02
-6.674850000000000227e-02
-6.674299999999999677e-02
-6.674299999999999677e-02
-6.665350000000000441e-02
-6.665350000000000441e-02
-6.665350000000000441e-02
-6.665350000000000441e-02
-6.665350000000000441e-02
-6.665350000000000441e-02
-6.665350000000000441e-02
-6.665350000000000441e-02
-6.665350000000000441e-02
-6.665350000000000441e-02
-6.665350000000000441e-02
-6.665350000000000441e-02
-6.665350000000000441e-02
-6.665350000000000441e-02
-6.661150000000000404e-02
-6.661150000000000404e-02
-6.661150000000000404e-02
-6.661150000000000404e-02
-6.661150000000000404e-02
-6.661150000000000404e-02
-6.652199999999999780e-02
-6.652199999999999780e-02
-6.652199999999999780e-02
-6.652199999999999780e-02
-6.652199999999999780e-02
-6.648750000000000493e-02
-6.648750000000000493e-02
-6.648750000000000493e-02
-6.648750000000000493e-02
-6.648750000000000493e-02
-6.648750000000000493e-02
-6.648750000000000493e-02
-6.648750000000000493e-02
-6.648750000000000493e-02
-6.647599999999999343e-02
-6.644350000000000256e-02
-6.644350000000000256e-02
-6.644350000000000256e-02
-6.644350000000000256e-02
-6.644350000000000256e-02
-6.644350000000000256e-02
-6.644350000000000256e-02
-6.641950000000000631e-02
-6.641950000000000631e-02
-6.641950000000000631e-02
-6.641950000000000631e-02
-6.637650000000000494e-02
-6.637450000000000294e-02
-6.637450000000000294e-02
-6.636549999999999394e-02
-6.636549999999999394e-02
-6.636549999999999394e-02
-6.636549999999999394e-02
-6.636549999999999394e-02
-6.634400000000000019e-02
-6.634400000000000019e-02
-6.634400000000000019e-02
-6.633749999999999369e-02
-6.633749999999999369e-02
-6.632699999999999707e-02
-6.632100000000000495e-02
-6.631950000000000345e-02
-6.631950000000000345e-02
-6.631950000000000345e-02
-6.631299999999999695e-02
-6.631299999999999695e-02
-6.631299999999999695e-02
-6.630850000000000632e-02
-6.630300000000000082e-02
-6.628649999999999820e-02
-6.628649999999999820e-02
-6.626700000000000645e-02
-6.626700000000000645e-02
-6.616149999999999809e-02
-6.616149999999999809e-02
-6.616149999999999809e-02
-6.616149999999999809e-02
-6.616149999999999809e-02
-6.616149999999999809e-02
-6.616149999999999809e-02
-6.616149999999999809e-02
-6.613800000000000234e-02
-6.613800000000000234e-02
-6.613800000000000234e-02
-6.613800000000000234e-02
-6.613800000000000234e-02
-6.610599999999999810e-02
-6.610599999999999810e-02
-6.610599999999999810e-02
-6.610599999999999810e-02
-6.610599999999999810e-02
-6.610599999999999810e-02
-6.610549999999999760e-02
-6.609700000000000297e-02
-6.609600000000000197e-02
-6.609600000000000197e-02
-6.609199999999999797e-02
-6.604599999999999360e-02
-6.604549999999999310e-02
-6.604549999999999310e-02
-6.603449999999999598e-02
-6.603449999999999598e-02
-6.601899999999999435e-02
-6.588199999999999612e-02
-6.588199999999999612e-02
-6.588199999999999612e-02
-6.588199999999999612e-02
-6.588199999999999612e-02
-6.588199999999999612e-02
-6.588199999999999612e-02
-6.588199999999999612e-02
-6.588199999999999612e-02
-6.588199999999999612e-02
-6.588199999999999612e-02
-6.588199999999999612e-02
-6.588199999999999612e-02
-6.588199999999999612e-02
-6.588199999999999612e-02
-6.586849999999999650e-02
-6.586849999999999650e-02
-6.573650000000000326e-02
-6.573650000000000326e-02
-6.573650000000000326e-02
-6.573650000000000326e-02
-6.573650000000000326e-02
-6.573650000000000326e-02
-6.573650000000000326e-02
-6.573650000000000326e-02
-6.573650000000000326e-02
-6.573650000000000326e-02
-6.572350000000000414e-02
-6.572350000000000414e-02
-6.568999999999999839e-02
-6.568999999999999839e-02
-6.568999999999999839e-02
-6.568999999999999839e-02
-6.567249999999999477e-02
-6.562949999999999340e-02
-6.562949999999999340e-02
-6.562949999999999340e-02
-6.562949999999999340e-02
-6.562949999999999340e-02
-6.562949999999999340e-02
-6.562949999999999340e-02
-6.556249999999999578e-02
-6.556249999999999578e-02
-6.556249999999999578e-02
-6.554949999999999666e-02
-6.554949999999999666e-02
-6.554949999999999666e-02
-6.554949999999999666e-02
-6.554949999999999666e-02
-6.554949999999999666e-02
-6.551049999999999929e-02
-6.551049999999999929e-02
-6.551049999999999929e-02
-6.551049999999999929e-02
-6.551049999999999929e-02
-6.550100000000000366e-02
-6.550100000000000366e-02
-6.550100000000000366e-02
-6.550100000000000366e-02
-6.549850000000000116e-02
-6.549850000000000116e-02
-6.548500000000000154e-02
-6.548049999999999704e-02
-6.548049999999999704e-02
-6.547699999999999354e-02
-6.547699999999999354e-02
-6.547699999999999354e-02
-6.547699999999999354e-02
-6.545549999999999979e-02
-6.545549999999999979e-02
-6.545549999999999979e-02
-6.542149999999999355e-02
-6.542149999999999355e-02
-6.542149999999999355e-02
-6.542149999999999355e-02
-6.542149999999999355e-02
-6.540050000000000030e-02
-6.540050000000000030e-02
-6.540050000000000030e-02
-6.540050000000000030e-02
-6.540050000000000030e-02
-6.532849999999999768e-02
-6.532849999999999768e-02
-6.532849999999999768e-02
-6.532849999999999768e-02
-6.532849999999999768e-02
-6.532849999999999768e-02
-6.531850000000000156e-02
-6.531850000000000156e-02
-6.531850000000000156e-02
-6.531850000000000156e-02
-6.531850000000000156e-02
-6.528299999999999381e-02
-6.528100000000000569e-02
-6.528100000000000569e-02
-6.528100000000000569e-02
-6.528100000000000569e-02
-6.526200000000000057e-02
-6.526200000000000057e-02
-6.526200000000000057e-02
-6.518549999999999345e-02
-6.518549999999999345e-02
-6.518549999999999345e-02
-6.518549999999999345e-02
-6.518549999999999345e-02
-6.518549999999999345e-02
-6.518549999999999345e-02
-6.518549999999999345e-02
-6.518549999999999345e-02
-6.517499999999999682e-02
-6.517499999999999682e-02
-6.517499999999999682e-02
-6.517499999999999682e-02
-6.517499999999999682e-02
-6.517499999999999682e-02
-6.517249999999999432e-02
-6.508200000000000096e-02
-6.508200000000000096e-02
-6.508200000000000096e-02
-6.508200000000000096e-02
-6.508200000000000096e-02
-6.505600000000000271e-02
-6.505600000000000271e-02
-6.503399999999999459e-02
-6.503399999999999459e-02
-6.503399999999999459e-02
-6.503399999999999459e-02
-6.498850000000000460e-02
-6.498850000000000460e-02
-6.498800000000000410e-02
-6.497650000000000647e-02
-6.497650000000000647e-02
-6.497650000000000647e-02
-6.492900000000000060e-02
-6.492900000000000060e-02
-6.492900000000000060e-02
-6.492900000000000060e-02
-6.492900000000000060e-02
-6.492900000000000060e-02
-6.492900000000000060e-02
-6.492900000000000060e-02
-6.492900000000000060e-02
-6.490600000000000536e-02
-6.490600000000000536e-02
-6.489549999999999486e-02
-6.489549999999999486e-02
-6.489549999999999486e-02
-6.489549999999999486e-02
-6.489549999999999486e-02
-6.489350000000000673e-02
-6.488449999999999773e-02
-6.488449999999999773e-02
-6.488449999999999773e-02
-6.488449999999999773e-02
-6.478399999999999437e-02
-6.478399999999999437e-02
-6.478399999999999437e-02
-6.477950000000000375e-02
-6.477950000000000375e-02
-6.477049999999999474e-02
-6.473199999999999787e-02
-6.473199999999999787e-02
-6.473199999999999787e-02
-6.468100000000000238e-02
-6.468100000000000238e-02
-6.468100000000000238e-02
-6.466500000000000026e-02
-6.466500000000000026e-02
-6.466500000000000026e-02
-6.465400000000000313e-02
-6.465400000000000313e-02
-6.464350000000000651e-02
-6.464350000000000651e-02
-6.464350000000000651e-02
-6.464350000000000651e-02
-6.464350000000000651e-02
-6.464350000000000651e-02
-6.464350000000000651e-02
-6.464350000000000651e-02
-6.464350000000000651e-02
-6.464150000000000451e-02
-6.464150000000000451e-02
-6.463850000000000151e-02
-6.461799999999999489e-02
-6.461799999999999489e-02
-6.456299999999999539e-02
-6.455500000000000127e-02
-6.455500000000000127e-02
-6.454949999999999577e-02
-6.454949999999999577e-02
-6.454949999999999577e-02
-6.454949999999999577e-02
-6.454849999999999477e-02
-6.454849999999999477e-02
-6.454849999999999477e-02
-6.454849999999999477e-02
-6.454849999999999477e-02
-6.454849999999999477e-02
-6.454350000000000365e-02
-6.442249999999999366e-02
-6.442249999999999366e-02
-6.442249999999999366e-02
-6.442249999999999366e-02
-6.442249999999999366e-02
-6.442249999999999366e-02
-6.442249999999999366e-02
-6.442249999999999366e-02
-6.442249999999999366e-02
-6.442249999999999366e-02
-6.442249999999999366e-02
-6.442249999999999366e-02
-6.442249999999999366e-02
-6.442249999999999366e-02
-6.440550000000000441e-02
-6.439400000000000679e-02
-6.439400000000000679e-02
-6.439400000000000679e-02
-6.439400000000000679e-02
-6.439400000000000679e-02
-6.433200000000000029e-02
-6.433200000000000029e-02
-6.433200000000000029e-02
-6.431199999999999417e-02
-6.431199999999999417e-02
-6.429899999999999505e-02
-6.429899999999999505e-02
-6.428549999999999542e-02
-6.428399999999999392e-02
-6.427349999999999730e-02
-6.426750000000000518e-02
-6.426750000000000518e-02
-6.426750000000000518e-02
-6.426750000000000518e-02
-6.426750000000000518e-02
-6.426750000000000518e-02
-6.426500000000000268e-02
-6.420399999999999718e-02
-6.420399999999999718e-02
-6.420399999999999718e-02
-6.420399999999999718e-02
-6.420399999999999718e-02
-6.420399999999999718e-02
-6.420399999999999718e-02
-6.420399999999999718e-02
-6.420399999999999718e-02
-6.420399999999999718e-02
-6.420399999999999718e-02
-6.420399999999999718e-02
-6.420399999999999718e-02
-6.420399999999999718e-02
-6.420399999999999718e-02
-6.412900000000000544e-02
-6.412900000000000544e-02
-6.412500000000000144e-02
-6.412500000000000144e-02
-6.412500000000000144e-02
-6.412500000000000144e-02
-6.412500000000000144e-02
-6.412500000000000144e-02
-6.412500000000000144e-02
-6.412500000000000144e-02
-6.412500000000000144e-02
-6.412500000000000144e-02
-6.408350000000000157e-02
-6.408350000000000157e-02
-6.408350000000000157e-02
-6.408350000000000157e-02
-6.408350000000000157e-02
-6.403649999999999620e-02
-6.403649999999999620e-02
-6.403649999999999620e-02
-6.403649999999999620e-02
-6.403649999999999620e-02
-6.403200000000000558e-02
-6.403050000000000408e-02
-6.400050000000000183e-02
-6.400050000000000183e-02
-6.400050000000000183e-02
-6.400050000000000183e-02
-6.400050000000000183e-02
-6.400050000000000183e-02
-6.400050000000000183e-02
-6.399100000000000621e-02
-6.394099999999999784e-02
-6.394099999999999784e-02
-6.394099999999999784e-02
-6.394099999999999784e-02
-6.394099999999999784e-02
-6.394099999999999784e-02
-6.394099999999999784e-02
-6.394099999999999784e-02
-6.394099999999999784e-02
-6.394099999999999784e-02
-6.394099999999999784e-02
-6.393799999999999484e-02
-6.393799999999999484e-02
-6.393799999999999484e-02
-6.393550000000000622e-02
-6.392499999999999571e-02
-6.392499999999999571e-02
-6.390650000000000497e-02
-6.390650000000000497e-02
-6.386600000000000610e-02
-6.386600000000000610e-02
-6.386600000000000610e-02
-6.386600000000000610e-02
-6.386600000000000610e-02
-6.386400000000000410e-02
-6.386400000000000410e-02
-6.386400000000000410e-02
-6.383300000000000085e-02
-6.383300000000000085e-02
-6.383300000000000085e-02
-6.383300000000000085e-02
-6.381950000000000123e-02
-6.381399999999999573e-02
-6.381399999999999573e-02
-6.380299999999999860e-02
-6.380299999999999860e-02
-6.376999999999999336e-02
-6.374499999999999611e-02
-6.373499999999999999e-02
-6.373499999999999999e-02
-6.373499999999999999e-02
-6.373499999999999999e-02
-6.373499999999999999e-02
-6.373499999999999999e-02
-6.371350000000000624e-02
-6.371300000000000574e-02
-6.371300000000000574e-02
-6.371300000000000574e-02
-6.371300000000000574e-02
-6.371300000000000574e-02
-6.371200000000000474e-02
-6.371100000000000374e-02
-6.370750000000000024e-02
-6.370750000000000024e-02
-6.370299999999999574e-02
-6.364150000000000362e-02
-6.349150000000000627e-02
-6.349150000000000627e-02
-6.349150000000000627e-02
-6.349150000000000627e-02
-6.349150000000000627e-02
-6.349150000000000627e-02
-6.349150000000000627e-02
-6.348199999999999676e-02
-6.347400000000000264e-02
-6.347400000000000264e-02
-6.347400000000000264e-02
-6.347400000000000264e-02
-6.347350000000000214e-02
-6.347350000000000214e-02
-6.347350000000000214e-02
-6.346499999999999364e-02
-6.346000000000000252e-02
-6.345549999999999802e-02
-6.343749999999999389e-02
-6.339500000000000690e-02
-6.339500000000000690e-02
-6.339500000000000690e-02
-6.339100000000000290e-02
-6.334800000000000153e-02
-6.334800000000000153e-02
-6.334800000000000153e-02
-6.334800000000000153e-02
-6.333750000000000491e-02
-6.332400000000000528e-02
-6.332400000000000528e-02
-6.332000000000000128e-02
-6.332000000000000128e-02
-6.331950000000000078e-02
-6.331950000000000078e-02
-6.331749999999999878e-02
-6.329750000000000654e-02
-6.329750000000000654e-02
-6.329750000000000654e-02
-6.328400000000000691e-02
-6.328400000000000691e-02
-6.328200000000000491e-02
-6.327549999999999841e-02
-6.327449999999999741e-02
-6.326249999999999929e-02
-6.323800000000000254e-02
-6.323800000000000254e-02
-6.322650000000000492e-02
-6.322650000000000492e-02
-6.322450000000000292e-02
-6.321849999999999692e-02
-6.321849999999999692e-02
-6.320449999999999680e-02
-6.320449999999999680e-02
-6.318000000000000005e-02
-6.316299999999999693e-02
-6.311400000000000343e-02
-6.311400000000000343e-02
-6.311400000000000343e-02
-6.311400000000000343e-02
-6.311400000000000343e-02
-6.299799999999999844e-02
-6.299799999999999844e-02
-6.299799999999999844e-02
-6.299799999999999844e-02
-6.299799999999999844e-02
-6.299799999999999844e-02
-6.299799999999999844e-02
-6.299799999999999844e-02
-6.297650000000000470e-02
-6.297650000000000470e-02
-6.297650000000000470e-02
-6.297650000000000470e-02
-6.297099999999999920e-02
-6.297099999999999920e-02
-6.297099999999999920e-02
-6.295599999999999807e-02
-6.295549999999999757e-02
-6.294049999999999645e-02
-6.294049999999999645e-02
-6.292899999999999883e-02
-6.292899999999999883e-02
-6.289999999999999758e-02
-6.289999999999999758e-02
-6.289999999999999758e-02
-6.288449999999999596e-02
-6.288150000000000683e-02
-6.288150000000000683e-02
-6.287349999999999883e-02
-6.287349999999999883e-02
-6.287349999999999883e-02
-6.286350000000000271e-02
-6.286350000000000271e-02
-6.286350000000000271e-02
-6.286350000000000271e-02
-6.286200000000000121e-02
-6.286200000000000121e-02
-6.286100000000000021e-02
-6.285899999999999821e-02
-6.285899999999999821e-02
-6.278400000000000647e-02
-6.278400000000000647e-02
-6.272850000000000648e-02
-6.272850000000000648e-02
-6.272850000000000648e-02
-6.272850000000000648e-02
-6.272850000000000648e-02
-6.272850000000000648e-02
-6.272850000000000648e-02
-6.272850000000000648e-02
-6.272500000000000298e-02
-6.272149999999999948e-02
-6.271599999999999397e-02
-6.271599999999999397e-02
-6.271250000000000435e-02
-6.271250000000000435e-02
-6.271250000000000435e-02
-6.270549999999999735e-02
-6.270149999999999335e-02
-6.270050000000000623e-02
-6.269950000000000523e-02
-6.269550000000000123e-02
-6.269550000000000123e-02
-6.269049999999999623e-02
-6.267200000000000548e-02
-6.267200000000000548e-02
-6.266800000000000148e-02
-6.261350000000000249e-02
-6.261350000000000249e-02
-6.261350000000000249e-02
-6.261350000000000249e-02
-6.261350000000000249e-02
-6.256899999999999962e-02
-6.256899999999999962e-02
-6.256899999999999962e-02
-6.256899999999999962e-02
-6.256899999999999962e-02
-6.256899999999999962e-02
-6.256899999999999962e-02
-6.256899999999999962e-02
-6.253799999999999637e-02
-6.253799999999999637e-02
-6.253799999999999637e-02
-6.253799999999999637e-02
-6.253799999999999637e-02
-6.253649999999999487e-02
-6.253649999999999487e-02
-6.253649999999999487e-02
-6.251900000000000512e-02
-6.251900000000000512e-02
-6.251900000000000512e-02
-6.251900000000000512e-02
-6.251650000000000262e-02
-6.251450000000000062e-02
-6.251349999999999962e-02
-6.250849999999999462e-02
-6.250400000000000400e-02
-6.250400000000000400e-02
-6.250400000000000400e-02
-6.250000000000000000e-02
-6.250000000000000000e-02
-6.250000000000000000e-02
-6.249949999999999950e-02
-6.249949999999999950e-02
-6.249799999999999800e-02
-6.249600000000000294e-02
-6.249500000000000194e-02
-6.249450000000000144e-02
-6.249199999999999894e-02
-6.249199999999999894e-02
-6.249199999999999894e-02
-6.249199999999999894e-02
-6.249099999999999794e-02
-6.248800000000000188e-02
-6.247450000000000225e-02
-6.247450000000000225e-02
-6.247450000000000225e-02
-6.246800000000000269e-02
-6.245450000000000307e-02
-6.245250000000000107e-02
-6.244650000000000201e-02
-6.242799999999999738e-02
-6.242600000000000232e-02
-6.242500000000000132e-02
-6.242500000000000132e-02
-6.242249999999999882e-02
-6.242249999999999882e-02
-6.242249999999999882e-02
-6.242249999999999882e-02
-6.241900000000000226e-02
-6.241150000000000170e-02
-6.241150000000000170e-02
-6.241150000000000170e-02
-6.241000000000000020e-02
-6.241000000000000020e-02
-6.241000000000000020e-02
-6.241000000000000020e-02
-6.240799999999999820e-02
-6.240799999999999820e-02
-6.240799999999999820e-02
-6.240699999999999720e-02
-6.240699999999999720e-02
-6.239650000000000057e-02
-6.239650000000000057e-02
-6.238599999999999701e-02
-6.238400000000000195e-02
-6.238400000000000195e-02
-6.237299999999999789e-02
-6.237299999999999789e-02
-6.237299999999999789e-02
-6.237299999999999789e-02
-6.237150000000000333e-02
-6.237150000000000333e-02
-6.237150000000000333e-02
-6.237100000000000283e-02
-6.237100000000000283e-02
-6.237100000000000283e-02
-6.236950000000000133e-02
-6.236950000000000133e-02
-6.236350000000000227e-02
-6.234649999999999914e-02
-6.234549999999999814e-02
-6.230100000000000221e-02
-6.230100000000000221e-02
-6.230100000000000221e-02
-6.230100000000000221e-02
-6.230100000000000221e-02
-6.230100000000000221e-02
-6.230100000000000221e-02
-6.230100000000000221e-02
-6.230100000000000221e-02
-6.230100000000000221e-02
-6.226799999999999696e-02
-6.226799999999999696e-02
-6.226750000000000340e-02
-6.226450000000000040e-02
-6.225599999999999884e-02
-6.225599999999999884e-02
-6.225599999999999884e-02
-6.224149999999999822e-02
-6.224149999999999822e-02
-6.224099999999999772e-02
-6.223399999999999765e-02
-6.223399999999999765e-02
-6.222649999999999709e-02
-6.222649999999999709e-02
-6.222649999999999709e-02
-6.222649999999999709e-02
-6.222049999999999803e-02
-6.222049999999999803e-02
-6.222049999999999803e-02
-6.222049999999999803e-02
-6.221499999999999947e-02
-6.221499999999999947e-02
-6.221499999999999947e-02
-6.221499999999999947e-02
-6.221499999999999947e-02
-6.221499999999999947e-02
-6.217299999999999910e-02
-6.217299999999999910e-02
-6.217299999999999910e-02
-6.217199999999999810e-02
-6.217199999999999810e-02
-6.217199999999999810e-02
-6.217199999999999810e-02
-6.217199999999999810e-02
-6.217199999999999810e-02
-6.217199999999999810e-02
-6.217199999999999810e-02
-6.217199999999999810e-02
-6.205150000000000249e-02
-6.205150000000000249e-02
-6.205150000000000249e-02
-6.205150000000000249e-02
-6.205150000000000249e-02
-6.205150000000000249e-02
-6.205150000000000249e-02
-6.205150000000000249e-02
-6.205150000000000249e-02
-6.205150000000000249e-02
-6.205150000000000249e-02
-6.205150000000000249e-02
-6.205150000000000249e-02
-6.205150000000000249e-02
-6.205150000000000249e-02
-6.205150000000000249e-02
-6.203299999999999786e-02
-6.203299999999999786e-02
-6.203299999999999786e-02
-6.203299999999999786e-02
-6.203299999999999786e-02
-6.201999999999999874e-02
-6.201999999999999874e-02
-6.201750000000000318e-02
-6.201750000000000318e-02
-6.201750000000000318e-02
-6.201750000000000318e-02
-6.198599999999999943e-02
-6.198599999999999943e-02
-6.198599999999999943e-02
-6.198599999999999943e-02
-6.198599999999999943e-02
-6.198599999999999943e-02
-6.198599999999999943e-02
-6.198599999999999943e-02
-6.198399999999999743e-02
-6.197099999999999831e-02
-6.197099999999999831e-02
-6.195749999999999869e-02
-6.195749999999999869e-02
-6.195749999999999869e-02
-6.195749999999999869e-02
-6.195749999999999869e-02
-6.195749999999999869e-02
-6.195749999999999869e-02
-6.195749999999999869e-02
-6.195749999999999869e-02
-6.194899999999999712e-02
-6.194899999999999712e-02
-6.194899999999999712e-02
-6.194899999999999712e-02
-6.194899999999999712e-02
-6.194899999999999712e-02
-6.194550000000000056e-02
-6.194550000000000056e-02
-6.194550000000000056e-02
-6.188049999999999801e-02
-6.188049999999999801e-02
-6.188049999999999801e-02
-6.188049999999999801e-02
-6.188049999999999801e-02
-6.188049999999999801e-02
-6.188049999999999801e-02
-6.188049999999999801e-02
-6.188049999999999801e-02
-6.188049999999999801e-02
-6.188049999999999801e-02
-6.187900000000000345e-02
-6.187650000000000095e-02
-6.187650000000000095e-02
-6.187650000000000095e-02
-6.186450000000000282e-02
-6.186450000000000282e-02
-6.186450000000000282e-02
-6.186149999999999982e-02
-6.185849999999999682e-02
-6.185849999999999682e-02
-6.185849999999999682e-02
-6.185849999999999682e-02
-6.185849999999999682e-02
-6.185849999999999682e-02
-6.185849999999999682e-02
-6.185550000000000076e-02
-6.185550000000000076e-02
-6.185050000000000270e-02
-6.182300000000000295e-02
-6.182300000000000295e-02
-6.182300000000000295e-02
-6.177649999999999808e-02
-6.177649999999999808e-02
-6.174999999999999933e-02
-6.174999999999999933e-02
-6.174999999999999933e-02
-6.174999999999999933e-02
-6.174999999999999933e-02
-6.174999999999999933e-02
-6.174999999999999933e-02
-6.174999999999999933e-02
-6.174999999999999933e-02
-6.174999999999999933e-02
-6.174999999999999933e-02
-6.174999999999999933e-02
-6.174450000000000077e-02
-6.173100000000000115e-02
-6.173100000000000115e-02
-6.173100000000000115e-02
-6.173100000000000115e-02
-6.172899999999999915e-02
-6.172899999999999915e-02
-6.172899999999999915e-02
-6.172899999999999915e-02
-6.172899999999999915e-02
-6.172899999999999915e-02
-6.172899999999999915e-02
-6.171999999999999709e-02
-6.171999999999999709e-02
-6.171949999999999659e-02
-6.170300000000000090e-02
-6.170300000000000090e-02
-6.170199999999999990e-02
-6.170199999999999990e-02
-6.167750000000000316e-02
-6.167750000000000316e-02
-6.167750000000000316e-02
-6.167750000000000316e-02
-6.167750000000000316e-02
-6.163149999999999878e-02
-6.163149999999999878e-02
-6.160600000000000104e-02
-6.160600000000000104e-02
-6.160600000000000104e-02
-6.160600000000000104e-02
-6.160600000000000104e-02
-6.160600000000000104e-02
-6.160600000000000104e-02
-6.160600000000000104e-02
-6.160600000000000104e-02
-6.155750000000000111e-02
-6.155750000000000111e-02
-6.155750000000000111e-02
-6.155750000000000111e-02
-6.155750000000000111e-02
-6.155499999999999861e-02
-6.155499999999999861e-02
-6.155499999999999861e-02
-6.152400000000000230e-02
-6.152400000000000230e-02
-6.152350000000000180e-02
-6.152350000000000180e-02
-6.152350000000000180e-02
-6.149700000000000305e-02
-6.149700000000000305e-02
-6.149700000000000305e-02
-6.149700000000000305e-02
-6.149700000000000305e-02
-6.147699999999999693e-02
-6.147699999999999693e-02
-6.146700000000000080e-02
-6.146700000000000080e-02
-6.146700000000000080e-02
-6.146700000000000080e-02
-6.146700000000000080e-02
-6.145950000000000024e-02
-6.145950000000000024e-02
-6.143350000000000199e-02
-6.143350000000000199e-02
-6.142849999999999699e-02
-6.142849999999999699e-02
-6.142849999999999699e-02
-6.142650000000000193e-02
-6.142449999999999993e-02
-6.140650000000000275e-02
-6.140650000000000275e-02
-6.140650000000000275e-02
-6.140650000000000275e-02
-6.140650000000000275e-02
-6.140650000000000275e-02
-6.140650000000000275e-02
-6.140650000000000275e-02
-6.139399999999999719e-02
-6.139399999999999719e-02
-6.138649999999999662e-02
-6.138649999999999662e-02
-6.138500000000000206e-02
-6.138500000000000206e-02
-6.137349999999999750e-02
-6.137349999999999750e-02
-6.137349999999999750e-02
-6.137349999999999750e-02
-6.137349999999999750e-02
-6.137299999999999700e-02
-6.136649999999999744e-02
-6.136649999999999744e-02
-6.136649999999999744e-02
-6.136649999999999744e-02
-6.135499999999999982e-02
-6.135499999999999982e-02
-6.135499999999999982e-02
-6.135499999999999982e-02
-6.135499999999999982e-02
-6.135499999999999982e-02
-6.134549999999999725e-02
-6.134549999999999725e-02
-6.134400000000000269e-02
-6.134350000000000219e-02
-6.134350000000000219e-02
-6.131899999999999851e-02
-6.131899999999999851e-02
-6.131899999999999851e-02
-6.131899999999999851e-02
-6.131899999999999851e-02
-6.131899999999999851e-02
-6.131149999999999795e-02
-6.131149999999999795e-02
-6.131149999999999795e-02
-6.131149999999999795e-02
-6.131149999999999795e-02
-6.131149999999999795e-02
-6.130800000000000138e-02
-6.130800000000000138e-02
-6.130449999999999788e-02
-6.130449999999999788e-02
-6.129849999999999882e-02
-6.129849999999999882e-02
-6.129849999999999882e-02
-6.129649999999999682e-02
-6.129600000000000326e-02
-6.129600000000000326e-02
-6.129600000000000326e-02
-6.128900000000000320e-02
-6.128249999999999670e-02
-6.128249999999999670e-02
-6.124700000000000283e-02
-6.124700000000000283e-02
-6.124700000000000283e-02
-6.124700000000000283e-02
-6.124700000000000283e-02
-6.108550000000000091e-02
-6.108550000000000091e-02
-6.108550000000000091e-02
-6.108550000000000091e-02
-6.108550000000000091e-02
-6.108550000000000091e-02
-6.108550000000000091e-02
-6.108550000000000091e-02
-6.108550000000000091e-02
-6.107800000000000035e-02
-6.107800000000000035e-02
-6.107800000000000035e-02
-6.107800000000000035e-02
-6.107800000000000035e-02
-6.107800000000000035e-02
-6.107800000000000035e-02
-6.107800000000000035e-02
-6.107800000000000035e-02
-6.107800000000000035e-02
-6.107800000000000035e-02
-6.107800000000000035e-02
-6.107800000000000035e-02
-6.107800000000000035e-02
-6.107599999999999835e-02
-6.107599999999999835e-02
-6.107599999999999835e-02
-6.107350000000000279e-02
-6.107350000000000279e-02
-6.107350000000000279e-02
-6.107350000000000279e-02
-6.107350000000000279e-02
-6.104799999999999810e-02
-6.104799999999999810e-02
-6.104799999999999810e-02
-6.104799999999999810e-02
-6.104799999999999810e-02
-6.104799999999999810e-02
-6.104799999999999810e-02
-6.104799999999999810e-02
-6.104799999999999810e-02
-6.100300000000000167e-02
-6.100300000000000167e-02
-6.100300000000000167e-02
-6.100300000000000167e-02
-6.100300000000000167e-02
-6.100300000000000167e-02
-6.100300000000000167e-02
-6.100300000000000167e-02
-6.100300000000000167e-02
-6.100300000000000167e-02
-6.100300000000000167e-02
-6.100300000000000167e-02
-6.100300000000000167e-02
-6.099700000000000261e-02
-6.099700000000000261e-02
-6.099700000000000261e-02
-6.099700000000000261e-02
-6.099700000000000261e-02
-6.099450000000000011e-02
-6.099450000000000011e-02
-6.099450000000000011e-02
-6.099450000000000011e-02
-6.099450000000000011e-02
-6.099450000000000011e-02
-6.097349999999999992e-02
-6.097349999999999992e-02
-6.094700000000000117e-02
-6.094700000000000117e-02
-6.094700000000000117e-02
-6.094700000000000117e-02
-6.094700000000000117e-02
-6.094700000000000117e-02
-6.094700000000000117e-02
-6.094700000000000117e-02
-6.094700000000000117e-02
-6.094700000000000117e-02
-6.094700000000000117e-02
-6.094150000000000261e-02
-6.094150000000000261e-02
-6.093400000000000205e-02
-6.091900000000000093e-02
-6.091900000000000093e-02
-6.091900000000000093e-02
-6.091699999999999893e-02
-6.091699999999999893e-02
-6.091200000000000087e-02
-6.091200000000000087e-02
-6.091200000000000087e-02
-6.090999999999999887e-02
-6.090999999999999887e-02
-6.090999999999999887e-02
-6.090999999999999887e-02
-6.090999999999999887e-02
-6.090600000000000180e-02
-6.090399999999999980e-02
-6.087050000000000100e-02
-6.087050000000000100e-02
-6.087050000000000100e-02
-6.087050000000000100e-02
-6.087050000000000100e-02
-6.087050000000000100e-02
-6.087050000000000100e-02
-6.087050000000000100e-02
-6.087050000000000100e-02
-6.087050000000000100e-02
-6.087050000000000100e-02
-6.087050000000000100e-02
-6.087050000000000100e-02
-6.087050000000000100e-02
-6.087050000000000100e-02
-6.087050000000000100e-02
-6.087050000000000100e-02
-6.087050000000000100e-02
-6.087050000000000100e-02
-6.087050000000000100e-02
-6.087050000000000100e-02
-6.086950000000000000e-02
-6.086950000000000000e-02
-6.086950000000000000e-02
-6.086950000000000000e-02
-6.086950000000000000e-02
-6.086899999999999950e-02
-6.086099999999999843e-02
-6.086099999999999843e-02
-6.086099999999999843e-02
-6.086099999999999843e-02
-6.084400000000000225e-02
-6.084400000000000225e-02
-6.084400000000000225e-02
-6.084400000000000225e-02
-6.083750000000000269e-02
-6.083750000000000269e-02
-6.083750000000000269e-02
-6.083750000000000269e-02
-6.083750000000000269e-02
-6.083449999999999969e-02
-6.083449999999999969e-02
-6.083449999999999969e-02
-6.083349999999999869e-02
-6.082649999999999862e-02
-6.082649999999999862e-02
-6.082150000000000056e-02
-6.081749999999999656e-02
-6.080350000000000338e-02
-6.080350000000000338e-02
-6.080350000000000338e-02
-6.080350000000000338e-02
-6.080350000000000338e-02
-6.080350000000000338e-02
-6.080350000000000338e-02
-6.079849999999999838e-02
-6.079849999999999838e-02
-6.079849999999999838e-02
-6.079849999999999838e-02
-6.079849999999999838e-02
-6.079849999999999838e-02
-6.079699999999999688e-02
-6.079699999999999688e-02
-6.079699999999999688e-02
-6.079699999999999688e-02
-6.079650000000000332e-02
-6.079650000000000332e-02
-6.079650000000000332e-02
-6.079249999999999932e-02
-6.079249999999999932e-02
-6.078599999999999975e-02
-6.078599999999999975e-02
-6.078599999999999975e-02
-6.078250000000000319e-02
-6.078250000000000319e-02
-6.078250000000000319e-02
-6.078250000000000319e-02
-6.078250000000000319e-02
-6.078250000000000319e-02
-6.078250000000000319e-02
-6.077799999999999869e-02
-6.077799999999999869e-02
-6.077799999999999869e-02
-6.077799999999999869e-02
-6.074949999999999795e-02
-6.071900000000000214e-02
-6.071200000000000208e-02
-6.071050000000000058e-02
-6.070849999999999858e-02
-6.070849999999999858e-02
-6.070849999999999858e-02
-6.070849999999999858e-02
-6.070149999999999851e-02
-6.066850000000000021e-02
-6.066850000000000021e-02
-6.066850000000000021e-02
-6.066850000000000021e-02
-6.062250000000000277e-02
-6.061649999999999677e-02
-6.061649999999999677e-02
-6.061649999999999677e-02
-6.061199999999999921e-02
-6.061199999999999921e-02
-6.060800000000000215e-02
-6.060200000000000309e-02
-6.060200000000000309e-02
-6.060200000000000309e-02
-6.056249999999999828e-02
-6.056199999999999778e-02
-6.055300000000000266e-02
-6.055300000000000266e-02
-6.055300000000000266e-02
-6.055300000000000266e-02
-6.055300000000000266e-02
-6.055300000000000266e-02
-6.055300000000000266e-02
-6.055300000000000266e-02
-6.055300000000000266e-02
-6.046900000000000192e-02
-6.046900000000000192e-02
-6.046900000000000192e-02
-6.046900000000000192e-02
-6.046900000000000192e-02
-6.046900000000000192e-02
-6.046900000000000192e-02
-6.046900000000000192e-02
-6.046900000000000192e-02
-6.046900000000000192e-02
-6.046350000000000335e-02
-6.046350000000000335e-02
-6.046350000000000335e-02
-6.044399999999999773e-02
-6.044399999999999773e-02
-6.044399999999999773e-02
-6.043599999999999667e-02
-6.043599999999999667e-02
-6.043350000000000111e-02
-6.043350000000000111e-02
-6.043250000000000011e-02
-6.043250000000000011e-02
-6.043250000000000011e-02
-6.043250000000000011e-02
-6.043250000000000011e-02
-6.043250000000000011e-02
-6.043199999999999961e-02
-6.043149999999999911e-02
-6.043149999999999911e-02
-6.043149999999999911e-02
-6.043149999999999911e-02
-6.043149999999999911e-02
-6.043149999999999911e-02
-6.043149999999999911e-02
-6.042299999999999754e-02
-6.042299999999999754e-02
-6.042299999999999754e-02
