5.017556744247422262e-01
4.955273909895514806e-02
3.956524711407766182e-01
9.948977390638498175e-01
7.239150483594285479e-01
2.671767916635275353e-01
9.966570549176769767e-01
7.162005639288999692e-01
3.244165110964043475e-01
9.956711521251579988e-01
6.955640260171580547e-01
3.855947913740397359e-01
9.991877060331597615e-01
6.813268322199059757e-01
4.341395689121543278e-01
9.933318279026079889e-01
6.774430984461656813e-01
4.174032943000909324e-01
9.979773757109049459e-01
6.464809586089653726e-01
5.076719908205392651e-01
9.964095365402004800e-01
6.437287800705787655e-01
4.951769813695058309e-01
9.994822324305756567e-01
6.244884831244488232e-01
5.785965104252293045e-01
9.995438511508909496e-01
6.080279399931445283e-01
6.119605444914753001e-01
9.973982510038448268e-01
5.898691885785964928e-01
6.637444629032505095e-01
9.965484465146687842e-01
5.808302096494823985e-01
6.740269475475828553e-01
9.946218367026415930e-01
5.697380627801936770e-01
7.324684712865570102e-01
9.973760476206474657e-01
5.645302626818222702e-01
7.450581596567660281e-01
9.986281287685516705e-01
5.510395457201331393e-01
7.773971969503981061e-01
9.958226767077007491e-01
5.489148652528874628e-01
8.165081746960365372e-01
9.956203947189583570e-01
5.545148977852756289e-01
8.410619503437390954e-01
9.978183757292928835e-01
5.443662104226695275e-01
8.472875818200260589e-01
9.983688451421512955e-01
5.447756165687134278e-01
8.659289678034782778e-01
9.949347794860894378e-01
5.611448178934069775e-01
8.868271977767744341e-01
9.934401353962956094e-01
6.653656501013316404e-01
2.191720728763253412e-01
9.954789832999459964e-01
6.551605600160126386e-01
2.492456306762945717e-01
9.949359412075093889e-01
6.930294048786853622e-01
1.503215273308610156e-01
9.987869923975309927e-01
6.367780720201063893e-01
3.507876661786737404e-01
9.977295950866358343e-01
5.838859767012138935e-01
2.174739009141800350e-02
9.939580422861151732e-01
6.286389835368791923e-01
4.348710005621956309e-01
9.946979698723281693e-01
6.156999132773870453e-01
4.842581840429092122e-01
9.977025836908564038e-01
5.984330821696293157e-01
5.338054078011269521e-01
9.972933252653586322e-01
5.786778459251917806e-01
1.300951655848062161e-01
9.987717605478910743e-01
5.825229610261466462e-01
1.545889971804903507e-01
9.987534408323934798e-01
5.797188395392848248e-01
1.590416462930240304e-01
9.933896885868953586e-01
5.842898758251677815e-01
1.781578891134825149e-01
9.975798981624994788e-01
5.830522228508787652e-01
2.077349532784583119e-01
